884432516605784064
863972252840116224
784397947374964736
1149942961
378259736
55259925
14458643
2904913023
1039252407862157313
1039878037968441345
732678376306188289
251813508
159125323
604438839
188039706
86230406
1010989126231953415
17547911
249154446
1109927784
94188846
270860757
1073289128480071681
323248470
17939037
2524538106
726934256
90813880
26981013
2974319561
852915390573420544
53512421
329128137
917434974344708098
19812571
204832963
3192519125
307856464
833862961
1566331951
3309114255
269704597
1506033949
78006100
1540759729
3224503533
721613367459360772
167788191
280612866
483409655
489068782
879417706545635328
1066780541406588928
50289637
260245199
804813100197302272
1112076048156553218
263904295
939534624455262208
885844523632427009
825302640644984832
959289150267473921
93415200
862340782618968064
66115322
39119531
2426195858
98254228
861250537
760102550418911232
320980540
1273796113
833169522
827040757131276288
32320718
1480249226
584086591
1544311212
950673685567873025
120628336
399175512
713747521139523584
749830404
32317152
25063463
1925494122
20227086
3127762055
120246693
956955048185131008
8714272
569126442
35823280
1067968702400876544
986297253701804033
878789890158153728
1112416368421466128
505888450
1011244779332653056
239281184
730015495613759489
701986659881979904
1678310846
2822858354
2538774388
2610281216
871098816975572992
1123151326785961984
925592211890286592
17948810
64205340
1345393938
101798589
100322679
178812809
3154252605
35369214
3068273734
1446489607
2367541411
1370489796
248936209
1129844756064997376
3229417353
992847079180554240
720559987081265152
135095308
249725696
20377815
26003792
46345843
179785320
2343592394
718888154
584089217
20201726
1482603864
406167748
14123683
166739404
577047486
3247474579
472064955
983678104416739329
23587049
2884379434
2829132977
2313699698
619446895
4715537477
4272641657
3163233549
798277
331672974
913895731
143145579
2437859668
50308435
945963853
84125491
44874400
44399117
1109169978
3389450205
67333343
2162257180
2407465206
1165642526
3112511585
925710621856948224
952354898
194180489
20420945
95264038
41783966
235962634
865119624
308622649
2517009472
24023515
857301432684482561
22754509
2935606817
744944706510065665
2968140424
887619295706009601
290420354
69265849
19453808
20667161
2348839184
16382372
196310617
822215679726100480
140166872
988182817615073281
430744802
117873637
902491249
215715205
228874251
938688950796980224
278072553
171496247
25073877
2466242252
2915650516
180463340
22604156
322842522
163191068
227274254
978328058
116459535
1729929350
399571554
515946434
193237254
569130639
57766616
2217401528
246153431
2563243140
2565491251
23607270
441854978
78316458
271514811
36673147
622123
730529544311017473
3685392435
918566019811201024
797520492047568897
929094255188107265
799741369619218432
838523415459999746
952569124881944576
3689442437
787312365813497857
4527381628
50266772
25562937
2812768561
259984642
