159098021
140790167
717663634919464961
4898843075
27103822
378259736
1011951798477869056
90416361
15737554
373373336
15461733
6653022
259476338
71286165
938917570287038466
837341225157971968
726914935943368704
17899109
19658936
22019881
42651647
15184835
1259497074
2902476125
49491411
1581971083
491376236
2233514778
849666375920603137
280354655
805814384694063104
703366975997779968
66944727
877925836636143617
28583197
389660477
88425861
770695295407624192
2713501225
2423983836
943079514225160197
259878262
839441319823097857
27990727
347502933
143381041
58524784
28567809
18049298
160523592
17045060
80573817
403163083
40914713
270372236
461242546
113138587
510740358
25338245
180147957
14815685
18194898
28184452
108019754
19549124
18285504
842143333
74244916
46173011
258847118
47489753
933690192
346400805
19722699
54546430
14615871
14616022
17451742
823565852922576897
17089636
15130900
1344951
14091091
487833518
8963722
11348282
19402238
17842366
16895274
17471979
19658826
15862891
14647570
1144882621
2293415520
16245822
32372834
3186124933
2241216361
17292623
346568888
4888572009
3133647120
37393217
44196397
19725644
