2174250166
3267536694
48799978
2459838601
357606935
873886842
216776631
3072051300
2687999594
487118986
32372834
487833518
15862891
777207341225615360
1053387372975538178
1018349423166967814
981317247103918081
17329660
936047898
19722699
27740227
223227579
813286
79937043
747751022454575104
246297196
929177057401155585
1045893786
1008636431177322496
104684783
40081196
347666787
28081404
1264831338
32449768
1122497183444537344
2841795280
869685230
716977382
425273430
956204295677820929
2240131645
805357602
2887301980
2844569713
2876817113
929998130375987200
25878303
50626996
107194403
734260581893562372
768448402040451073
2148009361
769624199430148096
768832213504884736
2803862462
780741695704932352
169805598
409752413
1091002735867105281
2190099804
297898393
301087604
841293352305860608
2467878368
3030508523
14729597
809980906404454401
1145330779
1680944431
168508631
415075929
378259736
1548841759
2270776861
1895019607
402371601
3176821134
847891074890821634
761341410
1282098547
2776479434
356990613
525938555
258397095
1006728752
76110525
3243658266
80154581
90121746
381806337
170027490
72301696
76385501
851108442
722950850
201867844
3687721995
707633643150135296
117825643
84613584
16676396
942826155119390722
1533844754
1524976560
17842366
117662694
15949817
3404297319
33995343
85839993
17471979
20458105
16895981
807095
