907930669992386561
103075237
1096491912100544513
781586151379378177
308552033
616714985
422329240
848796334651883520
1107249267721289728
17020785
39689940
277071665
897254321280217089
2624216735
2329191482
3639440113
1675890222
199379082
1352782014
1520130373
839175524706631683
2737685264
138075786
963128640593645570
46220856
12228202
702949003
343561707
21786831
841086241210687488
409371254
1153747120832339969
1153741552252047360
2732778354
708381833591922688
1134471180
3270556009
762650348834082817
169939182
96855393
392162985
306824404
228732765
1104102261297434624
2382357494
392084395
1145715422018203649
1129112493207556098
351343277
2652881262
23758867
1155853992066502656
1154507516103069699
861833612529774592
243989292
804040463514681344
782649286760685569
839959709629022208
48657580
2700270837
2810354946
273663336
762303496293146624
210630792
613452478
1000087533286457347
23141655
2536818157
931567417741971456
706167822141911040
1135300646582857728
571848940
1674276391
263310004
766100346796146688
64830047
1131405470630129664
4776237972
1013805379472515072
2474086478
823798488446234624
2389329103
2984872862
768990561323933697
994924078736736256
1116905589425213440
3364493590
337848162
1093154662969151491
1154482271963025410
783114536169664512
20582624
1144550580335128576
1146839362803396609
17814359
1108305112999571458
1155980353439444992
3968215514
1155855739350650880
939663582781935616
15234461
21353704
11973952
3327144565
28908282
23679615
21034324
1342104169
3098068452
63754619
31925791
1932091855
18396070
79308001
19154824
91632991
1725911768
1075317048
1674895778
880158860723470336
841939620732497920
1365147824
806752905772421120
294297962
2903183172
3318224838
3306864048
19402345
65707359
25103967
34262748
14576426
1620804138
1525514856
3409286174
1583824903
15743206
18308689
213182065
1935475856
37016299
17276863
237047303
33709778
23256921
873426577
3153328297
1354890464
3002517243
12433492
128810771
745909747619106817
27502359
959938405000929280
14378113
1587666943
702336580610985985
2281686800
51550203
1541564984
601991657
202748606
989346691827486720
221961841
236560757
39573232
459954712
565074307
1498504338
707788187008000000
2148233600
13298072
2217099931
34671306
15840909
25104363
16017996
1391026753
905456654766018562
20551303
59010637
179248364
14369901
630608702
807242124081106944
14080892
66801342
89859520
2230419355
4778117175
4365710956
2413083637
223531202
3096686274
14647570
2561789616
14684278
60071387
22487278
149593681
17669448
790255339
581964188
2871290420
169747220
3086295060
207631886
80998215
316743158
739230188756566017
3937661
18974553
110492050
843715819
67994691
878000746091950081
768855949385674752
2916319132
44491699
18482519
138862161
353414062
15771803
871761155886374912
78333823
1881304950
14084352
29769484
582338302
484723886
27934842
126628765
23607759
202761475
985774321
822072792124366848
2345263466
224027358
40627862
1688553188
1026896634
3092297686
5988062
18389166
540283909
4527695897
168789004
77010109
704402503
299231765
964860462109249537
1098035283658911744
709577964589940736
976844106
2309469024
775850904402538496
1085451970712821760
627938744
2284018268
967204305936646144
18062123
3396557727
227307582
1589367504
9158962
3070386906
378259736
16017753
744990667
14861877
953693218297860097
1450917120
3193696255
819725036059693056
1708335937
825446773049040896
842194674932637697
14327683
923731344546566145
1957640419
200878985
2342526305
17297654
3033679931
611217998
3328342377
1171719259
25666964
557168458
2768432768
862083389037232128
250809298
32483608
1271004457
256633913
61558735
253071500
1029301651763589120
1087731445316182016
2875847539
1032698691809894407
208114527
1109577816230682624
755765743
394290031
1024865207305138177
1033177365554200576
1070122805935656960
2635777281
27253312
3256550790
2312782848
3392985161
2496339253
409482237
414182182
12309212
21631226
3320845621
989498899256705025
1160194350
450865266
902738300938715136
895444189500067840
761562982266568704
4824171651
3276741348
3044689732
2750994834
2377914076
2216512908
1534242913
1284683676
1242503167
585165366
553148204
192441960
36773792
716034830748651521
4824443421
2635540750
56453479
15088786
48937876
1676060173
532332926
98012335
294560740
1483680878
1967720455
911649191373557760
333450477
3061771580
42934279
739508308747243520
48670398
97014834
942601571187281920
828722561387216896
1029801478146478080
2393313872
4700759505
2459790548
746140606351581184
986850844657070081
1134123079574073344
929957136
94116066
3300923479
2586125144
929031799103283202
2733345158
975393705686282240
17400929
158841452
22592708
80451127
2231464708
353487515
1514543935
4832278294
732229465
730397788337377280
1012512325209817089
65141061
3424217080
515780607
1014941326582910976
225571767
742677505
4050232547
166598892
1283708844
1009269508085870592
155632564
750504973
1123722312237428736
708721940844974081
897214632817025028
826609975451537409
15738279
42969138
2839211641
118429956
763131021311086592
26723586
585187422
3290345240
18939806
872896899975700480
889542259431137281
98557017
1103738429655994369
3327311604
1026225770572574725
1092975192937299968
155280159
61015130
389844540
1036060924858134528
62702392
2854662210
1016387330666463234
1112010176566054913
331054805
283171917
1010731608175972352
1036268818128166913
1045296390946127872
573895000
2613956251
1050042447512907779
545462559
957362534142574592
18107749
479111306
148404298
1925907806
2729874237
1128521300702580736
885766274
1013124979922276358
512604060
2411041465
493331934
76721921
2848264257
312802236
822489296900935681
2866274932
2282474832
2819646568
1454634608
465980667
3110991
1032379771487965184
15043412
3217216751
238705191
979026218853912577
914881014476017664
4832767698
763874519022837761
1566329018
833367028509634560
1041722685351501824
1092500235249692672
947132192
866651120
477404719
1114635096064237573
97419035
872192243909742593
1086613734183878656
1059858179985760257
36972997
21033615
3243392141
3598556895
858934247528292353
84095501
3290688468
3001562909
2794263906
161379031
44657902
27795163
758389800789389312
2951308023
2496610117
21827584
14157887
32412800
333613533
240961894
25745389
851141377
22865471
10139
13290352
596745738
15648778
119564381
13651112
30012600
605724253
199890554
678403
776575716846546944
18005702
14894240
1331842399
962068410942210050
15912133
18825537
36872863
879022364
1457391
101294519
6153072
605866697
612699694
6115812
229907581
528015009
57857024
3024885337
870002719876149248
316628258
2659961354
465900882
3429291269
171247019
631496968
532812759
452156018
3359404444
977548471434653697
16793627
805661401
393229649
9026102
1135933279742435329
28338016
37265936
700674292
793572391
1031434730158219265
3016009875
1142408234981945344
935864680438001664
266099423
4810006976
588774373
3098076996
2735185178
341626182
23407948
154920945
335071949
61554990
468479245
247092744
886020499586908160
21610058
23076512
70694567
715622692129480704
711226554815098880
1683562740
758651867983441920
4055032989
951627925798965248
747853134295244800
602932460
540397037
1116147791594696706
260829792
545690318
2843147603
428411826
805367342
1242831960
83903154
3009599270
708778648195629056
4697862116
883456332162113537
745462969
734795224053100544
707905758
1666029564
28614453
137521469
2199119198
3099813618
4840647358
796163880065957888
2801174719
1431423936
2181395065
880772064562614273
2817916859
1668859958
518090237
720233487928856576
3386514201
265688487
3128958327
824015644651876356
212590832
2768021590
20286208
1716269760
3268745318
810213517399904257
1192860216
772586216856379392
257620147
2385654140
827657866836340736
2387036796
1177195910
1666099489
61072254
249177261
372565684
12849702
926587008650268672
16376341
267795256
61464889
3078372226
2528645564
7687342
215478476
293166191
1327619148
786945346735857664
2826727606
3009424990
1157439780
28787638
2356472988
740744104989097985
109598145
1027438599493414912
937887959612821509
1356575016
845642179984986113
131736217
833003071789789184
2318032915
1082371403377139712
969735502982037504
208615598
10073022
274793711
272561168
172779883
245854064
277147032
729159560
748677667256492033
803715681124491264
804032231190695936
511231856
880775688290283520
941063782175973376
18719494
898315824
962893659376160769
956320099643871232
1636434439
809090301574803456
165018942
1847260723
844543858385960960
25721696
414219585
94009048
365064007
903425578379997184
1526411586
17889970
2996783046
863285060
307415361
609287895
1064667397
3948302892
1504496040
869597942486847490
255129613
1152436405
308328117
15024408
328002325
164391130
12129472
1833357684
2848664092
2462536519
798266010621149184
746450461369065472
500969150
37448581
2728218908
19146202
977899440265670656
338650873
2835276183
130496027
1633955628
509386020
1363478034
178723004
1519556515
806700339013423104
3184213475
706077596602261504
1132626840026324992
1122893053151334401
296150557
762546046354329600
1105354375340253185
1011086938990940160
890969515336642562
911520972
889881602255446016
2395996238
4851005794
1159143852
763197491781054465
113022733
940248495709212673
3130567797
798602342341943296
714854564009148416
703452664542027776
418803303
4039521973
1711291
47606916
1036464529285308416
4180230417
1555799114
2637876035
466952405
1068163011976839174
962401311953055744
342774244
2709766542
1000737919538167808
3472096937
443088517
1058557568052645888
808057756003528704
952912960879579136
17175395
439283864
2824906574
1028682766152605697
851198346110873601
32388317
1476116586
2598792925
815137692115734536
1025554467897262080
1070681543360823296
1566452198
34578483
933869771153690624
89194306
2876346875
50228468
2534137042
1073535858140241920
419003480
817603070922264578
293180353
408501650
1074036490680852485
798365052893937664
994928235984060418
107985127
1034626035323756544
2778484555
913536681290190848
1329570042
372630363
281490565
4795288222
1074613200853852161
67290921
306095543
951990711531995136
264438073
2399431341
1064839802858561537
197464628
2528755752
1083755639900434432
603090522
703759701289209856
1030924072274653184
1074705456
3226521371
835824342688747521
969381
719472337
1045065524596469760
625788356
3153611
2487119452
822362555364626432
15166968
354031348
31512994
40143981
599410068
619169629
49084998
59134765
26752892
16912160
2923459903
17045694
833876792
3122208261
769649155211792385
26478528
3305765462
831806654958039042
923041457413296128
435342403
3978566486
871748613260673024
4833302003
180130665
175054206
1258445984
71330454
1105888479513329664
2733642166
105060568
32399725
1081831840686714881
4809009074
893882475730137088
3189061
2909559104
988441484839084032
606754505
1409121193
895491115
538097696
971193721101398016
700451123027537921
385885796
700478861645975552
886294287444561920
1171992067
2816384536
532723136
3077571478
340364935
526776733
10675712
805205456784343041
1090697741284581378
4263007693
24992572
816593620165885952
1093572947388911616
121729051
811260531902443520
450521040
1404229620
710531405005135872
544327466
789085226907688970
605644782
4834601326
127084917
2309822373
248510427
356494912
1029158347436707842
1124358803464622080
915282054169886720
981249696
915361683996008448
938430281366810625
246316504
923236118
3104206437
701827811267506176
2439698929
1876617788
3428351291
3352943987
839856446388977665
205278492
801861127433027584
1406635220
838793619809177604
932682143754604545
283612774
2377397917
2934036633
706836675272548353
2668681298
711307103588249601
2914012342
409595825
857950759224266754
974320133920448513
388193152
762054492036685824
27034991
4127266463
4864538261
403060037
14534959
714852466249101312
359960402
818636829859729408
3848592374
1015442847498203137
4266349283
2734765861
367581553
1140391556102463488
40736508
1140382262351028225
191086891
1140444317162573825
1140034818471862274
4303088422
907855284
2413262242
171110141
496247801
2249282459
477173409
464017799
718799756957384704
1111287482669285378
4399253788
897258998084374528
1138764556669399040
1019570990978945025
36598496
1096512261848555520
1911503508
891933594
1072999689463717888
364877954
54220497
1096585148995461120
2912122221
26723500
799047919651454977
204793992
43650325
741269851361161216
34675309
813523224
1149190867
2872027344
18395886
18036329
164313767
1141016250421661697
1634515154
2599678310
749592373429039105
1140060171890245633
2753658847
527395246
1055510689
1137026132270698496
1130408310786658307
1030789060669964289
1067173383337664512
2800081810
621449276
385131455
902894909631463425
879417856580096001
1128035141652307969
763403748202848256
1911673862
718566022744289280
4651452313
63745559
1378994533
1113188030775480327
40285217
2820619357
1117033043011596289
2202466092
990423770987876352
2837481580
883261730385788928
843313889676869634
323231207
491180318
383073422
2650256491
1118846892044107777
1176553586
3839832980
1091157539700596743
1024614790310682631
2905575894
2864684961
215197653
4902868637
15983748
61561075
838314285176606720
216968275
1591392164
496481141
2518729855
607205749
915215068467466240
703048826886737920
1017524076179382272
18424799
945067810308341761
1028379042989232128
807226325710831616
1058800843397517313
94470663
2403605943
821432541248778240
902180372858888192
551425075
3191916761
983931494
2807987515
242012089
465971630
900161798053273600
799340898396020736
1004156490385625092
1022849100386066433
1274404952
1146146844
347600869
19283039
2488630669
978858897946628097
900043015259082753
810443496662376448
707454937479958530
2724722760
181377787
3642220333
4068477383
20929608
339309340
966699301308108801
7591042
2752526980
762651796460466176
1070340386160287744
1080554619527487491
1057807565575331840
712465894245425152
382824294
37153430
46476526
272566854
1935502106
497114843
4805112679
2813248590
3351367060
818825005001834496
2652648248
1066518992
2985587675
3143703785
1079428893159895040
220433932
901557008
474425420
213070680
3359941273
4102197484
1062119332631601152
1201982658
42494948
435528847
3044879901
4118625279
622050202
880501734140989440
268296824
1041153955953164289
809014639
1023713811742826496
261689038
1113900139112853504
15001413
62337419
2460244435
1041202989132787713
921367483524755456
529046995
2848182916
550395500
3259782230
1125627709923655680
976439036
3102299341
788376910946500608
875109230994477056
1012084323057532928
164200094
1934146086
757877481709957120
240220239
4338452835
767788832175554560
979776884895498241
319235308
953902682
1051099628073037824
69624835
27532043
990326050155622401
3956942152
18739828
962794185249103872
3267599688
44861228
1069057685637627904
890568801594613764
1133173745907056642
378853213
1047887745316806656
1126923307490598913
1021804408479395840
4281873674
3300830027
2876435766
710157631231397893
891900984
865238462538141697
700038860248522753
225191779
910884354053820416
877224515658555392
4444234397
833523710
22856987
956269425312792576
902670155372789762
759069152199880704
249202165
852989706
1021562054027563008
223170379
870130960565641216
960657815349153792
23299994
3073379875
560632694
3306591731
45305869
14644528
618605097
1711571485
773546104029929476
14774429
1009940865182121984
829060252351942657
1475152285
178116971
704389676799533056
1004711942219554824
748304886958161920
518195205
1122089491139825664
999397928828637185
1045780345684185089
878776201627791361
1046065638605828098
2823318480
2445940284
143814985
1058043492486864897
988864562664484864
1020180909968973824
2802658441
2207975317
2392892558
27691643
21820403
2279265852
14248423
33194218
3190823685
600235994
26928955
974683921538527233
364608733
757370039058038784
3317250981
2863045976
868249787195301888
705409101220675584
14397747
2919063154
839695038712016896
1036826279511638016
3306069866
31716481
14852216
280817600
895005588526047233
996541350840483840
852782900
2184872876
738733912457760769
4879918061
1968052051
856182506999078913
336441184
94591736
771140023588646912
144862403
2531877811
224811897
1737654606
35337194
1116926526
268070225
180648825
896759941649776640
927727303895011328
989093120
144131558
2964765677
864857652903411712
941190484428390400
2916064903
1054729919098507266
901277547563933696
872905937886957568
68172593
960522640325857280
3293174332
335667311
429847516
3721638320
2357586838
2536296938
2861287783
87269548
856707692106219520
36388601
771680178
20225658
808051518242979841
1073516828964446208
725996543568928769
106015174
29704744
93972122
926189402065375233
901905183361335296
1106555710349832197
2432795983
890644625089744896
1102956784749342721
793611138714009601
2970264170
1108484088086843394
1869452940
1043181046546792448
2183674998
224161598
1116450435223543808
904120607616376833
460674179
3163426969
1073388994023616513
19132493
1688485050
1065722510812069890
1040354607791304704
1033277079410757632
2727683563
369637920
1459738746
1123099384621694976
78749423
64052973
257079796
766783893785554944
14112989
811262114115584001
888232611776212992
1083285459365650433
1098527889119678464
12699472
993687481
386538440
42602780
4770633740
138874165
14331417
1002655024399470593
577434548
985537087
15977157
15124927
196790724
1677031394
40720843
3309294873
17376573
6221802
30992877
172414576
39922637
870032183410528257
913235880
50521351
33925520
6536022
1328465750
17448666
1112644122
153002116
576750037
894647708757131264
770229182378995712
2975585837
2889186089
4113268967
980637382214144003
900568542
1058162258885263361
350528306
591017088
892953469367091202
25369288
14317438
352732448
587082979
963116809795743744
21722681
169065219
764579748890734592
30294892
2430995557
4863940817
2312702321
2724481526
785746261752188928
699811653026615298
933079945278115842
742722616679485440
806193163333300224
288550976
3542651057
89654698
1517716502
17086594
513660968
792551975179079681
805409652
20093254
4842401015
239168881
3308919511
891344306530865152
3068690196
517884392
283813288
19963899
17384953
851533580723531778
91942071
3883950407
68231357
5749642
2336885298
757365218
341313819
3017822298
3047183419
3012757321
897640849290305537
785462733298860032
4883209309
884471983
896221549262282753
16088783
3611022372
2515688755
755452338123382784
1101859028488069121
713512087511822337
770315504
829753104560246784
411171525
837682107862368256
705058332650786816
2392022618
972984211878678529
1031550445666422784
229962845
3294155929
2341887112
1041726708083314691
997895442015846401
1077051776203980801
1122214388268707841
75587044
3335731978
3396678581
983459425871716352
1024715395771453440
833808790277517313
1320124284
2834756998
351257454
1080555005072031744
1545473874
1547188946
154009169
1021483674208882709
1017105448401539072
977199270
1068704885456154624
143963168
925926476079353857
222513729
864318744570580992
830639631674662913
280157281
859039874258743296
616391400
767192443645288450
21230617
956748189008150531
14051047
1049353859770933248
825113461831012354
728612637920133124
59417755
3292208280
20822211
173869793
34921692
1127981955583303681
1578368510
903839563
2615421872
28603895
527062259
1010194515444092928
4845637414
527693261
1092957935691620352
247377670
104063340
365627981
1262586476
223671790
959542356377784320
36372256
830204981915443201
531656612
889848190832435200
1054748550637215745
181436662
97492228
213709073
1305350636
2811145840
3111442700
23461095
1090323648148316160
278972659
238061857
2205240302
743445249574330368
727964821933723648
1055998200123817984
760273614666993664
2907427400
448184219
1605693206
1004199671055769602
4104436034
1045812774348214272
74113685
3077026421
182104709
1578935779
71762837
847062729743568901
237385986
858339308
1087031098813673473
165373954
980944846033584128
793991563986800640
76394737
845391314141265920
845444693437636610
3146623885
3004204667
39676069
3909057675
886960343167246336
894730769138167808
770097985447456768
822564878162468867
302275152
1032347920308166656
4612108301
819644798365798401
907283848551006208
965397927546863616
282334829
3145482008
290008693
3335389829
7507632
704212365496217600
3150711518
888752052259758080
2489202078
15428293
1070667287722643462
26071260
1522894824
918514453217529856
2907844251
50113184
1057712722555666432
1103196422487326720
2422897249
2692734307
92813717
1011711390145568768
67906473
109632674
1084560170
3302291357
18387692
2784245573
23262912
3443526372
14943439
173316279
3199705432
141877902
1095728697804537856
1716413726
1044372323405418496
1375627758
153106108
369351144
910712872778510336
1115605499997634560
1058373776860168193
1110781857795170304
830239217200590848
3267647504
724998222943498240
378726240
774390864
1129804651
2353282266
3333860212
1561377860
1712002387
1063774739909492736
110627797
912650518731923457
1043524029657673729
1016143557684428800
616642956
1038068063676104705
26782421
962767317003358208
953074330891706368
1572838274
1478837376
1566164371
1083211688072134656
617913
520256600
171408651
64127053
1924945195
890922380075438080
291652857
1088845221981388800
1095137317004529664
1009851324639264768
1089948300478947328
1018931258917838850
780409372815929346
18539631
1057335567522775040
1055410772371742721
859565052948389889
127416717
882732523
4161906434
2198444624
16264803
888957689241321472
1244786665
236071624
1004003831775195138
977981331949973504
32728551
1098432597615554560
1055104045659185153
1345647810
39034059
267559442
804522935088074752
628686763
416338565
1504160274
712304624762494977
1026102426795794432
853697088819015680
43341967
3750394695
974734868797186049
16967907
9363682
890391071200616449
2329404307
3332645953
365441201
336775357
1011309033234620417
15095448
2961071248
1592139283
464203386
327326387
1616479344
25335873
257614760
952224150634090496
2959905196
1068432159805861889
47324088
4035406874
17544252
4697854231
1053268277307367424
1024398923870265344
1062506540316291072
879635415900315649
857741839616495616
1015313359800094727
2539217974
13524372
1028288080917225474
780346302689185792
934958997748310016
1000094881858146309
3901513041
2563051579
416584415
724121308468932609
1053027964407992321
985040552658812928
761386516543254528
237912348
2149345082
45959610
4870240710
166687554
397025567
768626820321120256
760902617056759809
764146872416079872
41819846
2794463425
3002019797
802666475295272961
798680564933033984
15589187
27990727
1026885979662110720
14624737
865670991887736833
710921347615035393
631561913
1022261933041315841
956779508
3160034877
2687494358
41440095
472044692
1374799134
780453865384738816
3013852106
727581020191481856
432110144
342998891
1957767356
3145927191
600775503
178259453
826660501530755072
55434790
591282447
937179626
55020792
16245045
2529429794
1028878953425948672
846718388013555713
520834647
100961147
2938099339
719658991
878284928240295936
2875270251
