1120612249683550211
1112151347657428992
124283474
467507215
19962737
1145656365504839690
90146016
1156562937676480513
750316775338901504
982962739315343360
1021448773145423872
1152729440591458304
106237673
21619775
401814068
804686066
1158555860425039872
72489795
3079673255
1099840080842231808
1154566742066323458
947924373029171200
84504028
241985272
1155594539744337926
1154551844590538752
1156184555583430662
1067677561088442368
710053624647385088
309805481
1104436951577477122
1115250937902374914
1136988214659571713
51294497
1138799013464092672
1040699582378921989
931257110129729536
1138891516284481536
2916227068
46609085
1154304480738983937
1139954093978542083
42081491
298225776
49185398
2470338270
153600382
898979718460035073
822077095694266368
1018883636869910529
877638963997138944
1074862735882682368
884811868682022912
17312690
3396291107
36387547
223857857
1134169572574208000
1000822932162084866
4782495871
1072430086849085440
1028037784102162433
168852799
863627791
248422306
1098366285015117824
1151248837178249216
1681096651
1074804927669645313
19850521
1138113897154646017
1106359134138425344
1150096193931882499
509217724
2237744795
40995304
260656031
1033275851801067521
15431856
1036724344083365888
1148258310619127808
1149903680692314112
928325690004455424
3135893737
1019149191275216896
7709782
958727698767065088
1257158252
22244204
322827855
890946475320127489
1091816663299674112
2217801408
1146128487960518662
1091722613926363142
807525559
16291990
1147881680453156868
1147486009292185601
1147830692383842305
593948294
4821527358
19652919
750222206
843728941
943831525757353984
1018828814498050048
1146161812070633478
1112256740823724032
3290676613
383969490
984527826593476609
1410749491
2995868481
352589854
294658897
831248331800190976
978947769888116736
46105004
628374416
260945099
320771054
718414606054649856
1018877621172621312
827183758692458501
1123685088850583553
1136263094777339904
1141495698774462464
891992094511910912
1142186367830646786
65988265
957365902521053184
217515905
425068213
1322109206
1917373038
1078474119203688448
19658826
423767074
418659057
1018078338349436929
15473958
4857471760
407387443
16337602
313527253
1145770213
607367880
705443391887286272
1018530701505974272
516527678
378259736
239885144
38650550
250560251
9730472
1127880526164123648
161614083
3135402598
25434641
1107885728850239488
320723917
1126981581850202114
1126543724195061767
1110250534320123904
29784038
166966715
988083534014435328
23814899
2364531623
1112293071373459456
2375897501
1115584363545210880
821093022507134981
563726287
379371328
221021194
1132670524298092545
43995047
3661642098
626604608
187848607
1395462032
343919678
1097431687028531200
421194596
1128740696909856770
1130934887475765248
1054693219399806979
1104879531976998913
379041354
3246545503
905165996779909121
1103370596791058432
981302732299669504
1092433689345212421
262364716
1118971122526097408
1017648030147805184
19964756
737603059962941441
1100471430481960962
826511732935901184
1041334590768525312
91463371
1127575409917333504
1129046588549193728
134243494
1959171672
946532018472419328
722896174890528769
634819989
1118068404043288576
132503423
1125438016137375744
37669898
2795745841
384349937
62540002
322632450
731580821971165184
833993034572390400
754285068001087488
309301588
1097823840858787840
86024891
19588385
470915931
438909724
4348185261
772513526699220994
263131194
1118094523115233281
3003769911
20057762
1342067143
976497662
30623732
3704807662
2163176779
2447199172
901874434994266116
217228590
1121113502310072322
1118300544202711041
1104149740105674754
1086387000176009216
2870653293
72819944
144586651
761727152429666307
2675910384
315465682
1121247659199647745
958105330935877633
1118459127393595392
733016616531832832
826861762184097793
777310609541038081
3319350172
532558865
1100179272197722112
14288251
60330946
3956703892
21287084
2746664091
2161606745
3033420920
3434507669
966349772490788864
19739858
539322301
2760338521
1106976519308668928
2583270112
1632696738
96641732
250547084
1118957909520605191
19353577
457680395
1117729773420261379
19773755
738816230
294605831
1116705227279937544
1116728480522174465
849797646038556672
1075035252706308096
393413518
18346717
1005149050214273026
20555137
34610672
1098259817431486464
826973809328680961
1113484832804417536
187835686
868516047623770113
1852353481
35899928
468868233
989112904812302338
1089476720498016257
109382113
886246274
880119417186779136
1100526149816537089
1015948462268080128
1063685340
135676296
111118290
1085176289135394821
1098209666402865152
2415944719
21562073
762175643396165632
112217146
19627270
1112367524254048256
934281246435405824
1104673245071065089
1082926629003935744
1100722483160862721
2815016181
102728963
598209003
2660219592
16944571
896421869892579338
1101249962917142528
1088761072163516417
2668198295
81114259
2417675114
1102847333199421440
1064681222775787522
999769010047803392
1047864092097241089
1067486060970598400
1063444078472425473
2241424665
1099783853135273984
2523212675
1097830127541649408
3305353047
105258680
1100117710523035649
1105280519946862597
90911563
972271513515773952
963150872137084928
1087491077026787328
4114150516
1088212450330189825
452200522
47608522
255546442
745285999169781760
17736588
1103814779565756416
112684136
2210894469
321939348
1436093042
60372653
967273780962721792
867396547729911808
47187909
4320618196
816880918086479876
723382157758996480
2877269376
59150150
3315766473
999015972273995776
134573771
1496502829
27872256
92294569
341115691
2557948382
1021363842834673665
48203749
265008206
1037431846919913477
964522206
632951409
908087539226963968
977137283961942016
1093588262898290688
1092837523003449346
1088560491197333505
72301961
1005435280948715525
14431987
737735131
1104749521
1131209725
2775967210
1051032951708889088
1092461861830868993
388288125
1092082079381315587
1017105520673554437
3633545956
1088401498449563648
1078209716789088257
1091433990937030656
1376071033
1087433857752719360
999011006063013888
898258906635481090
3118777113
46713371
2925136264
4792944616
191403687
468669904
1511386590
28977614
82933885
2223305732
385053687
1088444540548145153
633508061
1087375174033424384
842393192
218375593
898156447028195328
1088741002951753728
1704654950
2018441
2156220947
1087348275257270272
143154065
1087760579723431936
1089220206503882760
542930671
1045239946586533888
580048882
1031392333877530624
204040422
316469086
1045076336291827712
1083253373544075265
96014614
1083397383453659137
1088395705977393152
869112277278109696
1088196440952918016
1088782840001687553
772208596511780868
1076885482448084994
4076581216
3044269502
3264033605
16455190
2798935047
995766214050963460
2594808331
229195190
134567208
3064143615
613469003
351256975
2818938573
1615722186
1077487776474361857
1013126954994864128
1059262590457667584
378390428
738690699256827905
1057065070449037312
937956009712041984
1085277864960901120
1041276597096013824
2868226919
1085304975306223623
1068523514771075074
830763685291364353
1054472460899418119
1012033098572337152
1084094875824504834
31355529
2310790774
802536479671144448
1080541936396701696
307252591
1059518557720068098
3023094347
60887989
1082580931083464705
345574596
1049406287774183424
953329443476557826
278675597
713413081108324355
879862458709663748
397149894
1278730303
934110284293255168
1488070844
14123683
23579478
75785928
3299308534
887795372369862657
910590835632201729
2450624369
255081391
833423741287809024
41550430
16608127
1049057399368298496
1081289644510203906
1065186332304117762
1082027861811388416
1713694628
18914028
58431280
1081562391299739648
1009716150895341568
1081182577682251783
1081022379910881280
73353458
1065272999367061505
982320628895244299
1080413843199688704
24239110
41083268
3241131838
171838706
891434340
1268153972
890578929093939200
870284449274937345
827662831340421124
830809962
260944419
769505342
1047071760389165058
1079034047035248641
1046420498748444672
1077827689849991168
2490692474
22131990
1038482833482760193
20429604
1046378580291330048
285162961
486629332
1017446222942965761
1065169417405952001
1078134162618494976
1035199465878159362
36636454
863205279428747265
1067219169110716416
1076777818321756160
311056176
2980404123
1019463049525198848
14745197
25149790
25728193
944215676
1068530547457212416
747192108994330625
1032799837329268737
316058570
1075125197458558977
1110105054
21995098
2943580917
29069868
2763551163
1048126525554528256
1067138732430671878
959814079887101952
487584390
329952712
891637571708649473
1023180950
1072768218325008385
1015034789517127682
972255920251162625
978667182828769280
119445082
1065723804071149568
506429053
1009509720019886081
81233859
148438596
868755477240348672
24227803
913425131657101317
1003305218350690306
823518894182846464
20474878
790577
1031990811079204865
2809586744
135845824
394027182
2274911917
1037479975572660224
2820709207
2238203492
98718385
994063587328045056
2845101383
305035413
917472389419724801
957923155309346816
931913921023406080
14526135
130760646
898860361062985728
927873292941193217
1051488825699172358
19765162
35199689
786865313539383296
1052299980055162880
226150204
1046693507807760385
1273910360
1071702981131812864
3111911878
20934397
792806523089014784
1067770604990935041
2872890268
1035369892378071040
577239400
6729052
1026822583101083649
897785286
1053204773242130432
1000661068945985537
54315308
847568235272654850
349107430
1727667812
22980725
4646776055
947524659058237442
1052607621813817346
720097644916383750
218645287
1001516861572505600
21479809
1051634846299279361
732650039655432194
948796018950266880
4138814420
251838528
1008577719788072960
40848626
2260554330
1069945162539900930
925787688279691264
1070642393114951680
448348302
52200087
191146493
1011365732494577664
94270652
1059201835809075200
88206726
475861493
29957941
114231564
800707501
1068254071587508224
317248852
880535437894459395
991306844802076673
972904364
172663253
31216636
1068125338121764865
955963904047419393
3511430425
888496150344384512
1062013608262012928
702544283547668480
1068251665273364482
732873097
870543481
3043499531
456056180
50109331
20877880
1064871083545948161
1066656880695668736
66154358
265373725
232992280
3327953062
1001535479349678080
112037009
1007913241685757952
941587645314031616
1398344725
357443868
1051551430245580800
26589345
19868783
42126313
2306099193
733005584946110465
1038502481909694465
47749942
1039634230303707137
966641290619314176
410381776
784955408
107658551
237294330
3001123090
95676302
237457901
760949695
273375532
707330252658360321
1490133535
1066991443212824576
1066146251861909504
4451084686
347992576
605523537
1030203939034198019
1021431741469347840
976021587391598592
870573530483748864
48839054
21088967
30634288
1014258381266280449
133750174
2739280006
888154239100473345
969628403006664704
3071468659
964983746511466496
1037436639423942656
213954642
749746743974264832
1010152226629677061
827349672423485440
1053798090891714560
3075671175
247846270
1398479138
16550150
937523671727423488
1890578203
1410074916
1016614212192407552
513316358
595593149
955472646757634048
283626962
746260576209362944
352188550
709804717455634432
2150681762
245397938
899459894
1056595084337135618
1018409944654102528
1058132519357431808
1017185427126652928
339488982
1184116376
749598280225476611
323418283
722556301105106944
83451591
16286419
1292539885
50989447
38742805
905186480322117632
1058043791972667392
2172480063
25275163
336051643
804546036
1045745148741775361
29979814
3028820993
2760599974
570561735
820980650
706709347
18721353
20232848
1056942387703046145
740754727
354210656
100032683
4920974094
2704000592
2972541035
797926601451307008
2207972806
1057333287633518592
221794396
1130662165
14097516
2317418220
53071658
557190882
1182807762
466652080
14334253
6600632
541801161
755351655298822144
779982231666384896
855549134174117889
890851240808243200
733418724
311639104
772351870719393792
760169602445877248
833055447221428225
904345905301770240
983487333843562497
51081149
20982151
2175948770
93858456
27274545
988895617865793536
742576399421034496
863809793882021888
3434229976
3322993172
1054104392213975040
869151672207126528
1047857468854784000
1026821127870603264
839389009717624833
447444903
3996645653
370530499
25595473
350518117
1023072078
267260783
1577730512
890534368795643904
338292897
1055193191631282178
938127759183884290
965202791789670400
452013942
1036799493264404480
69081339
456869324
350245783
1049215446615056384
1144882621
1056446965339303936
1025785179976151040
250900083
1052811428879462400
1026795584919879681
407861033
1054093705064443904
189965200
1014179875303886849
3320542404
1041300020027252736
297036688
1046081558581370880
464128754
2649091416
1619773022
255765895
974740425830477824
1330113763
779278984290922496
925324272742141952
758484549408088064
719638323921305600
493695467
8208672
1047060707936804865
436975975
19611797
146446713
1053663929791143936
939886416514945026
1581466710
777118795710300160
19447065
126319621
133029804
999197106287063040
161665079
548633789
20333997
1049955813169741825
444805737
275169171
371967650
960870015963684864
927894551423053824
1014473246031441920
971971159
913413672525078531
913866623081172992
959824315863662595
1052246981618221056
1037732964279431169
955790829062410247
18353866
1002993489477545986
961876997180919809
808450839736184836
23362742
3053841456
1574003011
973861513957199872
126937890
965361295661793280
1050679924749684737
70391821
18021754
200477116
1630266439
18397585
3576438430
27802611
438264672
971124665954562049
845684053852459008
993895387948871685
965310622324883456
634704431
123979525
2580261894
360761430
35576032
1543810160
18774246
3034816903
1042422858792751104
816848238552584192
844861794732560384
3314715548
1039148001619529728
743099648118820864
33856936
148317880
838768305703878657
926185626763964418
804724456975429632
1019632269437427713
288451785
963063807558995968
908757133461729283
1037972611144339457
987345012559106048
316682552
784567583060193280
1002865760195239936
1019484541
1011726480534056960
1037707330559897605
836218421406756865
187583593
2335817336
1538150941
872122163310080000
14926006
117457865
1039597099623559170
836970853946445826
3957554421
994576815418036224
1048519933443952640
4861286484
1855158884
62562680
947838589
20785944
971023076
19874049
2981354171
878772504
22013470
1040198735903502337
908809234921422848
17047015
1525992979
1038173365264101376
952211466333163520
1045626432402182145
1040644762469060608
251341738
780472047529029632
444304733
1028057829226295297
1029632677866078209
61128574
954284211002802176
1033717808192995328
760223812973715457
963594985881915392
839999294266585088
582785175
1344710419
287128496
94217437
61177115
720351363331268608
1364280583
2773366109
77166505
1011839925887623168
14869343
18977995
34615850
914191313364496385
20696498
4185075466
1008312375064350721
1366856010
143146486
1042396777444532225
598756481
4496473703
991477146475487232
19744643
1168550880
35458043
912733130066419712
940589072619274241
281259322
1240595720
381787276
631993565
737563213114396672
2927470951
2866526829
22034898
936694678094798850
1038830626550505472
1614547081
1498933111
1038133212776673282
146054065
2950416875
977229840506957825
924024728112844803
766799727757144064
358351833
429287410
2607283949
783407430998765568
44585564
999863491220537344
960110116031868928
22902016
902806386878414848
2942807001
48642739
976020127648047105
1029717867510546433
1033453601077776384
1042053769570250754
1037360502492590080
22479891
1035962135195668481
120149451
22351925
719573184769626112
45094260
2806227364
967185952258121728
977049736342589440
3144175155
361449758
248181708
20458467
29910145
428988033
884717467
19816900
271603436
20058088
291824190
377406784
251979004
2715652048
908261869445677056
1510815488
4126653519
29106807
18914256
975282243634712576
2426002789
28330348
267933337
2217099931
712317698202603520
941692219
903347172153876480
581681390
2406528461
1040179017926815745
783615615680516096
633232455
4161428843
245526228
1315690123
25087909
806987718504939520
1726759182
22419487
991704722
788162397689249792
800713651824930817
190178863
969135013789913088
20526449
858315380984614912
2814541560
777202055039549440
1890570247
26019075
909215068444925954
2698630929
1012316790033088515
2723651443
347439870
1019977686603763717
873853591848726528
462465455
1691761896
266617841
14700258
747133053043089408
1016238460389285888
993564668387102720
225796043
897591154467905536
956264363849142278
962773563106263046
2570542161
2739978754
362004761
1000288233442480128
2185080004
138495291
2810915520
2492433756
825006596644155392
996670904523423744
1005583726690988032
79553377
2149924417
998861582749847552
956974104497786881
264268327
19784679
947618715448770562
202813040
1008278253579264000
26760282
1023631197245714432
18773827
52078696
25575784
378278467
496949367
177280097
571189619
28651828
973975008845467648
1002602929
29011916
253748115
702075455491461120
971646361119666176
15132585
4846788053
302492970
953012334124990464
835252426265481216
1016441565714305025
993440626103541760
906524290601943040
75037497
399976382
921655108605284352
1019937886337228800
892393550448533505
72583738
959827122964582401
940646007582412804
192502203
1009898349078560774
739727105940946944
970571835120193537
65728122
2563408570
187879693
1031263510473437184
974962208223481856
1033267052222586880
960108647761276929
495911113
889533774802845696
3014391393
38744416
146574531
967124643768426496
989446483236794373
3345331894
17169076
955755708838014976
933999261963997184
828237714768007168
1030964408594251776
841328963557425152
839939547504967681
976508719512084480
205274391
15896652
1006439653795192832
124447643
992725756957601792
1878576403
1015900902992105472
29221344
716340461611401216
209512953
703346293624737792
37932540
1029099795951050753
1361872532
1029329491880042497
2173007079
1021717034302926848
938538814250905601
388806043
61244859
899014211031846912
215899949
598549595
953911102127079424
936990491937267712
957553808992821248
956879344349138944
921033470712918016
884718455701766144
948718107228450816
972650181547233280
317356725
178038371
964638576813248513
15102849
11348282
821171185589174272
24069453
1027333163578798081
710450353
58287890
1008309064932065282
736249556111884288
970252159089545216
213781711
529790234
31939688
850064615652417544
1016677572183318529
2924559488
395920835
540812894
975893461
1019989938950017024
853262035047636999
890690629679935488
449871179
850739486615117824
2736089148
718523849277616128
1637624197
314700035
885158895693508608
721981861
6892312
54499985
37371468
757473350
391802984
1013164813374156802
1022121232525930497
966669824939167744
968477352509497344
1670025668
3145662545
2293878530
84805126
19602965
997237934159007750
975845390162497537
3037079585
20201726
3306654832
1013084786250977281
1011580472709787648
2422554805
17336372
18887526
17939037
10855372
481647908
4823705386
955426517537968128
755379008972419073
20015311
2514914953
2193829069
1426046876
449849732
62513246
976926473515872257
909743718575611905
39159473
747315656094154752
400792849
913918449293828096
951562980071755776
401212191
1910728098
397049394
4189054053
972129387364651008
891029528876908544
969612369159651330
823537937694490624
792017765544693760
