549786685
17957176
17698956
1143673459
151617922
61218761
15026237
1108803189522862080
2157572317
2601958646
277521869
60462205
2784350226
16000792
2778812317
161801527
800704496246484992
2237952289
42451620
374726395
366602165
15104107
289476074
369835240
252347140
788740126612525056
254264547
174419736
836548849
3968720135
162436508
1436382126
102768569
57362673
112873659
48428463
237119773
1668303476
15809934
370696063
612989413
292925805
27074339
1474998937
1242726577
140140903
1485231470
13393052
20711389
50942395
8363752
1391259187
1965804764
958321164048191490
392463691
1522917078
385192397
378259736
1620556356
2764811815
33773592
752967707277029376
16031984
1480385228
16435797
1923959160
3290762269
203714426
842550390818201600
355036400
1066868172496740353
750022168675688449
786047748508221440
353932532
234951672
148192924
3817401
211245793
130366575
16315645
351260120
2151962246
2187330690
365022169
16092398
2871627629
713867113245573120
1130042420
1154961546369482752
1284636487
548384458
26757633
2837991784
764256085192667136
385447668
110492714
3340358158
1007297169412501504
44988185
110180215
24363407
21518612
14709326
321109370
15907183
564511791
450921524
25387735
16548412
32431468
48558889
1134537980
296274372
31939688
893640416028798976
454100672
168606911
755113
18455252
1902020658
791077327
17794636
79805911
2792717257
870715082061168640
17348942
586749256
12418482
1064599477342875649
941445693331427330
1034469513385963521
1143809739052204033
263733802
52921907
256230589
294225689
506435044
18916926
270627293
1170256471
6931262
1726682706
1287741464
233335547
180224310
2237868823
854088145675145219
14659092
15932715
15290609
3494536282
185406169
18000189
885361
976203666704293888
937090267886141440
43409523
3248910245
16077656
636509977
14826802
85165134
24889586
755068765365149697
56458698
82970997
887395715357528064
323564484
49698134
3235265588
4863187106
20424298
85201778
24967868
135897307
227879769
292071258
48807945
330473907
866426699193491459
25728193
31448660
21104257
187838951
16442379
637134461
811350
535824889
2813531558
2439032786
133448051
74584032
19081010
1088129449168683009
21786618
982663172942454784
3378514300
1638756846
69004966
73179106
10328012
65905779
165894593
1122189934255837185
854045574
763992516
831929318565625856
29675916
122130797
366309158
3255034008
52286180
577406690
4241349383
38428725
712279006608023554
16265742
784575415457308672
3248963739
4270854755
23544596
2342762778
19727603
18276341
799047255378391040
51547100
310074998
247404780
42984750
7860902
33747810
1130825233320034305
107451380
32760218
1138513677634691072
46451103
3238448948
782127094473949188
2533969802
720951847
784125764727963648
108508704
14992931
71086798
1332566462
14574055
586000603
601542945
63865383
15868684
329620391
19084896
821424486868254720
3048900145
375949267
2689586348
248343882
272568935
430108836
3472911554
938444938680983553
1360461529
2701073637
2244604692
751290541707390976
404879710
776192268420075520
482208619
335421522
813829018898329601
2796636175
38557097
770603486
19866236
1398202608
751502064954388480
908037703773679617
1029463214088744961
208544381
26125943
37718165
511273965
47459590
24335724
14606079
23457254
54843862
138985108
393743882
386185407
16391673
2771061222
947084209
184128260
2567541962
369304567
538935975
248917209
218975278
331120729
810590628727914496
44238517
214622133
1042858796698292224
12096202
267915933
20800328
2195241
825569108649340928
1259893237
292057235
42665626
120144771
1693204182
1106562905103843328
2649753055
551433993
323417384
111045930
809420163711909888
3488471
94438457
20776190
595245502
97282705
224662578
920929973443051521
3291824019
190286772
610659001
2654934194
3294092417
2209742392
288575273
39000115
15483390
424383740
824281444931485696
154571620
244469040
46155861
544805710
869711772973969408
36548221
731185387
238285207
174526877
901110414292860928
14416124
233783568
14869615
60863799
136143364
332034625
1314947870
10098362
294645579
31537307
600041161
110051399
410380828
621907186
461032883
182545611
561516853
2384381713
329975507
976080895009591296
3056385063
31037199
611799575
133128452
16291449
1046737412439838720
310917257
911081689
65461233
21452206
29913811
18775572
14188630
768285730237849600
2673648210
78649936
1528307430
298495726
2337025579
723014924
17877122
1105850997342130176
15275677
322138978
4799084592
2316384882
79302232
3307245577
36553836
2314055840
55307642
126722715
349938985
2549031829
863027975247343618
139738464
247582734
3433516535
1558406653
3092509666
14717311
602740983
917756532141580288
848687281
1021752303978725377
57362322
23557758
15652252
597692019
15759258
776025992
797093323
1507338108
568519130
21867341
114050808
28716692
48598113
339791868
709395956
17754880
208643146
1067809584067346433
877575808017190913
104684456
33913156
1323603420
2332800709
492345005
3518864172
1046615358
3434993711
893734214
22162854
402957663
785461610
17011177
4099171
62337700
15676413
957097019805323264
231407577
16296908
3266431052
2318213621
396518706
95823563
113202279
84122742
266562522
54604220
17235028
104868307
21130921
205851174
2704715387
474154291
427505253
2186805873
1926594296
1327567483
46822887
90786626
255707958
2369355835
745023877152145409
1100989292543860736
16429267
972252528933879810
955647765408722945
104277296
357606935
432134884
3326917175
756516383660335104
84142252
51426896
30409200
278175882
233671382
147467535
1451773004
2590068246
14397399
1880750010
16976126
14851168
12496062
2774615273
1702651291
45997314
2314489112
326118856
882061626605621249
224494638
18901122
896536097655853059
1917991554
801098677947285505
240427890
56628314
763099930487615488
574684578
275498007
302204453
839819096686530560
119972954
1022743374
3067027552
17634365
59506278
27384718
127950286
274294204
2866203939
956226722025951232
1015037441273712642
853765441
505865032
460470940
16047950
379836159
1080878138513477632
39561306
47550410
240479719
931232586726301696
1082873133986508800
102737967
1102645153825607680
3671138595
2579133678
2311193425
32504410
87371781
2897133670
1579613347
389576898
1466245688
3003350403
60610778
411851706
839861794436968450
47101500
87788695
30695346
15195539
293063938
186177715
317359011
259920943
18131961
1382803086
2818770726
410833786
707710842108841984
52613032
905112352835633152
747817429
264512016
315331161
23314049
1378257840
46374231
17601988
2840596746
18697888
3266848870
1296010872
3665311094
1247324989
3370109495
16305370
130557513
2709152000
1060880598737342464
308218916
2852075027
14298769
2316383071
601060861
74669397
1533844754
262865667
2369767802
20159596
1004560746
15023066
1202697410
458643150
917503866094149632
986039639877267457
180896136
79069039
139943872
16662181
709283180
22317133
466049766
135522493
873328778
515775444
2862055063
1000561062888931328
455949997
10983432
972606473044938752
746115648
838221002
884209751466414080
168323802
87501719
1145686112
589678533
445586377
43342160
22723307
200737738
720350334
1471542956
321759386
40755964
418674105
16681111
576359027
14776082
6892312
613469003
151666167
198020721
16187815
362111287
23760311
5548952
47548777
15164565
3657059717
326405840
321788327
8192222
78776348
11348282
862501463922286593
8497292
368930508
43332560
14807898
19789439
77883853
16684243
303480767
1000060779100495872
1631985312
18104730
484796656
4617538938
15654561
439716116
707221500110184451
253868737
108617810
14939981
54617733
29287436
45882011
260759782
31409290
532752544
718682122010034176
15823733
73506468
27070707
326562333
532430133
368196789
4639656854
16076032
3983019449
63859183
36735522
1079452691020042242
175217822
67725191
4341706653
20790580
18478388
331130681
243214507
18678924
20776497
1497159493
85764133
847575078
1073405356112535553
14849562
142905425
510846846
14631306
866343028339986432
71048726
7855062
21461359
19767193
68444393
702239073746837504
1092492998552604672
48828711
148593548
93069110
1484961512
95140763
957024441338417154
102263558
615263464
47526275
2326023686
2314182253
1157063432
17565514
4123626017
47525716
31483387
24099041
426218007
2993930001
25732408
2800581040
442237496
75890868
290735485
63302020
14211946
779777819039502336
193477066
15726728
1473038641
509776809
7835562
520064297
18708446
405996147
375723132
461709489
1522487264
3327160301
417398596
1137154722
1085223567208394753
294258287
98247788
65968759
372373925
42995067
25566117
338829489
746405360
1203096414
1247055530
1584069578
2170516051
2352755676
2355356828
3268442437
3609926776
3702381389
754682998293950464
756466785164156928
852856714227576833
996396387356041217
19186003
347219414
205302299
302111485
20926233
63514682
65707359
3365960592
1463059626
110213124
370723268
574020783
47034934
1013928420877721600
701794592
62595772
872156132688711681
70144495
149626146
1563454808
248735463
1080844782
263473924
20747881
16963828
829061809135030272
543969168
571214272
3297000296
502135911
3179977818
815733290955112448
1959606757
374699095
1296431532
138460384
1151724290
16045268
392977409
84801794
16863340
537433628
914888689
820759652757544960
2987415637
61802282
21059255
743785081098010624
2194697041
237845487
941790236
44916396
49328612
15537302
2381386813
23641386
138203134
783792992
943845322270355456
435331179
192733622
69164646
1442600150
14981648
961168160
1545306691
254873869
15638615
725487396834430977
2461810448
3503016075
206445421
733893697
389974502
792038436
5392522
1070414312785788928
16313984
42153941
1577754348
22111533
17006157
2223157392
27908189
309266747
16326882
780206406024691712
819208820585070592
1017119179449643008
764187379
957179748895084545
860547911268139008
950952511556538368
286476728
38960144
742143
2467791
807095
111159289
33294527
882958562296819714
31013444
289342771
1853310463
407387443
1242240618
20715936
2474548579
897466731551219717
1290082680
94215989
116630713
898660400
21636761
956163518
820728360
1628701926
2749073538
749397927462703105
2336915086
3082986275
18149142
50339158
20725994
250208002
865579322932961282
131172141
116832720
106078716
16504257
716789855058051072
372536101
814245511
58304071
917551703578238976
3439957997
66768858
21879831
1106501
26165922
302213284
17905026
18733276
16378093
63262233
3333055535
918169628
386513
782325
70496137
2800151959
153876125
930906528
108185769
90720975
23221506
2994520023
214799086
2312408251
369133270
17583309
26402448
782006071179087873
228794007
47285504
294980090
988884663262330880
2544703982
194569139
885594949
712665037
211785295
15675138
1486309188
3650253494
56687115
939622147
294500046
23410776
433566338
291932617
18246638
1954348754
17302588
281792021
1426557763
174880041
2563408783
24210309
133343254
3816062073
226344061
2209778173
14512716
14299245
361919460
30451813
3604985243
1323214644
1623034315
2825591395
404246410
23202992
171753658
739602678
3081856324
127091266
1467432649
22124212
47848003
3576110112
2464740169
2887091908
186317110
258885469
302834919
3240498437
28234994
742552739511603200
881975785388638211
470708968
418509252
162071454
2844175299
1052671331085369344
1355799192
19995629
11775312
372483103
15976705
2919844105
3309362883
373135206
17816378
1483304581
26001948
860555190
378800745
327577091
52808722
266697434
2300567239
14422825
100802089
32232142
747193876465614848
822287496
403667366
17423588
25198779
20269254
16906308
217183011
521812772
21293089
13168412
28150695
43412697
11640472
15985111
1720360387
1413686600
816376909479059456
77852581
15463671
892219807
15727317
32378628
745870993298698240
41625921
525428441
850441805200011264
222622640
110326494
2997786141
602993818
16039252
395589480
1128218821
35586563
33057171
309282144
871884719373381632
109025212
19624836
1039551105317912576
3035183724
3308631945
230450027
47379354
42562446
577450856
2296719199
15558882
983770078293479425
61603
19881665
212463932
16538210
1656244670
759431287664939009
62824122
1446255144
20815668
14202817
43300047
217482657
18583722
359684929
86336234
9207632
786044730
308779730
14270650
20772763
2717254872
281877818
926555191649775621
217284148
757303975
48144950
789292674
1593874944
316738448
2509461094
14619442
30395567
885227315155812353
3060489838
223904974
20502840
139823781
2257513082
309539837
225265639
973116890
781193642283237376
262491413
86798476
2978477620
812062488170823680
2225547482
299853848
39885375
235263667
23492011
2396505878
19026354
997040168
950105570
200179075
516735853
385642004
194218577
560551022
909141017114365957
108094234
901323395677081601
74878213
33400961
510464011
23908154
18586983
16047639
448261581
2241381234
2444425802
634734888
14790966
163297163
313680714
921902664
3330758063
846038281921880065
1529722572
199945787
2969988866
52837273
531071556
19166519
114327049
867560847459184640
1154387504
752223895701299200
296946929
340383608
2678474334
62859251
902128663
771896190594064386
986635827202740224
2338959942
535433787
1056461533
3048102122
15935833
1003972539050283009
30238319
11744152
269448653
115505593
877255045305315328
69393590
2694693462
22717141
2993442316
990972260872867840
620741469
2781092388
809171502
136299321
809434903947382786
14734268
21134925
14190948
11865882
4095399793
41939243
820781644281942016
165511377
56768257
37281592
78525538
14982804
72290565
6974622
333827219
23626407
887322478913236992
2280705680
3392633769
2952295912
15432179
481389375
14528354
472587261
321563970
79923701
97040343
808108063
23549430
2341248866
57029492
3298774073
44039298
16303106
46213956
69181624
14155907
115710058
26548315
19086859
212657985
3420477195
39668527
68416219
3161262128
789232424194572288
951448986749227008
2568461
94741751
2797117867
1009139262753792000
4292624962
434575671
15455314
1558479326
82878406
64092459
61016265
2347049341
14471411
762086073673494528
38184471
28406270
3017660391
701094913967005696
335329694
871152595779420162
348846669
816470744
19790275
1561457514
1265726480
22642788
71643224
27570528
758094541
76656706
310455468
131631395
4207731253
1455791654
14529929
22046694
18663556
745718720312418304
35421548
18622869
109303284
2825296979
16017475
75797367
65551087
804857032717271040
1163723022
17782240
22084427
15639774
266997926
49986034
257284273
2699224166
1339835893
813286
26589987
4207961
25256728
285236647
184107481
4684584108
15446531
17974481
1635352992
602721749
820038719033970688
4662933002
1636747982
250841535
25598396
176905010
17099655
481672499
50482432
471196727
2785553206
255217048
18502702
721115197
799350990
774738478886027264
620402091
2176565550
2954016961
4876409213
411853059
751510350
277175095
319458121
289461078
67315825
110050273
259550983
160325030
1331004614
1696668974
3033441051
497323353
62513246
871332876964573184
2366113867
2278105339
842818527467917312
736708392790675457
18137417
1853099077
16342340
838446750553763843
3265499310
342117543
33662614
921690530
49773960
74937883
1167637423
2603061128
369818349
75155559
187332494
788272232
788027316
3157538920
593091020
353477625
84653850
4881093582
1924414555
838766281729900544
100598612
26951743
54751981
453553264
1084834597
788562870
156126282
1086870883
557359558
1596620473
458962565
67120743
306491708
250307159
