1028159268418084864
35844524
21773704
743788617550696449
1322894556
73186506
21961133
16931008
888767187833548801
37292959
1108944776773038080
749109290
911964029962407938
333764462
773324405938200576
890635378318770176
345008076
119250381
2548724913
778426118093144064
2562145560
826226272418283520
846997575060336640
551347292
3838665134
16444544
976181583886651392
390350041
1213213501
199159655
1056048055336755201
1349965610
366683686
521503652
189671022
1100413862665510912
785913680835653632
880550682285281280
876566276738621443
2675241528
794910188411174913
3021007247
256169283
757775576
499427396
57551273
237060624
16517364
244347285
88434578
138523104
822587588674461697
160720376
4900233800
572926961
3185588736
19842272
527593896
2453788244
1034154915319275521
466952405
1055552063340453890
377601385
48747229
2732591676
1157803295487987713
19238073
409687742
461447655
1128607728
3146529600
756241993798455297
69685624
74572650
786711016675606529
3035309915
701474713768308736
874481815
33596934
392212735
26443215
95929169
2334164851
47030307
808330628231995392
26382985
1156433254804676608
1113828112503115776
902790692
970671341144870912
1119314325452148737
1053771346147266560
420414672
1018468663723282438
938721775109603328
823959002367328256
1100913313683169280
885655663937855488
1070717207284346880
3098129598
2746644052
114363674
979960703539863552
870773870059544576
1053747985786527744
513578327
926763245242912769
1004898709711261699
2415404624
287314231
708450725811113984
846071724
2187057823
4673591444
4827618171
1096075285412397057
457743272
248865097
218700551
1244609600
1120445802
3371900770
1855130364
536906950
1083869779054784517
62145334
825521420465758208
80485726
20772763
933174729694896128
1022190061624934403
591305622
188093347
878635355028807681
2238773659
822875592869691393
371454404
110396781
209891397
1070097111432093696
17399196
994981366868598784
2955475809
33879063
276697454
170159379
1020662868524511233
3284003365
1151233443549929472
103906283
1095905597252386816
1003891410058334208
29770862
22114231
1106927792099418112
1079245228517806081
636714033
14531739
934934273559289857
870423212928122880
22839624
392694646
1000595681726394368
1082798018015973376
915711754218475520
2323448533
156333623
747894001458569216
4379939474
927987119955562496
847226236552085511
3652919719
2962868158
17345701
2393001308
45583209
2728002146
25466022
18655567
171643751
7855062
1094713876132872192
16635277
589682557
21293089
2930112702
21649131
779104958520127488
1083804174532386816
54367390
384612596
1081620007371661312
235862712
77852581
1124029531654848512
2777480976
33189473
141286022
123422038
18357607
103130238
1013455380532334595
3279339995
819005183275347968
4227760835
2915680584
2335840339
48807945
21535763
741492758
1055494719189536768
628629535
43014978
1504076474
3103213542
188748627
14075928
1074193698970370048
3365047649
577432615
745812584817786880
21765161
582519519
750897170212085761
14085040
833804912869904384
1096792327509676032
43774197
18052661
220186384
3311302353
98247788
20097201
98475137
2502967792
39984286
916172662749126656
318116263
716812878
350503764
54885334
28665877
954895630119329792
614262745
996511920747233280
241581504
2916646212
25234616
2498953909
443215941
3082986275
3196098306
51633096
997166407002472448
2983250529
191651923
17158189
19119809
571202103
66649601
1139607716941500417
776446214644633600
229203717
1129541116469153793
1027615731427553281
189362860
63013144
26270093
817923454456373249
97764479
828273447348404229
611839288
958288105
1143659386147090434
2331209359
57371662
827186757225611266
427836501
1304488662
3843653002
15897740
1113617384345149446
1158124597
939701061463433216
3322377127
47227386
752621952322318337
320281595
17473746
2375783028
751031312648171520
821095334956961797
834205583637147652
983085908
32974114
889745082
4650231256
1096175703702171649
18307793
248270076
997981822540693504
924051806392549377
47274439
2521546890
756026497438146561
722527467383234564
124140808
67403923
133448051
2966770391
2927825419
22027975
567508925
525939333
1069396688488595458
149038850
211619871
352145373
1077981165833908224
23676562
313641424
744252001572233216
45055696
25387735
1105951888778977281
65905779
821446682860732416
1647619146
3217743118
526456651
3435780177
1032809706757259273
173915718
15169907
251164136
17303769
23621827
1493053800
15846022
151930383
17908972
133546344
843595546073976833
357335040
863027975247343618
19651284
1001499086162485248
332606373
922364427982090240
79771664
459872442
260759782
809414682708738048
453092010
43283406
18043616
1080814633555058696
857447150333992960
4797361833
1087298936166076417
950244492
45511031
23281108
244255536
4327127414
2657787980
862398215471202306
299448712
900840696
1139189085241794562
46822887
432771620
1121492192235806721
731854623221354498
4726534534
765205923841318913
2364689258
1072526082
1090873074
159955958
1020713139053252609
444783564
953173152
826101886390525952
16734751
832795323210665985
887946728
225189494
734345821114802177
1662276308
52631277
1082334352711790593
613088225
796389672771534848
22187085
2228878592
1264587222
2749996020
1143541888785571841
34190841
1106602803521306627
18766687
1090688328440127488
922869448691740672
14504859
381152398
349994733
827185571164463104
1037479904395317250
3006726285
17889970
1141365022804729859
627630760
4239420133
253316481
724698129128259585
62790685
3148911811
1013454451489812483
14676732
50646511
239509917
718791442244575232
906269610944720902
1131665884509024271
2770199492
15981547
99572623
2942025026
24405517
427505253
93415200
845632013780561922
21489321
1123972801520656385
426962696
2318294136
19080151
836628092
3245566770
1105088774567067648
994570303819993088
1437242274
1220645714
38444226
18650281
24752038
2909910787
821125811436748800
925903747083067392
845824702954246144
233346023
999008109636083713
16399949
940291965307977733
251306865
378259736
835740314006511618
22515643
48690472
1088812005417512963
300944937
3350192355
1125164759320547328
874689470213345280
824479903475134465
349295868
794099360
715233716696559617
544333289
464200100
1965182156
25903902
54222811
21027387
832378085270048769
787577869
1119778555389534208
17757925
25974425
1134546351956615168
3191522527
1103336658647289861
936986281917276160
17681513
14270650
245587242
2502992592
1132025664247197696
4790374997
25669608
17074440
17971723
128687049
756914019697590273
1129116730196987905
53429839
977660786
378150072
3352535234
2529158194
304993291
1092974230088511488
14982804
23617104
78821335
19983050
831262159
855007514621911040
315950881
814267223015620608
1047319073087000576
755946560794558464
44327864
2573890183
23863306
22427134
721375301704372224
3029055411
63770391
118809150
22806783
2515979161
31764740
22274811
711690732164132864
61149653
2732944034
762742698059059200
1316308548
15169183
1073440473656844288
2369239850
3298887367
757034237056978945
3047782829
50669520
743595965894950912
104677335
700504905555931136
890628476545376256
17933431
65526159
24971644
2223157392
23529994
335060282
3395925914
243629377
1541086118
73754019
17004997
1059478758
1131884640657117184
947335488280649728
799633059150761984
1024670160081309697
15977208
725183974969106432
3254996818
30030744
447645651
263292498
1078560232224317441
17008726
59145948
1511299686
3132952549
21035409
1852893445
2480936977
826227059659792388
294966279
17494010
11744152
106348981
206487352
19911013
49242344
31611298
1080188052365029376
2556625133
972484997390184449
1428245454
23593446
257467770
851763111044317184
1523891821
19088288
999384792650072064
376613938
25728193
1003107003693137921
39294154
123905976
1963663364
827814256301187073
1031539003
15554922
66213051
2914169024
1019322561824296960
19325156
23642619
112764405
618718904
839552956559212551
172858784
85583894
806906355214852096
1081209533253537792
850136356814585856
2902504253
69424114
1035921163401289729
1051635258494316544
169156588
707197958333337600
881993128437325825
34396691
921106844050898945
796430551200702464
591297698
122130797
975382329643253762
512735004
952168111322562560
3060489838
991367690622328833
24734287
402888514
2806253912
828771397425967104
462288600
803510048
985749294
183767243
203165720
2708951526
550685586
186160603
1044397087520182272
991444445148180480
1113190257195913216
829191420103766016
2859189956
1089280833058291713
139766073
224285242
23279144
466953226
762044828313980928
442296361
2243886992
22099247
769747443235840000
24113137
892275857779118080
162069635
23786365
774510134
3671138595
20854875
847491998508474370
20002777
2789044021
156729945
247334603
837648541002629120
2279225400
246357149
40711129
2270659134
187429137
15441022
1106349047768592385
27502146
757999087
705512846923325440
1067541214671577093
16326882
16170860
65433106
104671648
940731926712905728
3488471
1094640174670049280
15161984
57973123
245859231
20901474
2259209367
14780915
1003374482013253632
3003886063
19879378
306331399
89383197
309822757
727403658
325389471
1105177760757174274
386113143
48733366
153944899
102594136
126062842
1507338108
878254535449296896
883703180395261954
6585222
824034180598272000
779358438660931584
1116179554916290561
52451280
1081222837459996672
45494147
79031518
1604444052
1102397552211582976
18197912
814450981798866945
821784477076750338
1091715396829413379
1048691504238219265
21802889
1029387051857326080
38936142
170318438
1086179555646324737
913182013926117376
2543905694
1076134994953818112
3867203237
87832714
1108020329643823109
1092532211407032322
1090642487268524032
19299191
212237477
15816098
32259450
86854538
15993122
40302336
23911915
602209734
971206070940119041
91729248
3145127635
558866314
1011736810354077698
295822878
386513
480496989
776952709849223168
3159954231
2956748417
531627880
4713202332
980467933414592513
167796615
1589251639
106835555
2918212191
758693869
27707682
819176997037473792
897151561587195904
72198806
18327279
1001592024254971904
892182779181584385
1094963766834405376
1064582853533491200
364856434
999450676777308160
8917142
16622169
31122582
293227742
40927173
14772775
1861297344
591256990
928276365450907651
21491453
1102048684659933184
1103449219287998470
1092915576454864897
137091791
745699859169165312
927238190011994117
984506935851466752
714456009712996353
735715416396337152
23588075
969745661473280000
14942701
744334658
16799997
243319640
33773592
226222147
14888467
33814879
1058205035434254336
2367698671
924325113666965504
787790113405145089
32522055
2918161040
313916789
1102660286614519809
775553609031307266
2758837401
843556423548067840
16688083
774180818
757190777936154624
953380722634403840
2209229040
742695104
58014593
1075121162743676928
2325836250
1081615381985341441
752186490323472384
19228935
1064456491510444033
441476208
130557513
524637292
71270998
255827932
14811485
49735635
14815252
933060886259834880
29228904
51102967
26004929
250870736
2863006655
876484209535098880
15115280
35586563
2371339658
23600262
19309926
773221096434741248
865178073603465216
796261392
1041541370807087104
288363743
369613362
46479088
17236033
249739297
253809805
91441711
827523821385158657
967122156625842177
24288439
37590426
1854620118
1039120661178998785
942141732
829711798710435840
359630710
752472211
1005928343378657280
396518706
2358587114
835218686122287106
1015267052548788224
866726061786238976
809483892352839680
30395567
1051470047888199681
1095629999044993024
1073837799751802880
851944976409874433
22891564
7884802
15952856
960652434
14335586
471677441
1018227904398884865
3012731596
19558732
47475039
902331232104611844
1086104651374739457
2285604788
14594844
1030212554705002496
133028836
930261016751034369
1090745483667169281
937889587
21879831
19515389
2192253985
25239465
4875625013
21215254
28117421
1002962207305621504
579367052
841218992
797229459803926528
17446621
1009943248641642496
467726691
18108585
57436077
257715213
147258792
32189132
1080684638119444480
1063487919086809088
918538904290111488
62236036
1063567212961656832
2970279814
1948357740
18124790
194355896
19607639
254312341
496559962
3264113315
137794015
917385043550629888
30657398
980543866557247488
139956991
24494557
176840515
174110843
885564911979507715
743856512
985400317
923281979986063362
869290350715715584
2968451607
433621818
1039412903642849280
18839937
844626011119648768
807947646438518785
133832049
454313925
14342564
614774951
52299972
46296304
31483387
33537967
29995215
21163973
862717617844363265
15198507
966052688835350528
19024627
716351352
1027276772990046208
18220386
73537202
3305406949
3058713120
3044739166
569540227
64034033
701750402786717696
340613382
2369117648
2575041822
995169128829857792
107186754
775142
11395432
1085282255101181953
716432228
22429979
1472337612
1084988509847461888
874106117886005249
906689863998636038
239614878
332029780
199141294
2973943643
2765263378
4828013916
2924108086
944771214
705050495442939904
759201072397357056
824999280419155969
157099071
171973084
948706800190320640
1715206687
3187848737
989743453
2788622431
817188719501447169
283959279
1717330770
1315280641
879056187739787265
562518183
179103996
28801431
4498852881
32286534
3090043110
31043405
16188864
347930138
83716493
61615796
1615681266
3064281460
1057010179022209029
2933073704
52166491
4789900103
1004347948845666305
888785826108260352
1080680235236900864
2829900806
833013451249197056
22163983
997831933836038144
830456610237583362
15123375
1004094715325763585
44384976
32067900
518744362
323511627
960573909153337347
16305370
920023898154065921
286339472
35764757
48546834
20741738
1078377488
44964969
2874474721
448891258
20725994
23023475
815708250217840640
37289070
32411838
16267090
829122929086566400
467823431
15446551
2822012692
1349401772
481762079
1103193133
498167911
34465083
629687257
2493770130
1611555037
769878574052548608
2784851176
800335168280010753
413716264
966738589949288449
800474823189069824
22667747
585972335
2761592377
703078415675596800
4251335740
1038490940720197639
837558326883864576
455395552
855706580
784837671482896384
48470839
2339574482
755605757186441216
762300733
911482336482594817
226856884
3115050963
801726839152443393
862168244
1033542308589789184
21833728
780598103367749632
18082945
3222641663
819993993274675200
33705556
196753919
974151957555400704
884432621022957568
104560581
853034130522734592
261157191
51944245
828078081931780096
18351315
975342056724983808
4407335566
800375946775707653
212609024
3344711285
3015844068
3032030458
1057282642587062274
956955048185131008
305697207
182279153
75641903
74501824
386851602
2751272117
925725224334692352
772927160990433280
53503202
1036248902222139392
830619040963899392
44412004
2461369577
2844988335
763499377792946177
1636624771
1040360783555821568
2306603894
259540958
45118247
80700514
164481132
2584926270
1057124531087659009
2893089039
1636096532
483408799
348607269
797472225427341312
17763508
901046640017940480
780295676
2742859684
390838564
950864021493813248
1112774136
1053683804362231808
1055262602454945793
729701410103791616
120687939
713582080291172352
4147175292
2823460622
39668024
1020348976023965697
492468586
17354534
751992565143003136
54552290
14611061
829035894413918210
269860540
379045102
1039575697407324165
3020629889
25921547
799499918163542017
957124719819542529
916015277187284992
523939259
2203993285
2608729532
2866385391
879326842108366848
1038675745923579904
566226996
722731813
1658371226
38205636
305141546
813820934
36688633
981606037777084417
1005557387376279552
744970093646381057
796517322588639232
812425398801797120
938148566987628544
858846275831312384
901241792892354560
976112836555497472
1068529983142813696
1278671156
24721726
1513214906
2460749166
1067968810274177030
1070220967375499265
235992742
454297031
2273215701
1279033224
1244968026
1033957981573074946
860657094
996560190450397184
1030665044
751068221759975428
835268468693843968
509021416
68872745
1011662098819092480
994309315178582016
851163722718609409
628417129
15546481
332807597
875265688616792066
803104461451382784
18368874
17524733
15313650
1041011172
92255768
101162603
3235594217
1096509110
805563800065900544
2298289777
319343955
1152703722
1247608608
1290032222
956116419254607873
48802769
936603303991037952
720323991894798336
886327886860439552
2192026043
760731659251712001
2618843767
1041712294059696129
1938158498
884098078025826306
989917705099558912
2855110831
52136185
4908217100
30140760
973940571420221440
25911980
732709475883212801
961119883898605568
18810443
898358869780332546
551993269
1067233933102850048
363738761
965295599816916992
905571888298110977
1921933158
916766187530399744
25260192
21344248
178287743
1044634658632343553
3317285634
818342092900401152
1010690049971810307
2990473897
972816238530453504
823558302290341888
902908769113317377
957876056723206144
17286330
4830630377
600189059
4459642286
170840293
97780463
1011755211067715589
2186755171
1041346063393730564
18775879
824307812050141184
801275937149124609
1036658317979004929
408874390
853123740951097344
826090618053083137
183197395
847913375539572736
1498757215
487967411
187657792
153102625
1000364690956992512
578163254
441700734
24057071
12330752
979377622428758016
56310925
927346985744474112
459876432
4910794547
1220068964
48325671
2472912763
24195886
783482429851873280
710924174919774208
1015817153113714688
1616545974
925400971697520640
991153942523535360
17717593
1966921812
742924921513205761
54529669
581436283
1036974013598367744
15192811
780511703981256704
1021943585753706503
976650926025990144
350649394
884235071024058368
1040772463796334592
52474185
3294771437
631109702
784738199608242176
381829318
3797079623
160551573
821681572202029058
500042487
282106379
18171340
827902834536435713
932085767131758592
1031108844364214272
739844197935644672
219033629
2307744325
376744269
2789202031
1009200140312293376
1891764582
939588662802702336
806794262004150273
945014509701423105
18529769
15959560
2711106523
862889839997440000
720483162095267841
1275147643
36327224
1707733610
25841982
813738086282694656
36261857
1499530610
3166653756
2383871725
17282022
1862540220
800676133075202048
4821515421
1049640196080316416
889887738803212288
819175154500665344
1126117746
2677508058
2423924451
1058910466615984128
631591807
34468095
829547238468694017
922047036
1019006108348776448
988850055334395905
871831962809507841
151921322
15558050
1009159250701103106
118862006
900576495130869760
2499230154
37761307
62082652
176062872
122166580
2186554418
384555147
2742167025
249518579
19834403
823338848046325761
893630742
2931809172
110021334
27138748
62882514
213047019
964600943609372673
411809185
936296209240616961
2887026221
186055485
870842873628864513
824913643246645248
1038456086079176704
824411652565192704
44947688
91942071
266009487
789135305098010624
853001774566744064
1008534511540424704
1009919141573267457
201202646
893316758987128833
935886804028243969
1014262399791222786
874415903978508289
260501702
702270365175681024
838832516
986074581600428032
603213050
840280422210756608
1427823001
959452283086962690
2912899516
206872748
1044891808583602176
1030280971415773184
63227112
1047281185695719425
1650852470
817566648077000704
411254776
764165707
830000603568943104
12559972
889676189555499009
32917190
260798471
1051877297605799937
803782283035451392
2993163484
1033087047295070208
823165949813682177
421183237
979740822093680641
954451758486466560
776904293714505728
81457290
991903855
36032320
831201905049214978
713400830351785984
807073358978367488
4198058764
980675970
1044382189297840128
1050708078
835565620284502016
53577731
81189754
912341587815841794
18609812
412847710
1685873604
381355364
366209152
1491905448
874808148170813440
17161275
916870539830087680
2208596730
1235151948
934984127433994240
1038960594
128990678
247050763
928113390
998950335900241920
875298818484555779
2820083725
35153673
64717523
321583100
826099656031686656
811881169016893441
774820106559979520
1008584748837437440
209262258
24215154
281695815
356383865
552911490
810639135694356480
370491805
818088130876162049
819027478928687104
979220870555099136
899416620866711553
1018348406652264448
2318016938
2651695790
520475983
336851461
2158941500
1109220210
156765413
824096624406384640
739799648
823434697988575232
22161784
14553732
146160591
1002306163180908544
230891855
29451529
1591616647
757664053279940608
899643305910300672
1370156850
932902909
1010640714206769153
1050587386931961856
748996450051174400
1388292038
1455506612
308501672
872641496935223296
935943359771713536
472373959
851110684620455936
1019266244568989696
833386788249096193
1053396521490755585
23940167
1702604292
1058573509453070337
337486166
961414951184158721
985251416456531968
586291040
263289738
61564714
2567130655
4434111615
946882154528722951
19926586
422862196
847521117925384192
729323216737443841
954257879317602304
326437621
2903933126
539699081
913453301718487040
5903142
879202028299313152
960967081
2461810448
5741722
16012783
27282113
74491360
1032748843224498176
101938339
2211730434
929080196501606400
1030203337478692866
106582405
975365293701726208
48100431
1040796931016937474
61437586
2906390281
873234990905126913
998042526215913473
2296986600
777002090862227456
4396865363
30587753
31155713
222487448
822648271898374147
845025066224111618
1012062049009045504
1214512502
1549527470
35740446
3161642458
1264690183
3666185725
976278467397541888
783792992
2896675593
824704724117057536
424609925
998274628387786754
728953905426616322
17133231
766243731053940737
2838519241
2930888775
746800565691219968
3947025803
388212188
2992517678
796960255230021632
936764913648840704
488799600
705598352
40141277
826110594755358721
20647936
1216852339
3666808216
1115326586
821355319284604928
746800420643713024
799345170
1015712077502189568
907430772356743168
2707322102
137774066
24169325
997962770355179520
3299035849
18459887
1005788798024863744
722724228693241856
1025000870
817979601653735424
813261126104252416
281884652
462580372
2448074492
1073471382
104652884
3439438186
824659229436997632
1895346356
1106657622
946568902397456384
812101377057030149
307043943
772541418
979592678789689345
966342045135769600
343002852
1048391882621956096
28470987
960518463218479105
816988430097940480
765941665156763650
296067852
798764450048184325
20374432
1117196310
92381451
772381908
802714585
1034887200532516864
829075961769390080
910595987709800448
55060090
464423743
54643517
897563537526202369
15536916
702577251020382209
984217295080841218
922943532331143168
479115051
385244087
240945036
16106530
1321465232
1056553466187915264
856258413688483840
30479803
788112748567724033
19660232
1023045913994919936
305154852
823079502859276288
922643073158410241
23903951
2780325443
4001333003
259407592
254235286
472516044
1387711981
827624918980317184
889838718768603136
976811653
574104446
93493910
824419967185543168
931278754780868608
579440065
718071144033730561
117532643
2941321341
757758816
16982703
741343731849138176
826613867421634560
514582757
1024099699228213248
966915693126959107
37252585
2740243883
1015419626623258625
158512614
1059056748
1056487075506216960
2605639088
744864284199559168
225208152
73756221
47388667
743310824500957185
840047434927656961
791132413749592065
14238007
829103011326808064
2193522538
84860627
1004373489397239808
44579670
877754401217273857
823175384032313344
1495784947
88472850
1048235061038862338
2203649485
889291121146421250
996128316825489409
898231845925646336
832365596444618756
888036025880260608
798296697952735233
951538142653403136
3281851634
1049679890889535488
961431818
2827191632
348512270
11698622
493798148
15433763
780557478345924608
2488592839
938094022135971841
822215239525548034
19731140
733115501522493440
108764893
1043818624052600833
2691552012
976570982
1024414113949204485
3361826896
191254459
935717365286932480
30783177
32205586
824741783141617664
18656672
25719726
1535470100
544691100
3083409249
1022844555337588737
1055507494020235267
899079372908449792
958078964068593665
2366085643
198688169
19054147
377796715
753822597830148096
21974005
3811496773
741264570015227905
307410294
979444529743978497
357262809
1044242075334643713
1055845498702180352
339996742
147046882
815349318219505664
16918156
591171046
4086456137
924688857416609792
346172596
740380425554558977
606620586
16962783
291413403
50930193
825583959325110272
928868429980946432
1010735153868627968
970399617375354880
1007060625028071425
814558832538091520
1016055160831922176
786649411858288640
873416558894174208
2866167785
1042197171880247296
825132968037396481
1047178005917913088
937417314395242496
824773862512533504
839511316712796161
2720944521
3168780588
310415254
1028355791143804929
820441649645907968
1046633004704178176
973974975014146053
17060507
774325561778896896
1050876360892264449
3047263885
970230499
946694976
1858657566
977928515071787008
929129773170937856
983150033368375296
839239415234977794
1712601643
2978265209
829667971605872640
79190961
1132864128
131042468
2859496183
29867997
770784980028973056
487980386
2686521
840647861549309952
943616418158923777
4366028122
332744131
190362398
21144314
831722171923730432
16133579
827514290496114688
2289080574
17099112
848222623
974478382237933569
14241277
878666248116092929
269087965
1921721048
3299121865
902264561872588800
32291774
27279989
4698221814
779500280
3082157129
999493248195457024
1226641662
379769373
63997721
1594558986
1849824242
780892996527132672
1081439287
965618407969304576
26237014
1087037803
32004130
1378288759
27793335
884607801221238784
20622243
1897431620
1959475375
42294667
713519208806686722
2767516288
91692139
39746868
450266680
1043243085499703296
3048430298
2650788164
709064504009568257
845833560611340293
16139470
289103151
18309063
967177407655546880
2471436499
372536288
1871955164
770852108
823293022557405184
40170070
758321799633379328
707009799716622336
296622827
49624977
1031720932937789440
26007042
604784761
42749046
3106693805
132747917
2980443394
15845753
14164235
18486010
61802282
2479794886
885291636
1009929276462915584
829481216629895168
4086263224
256778287
885775148
892545644375687168
966399979182002176
23541684
324375974
43098186
44959505
32054958
905227595557609473
508863113
10956052
1015479033562353664
26177683
864974420
1011822788435480576
1017763312933711872
833391739066998784
93536726
897707051601842177
19441009
809819942279221248
784306108085129216
707968837
196319184
1017781116663730177
17925543
1574114838
2148441150
2971916765
967005316675260416
2382973171
67682709
1015821398365765632
965080694106894336
524024759
882664969145372672
242890984
3435542326
931254000
981858932
531190709
3030070353
1045976040877756421
943525394002558977
1045389666210451457
29505532
826308790366597120
724012560534507521
832378222960529409
22228174
137866824
381185565
1962117602
256261321
911796077539536896
474076398
826091208267091968
1626972350
621200186
4520306480
33282018
3585988938
811704830
288584040
1001024316195196930
935853059477049345
558293436
911329803113865216
2613329659
4710409453
365474528
835717413685579776
193178033
999652533797838849
3911707993
762484767275089920
45285833
213478296
339979380
101084919
3403341790
432041354
39073297
2176273934
15076583
1380642224
895331172913467392
820769024850022404
780974295916785664
905891711989239809
361686480
239513987
15653102
35614127
969431090
843520748815814661
492795815
854807468
418130152
932315271372726272
967888967658950656
93714886
454463546
712131157383446529
751122719698071553
410975365
17257401
780512231545077760
2186610200
2783072352
367820902
1024309759737049090
786398442201374721
28680522
824796324524498944
819526555089125377
2613251070
1483594597
21345085
787177880212086784
252229421
2567157065
1000201182021730304
796245613058756608
584834521
727676671101296640
822899487379247105
74071367
804105650007633921
828337737388285952
145342061
528101533
3448984879
1027740970769698816
1923616321
369951139
822460915048189952
809384904467316736
186492116
3549960317
3312352300
1043172896254959618
940778288871542786
44301470
437768400
958555581198954497
2903119641
540912385
966430239541796865
112849798
977706717906481152
935929861071282176
3301029806
823328889535680512
4750353794
828066182209085440
2983831385
2873475546
32399655
901976017203494913
920710812259401728
952044593184374785
999794727867297792
1046415316064985088
1048330078931865601
14668563
739835391323295745
912308061955432451
955188271465795585
930885876
348059478
822650077864927233
1002802796041789440
933185798022758400
3432161123
1315282741
462478512
24291956
1005619177938272256
15882716
2189505576
33604080
936159237696249856
829450960686702593
4848486399
15321866
949146184085458946
3164924047
897248664627757056
946199776412033025
147425395
236913436
332142029
303607579
931597055281192960
839264223741956096
979808884008288257
811311060414332930
815449763516661760
3143517313
3867945679
17427513
268006196
15159040
421395580
250310762
555814348
2402389644
1128798068
1661338628
156373118
549700222
50285235
835653630824968193
228144288
1030074491466993664
520148825
110808992
36937675
44444907
458318307
2371445264
2804172637
524032092
15085947
15803975
1123168076
32630870
1004187152194981894
60333117
376358488
987716949558874112
2364708276
89731417
936660119244476416
916405533288161280
1631271487
755594136447746048
15988419
53436920
15426458
803771909078913024
546850863
1019766812127490048
763863970579116032
718094545
16531257
45142252
635534855
829521210799071232
3061715160
825506518413881344
1251566156
3011786203
816605477593354240
1003130904
3225226330
3183420830
2535774289
829702207255805953
19716653
100493922
4851745425
1025007130980573186
1577754348
24919030
1006096223596511244
826289589597982721
837131087138676736
918639237951574016
326139135
88810118
975360358092361728
492202782
44444340
3166023404
423854207
47216804
33078007
1090535670
384075177
803202884640837633
15984495
2773435505
950690276816793600
830112044074536961
706173989274652673
3063609662
36198376
3244465746
21903998
14545235
27777722
843608576623104000
799322723189133312
704031125728051204
37886783
1050581492047519744
885656821310140417
926282278552113153
23094875
1040655954524614657
430679233
66776059
3887202254
2354164417
167133054
1018951338179354624
758386615748263936
363783636
345411712
962543966
1431324392
950766252770889728
20825026
873609743490666496
450438845
1038055110583177217
20442120
174531459
29385824
69754840
2476482307
63302020
2896573098
825593425680437248
37270422
4745849240
24130973
3343598465
68185057
1270097292
487224312
997277089941385216
24618306
2268067657
990101655722094592
823762852481732608
49707692
2645685851
826498528033832960
2865693345
741076834519908356
838122996
892430678301835264
3313125333
14907460
14151723
22793360
69240104
888650520
825857099028713472
561685745
541194406
81747719
904885141595725824
485829401
28848307
797259207586250752
914037191537504256
47214702
560647751
3223715058
809416736558575616
4847157879
896183210693976064
30704832
16245668
743234952637059072
302611492
27778816
801209579673526272
1047499259220832256
853584254881681408
1542387068
545473184
877968869138329601
3359817124
1038467281356038144
4889685012
3091609531
1045141458666295296
1868878578
742395628290871296
33796292
940605612622217216
4864536709
1587822422
825163521562402816
1242607230
33171538
827976635773239300
729483820072722432
835937559767310336
258134278
3078134492
2922253582
964526624
2438626799
1010536439132680192
1023402645657149440
113243806
1242525277
392356784
48089045
16725333
982825006538240000
863593337005023232
3258071144
3949739120
1038413122380464129
835999191218413568
220918186
1506482726
786673955738423296
3580738635
152492459
823729085318885376
144654590
1017440687283949568
628577884
226693527
817165801073573889
767093070378786818
395573803
965978043750731776
983754870590197760
4749863113
224122224
68526129
2517897416
112970794
976623455113302017
833032249423589376
1022797682405007363
912381576532582400
2177484763
829807311317323779
919463268
20210941
732560662916825088
42790254
1047496359698485248
1589386381
12658252
892561076990218241
872453033673859074
826182305202925568
44603660
550140144
593205565
35977620
703971593005846528
29112110
920642810788925440
4794182534
755100883608739840
1892030594
17134275
28692957
2914345394
878798511202082816
1016739533633748993
3949720273
937937995
1008492433087385600
158893369
828453051514052609
754804131412541440
880157345396834305
1032290077
31939866
14056708
166417459
230950857
538387769
1000737919538167808
1045406226643898370
877200747984801792
986827224845312005
1047800084828758016
235604125
23019009
58066809
1014336480611688450
1004149005826252800
21363271
721948249272127488
775647212
112377036
2187129770
22264894
539593425
897806611716218882
271075882
3198924868
909543738275389440
3294592677
1380652956
1008707042272600064
1210584830
291524379
786691767714385920
2317513413
980663793297575936
864838918927155201
4697036054
1032422055780790272
1300003746
909378985
23709624
2823167026
1023688804794871813
374957939
21488047
766365709718982658
822943995743473664
2950533045
2916909384
901895534205644800
163299688
1005876366859014146
357292724
3037165933
16178010
203187618
1398194666
1002725291297402880
799846408287293440
34858992
506228902
950280939053113344
825481227545214976
24198971
899480744497696769
1039730572908736512
775107006797668352
22209247
579508077
120534976
172524141
190419748
981959248375664640
1241224446
413722926
17313966
709178169
4603088015
25304264
297191567
458773316
1332920672
722185265121333248
4225284794
947556120016703488
52049847
975001748267065346
38704097
2198999888
970577438
2203765556
788977373366611968
836726973024120832
826246396353261568
833105332469641216
949490374262759424
969611707478958082
946479091393486848
42643394
1012439777109520386
1042091065505865729
1013012740443705345
1026230866484363265
106188609
59234971
267836128
287415182
3030779921
1022543258
1005023490058178560
800128123274608640
626032852
757761492544589824
93817949
1028042510835363843
1009521692740218880
38933135
732767937170284544
23540057
20690398
897267872271028224
1001230537342832640
755808822506041344
4094462357
958084440399298560
21256714
902605254
17367006
1034218380906176512
941110341659963392
1653015102
784828262006583296
4881519310
19613894
771052892572651520
873155612141510657
539487298
1042566924247478272
1037010149930455040
154361061
841435155755651072
583627270
845359091887280131
71331579
979212105533440000
1003910015067963392
1037392023735754752
906975669778829312
2183125940
64145834
944595669062488065
824700807471697920
2909134860
189609504
316016322
200217343
748703913973547011
814583963167719424
22514438
2200188788
35166344
37456151
399199924
1008170310691180545
45672546
3013550333
51052417
3361178921
3322616113
957880071016079361
787323733492936705
1729561772
32437817
570296514
419108394
1021259198032736257
827301793361227776
526624066
769616596495204352
603890081
824275547433869313
1030019770870104064
988942844
2987250583
959884456936067074
4281552027
14559103
48074704
3243189006
734096400271704064
2812132483
15554072
899199397828861953
825683589526351872
73012148
991693517712850944
1023039874281209860
468919295
2718995367
23818747
824151499139940352
776890830762246144
276836567
992575091807420416
795075638
2935460340
46497038
2571133650
198522829
816116269816561664
803769555957010432
262543492
883023436913692672
351151761
251437822
82161116
992771431019794432
986431117
973666140739330048
328756439
469582871
131232784
771799124832313345
855205229318590469
1001269458546184193
896468588885925889
481541664
21139938
708716276458323968
781677821282385921
1040771412
785603612462292993
37976130
24913074
853925095282180096
733320974028824576
2906910411
93692734
1008474994064674816
755591454697721857
156007183
829339800431910912
1187747527
79369111
832729941468852224
1467374635
893405045508763648
571144969
832674511459807235
996904423585603584
832256230819188737
540543234
180596658
2295212875
180785464
28783900
39589296
2339053037
533968111
4739614948
465682953
130768663
15234407
288452305
10810102
917577254221336578
898314504102195201
1165934089
991836525083086848
15712105
774430361753235456
914279468927041539
900171843205836801
325104532
459819531
891766053625147392
842596116
960004771695472640
488948336
910135028327346177
82482044
809124591100723200
970823318646542336
41716379
718193927136759809
2721171940
48514435
248747209
824460816
1018240601953849357
755852865927655424
1229007625
1040557088
182558387
781492363529158656
2713080925
27872218
51998556
177591788
35337242
2256583035
2806413827
273001988
736207971882029056
829478266763411456
878984732851281921
1318978927
2467093442
34745344
754848355453370368
849387942653177858
65499719
3317729345
815770829342511105
2350970725
42889957
833777334528331776
24591604
752686172430794752
242836537
60622156
60654648
849287003262898176
842432472
926164634570067968
30044916
721303997768839169
872705633098899456
740980499095519232
32208095
4541526857
14739015
957217998842073088
897920006104678400
939379199306903554
260604820
821800959630155776
715753761566826497
746706646873714688
140449519
936956331206107137
1433427858
2424178550
531561605
21891609
229219088
3602010316
791577584165330944
9939462
928099522777100289
3196832605
958088669373648896
4603513879
1021584914557423616
247013479
275327112
817313386241216515
21914843
883852872
4552096272
458936503
616750587
763675159
1039713164227698688
740443580146323460
3317748796
80235953
963124397102936064
483969319
1002288238810165248
53003701
44215023
398092540
274649460
248917209
3097390120
807746929920737280
1029924211001683968
924757470488100864
83277257
861616584351260677
977348811336007680
11640472
553691103
863752298052419585
604890566
20339841
931647250517905409
770816099046875136
852287863244935168
726777326197964802
707093745724837888
148800323
32634425
4822119385
28986125
39079604
348785149
35559648
962135576240689152
4262771487
901857415921934336
45038362
842620095226699776
750885203950833664
1011284117240143875
797215904085975040
973551240088096771
789208117099704320
809915001473499136
113982506
41169970
751892246874746880
68010892
25120714
851711263
1018402424887767041
1041365217450622976
436229682
168842326
3343454290
1026454776538693632
889562242252808192
829341577696784384
540287608
2414558444
914860087
829442212719063040
53987609
1216721442
983351529678581766
845893680
723574999
33533566
3190275836
210931140
251705823
2470069422
981597949
408696697
2294939966
1030280206165004288
1021417720062103552
2480681534
54981654
2675158578
4694417744
703575516280987652
291709296
3280602770
911949711610966016
737376235156705280
757592858341830656
545235190
334754535
1004396973745729537
833937118808399872
29813546
897647218731220994
2573675870
235766068
477185045
743219516918771712
2955149855
1031223661443907584
875878015057702912
1859216455
2232178272
265104193
386023301
1283222443
1523681599
991670658
4739081475
3637912419
1004903583664336898
874815863458734082
56308226
860171304808460288
1010352571674865665
1020004820277637120
1033384502796722176
3195704370
1009284839646916608
273384627
723987659027156993
924483025
828045312828772353
34795605
929336987286425600
915618989828689920
856166926468251648
1002309134316908544
937059116
898784278523166722
1424516053
994348425335390208
906383420753883136
1514743370
133884387
27758112
872971525510615040
757949401323233281
430330374
828025043913371649
73906582
748644918164348928
181555881
22962349
784221950000308225
826493458084880386
37302721
276086536
987646563806859264
855864505867182080
760869288
785282611891564545
483330559
59254299
3130053629
746056999109074947
965347428919533568
24100503
965453253466034176
822893782886739969
900834464
1605945962
807407311375372288
2546356310
1029890926393610240
869883184879738880
4037052912
890505423253639169
66782389
95357341
719900833
881174262983254016
107284074
511301448
794393631104712704
1372934341
1008422638065258496
808473387530121217
759878156404727813
26236105
800263253326577664
18290322
828024567209746432
2210106102
3526256423
28550707
6078922
1037478904989147137
3191688452
4161689236
897358104051933184
823332434825519104
824023901491499008
897169097536008193
30549810
826310582433243138
960157079662153728
956821364
788417346092183552
4686739753
2999798405
33900995
2892443542
831097359606099969
17144110
1116216127
17625968
932027464288743424
1039565869687418880
3342226523
788927963173564416
785682613574918145
2301628435
4381287434
1502892860
559996514
1021889734791110657
2551747426
91865200
877001025856696320
770380735475650561
3904973535
753849721140109312
862959411962277888
15902084
551604288
957336736941658112
941843749415526400
829043084629516288
110127195
952523428401053697
31633148
25433477
254317873
706875409179275265
327390380
940484666741706753
242303839
825480696181305345
834558900879896576
886357871373438977
268046277
1033513817337200640
16177377
14768846
2362712023
35862271
1075376972
1039622134417510401
25230740
805931101134999552
137434946
704198615561011200
1030668947161403393
260555829
2437505616
281538786
898807914357338112
803017271287255040
975919137208832000
796954591896158208
1036235471267934208
282790593
1002923488892608512
833186941365534720
196415460
861578383217635328
1026282888474443776
1019006159213096960
1024312362067808256
1004784662013730818
1000569129907171328
1011326681511092224
346015198
962145634261217280
15929716
32708099
1008152102722367489
75576664
827880002758836224
994169571815936001
1034237239847542784
1681286580
30128506
35444688
1561463168
925605007482851328
957770091977900032
482190681
758597687860076544
896137122100514816
64306543
27469830
7860902
1015459828225884161
1957276724
4002396939
2245666911
36509556
234419739
807589703298019329
919667724535648262
799279985898962944
1969346438
827919653032882178
358894058
961259904487976960
365266713
706591711
21717987
892170633966219264
139673760
351153307
196455614
801080366
744543668137189376
2813719364
885882169
609279299
866426699193491459
64015233
711281977144397826
168258489
873039237649543169
797547199928422401
1959524407
1021106350103891968
876507741061136384
755902660050432000
740736783126790144
965520913
552119039
20221352
2494203973
823048143449260034
782333172
756422746998005760
826065704243851267
15212700
2827770165
4454892917
798351137741139969
967742810869952513
907387869974745089
70773385
5907272
309333188
763162385326673920
20459245
29327643
1023395325938159621
37124654
1030280541390557185
20405886
884777467566854144
869529486529675266
1036780641898180608
944325904259584000
947227051525918721
2317842404
828302764371542016
989653192194457600
797871883370827776
786947880883924992
3182477264
880047758702514176
924612947002916864
707315349608402945
950016752125202432
225225182
26890208
307698512
75311987
975135076261515264
16131215
53112732
109773207
793549478766796801
187922330
850187182039998464
431071870
1012506876695674881
898301894015148032
793907307088211968
759481842814726144
799695313741037568
59949396
79743108
123327472
17436250
258885469
15463671
27775589
778772321968525312
218396108
742986981479710720
97699126
19607457
909209605514891264
119730825
825094681923055616
51154502
885780288
2747470643
4253388732
91208525
760699254
552855645
991912373257756673
847230698381484032
27943005
16486127
763513600929521665
1045255634
501996039
47458213
981310899364515841
1034665733005959168
291282549
976099983266066433
926289753355575296
1030470484628885504
521813572
1014452063533535232
4830860148
1036041562713669633
1016422999048650752
1016054845416071168
1014189554880991232
4248211
45214107
849453707200692227
490566701
4362211702
924067471933497344
41225548
18933832
355285163
4805786841
86659367
532642459
2562852312
946520718
805637888373231616
3327420822
31013444
872615153065275392
959801781822869509
14939459
26306441
22402658
264235293
697624523915460608
2786455710
2687431995
279881901
48497926
545545440
986582543288938496
3836310497
826880668839747585
437102122
23307771
18029310
16048662
16005814
248436405
724037074110783492
731925359965392896
1016505286398500866
3011254347
415859364
824294134542254080
383784130
16093532
169777331
866523657136418818
4458623300
2721966232
2850277725
759816746127720448
1140341359
532798182
51565021
1862115032
263013243
783479026577014784
923578168656752641
788065671359918080
1901706618
823709935481614336
2880052887
540166083
26596723
31319780
2257121154
32811012
1009486361714462722
2852719679
67845225
2895274698
135601821
851567394078064640
759854208690499584
486277358
899085537243516928
1048785546
822846234750652417
2955119844
362636426
871505717462573056
15934417
835227545964535809
2358278094
479505813
2458976628
778112372586274816
380035063
918252551488835585
944628469991911424
3217694460
2759473112
952665027261222914
2199407399
888495851101855744
974016516592152576
2922403601
823006500121677824
245594229
270734351
45909420
4394388993
1035678657514287111
2939942884
802953374228320257
494600786
4908636552
453348407
628751790
976160545521979392
1400875652
1363545236
2892811589
911997885956349952
1240428998
191167764
1028852609673768961
807998957708115968
2253787890
825488341197942784
47025604
204000097
48794154
1020076729807716357
1081000862
3169345182
246103
822784269777043457
3438358100
3251919899
71167648
1408622646
15378119
873200527152041984
475032387
234944061
34139680
563366803
1321316065
2212740146
1063817419
190905001
195870839
848679666
22176281
203188066
868249787195301888
2254884070
126673678
1021043047310680066
1033888636423610369
849416776228237312
812669725
15674007
17006157
726872852968931328
801100959652970496
771925057509662720
785331100541300736
817910494199709696
462713999
470705634
23158611
16993219
927360381898645504
29918146
846183679630049280
746395650145718273
55841409
2266642974
18689581
2163597692
1252843916
1033236418213146624
4399115542
1012546465770582016
100636443
2203874878
823005807201525760
785226979431723008
17367078
735979107213815808
449424385
704695466311614464
80054701
2713478449
23457538
827577303051837440
1653801295
17733470
969138694308421632
806118173875507200
66409312
78584101
703284374779895810
36633505
157811288
3038840576
954023369749532672
991755578375659522
758772487060676608
864518990
1155094543
3226351612
952204842080112640
567819067
780991657961517056
516447380
2207488766
83666781
839684628944388096
15624616
348095497
845506343414874112
812130819917697026
2990194243
875689456157773824
828698921123901442
3133488306
821856998698283008
3035561968
442948736
1349849700
336124836
2229857670
255644127
236930610
39317399
840849798752276480
795270955245457408
1382444604
144104459
952240823395143680
16272955
970365641390686208
17053524
4482329417
938986914484445184
804845449588850689
992398288698490880
878747000
980602773254365186
32893369
1901999588
703808448
847080140098207746
3259542060
61225261
3215281997
465046121
966119438247514112
465203137
143166414
16066049
20868846
519072324
468751390
902667575661920257
777616574203170817
2502754298
36262503
1516479518
903755397194031105
455230932
898533348
18549459
753775902689857536
819323682376060928
860791477152215040
737774732
11104872
14792049
15451591
829221838869889024
999939029339525120
3129067518
3195891198
396849357
904587265468276737
828765617192775680
828389027136958464
938253916172460038
797899198645538816
16001135
17033589
199161692
2796903343
923529339869810688
908995644
823240546328178688
935838140937498624
1017782948928598017
35391464
797127998164107264
768524865276039168
2559501992
1222520144
18857707
48787701
784890784273215488
2507910962
985667565392465921
825857112572100609
910758197463465984
2845661854
3331558918
50835878
414223947
969204524
704111896606040066
3579039794
844335320036466688
810116285992312833
2361751704
964934719702994945
985596926
2810639647
881231367606087680
890222587565015040
567480263
964964558652653569
15264877
887704019296276482
817080753318219778
822429500063576064
251337817
90241792
377460865
3233771361
836525664
824146708863086594
2836710789
119167990
127254873
3162879330
743560512504397824
902025645823148033
1026625940028309504
116207463
17004618
54342186
240903720
625206983
826339217747935233
6645652
720890208
25171478
776787558
959486093858148352
16211002
768591454054645761
3167587403
820284881515249664
629746895
326665662
719656147624534016
711031364
795101092807897088
1031406142210105345
1020428491
707341058393415682
255812611
93461875
277848044
845465022046232576
776830741984444416
435232010
377349803
140372345
1573556982
51259456
50069799
36986138
48723581
2893286561
96675300
20094409
40685730
29094749
24692074
809999657615036416
829801852095066114
1584789493
2443154507
390942836
17562569
197137148
107488931
18698555
84576746
992895640869912576
17597401
81163402
999501342891827200
923648574713487362
600697434
930633384837165056
829112978666426368
911115126652141568
16190397
502281810
388195931
759511561648140288
1109981646
837480361152106496
19910041
3223658276
709719024452513792
750776235626786816
558180233
426824152
338298739
3301171864
365181207
2386763814
937907600871514112
934541742891814914
1311649188
27693015
587875070
940683291220434945
100794789
1226420179
820642558472847360
407529052
890793665995489281
1015380458564014080
29247574
3417123673
30380949
810178352871047168
3128898925
763813572
379209090
959894052572364801
38049495
862470633086525441
882835639225462784
3086876396
20770131
31532083
3439164489
32969297
506429053
796895609491861504
821235792559427584
1019810901489115136
996157289026473985
275361193
1135669754
913925752109752320
613759680
402157503
372644144
1874055295
4175645296
264595849
2225463918
15816652
38469453
149103331
1301923506
1496928564
1297207207
1342889220
47973945
2267696426
17891808
3033098871
830908366377611266
21883255
1030148008044843015
759717640390795264
801192285052534784
995381016
127363719
798782417930592256
896520878997086208
2238084336
261525430
907139600
788446062
843867077597417472
22023740
52924175
306208516
803068269259276288
382886484
239838051
2167097881
2492058787
26548315
21447363
512700138
126722715
74712538
773178227162394626
23294474
237706380
2758335654
3981000132
138203134
586749256
2922928743
91390383
27825390
139162440
372563164
16173297
22080646
14173315
1284638791
878759964134604800
559834781
1130042420
277646538
891811313260929024
972656659209302016
2548040863
3002508978
35094637
50826280
2718214236
964082591300276224
826740883
34774807
241400800
472587261
29861904
129838205
119460225
759584939373395968
1198406491
23543561
824000119523512321
399178595
791948818501685249
205302299
2352142008
174593833
2511449438
962022440
999436074475819009
814167129696112640
788950256188661760
216608259
826980174398828544
3229521007
163297163
3265321562
773723921304678400
3021362490
895385731761360896
3000889809
339584865
824648254545678337
109361219
318395067
18469191
268065677
787711278693384192
797841553813180416
1157143663
469478156
819860290787508224
824314615391784961
796991538324586499
524140262
857457629592989697
857160272
798918201107251201
30923981
987840551260184577
1029031240840691715
979087419499663360
522719340
635734557
793902637733146624
129061216
933839184422424576
12754772
799041245238546432
1089953166
122533830
46233559
116786271
14642495
797259074911997952
105140723
1006199334571003905
738147542655848448
2917957926
14260960
793950346334720000
1018563438606352386
150949576
169483812
992158828593582082
15327996
13215382
487000007
190371305
32169040
239509985
824458268420476933
956325314157826049
309978975
39547629
3060075937
149249831
352848671
20643785
827328524654616577
825829081866436608
1391015396
888041830490689536
765384381217267712
1025333759573471233
84327529
50897951
253319889
776168495524421633
363660940
909929172943982592
828400393705058306
993129551051018240
30739842
1028825996345188353
166669818
2346557160
40286926
990043486807212032
786258169400090624
80944550
81186186
310290883
868456921690513408
1016006134161920000
59252398
39097715
19406199
2783231383
950952511556538368
2189076230
2580525433
3420717695
749481620772679680
1058396820
902725445334044677
1345454815
53388429
470268558
715349224
3629772253
75674315
509641330
269798459
830878386742505474
854757840
2889924959
2327964686
14297863
978292885190856706
1120879074
1978202875
1098949442
816351726878019586
778933753150251008
978741104567816194
761582548740894724
271145998
17444647
304679484
2199975324
486908878
2906442505
835158325549535233
800111181058838528
763260388750176256
26291561
166486896
2963439654
805512598531620864
793941816617922560
959165331737464832
773525083692433413
946556034675625984
1713154034
105623545
113462277
932821980952383488
126738394
3124664090
36169080
22831495
1888701283
2288672678
855240223432769538
292083207
949934436
15545122
581363005
1000434854486519809
1028379042989232128
46816408
22811937
843094423957356548
22144947
2564128819
1002381676687872002
817127204471476224
438467375
1279826539
374199331
201727015
905979310913269761
35571238
843933813361336321
18766459
21919289
1022902876274868224
587549863
806331381726883840
437751927
17408645
22788049
926705918112276480
592816487
1938824527
16635044
863579884609691648
3379361823
146213826
19874819
267313351
28395645
241266878
962505068930101248
894215628
597179392
45748520
219279796
122280853
307973474
17327721
970055176353669122
16459325
295285502
805445069276848128
1022184328065900544
805549906366644224
885682970140352512
1015606641188917249
537476067
1016488403213410304
74669397
824457525948919808
821278120518946816
1633058688
16801580
758050879354175488
415773425
3938173949
26425847
200249089
35144928
949201616313270272
20347590
55334133
918549203894247424
440905580
824320363257413633
1612067526
993225701645062149
244200716
65497475
923601319079895041
1510654326
735859906427904000
863161360129159168
2284715855
870372170349895681
470444339
371981714
136160730
776386581271760896
702581857087528962
3331634031
749744611
4779546710
405130772
779351302006452225
779500099227574272
1013593788449636352
863445436169715712
15845029
955279619317551105
81741855
510464011
1154563261
26869816
718003371639066625
58305100
31369265
359421079
183445159
927680988733468679
272956565
1004826738222743553
890412573903826944
746746178260205569
1021166068000313344
744516525680373760
23949568
19608297
15606542
2473151803
826872831908671497
21443697
49034861
982373151798714369
20744708
980941053363662848
35326529
15650816
47438401
782227639582937092
178778119
800494843197681664
17168326
781482833554632704
2664837850
1002542929511092224
824981114834018305
825846669010931712
42466321
2370334990
1009829895676006400
28108509
2728115488
883077761127956480
342803375
906206083
4304448314
897859493014380544
952562288942252033
183498046
762086073673494528
16300302
23645988
497501177
835906559444045824
34816564
574023889
967072914523787265
51087099
817602471442993152
7027112
20786801
799424827169837056
40255499
20015311
22196022
820341353984958464
12002602
277229509
760537169337413633
1024390382099017728
849812630047002624
816036458335236096
833224452787761152
251668683
785287888833548289
143159404
4878610324
3146631852
900091915
190149987
233111629
15878031
2518877796
97106823
3163321507
213103084
369270655
39853442
943244418945093633
30020457
932629905975558144
33108674
41637622
1680691602
822596242043731976
2381594370
821782476515409920
1197266876
23641551
827957655092203528
991457115662438401
953481220096122881
829914268246093824
3267925982
455288410
799042915314044928
1335804572
141272579
512830524
422092485
43761917
238319766
20322986
37982492
88749392
90776175
1026496778
2467720274
119471198
1051396218
15464697
288277167
1640929196
893780203
37027428
766547376
3910760593
936684271707627520
819382686112329728
148974063
998343154553286657
925942794442629120
972946316560093184
874812907971727360
21972031
821420676766662656
2923124470
505801750
846962629222563843
332637009
112336688
306962449
103106629
27678466
256343406
145344704
749287218707968000
1548756205
3481496788
117848878
969688546373193729
404534607
962424481254912001
857691235011768320
873941278194520064
739309256856342529
4622176997
14606079
1008967518231388160
860654500431880192
64916983
238862918
825854246348218368
1022615619315937280
582403916
77329593
118245138
18650093
21001599
758124958610444288
1008737284508803074
53929374
63262233
2513761008
481592408
3349433536
81106832
916300197889789952
983969911
4804006932
922535593342468096
26309419
811239440916054016
49068640
240420946
881336677138128897
1009577803304656896
1176994477
34310801
19107878
361342191
322603418
49204865
93069110
69480815
46817943
769641584
1969426021
786309892990574592
71349174
3129968261
13850422
382296557
2474500518
2258421206
366579987
19725644
18948541
566806945
341190477
759317154
824860940130586624
3497941
967879572338462720
997917620975390721
860555190
2712875472
39160600
53220544
3402218583
718375439367028737
772190557
780187061194227712
26180278
1566746503
744616500485558273
16425040
15727317
321589427
20002401
3191347545
316111253
1021952046759596032
964960211105656839
509543707
935992093222342657
878284831
701662187434016769
29908615
775034466536452097
981732466695245824
132496568
3333055535
2541942240
4484115214
2319313106
3360315484
802184729235554304
370308968
905028905026846720
89552709
19135516
197619337
983489505524056064
199272149
926601
316449565
174893636
248482567
78400475
240810874
1019672184929902592
23083404
966354844754894848
22159841
11347122
791361254426238977
378302041
918249445292158976
64857767
929752815559462914
16189719
54274807
39603710
809556249163354113
801458691258122240
978776569916284928
836042147774234624
992439906457841666
15576928
125453969
37824038
16873455
47285504
701725963
15879633
48088063
1300914098
2916860376
54301390
19670226
23125412
366606110
838530278792450048
2231990060
15426668
1004563025695838208
349803020
801549353227841536
14605012
263528349
580097412
25203361
101017453
869291032608993282
14251225
462424772
148529707
818564412852367360
36711022
755886754180243456
428333
14801863
342863309
54617733
18817081
494763113
16022846
42282305
16225955
21705181
216065430
21980906
43650621
842519938476707841
17490707
964190420556279808
174069619
79784897
598947276
43928052
3356189914
25598396
20800328
45865081
3893195542
898309929521434624
1561608704
14246088
20168054
1855691156
14230524
392952772
713273353
366078108
49457533
187289134
864143250239651841
18533219
4376835677
974482086290583552
17579312
1526864863
782966269431648256
366548389
130496027
37376499
325162750
931567118545330176
254350827
19947114
15978412
25444905
427630477
147467535
1275136292
51547100
59331128
40353407
114538428
848638792206516224
2289770467
918302785011093504
249881164
755677202
798625506119811072
250213000
267856525
46335511
316389142
3420477195
44039298
2835886194
271725689
23578274
839420851099471873
18695134
28620188
2707710330
2567268222
24703826
1340180251
33919343
950531
3074470992
50325797
16187637
188525525
802649176299466752
17350250
83668232
761259480164274176
947956236804337664
42562471
536904693
1924071992
2908596898
860123351154556928
887418059501305858
27298118
751664087965151232
510846846
259395895
603025587
715764424041230336
844750972626841600
220367244
3852381695
827237152836685826
7334402
30726383
14298769
54861430
845392971381927936
799010005655633922
14511951
14677919
2516013102
102745381
19847765
248884036
19788537
326255267
13524182
56011100
372483103
934517509440536576
90478926
780206406024691712
57362322
188214095
23255247
930553958636052480
23824000
24038579
961113187453165569
16721452
19422491
118576470
14146966
926620369
368196789
45241761
2316383071
27789237
2178681566
817787882395955200
50878266
1446853159
16172747
47991586
965657643611279360
976133913461608448
108710418
17270262
292549803
31548286
880643575943356416
290028823
23080711
929823128259387392
2152330135
342957470
34036358
34643610
42176166
372536101
200846651
70426799
964211769928544257
231219617
847942138545422336
32671625
774445533008191488
59108775
848148994102611969
2467791
19777398
39155029
919578098131124224
1029396254
34036028
28221296
570290656
413274241
825776310790266883
3924002953
40996128
280845193
90420314
164679813
895396619419615233
324703658
47747074
565395037
38208912
731729125501702144
838351435595149312
24897739
1315355821
46220856
239949176
38354090
1345185876
500391228
18602100
39689606
459269265
3002291385
901876025793105922
2356237284
3884988738
755835576
42995067
18382184
918294486760931328
247049984
259074538
354970356
886032877011558400
14820509
19865053
13894852
2548052407
580224794
2967514470
731855934675255297
3317514382
862336811426865152
865003854
14075981
11866582
16955991
22080404
64009474
4388178688
18464266
872958773224235009
15656663
594175899
33276161
26165922
14345368
44108403
138168339
937014661110779905
2400284491
820378690920058880
24645871
952988827
14293793
767
797080559839309824
915720462
21448448
637338906
321148619
1201535478
455684839
105327432
163598915
461509699
23555906
118546154
15586316
914567454
139738464
17261066
212657985
44134773
1286161147
1961333743
20742461
27075032
269940592
131627183
22447078
3369234799
180535644
254117355
16378486
382685028
12354832
278175882
888030081343340544
825518870421180416
24733117
3347156164
376534185
827333887
115708552
15033845
971051135996964864
934500442364559360
757118699212009472
1013430677902184448
80366372
42389136
785209740
899501065564966912
37973726
33585446
28279637
97683209
880826861923647489
2173054549
22075159
1317129865
2315363338
179167045
798953701972938752
810590628727914496
1652541
1568807689
1004804740105035777
16049981
979392280950984705
63112528
18916728
53338746
2314018987
2893567210
1576646882
732515283902943232
257529281
2381386813
284602545
900587053066444800
1011474375445446656
857790655787151360
50011708
2893418415
28162211
21148783
38428725
16397124
18018355
9763482
743871787
63004503
34771848
3334843313
116934863
85131054
856596564516651008
730018121722036224
14844867
1216789842
817166972764962816
15007149
29769998
454099919
47632905
50446226
97474887
112526560
21307076
774407512598704128
580302080
635608354
813311743
59031230
182972598
84896077
29275869
17493787
46775436
16581604
3949525095
18175442
16790005
63514682
158414847
398088661
226216369
262799542
1523164092
14573926
23193547
26642006
784575415457308672
18622869
453319164
491757715
150078976
16160352
15939889
804343686310088705
550658726
1707321486
26565946
12044602
237845487
37376728
493714995
75974281
22233587
784822038166958080
114629854
19817778
16513335
20130123
7786612
62513246
2233154425
1864591632
243248082
2196155400
314620234
848555241431814146
15837659
4091551984
282709571
802283225246793732
7429102
1304234976
21728303
22799750
108617810
22129280
3876356669
240107748
180107694
4900058284
71294756
16051471
131497030
95463107
218975278
19568591
1477739280
142334501
51241574
3223426134
61734492
834081571493785600
1094298674
471258123
2785317370
782292383450955776
1018294934439432192
277226391
15985111
261023298
704967105402114048
713839291210792960
27493883
755057897583804416
30364057
24182327
941478456
717875763031195649
832696097403334656
23322480
18597002
816275000789520384
22677427
334079075
2758342215
967027984426242053
2147777162
2386147572
538979423
1477691611
964481775606140928
375662595
438111039
907759856429527040
965478412658737152
274876895
325001316
160010755
46197784
14616610
35313015
193055295
215952307
569226888
70195260
55948054
338608917
1537558634
115485051
50374439
16303106
52551600
21148293
26053643
19877186
35773039
502135911
3179977818
163755960
468896332
499073990
124003770
50735431
125481462
22771961
156306739
2255182597
160244947
19084896
14247236
2800581040
60131276
25460715
15976705
27978179
587536673
250386727
1017637447
246939630
965266179836252161
965231053119148032
965015705123930114
1787201851
964032914626359296
1915033663
19697415
939091
243835805
115093438
46878551
263879706
17220934
75069067
757303975
1330457336
35803565
1965420800
548384458
810619093749559296
32871086
580312540
2421067430
454071012
34934634
613712440
251496825
862525293449424896
19397785
738080573365702657
18583722
201923339
931468093
20479813
874916178
3373003407
46973152
48100887
227837742
232268199
17006036
402957663
17011177
13393052
800942537083068416
28145061
48269483
337921759
395589480
1128218821
778983966
763119618537902080
210921551
104299103
24790283
80612021
248735463
234014087
89820928
225265639
15639774
787373558
92186819
910492003359760384
875029068223315968
357606935
29201047
2334193741
250188760
3044993235
1058520120
171968009
803694179079458816
970207298
36686040
32774989
86776195
31583882
21692297
15485441
15846407
139823781
33235771
340613443
409486555
2766695750
807095
79923701
25525507
15347020
34381878
32472585
18686907
205864193
18227519
21619519
158426909
39000115
15441965
14529929
15220768
1055907624
942156122
14377605
43963249
73238146
15764644
15808765
21059255
476256944
29501253
30354991
29450962
337808606
47786101
31339831
278124059
155062488
1350549294
1292376426
70740986
401089025
16402111
25071402
214548253
39364684
18228898
82455213
20609518
123593803
22162854
20173458
18021496
21669123
59502660
44398818
48802204
2836421
2573480784
731132367058968576
91180720
49698134
182503471
1286312880
759251
1339835893
813286
15224867
16129920
4207961
2863996955
