21733692
1081971148173135872
932970753246539776
2351903227
3168083140
323346108
748207868
3169214202
18947782
1092543057172619266
4776695254
115461540
88119895
137076836
3301042003
1128186120
839885152591343617
834744307
1122709100
2374267759
58397936
27364607
1120507067163344896
999680365076930560
160278859
969241635031781376
1426646245
1355725622
926943404381978624
222302211
829833694806364160
3195391909
351141135
585817510
57319680
199299110
90170410
972534918482886657
70725281
171881218
1708744208
2688531696
82212340
346994796
923900179736129537
1128443227042795520
157232816
309993061
3064238950
796398541
876859449096458240
710121759912161280
1668275161
550317493
1082334352711790593
22595262
2847763210
435331179
86564866
468855417
694537385376374785
4430439437
2283979046
22800555
2865563666
868144050
26396117
2931306545
974583583
2764811815
188444270
45854669
271060845
516715026
1009592737883013120
255545898
3387604695
378259736
3248020576
744046387365560320
270627293
1122497183444537344
14981648
28420827
2763264732
60547312
820627496
99970849
545643773
1151914476649586688
2878846470
146215177
2828796622
2993673090
913147978596126723
3267536694
1110417939323183105
4872955493
95153920
35061327
1083837569857699840
4702004956
732240358411780096
883341037
361910269
1061880433
4696728842
796809645293768704
707598818456395777
757549827211354112
1056174061523533826
240462058
79309628
206631462
158445476
2541226581
14787727
4851104545
866685928517120002
881606786876395522
1388496048
1148006628534431745
453892183
154897982
246560945
999772686715965442
338237364
29856469
2769184517
909891288891363330
1123610959
1127934574464569344
565525666
49268048
2917772071
45695989
33964408
1049674738526822400
806144843156221954
888851974602588160
757668055
926129054410948608
2531335806
1086340860
3380808219
1105120788015968257
581463268
748185188799119360
628698139
820375192019103749
922883416059797504
763445119169204224
1066075315410219008
789885071889018880
1553327664
766476805775785984
36248931
766647415076229120
275189388
870720741389606916
973642470507597825
384914539
1608364356
1020952663
196458749
3754727299
955124368031567872
531829579
2857031384
772163304651313152
944963431458893825
251056368
559614467
855297985332170752
3310139091
415075929
1060545835
1045348761751490561
880778845967745024
3079701749
950736588
1083695416955289600
955108533871267841
3010952778
2837684997
2432351294
927314469600088064
1915514191
953691495361662976
809884930415230976
908075733351727104
1065123890861625344
1029907493789544449
4789533014
898251325460410369
947959098393346050
858720020
1111348059143700480
1096941865876697089
1000019380837732353
257778230
3225052971
27900757
2374365847
26826623
494412026
851542665954852864
999831062086934528
886008505
2999294063
912278708349698048
443280384
2923130370
746107609741131780
4379168236
3397973027
1051548502482935808
1011438656215658496
265224460
356566540
730660753
900123855162929152
1009440019638079491
579763256
1112795218099757057
2944953687
752967707277029376
997146233855795201
14982804
1105099888247869440
191443858
125171100
986794331582365696
964761966
36232805
781307958508478464
1493625235
625070495
972312126
3301860092
2420991696
188967139
1210753170
1085196265334419457
1058771141450436609
1062410517296246784
920717249765355520
331991500
1110153836
976154127351844864
23626138
4060929377
771077307066875904
26303584
1107989608657231873
847581288441819137
316654916
388422353
2240082486
2616050647
776446521625698304
18019105
66182591
30071988
22693384
2361331862
1025815018527444999
3266258420
954220672674422784
2197365898
800760858204770304
636216638
742769911
703648327322247168
613714658
869982661
177316454
703260518820159488
703559772675510272
864191974584307713
408580973
75284303
241747976
935332760
385522168
961237580829286401
879026787833053187
289129034
947986136
392987060
2798873679
394024962
478704883
34000247
751204911614832640
2376000241
917336936
887344943710306304
1289389752
1289489574
32457871
12952842
16514869
17849234
21675438
292984054
895727315975421952
912867764
2398276105
948642009937596417
14857382
70784139
2310797532
2788259801
761257471952379904
904948448264204288
96828828
177716773
203714426
1095145587073118209
975399387034611713
842550390818201600
2967402199
991034876618067968
862037690597953537
16031984
1069648661238480896
3294267909
20343405
908422025684897798
1385861262
74287341
44992488
99599045
44983857
116261098
48033899
66453289
57339949
212304085
23799310
15822969
20867568
487848933
1066868172496740353
4796553994
2164162112
18955296
355036400
781868620817117185
389492817
1481222430
1483721365
821974585
103019546
17927372
853612198077370371
1004171890594844673
2743268854
203092764
62527063
17199075
61853389
14615871
956247036550090754
3281210928
1244868696
898093159
23032184
103074779
167098327
140457196
19339778
17831464
76348185
129805250
235675226
802270302
151148315
376756573
182906384
794405330
217489621
78028273
65672980
65670632
66761483
24549680
62719868
17969918
111932837
3094491626
44984641
2985988412
41675868
200138313
153882465
2904679770
86976507
174780760
202640741
46180114
161705350
2470945585
199038708
18846918
24679981
705522046986493952
2849583227
885674077591130113
42936819
3554721
2236028670
3101015701
16288496
817536112046604298
164732892
69970248
145662820
189236384
52203887
28227443
3432042676
2835276254
2820250640
853243854698557443
1018873747267313665
2358618960
561372021
2834275325
1543565988
174847568
706821980754989056
969612012585091072
917511276036853765
4770644919
152276996
930097589659238401
904869467238174720
19710916
321634611
166022406
2497282117
16597324
787402572562849793
2871040167
2699500634
3376001009
109379148
735631360396820480
112475924
552851321
2904780216
16491676
16867101
761842050
16619709
36771809
19711765
636586551
786047748508221440
59184319
57625403
39633235
16753151
84600772
21295757
857714462668853248
718189040445603840
1584549925
1428265766
3761774727
2542147483
235734869
1101631262
516122036
864250438379610113
3066299783
861335381660360704
731519352378298368
811153498721001473
714247012892459008
151650579
55910998
49344076
798763100535033856
25852910
4890071779
1326852056
823703761881366528
434214221
924715696486891521
18681444
750022168675688449
63185570
570971498
39260666
44991932
44984439
45943457
32887168
304392714
18726942
19658826
11348282
19402238
