24810480
131299391
2842988938
1875971948
4119799757
861987591918419970
89754066
796096440913117185
378259736
291958643
992198453898948609
1871868530
712299509393580032
711376711
30341231
15154811
1358100703
1092814375419867137
1589130523
2202163974
188894303
832706942501953541
76733474
2604670824
1138839516662231040
2843825143
172852142
1469815296
31290877
3240126936
1213283748
263438749
4164885320
780538171830378497
833786080059027456
31444025
1209887330
430289618
125577941
480010097
2436171979
505977295
246348124
397381576
248897605
147295417
295993800
86292908
1134490113847767040
19658826
15862891
798176205333729280
847857313109200896
2938515873
3245493350
229568909
1006559385357778944
1117096674629808128
189406922
898563136092897281
3286893419
1557926192
2154127088
17105049
425025450
414459679
1128468090
2547700101
916630703139409920
3699877095
14647570
792057482663321600
607381741
964949498
19267482
996930309458350081
794007126
840908034494803970
1062061675396837376
3930747493
4002598402
1109737718
32372834
256545010
1088853092588756992
944345845
863972252840116224
3110777490
487561585
75280866
38489678
1149942961
986297253701804033
2469659401
830151274121175040
2334636233
1087419554379247616
462357313
2968380127
3286108038
4891169953
269087653
46932826
3989833636
3033529319
4831192811
978824341969235968
996928780366041088
