1246631490
1242353833
944409902113366016
286871259
904869467238174720
2820250640
628698139
378259736
122130797
874877835382575105
1013399942
962788082
14942701
147869906
61355746
272604633
28665877
29675916
110195330
296971297
227879769
292071258
133448051
1059364494
14942684
14949475
44562973
815733290955112448
1144882621
908505001584185345
1400741599
189658688
1136737037359374336
45717439
215060612
1102974090581864448
939091
357606935
951062029
927727303895011328
164536190
59553554
108448088
3080102627
19843630
559614467
22071898
21902103
3374688273
72819944
750022168675688449
918235875678416897
853874328
25955972
222976239
768526154957488129
61592079
623854000
800760858204770304
950341134
47635525
107146095
2865839044
574631672
127984917
995323105571680256
2581353332
776682573401501696
1396156446
2173030009
14239043
728592182
881760444
1923959160
22646812
771561031663398912
2967402199
3624803356
2607656653
1155497149
1639232060
2811503196
97082147
22959763
2271638589
773069256
125481462
355036400
191583687
847484522115375105
4510360332
104969057
56783491
24285686
290180065
3899575572
3594670994
54774001
33995409
216776631
26396117
2943429444
613981407
379408088
502135911
15140319
15140383
15140173
15140362
74287341
85583894
47711578
26700374
701725963
1006419421244678144
246571305
3402916535
447751085
618425337
29245563
34613288
997254188525481984
18463380
18171994
2300629838
1050508072362405888
3101015701
3105826730
72198806
1974459710
137591343
2850086967
330553226
279578223
981259709356404737
268414482
382271636
38234856
84092181
30793542
14336662
24807616
38476490
154280902
311847586
4438099932
3960860532
479354217
366592246
1082031112413634560
14872237
330446733
3395146167
1964571728
740336334
343627165
22910295
452155423
17235069
2967431586
2488902630
2248855666
256171302
22823970
385203914
522704732
172997949
1972237591
1322996809
8824902
1026622009361539075
1081158174978134022
23065354
14750983
95023423
80911086
552252043
2422665828
37774152
26982121
19923144
164557288
272616327
23083404
20346956
846137120209190912
4196983835
53933574
29403387
204832963
304502486
783792992
1915033663
407387443
39822897
25371730
22771961
112807276
20517159
193732179
11347122
30815935
27291329
496522299
45943457
379435684
84447226
71876190
43736146
624056226
2893511188
47285504
1007997278
26053643
14573926
15485441
1047165448008228864
45266183
498201771
309743478
443215941
510770821
312897395
392987060
42724842
3387373071
791077327
29417304
19028953
29221344
16303106
15939889
30354991
115485051
15164565
2467791
212304085
271060845
23799310
57339949
45854669
18726942
152801977
57084769
2779243826
26020351
18228898
19637934
23544596
28644174
480930665
500042487
17844280
133420458
42192966
80886555
3133607486
950745429355974656
81593962
2904679770
177716773
44984439
52203887
44991932
44992488
189236384
21872782
84126669
3554721
69970248
145662820
20867568
19711765
59184319
46180114
516715026
76348185
17831464
39633235
57625403
161705350
36771809
17471979
29442313
15764644
818876014390603776
409486555
813286
130496027
24783254
35995375
34045434
223599338
43376485
41701591
253402294
65993800
15846407
138203134
19394188
26333400
20074547
2612310985
544396284
67728650
23762505
822107683213967366
208897257
29384834
108852414
54930650
16240525
2491702663
39364684
32387946
837693559
14091091
8236062
110798209
155659213
65647594
40914713
63886603
96111619
1513221576
266336410
763119618537902080
533085085
324978824
280701704
111305843
