982223918223130624
829881163472916481
3390055271
2753003748
1066868172496740353
104068477
625070495
195996866
179214664
2410983630
2702329087
2903470928
2537867839
787718609313214464
50578347
597213953
739855488
3316501680
958321164048191490
1096058449
378259736
628698139
742769911
3266258420
158445476
10328012
1633496226
45255968
385192397
1522917078
392463691
4696728842
74287341
51111863
636216638
112475924
1620556356
16491676
14981648
1325951616
2764811815
752967707277029376
118975084
986794331582365696
1480385228
16435797
1923959160
2828796622
3290762269
330105456
2967402199
999293378
16031984
48025961
186585181
13691782
1732829419
25734277
18985501
6374602
15726728
814304
299273962
28838219
15684633
12702822
1266281
36986138
2707961760
44562973
17385903
6612402
11317392
38205414
21576334
39234189
79997785
14188985
15226612
14914631
27681019
15687090
195419597
17177482
61306578
40221971
21634600
104786280
20779255
105918870
146548246
21786618
14603515
11178672
60709500
529126022
3300811066
621573
8963722
1435461
16245822
16817883
21581503
2293415520
16630098
15862891
72842277
14199378
14207863
17292623
39522692
17918545
13787402
1337490036
15859033
39800314
17089636
17998609
182839127
16866617
38245723
49164309
27834920
26138276
20184945
636586551
436006103
14807898
2944953687
14085070
15127834
31443503
806526020
174740894
19767193
27978241
33773592
4620451
498123757
17471979
14091091
11348282
32372834
487833518
19658826
14647570
31446251
19711765
23959074
25066853
952346701
708359830747000832
601170594
