390768633
16444291
1152934812417712128
1112525372837498880
28665877
122130797
50323173
13524182
35936474
53853197
50811932
35982046
2279776304
2584213500
350020705
6894852
958443254852280321
5763262
165944767
14397399
29274213
21001599
1120499970149371909
1134541483871281153
22043650
979811
3496641
384687345
2944953687
2460417806
1007135669179650048
754006735468261376
3265372914
1065316855521386497
427893257
732678376306188289
30925378
1736490572
800760858204770304
1081000693845106688
378259736
14981648
320316891
1923959160
2967402199
70784139
16491676
66182591
1634248890
29119863
391160098
115485051
724404258100006913
117225490
974670528891023360
21176793
106614788
22642788
40356855
19725644
76707735
1332630685
119837703
1398871328
1090141
218287028
410872355
99005534
783741535
474400912
82970997
32453930
223136659
804837505782710273
2492132730
825569108649340928
16396078
405841896
145711196
342863309
176486131
33919343
16012783
428333
51241574
3108351
759251
2467791
807095
1108050829393707008
2149991511
2268584035
244655353
331268215
1024852347036422145
3671138595
1108023997634174976
892275857779118080
2835276183
20178419
933634171
970207298
29442313
216776631
319769408
17912551
117839957
226222147
2940964728
224824666
43658360
15985111
52551600
615379948
2469289382
148529707
95092020
71820047
189656471
981947656556699649
2366113867
807442387
45947548
957024441338417154
318692762
19847765
820354372827758592
130496027
155784594
816869611480186880
174110843
15675138
49842790
52567604
2922928743
72198806
33537967
357606935
23022687
1074480192
956594831211479041
3290504482
29873662
20253808
5162861
926894359789780992
21125133
1064337290162593792
130997057
18018355
73251301
1070133710
21619519
18622869
2347049341
2608992169
552983877
3663132377
4342637057
950952511556538368
830695053118943232
788287705
895000023745740800
329414795
73021361
941686081
83738272
353178677
170759111
15309804
21611239
25150468
341342503
1122192223
35634979
942400326359019520
22771961
50055701
6672532
413600418
535849334
251918778
19910041
564225194
366078108
729060408
736279086662844416
785631337021571072
2863580894
3347203689
87597516
169686021
3300307555
364488011
1183907521
962786546503028741
66701560
922931716334989314
138203134
977298824489140224
31451582
11212862
61592079
1915033663
1170178843
1139189364
246394886
234270825
4720662882
35184346
887010284166144001
30211023
2750919210
36618079
4634443760
17446304
1256319998
2835653131
172580748
725201492387319809
80467432
46335511
14652182
41761325
253712142
887344511810252800
2823088888
3374688273
747085600281399296
895014043932540928
221486800
267915933
191886605
104064256
729468343
18676369
2723713757
24578794
2730066025
20035593
874469617728663552
47635525
800970079
627798501
50325797
23908154
15437723
266950286
87576856
15888142
101422070
259395895
805108226731741186
61734492
382810104
225265639
4288568546
291428614
97040343
137417475
702218562207748096
3095051133
44196397
1933042237
182273489
357026180
104374310
723613712783908865
181572333
4220691364
340650370
3420477195
2973504637
95713333
72908601
491649861
155652983
13482642
41595456
28375001
579064367
38050822
217099875
23083404
4207146254
715325500378505220
635583289
138141495
312189104
1383157722
316389142
2317351705
3431774414
4867293159
50901405
4669691593
17889970
3355657804
317370751
376502929
3045203078
2579497028
2810297102
17910183
533780766
2916305152
272008731
247826993
59949396
456295047
254830969
25073877
19494203
1413624648
2669362957
2334366985
783763632
2414834689
18139619
14075928
1149386466
37710752
822215679726100480
1536791610
14532539
48474497
66561957
271658980
10228272
2984508056
80706281
2729684871
73741790
34559099
57754424
342165503
137798584
2598485407
2853763673
1038557690
469837993
320469731
471717453
983834208
1496900876
14867598
707523019
443878979
19697415
2303751216
834732098
2296719576
15143478
889978495
22798141
116362700
45266183
189702467
422923505
55117855
245197700
549517138
257966653
17587207
28205458
213050656
19279990
326405864
469931590
182114182
502135911
256325938
490547470
1319346944
351755551
377098043
524668843
426387033
399882212
632360626
1738105273
479190515
182519163
16877611
1358062944
271177556
368092054
1571270053
18774567
22449520
261483855
162435024
32610280
90749465
1483080480
15646967
883780532
1429322490
357138645
101572887
256268760
52613032
619584396
417706728
540463543
17907371
931183014
90734747
237147973
256692149
133930290
29220135
16017475
562381032
26257166
25321585
19164441
42551075
124185033
14506253
44039298
70889634
18948541
16303106
13213122
19071523
93129160
22940219
