2962136956
1050508072362405888
2396802864
1152602334683369473
1113979422091116544
1067147657083260938
187518287
1012003580042047490
2420991696
3018077983
251056368
522848757
1537013378
230830050
1114736355425185792
1118568996373090305
913825533560987648
861674142029959168
316389142
34113439
65670632
4270041432
944963431458893825
405280672
423764210
927080232791748608
2811503196
986794331582365696
742769911
869982661
966393029035741184
741368872779943936
1033142532136415232
1020091683008962560
392987060
410380828
842550390818201600
203714426
15309072
1151205703366959104
974284679812714497
999293378
4803705924
341871198
2898355198
24089555
247426491
1220950261
112475924
704933158064693248
98546373
4336740857
16011133
920717249765355520
2197365898
3380961148
15662890
1044022254
2993673090
800760858204770304
2350510640
3387604695
3304913886
763452859652403201
784790210349502464
1951518644
479688911
40316436
2446608421
3171008707
3133647120
1128465664048496651
16435797
861321521884737541
1090627145792143360
529461982
472201672
1067742463945654272
961816146818183168
187763403
2980189013
342305643
848678767908102144
2748559290
473548930
4898843075
824233323476226049
1020757925780959233
1963206578
108373657
837000891001683976
2917772071
103019546
821974585
16867101
824626790530514944
3107789363
89006119
636216638
94000713
1363206528
4033311856
4685999960
2820250640
2497282117
2699500634
2688531696
152276996
703559772675510272
750022168675688449
3342291731
70784139
2944953687
74287341
786047748508221440
2899384469
329816616
3645858808
107375795
14787727
1066868172496740353
880483829462454272
3315693572
1013578454
862037690597953537
2967402199
20252548
343203395
3310074164
46710447
825740591610884098
43183175
472226568
14079041
355036400
636586551
879026787833053187
807380426788458496
465257387
875955122462961664
3301860092
2588591737
1620556356
2478729888
18895192
2270776861
1118342931989925889
2420858653
897622997082583040
26240978
397988514
265507777
52889950
1545378264
516591235
273984889
87706747
87657092
473058057
87657446
1608950586
2693482177
819982749696040964
48473838
466994573
783976707329896448
403163083
2964650969
63532749
2834275325
2307866934
531829579
4922302710
2857031384
3169214202
748207868
766647415076229120
49897934
936225540310265856
17902331
923991744168857600
33248363
378259736
3312317120
946902009520754688
910316246440173568
763073412
2904572142
824265743575306243
14647570
3105515123
885953601067208705
365438535
2763264732
183226171
1915514191
2318309940
83669132
3186124933
909885804096348160
14410756
2350395900
1007284936720740352
2740728222
20458261
2876001431
89452000
993913676850782208
430645155
2798873679
4889162907
982223918223130624
879783542498217984
74353266
579382841
1388496048
61639856
17130351
2445453643
16017521
292141642
153871930
1400741599
746107609741131780
2923130370
15357521
344722786
1240735243
322994467
595886338
742143
1195606303
1267276609
14957147
97082147
283696216
742798658
3568586475
2811455581
138203134
1349588593
384923143
989633635
2398159261
70736359
174847568
898190294335840258
2788259801
2240363107
2432088217
220675687
143844341
24457744
76348185
36771809
4194013692
838887334410092546
330055239
114312047
