2230610719
846396121513709569
2896099018
952016051079819264
15291202
3403678191
906667259782848512
901673772364828672
1169962206
1000454588418478081
378259736
20627081
1364306851
996910049896353794
122258041
1009462730661810176
17476935
985472161178640384
144396811
123276752
363457595
519818299
92436312
19726161
1154492562398334977
704739376119615488
982294716996763648
2514756217
7392352
916348529056124928
4806793637
149249831
356160701
1083361694032760832
1148336623412744192
194132774
128884885
25728193
55592470
1086185718806790144
2901830894
30354991
2830161879
1132365866312642561
1425643500
1452136308
857589911511281664
1002563322540187648
31418514
3245527122
3245182208
911010198
124075079
38118014
2185698271
1540793491
16987359
68770833
2798240586
2162548866
436854072
3294836466
34648965
1078731789416452098
1016759727185891328
207952026
2352499818
23944798
119065840
956229660081205248
800459756292882432
474052193
1072516825542352896
1072692580452843520
2827665448
757605705620881410
430254116
3176992006
162724089
3084277517
1022587597275713536
14647570
800372084203368449
1034499779768803328
226222147
900982974
2674108279
971817480652865536
990730546555899909
132449197
938424931230060544
17902569
587076702
535999526
805952772591984640
378740424
3146597892
706582772895379457
1103856929397501954
1934610134
3016632889
2246336202
919193459432607744
545674125
2804032454
294155891
868901135012302850
24740039
1052618467684302850
400307692
522567761
92170503
2655407418
27562221
1093419238843449346
14717311
310939683
2461810448
216065430
279217847
28145061
22030045
319466162
3182851370
1021450731843289089
1087453171532869634
536610418
973014991816114176
143547727
3960654267
1265344266
2347967196
80335780
274510483
467763082
435331179
783792992
1381967082
872156132688711681
1540988420
56733392
325962042
1024255556977090560
3008933396
31763435
338604909
2798555951
1048734569015513088
49748181
1880725393
1071069608348708866
1053871390955372546
38489678
319237428
4536152777
14207128
407387443
138203134
93183853
2825973887
2208950868
19086859
3073237855
4158730455
32719028
1062061675396837376
546438858
913348553053016064
3440473225
3902155815
316210392
297446235
1022490171990843394
798278751062818816
1615300742
90422822
833593233661890562
3057309262
950032616606060544
467924781
933490535813320705
27648752
405670671
333621266
899718992549601280
726148460492128256
19695231
923730119109341184
824477569626107904
964220316686979072
3346555161
1963172678
407719030
4920860637
226760865
2873943995
2217401528
1037529252630077440
153558139
603245406
2239871952
2422306021
34957602
2591941171
766142092791910400
1025110658994581504
605153786
2155885255
936315489827086336
31331628
890938362688876545
278297283
990724831527227392
920675015934308352
82612443
2187641492
123762633
1274074662
961414951184158721
995474522424963073
37008978
850343627318579200
1020491683
785915888364990464
409434919
6794502
950375313686630400
1921891987
88996071
26774684
126346242
925143720932073473
44737267
19866236
41643844
829690837806219264
916090332709818368
93695469
715035306
781982295863484456
1023013008409276416
32373792
2964899319
1024392804355776513
862360209393684480
357606935
757303975
899978622416695297
811508831213658112
402957663
22162854
17006036
50310311
3321017075
1013423167187161088
113472113
285681923
217113604
1659091470
1011309672786268160
841361820103409665
634848556
904325942
735200801480527873
919233492
3015770920
36365736
855175822063185920
24959108
314349571
943306008092327936
68765178
415713689
1405023733
2688364567
252236064
46167365
136042190
19637767
2828105742
2800090814
958383278125404160
972859667503308801
1160416669
966655423012106241
3184207403
932614190912737280
867046889195274240
910279763356524544
166739404
1252550149
2820464867
4876659982
872819870756462594
2821660649
925430427665485829
901976378110816258
385673418
205840429
774090876
15416816
898213045
408777793
2462035045
1902156439
275019448
2564602011
725702374556327937
426909329
3192319248
836531154
15174710
49012699
2734713482
15500649
86977818
180200031
24919888
14091091
138725262
103865085
17384099
21436960
19802879
18164420
1451773004
222336970
1563349772
768649627155456000
50711168
83667313
289427962
101856523
223603030
194643654
2717584140
2985905750
1292376426
82455213
1370696911
140486684
189321763
1640509020
706605822332243968
40047360
56879674
30862829
4384203629
207605531
937499232
209239434
34169085
233346119
3245581754
875029068223315968
29472803
18710600
702909620755505152
784397947374964736
16876667
193336046
810889386279702529
30943082
2527391065
252614250
51241574
2458311355
2305475995
751173499826409474
3010731441
50403804
359962497
360745274
76355615
75113288
6450322
15552773
29727480
14800270
867102832889131008
2498314735
857790655787151360
312713313
3041801227
422893220
6482532
50074068
17164449
794337000530677760
20461216
22260641
404819771
1140275190
879010003
2420755236
2798659231
3334787337
965197358
2717566502
562188508
70771821
17137628
976969338
1433879214
5392522
216824682
95928739
224295477
1539377988
720337972202180609
771132773968990208
2279488566
1520168664
995732605
2370580680
278072553
2207870821
1597183752
378399779
143435027
95718881
1397071789
26903206
32431468
120246693
17837184
720263048
208143296
193382852
194146435
2510728238
786111619076096000
29230426
835374221337444352
835330155925102593
21762142
810590628727914496
28130825
824473943931293697
824422865206472706
2467791
1652541
5402612
428333
759251
742143
761257471952379904
2665916707
73238146
15134240
14260960
24768753
20715936
19608297
18213483
69231187
33933259
16153562
13393052
17494010
43910797
16958346
7786612
823565852922576897
3240143771
824320219866923018
800942537083068416
14437914
2293315159
807095
153486399
4484915903
1227485358
109103054
2549286702
197295463
2458329361
2317351705
368196789
23964665
1339835893
75249298
58545637
2429645041
193237254
946036297
569130639
515946434
1729929350
2492589402
97246193
95579023
100376432
312938140
178815147
122436018
726672061
1128557532
1581289837
2327359038
62513246
146569971
4183927653
14499829
4131169097
14159148
30313925
103039345
264121073
188730957
17068564
22784904
398244481
128755259
993878881
224244250
284287181
36639482
68713673
82142715
17781165
970207298
216776631
29442313
19789439
15165493
2400304693
3474335721
208442526
394216985
15666380
1418745782
30795814
1536791610
3189882688
1335358849
202367186
41571200
257664900
30725767
116983434
55259925
1534028022
32129033
418126754
65647594
2975832892
43166813
298503082
1432059787
337886919
511136872
249654771
112317404
383165925
30016344
71582464
17442457
30973
47786101
65289126
2428343564
2258547070
2233154425
1687277952
333063687
23503181
389724063
37710752
120965070
1299995892
22256026
1387398764
944381071
27558402
12611642
549816417
224483033
820207914
1156047248
247397233
1126293002
281705226
35618216
1093090866
176468263
15473958
16129920
34554134
189253902
102413533
18359352
398814481
565597573
334448374
186154646
11348282
19697415
42316841
405973348
409486555
22084718
243624407
237845487
24236494
94391167
76019721
61841955
44162011
14836719
30670989
187428929
18948541
72644483
813286
2890961
275303165
242230853
103048374
103062453
18076192
247398320
303854168
20535297
158414847
16303106
100804238
90420314
19725644
