18926099
28838219
15887201
286476728
41660586
708051440
2344529089
39273380
600404163
18194162
98772055
966057001976393729
56179493
135923497
39274930
13318492
21004947
388392482
23617249
14089370
16130622
437588769
1100054107992264707
1580548884
318609255
851440176
1177339574
257363661
2542340730
133030738
1240977457
132632232
31183206
16831529
97325701
97464922
816375540303077377
236570721
15201979
1638756846
122130797
336124836
472587261
95140763
100187588
17522684
2763264732
2559756712
793282597799366657
16519670
68073698
75164558
930504264
1710859369
16249481
18172022
14707805
14065981
2284308170
69365437
245587242
386056280
22695157
723651159727075330
34019407
14935412
898983926
36203015
21735379
2360981360
522406553
1414130274
16829823
25150468
1552637701
38254045
427397243
556495446
55300229
19670556
55247508
92183278
17613261
39800314
27052147
4890316755
872788154
3119744254
19923638
255747911
21104257
16442379
785461610
15099007
14161690
2419386950
24314231
8653962
989490097
234136347
306097862
96021736
143912910
2773214971
243970336
324651381
1877831
327587345
234631693
16319594
2598231787
133947893
19487837
439804287
29054836
1563531902
23803
52557443
114551426
3554721
817180778
100559209
907668433323610113
42950596
165622311
249790792
1712676572
1495670845
819440022
93069110
308132707
15292416
10433782
21634627
80111587
82509878
51241574
21982720
2752775016
860158302
92694743
3470290156
19338563
42095429
16314021
486249652
1657728668
15737554
2554566884
34848163
502158861
15738935
39948573
832773334202871809
14085070
1435461
272593847
1503638581
18198832
15684633
153814910
157875409
27125964
46096084
28011281
56388127
52735861
33617636
171881218
42936819
2836298228
195419597
60196700
14496034
37710752
14293310
17918545
149307309
70269979
20636383
166593728
295989660
14111312
2232038113
21441341
2236680859
109944769
3235437439
80203745
1005146524626706432
127739478
197607341
257893956
15237501
879783542498217984
600438948
486192408
9532402
56722075
590206792
341788366
182300995
23498543
1209642294
122189727
4123615515
100531396
15200806
866713083519139847
17618786
587886965
25695779
20281013
331231402
279154526
52680540
99012883
316659505
136335143
43120811
304018334
223966900
295815075
385743708
624762482
826824775397961728
1439735113
31037199
21148783
59331128
123327472
33933023
178447646
26254990
746858148628037633
327862439
15865878
1363206528
300552750
28645968
262956113
568780154
14924086
338069208
14962195
4888572009
22090303
449915233
741368872779943936
87516430
336218316
549449980
485018010
626110913
732787392722182144
365026785
22270118
17092916
17436250
1570608750
54993188
2412892982
37062669
252786025
822941172469481476
38936142
70771229
14080346
36252186
883469324987400192
27596259
2437806571
255951119
999293378
28491592
18153494
813417452
16434823
34713362
3108351
58489734
3433457867
3047020832
82532660
1025521
27290003
16188864
199763814
19034656
51781119
897601699858194432
849853406
146502086
204832963
297422541
24127413
17396170
378259736
143344335
107218060
379162299
116360467
3796711693
520766752
17918860
35586563
1372200414
22771961
1078595977
52688139
15467750
156396195
340613443
738825010786095106
13062172
46309291
785688948081250305
1267920810
209754177
17093768
1148526842
17177482
135905236
180889575
211004186
129653547
18682943
1519087759
3161559676
69004966
20800328
1571162743
263733802
133929829
36670025
16326882
21696279
837358277042257921
8283082
105381785
56510427
21634600
54995818
23986097
917903959855190017
925877469437222913
115710058
37999041
164397041
22054220
16623719
208008927
79570653
45516390
732755361812226048
133541056
32496803
15817319
20105978
19496888
99538658
1225410044
826053468
14073364
128074569
839899537900777472
219718241
2911147764
3070250543
2775639769
87818409
15829144
25198779
25786620
17907987
25719221
1485600931
33919343
15507433
49164309
30927826
2395146296
709400457920143360
18295206
443041161
73300855
214154663
518184679
188852875
331247215
277302744
382272352
144202717
19395039
855492041224204289
400539642
15812463
429329325
701725963
859504635773464576
452521774
1382230009
781133087820378112
3243356006
1732534783
62734246
15100219
18650093
19186003
26858764
23393669
16714347
25745133
119512652
543184554
19055698
26074603
317187060
493889332
326255267
16898543
3845241975
1049912019179188225
32813335
36470444
4363967657
612035727
375662595
48075643
8442372
4025195728
2149663698
187838951
16224705
908016674720370688
101818391
353308055
272549524
2846105644
304932002
3295466058
142359854
761842050
38502248
192248791
792153334933323776
79836272
848907803616047106
1344626348
16194566
13893712
16247224
1113183345075253250
933808561162874880
478806662
1733154127
385522168
2309206074
113138090
112475924
182963101
520227395
1562210360
60862771
9487972
16198815
430992540
362111287
15359205
1064130530
17998609
438828609
40913222
2203671282
76202337
2564592204
112796409
34781412
561955921
2316383071
1039410237818589185
309282144
872156132688711681
48381939
31455711
1273237111
42153941
20956686
373437924
460470940
194507246
22193914
704933158064693248
740021653841674242
1006490087985696773
834452256
330055239
11896762
838887334410092546
109431937
145351968
208725869
150078976
17291452
37547775
14870670
16288232
281341580
2418660171
13783772
37353272
3359593221
138403249
514564994
75117670
33801277
36540573
38428725
512022119
456240438
64197283
87532454
791620847211544576
7215512
517901676
52208174
625588793
115941650
37005435
532672756
793400153499590657
989955583
367407815
71832238
2400631
103657355
138128898
34022952
21166728
50035981
66021490
279663381
151444950
16043620
1915033663
184592351
15338284
37848472
9300262
16664681
14511951
272802770
2689262362
132304185
105054975
568825492
16227904
20598197
21512383
1676107182
790202100
511013447
345697781
848558444
25546215
63302020
757362706664067073
333558922
2863580894
558784021
87853386
23033984
2789884296
1052262939640688641
86129724
41012191
846137120209190912
981259709356404737
1027329545064603648
772377098648289280
242539525
2281292622
30354991
19920464
191074329
14154231
39887761
13746792
52314100
2154916465
540982176
803388384
1210182949
3192267714
2707961760
466410407
1665877224
60293846
17007351
16931273
889064112
14406567
3013942394
60643339
29780473
14307838
14801264
395674143
81482674
48071844
331120729
21733692
1614057440
794350767104589824
381668837
1565908723
47349506
21439405
63826562
3024025214
380722931
2982673257
116821796
331824417
137471526
2358931471
36450411
2241491610
20020021
332993870
332185953
276689825
3140909632
59589903
57389552
2854354355
464195453
31443503
16871524
3654315082
899052043
589535421
976580803491745794
234837526
1281933482
394154071
14559196
122480588
17808045
183707859
571202103
1339835893
970207298
897218253826555905
5392522
14606079
1726074810
27442822
14155907
25598396
825569108649340928
58838415
70755400
19724858
381677670
2533183332
130273820
14588035
14589511
135316691
19767193
16866617
1587056396
27029537
2924211636
121490448
2786669582
28406270
2776914523
566908506
92854623
34119643
14171070
464094384
113480103
114970757
15046869
1014168732762066944
246980471
117858323
17221246
634245204
753672388194074624
16105705
57680299
245984358
1563503360
2545078146
528827971
880626233574400004
2882187005
729738767129554944
442486808
870713802
516794788
3365206697
16303106
4222491693
486166293
2165131938
316389142
2277961849
83277772
887370818920955904
3239508865
2534265415
785908824293056513
431905023
400207122
19916497
2271638589
16451457
14729597
2467791
8963722
742143
21581503
621573
1973136500
1332566462
63304385
578650970
31677455
492638241
53787569
1724232482
2175327559
69602019
14075928
2567504003
18510860
29342313
16952572
1096000956
182839127
374327522
527105492
342743938
778433441327046656
289342771
291486075
10328012
40766883
1132985432
3188973017
35773039
713928700341985280
145390580
17233201
781189585120268288
198020721
304205302
88336577
26159450
240578571
274754192
89887215
811357337780944897
19452532
1005116389
2548201286
1429354826
923780840370331648
825545414069743616
35612459
221580114
2893511188
2615918492
2783025822
48159776
185716178
3434345169
252250951
15259258
807095
14666889
3265372914
20609518
240087328
62513246
23760311
138203134
196465635
262806854
211177035
969446404656476161
792402977646456832
31288742
16119366
16100028
16714443
1375729070
2575323062
794588689565421568
918235875678416897
17089636
2476353410
2538803102
875083734650724352
1644429829
1046826741262471168
1047262971229949952
3092565073
1360557373
836648866975887360
331475155
16752898
19560374
861629219704414209
888171786256261120
17042078
14750983
57077129
12133382
13134892
74222189
43230633
863073191886962688
193946980
57625403
119920101
13787402
9677372
516662125
1289133722
21249970
36991354
55019447
28583197
27740227
1344951
2378024335
14647570
19722699
14199378
19402238
16147150
135647562
16017472
487833518
27922157
18477428
25950355
27013292
17810254
17292623
32372834
74474794
17471979
19658826
17368287
146569971
64537766
16245822
25914886
15808647
15460048
30028674
21895143
732632763992539136
385571408
15134240
262322947
285165232
26233068
2276942438
48463418
39530187
152379402
91236773
18485009
10716292
10076782
23151431
76733474
106473094
4052613553
18994444
21968928
15519544
14505838
29774968
15822969
16619904
281530541
7136152
48462491
18624536
16878156
14342564
755612616
1912459310
18036441
59910734
216094888
11348282
18103385
18774477
17054817
61853389
66816673
249724351
19725644
