11757522
817152932022026240
292141642
891029184902037504
895489494400368640
494483524
204625038
885413297423437825
951887536279949312
2242949269
2659935672
2473869824
3303636350
2490479930
889251990282407936
16733735
1131045429880082432
938424931230060544
13784592
757695091
84358766
45155495
191651923
471333409
3433407383
825569108649340928
1087524892625563648
41764136
1270625196
931974337074253825
121985742
1142645682764783616
919596698485145600
829881163472916481
1435695072
2835276183
4493869881
812021257
3334603985
2727517511
963846465239044097
987688513264148481
14505838
122130797
1081000693845106688
1060218298703302657
1142154401760665606
447483892
1134530240766758913
872218713457655812
4919309414
1146248399454216192
4032367415
2425743364
17450599
24239110
754006735468261376
2786463316
873212433678073856
2577018809
14729597
2831150371
14631115
1242240618
1480385228
16491676
1060545835
763945373576466433
56558459
1616031284
238827972
378259736
333388974
1265076715
4851104545
1007284936720740352
55476487
384654420
476343348
1363206528
1142846179685875718
1463634439
57060169
11824072
1141876805999181824
15453
2388484242
16031984
1066868172496740353
986794331582365696
2967402199
862037690597953537
786047748508221440
900490519649943553
897445854822510592
41310857
3300390725
2867787902
3294425469
874638748843216897
2884254856
592230445
14498758
66580140
2704715387
74287341
91728608
29979814
1525517556
10459132
1096539711068196864
1097282660202938370
19713142
310596714
14234661
828019861
1576276220
520754079
735610541423644672
947635522901389312
747193876465614848
1079889008
2763264732
244254250
1060423318187069442
25728193
12945722
4031207712
19402405
709876200
961437940743331840
1915138771
1031883539594313729
734071311224438785
70784139
720951847
725426518747287552
1066502650479460352
323417384
87657092
711207661
1110147234111328256
21541950
1527910632
2978455883
225540697
402437248
867345651230756865
28698351
166022406
10328012
1018622693552377856
3281653903
3323911351
14298526
448350791
466626618
1021892427349671936
189658688
1006490087985696773
1923959160
33210170
54430133
98906407
3021697442
51880065
198596758
3887467873
26396117
722210815110041600
136186969
874491475962118145
4852400955
1137103320991055874
1029907493789544449
270627293
2961478827
1132432410187112448
777987234914004993
1025815018527444999
223671790
2457755340
2601938868
1036632217907281921
3290951196
355036400
4894738653
1052458114157604865
105370708
40960732
1041050641194475520
336063814
2796636175
766362296801165312
1110189913
36395646
394809023
800459756292882432
1006015254873112577
38918937
163342880
1607352380
291598409
24190626
15472068
459922891
41266395
1720676058
932454700217131008
1668303476
890641522357673985
909891288891363330
703227794025811968
902515674
391157533
1537457647
2884327475
2351777413
11342242
3411925901
28300550
2950206855
1483721365
516769926
67196459
265224460
750022168675688449
989955583
563860095
386192136
3158695989
993913676850782208
2828796622
3315720581
185953782
2701073637
2549031829
1565908723
16504257
1522917078
700024044519714817
2278189946
14448779
16268906
61592079
16435797
203714426
958649520
794992162509377537
2957720023
16384688
810709142
26172646
3001718353
314700035
17794636
1110417939323183105
491735163
2298539161
87371781
1126045128487923712
357606935
3394395353
1061623501
1732534783
428694938
575905433
925966644501012482
112475924
765758430476963841
855961025123938304
1665595760
980888591957045248
427505253
2699500634
1053710154791669761
1099135435953991680
37989702
20865802
797960868977786880
1020952663
888950904568893440
767454232060502020
14981648
806151541245825024
2764811815
174847568
35061327
1620556356
785374879432318980
2967931958
1512446430
1098537584832204801
1209379410
15178265
1322965681
2561407350
588770591
613714658
241079136
951913630584524801
927055195
216979622
226222147
1105282110535987200
859512395969961985
3183355176
2441141750
548555856
1733154127
3412910506
14589654
3604236195
34270342
1087436944580231168
276750066
824148415391105025
968649696037158912
702943965478129665
789475567376605184
1006419421244678144
930156707279388672
925160080772800513
2713070448
104002962
39797647
1941289752
258397095
522538187
44733150
286476728
950952511556538368
866953267
72198806
377949581
31013444
783792992
2461810448
12266442
38871237
107238136
49136222
18393552
1026726822
771159288
90121746
381806337
403163083
18049298
14239043
109379148
87657446
2359632556
52889950
41878277
2223205620
76385501
17471979
970207298
138203134
6974622
190308097
17388410
813286
1016021178
166739404
