848575562
248831098
872218713457655812
122973487
2467226497
712321440180248577
1286506417
9618642
990904392
232366386
3645954988
320268880
20260548
847814578188804097
1425644274
153814910
2900487905
1124859729157730304
22668512
876772482
992432034210598913
2616191454
10328012
161939929
819755703711645697
778035795231813632
2862441010
2387414858
1023983264380473344
2290024064
1072308240891801601
969059448684675072
37435983
847355281784807425
1096339774959480836
2813399488
2308358966
4353758243
821906583613505537
609761583
1080542153225486336
1242353833
404674183
242271271
1205345400
319669334
4179753454
295973500
2385444380
1045561548243120130
325126593
493887226
1604362668
3247054537
785499759939317761
1153088089256058881
745718731
167011601
796564908389367812
306464989
225968641
1088205345288343554
32760218
82238919
631655257
214099847
145806565
921104219574325248
813934517778022401
222180430
856471832
1280622230
3971094687
1147131596065185794
2319375978
381187236
2761450992
20828410
2294753461
1107316957068574724
1270406718
1073218154636197889
269043415
3258925966
911478658061291520
3305960134
263481851
1145731333559410688
870148982747656192
3300390725
2576749254
65720380
813644065
945104400158199809
1180978639
73880751
956986350699515904
1058711842372157440
836370398
1733154127
1551091062
4726043660
952658854407532544
875786550675681281
71456987
211948211
67799200
752422598089269248
804387326
3329132422
2799680416
794872840193449986
940630904380280832
1042353408148029445
2207527682
152800791
4160274844
109241247
402750356
2888238526
135743827
183548902
2314303076
575655913
3431582176
62183077
2227491477
756609373
50518092
234059290
1283926772
1058692278875815936
978671691965583361
331521853
380381954
4380144499
521745866
1948935782
1180669136
3251813454
251235242
713648564
299351525
1071085918755393537
1059532324126294016
4827834413
826972508746158080
354974684
966892306325368837
636566366
984801130810171392
710043907439136769
1046971356
789131384921157632
2974901955
740489538120888320
59441134
2771908911
3770219302
1697464028
1030772035151114240
378259736
191583687
2189164832
344722786
747193876465614848
28979793
984843396811403264
4833277564
3067318098
15154811
2803569936
3347757981
589975555
32442436
3436926827
460069521
183661891
882115314984640513
1327955196
3585796874
3193130188
56302593
598802573
103019546
1869057972
550317493
11824072
48025961
3377374631
368937339
1106958878
578991574
2933101657
848413254007177220
2495422695
1415475320
2557134968
584020987
20215260
1006182430154395649
962889166701948928
1534426626
411012219
2664584846
2362427100
708294513106800640
33864902
1108551714469081088
2857366038
4424685134
2803969453
795550127788294144
802107137354764288
891271757608431616
15675149
2326120952
2186240128
16590605
1227885888
2774242022
39823859
615784548
4773451583
95740548
102417054
1708856215
1158341857
1000650818
3332703767
1136255249826476033
26567591
466626618
107037417
1112080403857170432
104969057
286871259
79923701
304679484
3687721995
53769577
1250165227
1000483839800627200
223474750
386820805
49707248
35454474
1552240092
13124602
14997015
2586312498
920874606520557569
3842515883
9300262
846137120209190912
2557915058
3266372179
58951368
1938608077
4884830868
68807315
743540167969906688
2873164780
3937939214
3290735741
135304272
321652549
4779034299
119624643
850048592496734208
729474876281597952
362568922
1253721834
1115365544
884516261559902208
2881658583
81854558
54716640
702353795334971392
25704704
377784881
1444065481
19843630
953446377413136384
344956335
24241923
17465506
42399225
885616558952914944
931924320
60368164
28722003
1112513186283118592
822392948
3064438810
963772738254106626
732407478
875764192594231297
702196348041297921
14164404
110890208
779130031
114566919
155634745
1414183850
18377624
15890585
93464739
241278137
156989502
88764812
245545600
322026685
1311764599
909450024
19341683
459036285
22029897
3933679282
30054271
828434528226078720
3199079085
3281653903
773066761574965248
885906079439347712
733391412851544064
975652425624440832
296847473
41148474
25605153
41012191
1134369612
813198693713268738
3012914963
952134710
1088237158387855361
71108717
47805877
1086256736879689729
716803719979933696
1107997022081024000
252710934
718495181914316801
47285504
321693295
750751206427860992
3355313961
47786101
100325421
951039416222535680
589113225
2309738306
806593285749882880
2294544162
539210871
1025778572898852864
978844777901887489
826966349821906945
390434624
432983617
870965897044926464
3074773911
273164331
66678157
147491390
568825492
2991166313
4196983835
962607038294515712
16589206
2916305152
16076032
85114554
843566394
15808647
33474655
13982132
18036441
5695032
15460048
35833162
42504721
153904966
410380828
759091891799490560
966082180773531654
561297215
247534044
67433961
44976089
3085881
519765044
829881163472916481
47766262
4898641373
473633317
1067548376944660480
1108858988991578117
2866211152
939210193367392257
4016728905
1012715463078547456
93069110
2678236062
706852397843283969
444927395
745320876
30123111
39374255
2995515395
4209797367
937029536268673024
1064337290162593792
815177160
904639567
703748465239662593
336878973
81436762
58545637
105136087
1028620936176656384
875072728088399872
837874510414098432
1018962877
52783138
1040999851503308807
217518231
108382988
4400597716
114854169
141699037
55592415
249116036
79739723
183234497
757928564
27709402
36683668
58611077
1034233232454295552
27703690
47754867
487833518
32372834
39585367
617468983
29442313
937683426882326529
970878251542437888
1224860006
52810524
41191715
18122496
202326081
143434318
18048681
3090382647
78473551
454302851
3317555339
110509537
626831426
2704715387
4573236382
65559338
892033176939503617
762402774260875265
45870897
735567688303575042
889628930436730881
258970724
