964307489704546309
712864204018032645
382968137
101937387
153618201
844923313960992768
230792524
852039852
634348587
177502839
1097934120
381326641
574654527
1362639276
519697310
198008272
1128468090
3322517721
425733656
2547700101
984211317669158912
872864148564172800
1133435618984259584
89337224
1020757925780959233
927727303895011328
1060923431762432000
847921285065842690
231952307
961816146818183168
14225080
947942891028070400
2167059661
19920203
15463062
9308212
24228154
757362706664067073
295344317
144592995
2343198944
2613859267
2291664554
271451109
4256198609
4898843075
1001142179585142784
106204010
378259736
817991851005198336
819427231512440832
67445874
17435612
326299187
85728309
3325202231
3186335683
1851554534
14990866
360888478
2263478022
1088772309211643904
213012200
973955318987210752
257757365
562479675
927314469600088064
979495062085058560
14124447
2761759409
2416922564
1508526566
285165232
612850965
2791294782
3199856542
900253694255616001
39010299
981608723201253376
2694150236
2493407430
87188515
1138350783253110785
743476419905232896
3327575882
1023641233304956929
2408060936
856471832
229564414
13074042
69133574
345673106
430995737
3230388598
10915042
21968949
361447933
978671691965583361
224557597
478491097
2974430121
2491546873
442948191
271888571
79349696
23504159
36967128
27632986
22611141
26755619
42906957
35796774
32463503
14592723
3415715278
208120290
27922157
794992162509377537
26513066
145729802
17024285
3396036825
123582098
1513221576
3097680891
1612233594
719967213336322048
233371749
736221501209202688
974716085328105472
865339383200702465
959560186422689793
2309118487
14862639
700454145757556736
1692248610
3704290280
2913998913
142130095
235261861
2477282563
1093971618420842496
718175074537177088
4709376752
115115342
377578645
759841911456751619
64822247
39587698
1377930745
39188508
799662255621013504
742867996800995329
69023491
42570175
950422694
77314152
3313545080
3185364144
37996645
402529823
14729597
4048519160
979575354
785924787432325120
268350241
16949344
27013292
25950355
38489678
88914175
136325501
14647570
19658826
19402238
388345704
96102210
32372834
487833518
258847118
12819112
27596259
2243206315
793750356568207360
1762248738
3612871096
3364115985
1070738762953453569
829369416307445760
46145761
37732219
238782335
143086518
1052344216787898368
83802689
4046381953
1325994667
3691862893
55351494
2363233376
592566249
166558126
71553450
485757615
47730394
3294301053
389033733
3234601428
1072136521
2776091545
3192009729
272017240
32427234
14442889
