1040011516496551936
4899350893
118483736
1877372130
607292914
378259736
356407124
35130668
1069907880441192448
1524366572
71293921
1007536748723888128
2424030872
1129848326193635328
301568723
933563761
18330087
2828550908
1016622532131282944
787588659239346176
3129620171
801852788
1093513493712650242
2595260136
1111642277078843393
1615876674
1074708625
595206056
406414765
1029584069770788864
1031491710885548033
919913340595572738
2800329106
3331750001
781653795004518400
2937614106
981317247103918081
2879642556
3192573188
1680944431
1145330779
1548841759
809980906404454401
772806730166272000
2348908146
4926409928
721327092902862848
1327626942
2821205806
3497476094
771273787618762752
3837815958
3244724835
761567284750147584
398754763
48799978
