608585731
1650533989
611313357
7152572
873886842
3253256552
813286
18783501
1354637964
19658826
31683794
753045163824513024
558055396
4838506977
799655145109909506
22319285
818105913957634048
3404241393
813860534
4129708874
757501771
317998035
378259736
769602959848144901
38684725
2279695242
2580789216
1042812101536866304
754010990
15143478
2293100251
717414951271268352
752924012267921408
11348282
824625090788806657
3837815958
1035209693172559872
2950961005
2984688915
3515201656
39822897
423441661
82285908
772806730166272000
301568723
3192573188
715573452535496704
248557341
46473066
