3061822164
58310441
378259736
948806667671519232
99029249
52584039
1253405990
1029584069770788864
138203134
800459756292882432
40879381
487637762
311052101
466626618
89507607
19108922
2944922906
1090078809942970368
486271846
65720629
484796656
17053587
60642183
2821205806
14304373
76255972
2463550338
79600466
764870963498319872
3548330417
279663381
4194013692
2897988938
170023430
4926409928
842143333
3008834569
195874373
28823794
16454544
22674756
17471979
2578087038
1001874886497742848
168825388
17600950
