1728757632
14942684
49733351
30395567
1735442838
556072277
1694782680
864926050035400705
2811503196
32245365
860942522
1004042562154516482
17385903
3809733737
23324461
26664495
36947388
67418441
15220473
945220710
29484644
12378512
30364057
2835276183
873886842
1072308240891801601
517902068
978671691965583361
1132899953276116992
701725963
1152934812417712128
4521121397
76479803
410380828
2271638589
45638980
2248389990
14942612
14949475
14942701
913628334
1680944431
28918647
3154709373
2841884049
769624199430148096
385522168
14075928
166022406
574795929
4919876231
19563103
438828609
3342291731
246560945
2687999594
2844569713
1026392222592364544
389529702
4585984993
75117670
1853310463
1074423603268079618
316229447
330055239
26396117
1033142532136415232
483156627
258426678
244120148
15576928
937050321951580160
821871237450334209
3751784176
77852581
329115426
3420477195
1012833501983502336
22692264
97040343
465685753
33751655
356407124
17474006
2983897735
51547100
817083
109146991
355036400
216776631
443350004
17261066
1081356422997250048
2827211681
960922231382700033
19397785
50393960
17158189
794168784630272001
744656063958519808
323417384
338545569
986794331582365696
904869467238174720
16491676
2967402199
1363206528
74287341
585120424
6974622
112475924
3065924818
1522917078
224715866
956204295677820929
2887301980
869685230
636216638
187518287
1144882621
19877186
3226303103
2190099804
981259709356404737
2670799410
1116416871765618689
2281984124
607207100
1018130880072683522
997126897510354944
2160074869
924509462618083328
920676712488361984
3069019759
1235417983
799344805738323972
900886648296222721
902141634154024960
1019642658581565440
15808765
30354991
803694179079458816
21059255
715949840610562049
27093057
14315537
62127399
27074856
378259736
100188103
1122497183444537344
1116435645495431173
3131597297
2148009361
1949689806
3331750001
3192573188
484913037
94355006
415472140
5695632
29442313
138203134
39364684
19409508
1512446430
757695091
451131659
963631905878036482
938424931230060544
3404241393
2580789216
890324687393370112
301094301
984922625397936128
984878718832332800
984921309405728769
816375540303077377
117539435
24259734
48799978
36976313
302769804
2200305589
248557341
82285908
132947252
24026751
168660177
46473066
27271828
21186298
155889035
79937043
59222022
133880286
297898393
28609947
340602009
301087604
14199378
1055402564
46217073
18665800
16908562
103887642
17045060
33787936
5360012
1604444052
15960725
18696996
120153772
96007348
492018263
32372834
17156000
9366272
414508570
899134903815553025
830154425452920834
19363528
22675279
80982210
16630098
487833518
1007210042
38146999
17137628
17471979
39822897
