2575178924
329394539
732678841030840321
115379847
4274895796
885953601067208705
1001390960
1120098811
205195655
34018296
70784623
756908935315984384
58986916
772852043098759168
1022232143756492815
1269805016
1722641029
1024724080669351936
937050321951580160
34465477
540812894
613469003
2670764558
3807049342
820690440617951232
817133222484176896
770490229769789440
1944744026
849793688901476356
127739478
245500348
18456821
122130797
1241258612
2733320850
189618679
798165447300485121
160367173
2209884625
806957607521030144
700435386
570574417
3132007510
499908745
2466123505
3092784243
156711834
865216696273031168
2292411202
19649135
27830610
118937932
3670965041
886000175550005249
3342291731
62910303
260211154
71307320
26087095
368716802
718840007553847296
621573
39522692
21581503
1112809334809882624
964306401047842816
1010628765150478336
17918545
8916792
2811770483
1435461
101759842
551112681
3230388598
899763626755604480
1001511262545592320
430099559
744962021121089538
43564999
721111709763678208
710863666925666304
813860534
1093453916
1135568327840018435
136186969
1204205628
1069907880441192448
1058735469729669120
1111642277078843393
1121691825624850437
1128353898975068160
719865536583176196
442513039
714939972000808960
908766078527995904
2626868392
595206056
594816093
2687831276
3353281852
768993651833778176
718162168760303617
3864246502
22108811
2691011232
576794667
765036049
1689062472
296005286
324761741
2879399915
1053473094835159040
1120720874498396160
1121146081998462976
94944590
1060884337372094464
759326539
2560340318
849666375920603137
1006015254873112577
93038048
19108922
24548977
133040246
78322326
49695355
2355329581
407160443
564853309
42914038
300842983
3404241393
398754763
2309595541
881381711606538241
960560004712534017
953096331668566016
47482910
27596259
12819112
19658826
15862891
14647570
19402238
258847118
17471979
17089636
2293415520
16245822
74474794
487833518
32372834
17292623
87281493
14448779
1047719798
102417054
1009085451120984065
59307520
1058780125720850432
2747498391
35796621
1361913858
1615876674
120917972
1668756764
1068335431647993856
631306422
93778929
2678236062
2507809721
138203134
803694179079458816
18458348
920971676
2602846615
1370684718
89753824
720510080806993920
2835435691
2324212868
1086679848842678272
711929392721764352
722446633473064960
1768365013
130736416
367112646
378259736
168508631
350621677
1067957550971322370
1322712355
1074708625
415075929
754781047456468992
1112435905363623938
64454462
