278678759
1016527399008129026
321408257
3228374144
3521628617
843653734295113729
1096218892165275648
53815297
701340179
586457318
2708191476
74274804
881931326114324480
2244953047
1061663160
3731585412
138473986
958162510372327424
3377839043
625678746
19380775
258482000
960151661258960902
1150547396583145474
110757159
1118136053414731778
50024023
962335759528161281
1146868879660130304
1635335528
989435572790886400
759876428884217856
984960563942907904
1365341108
2755566011
765846767602630656
4788192267
215085324
3315091605
1129334967715192834
996707099634753536
1004168916
807338685834346496
1132280512754663424
1024142630
4848433655
1143220919067992064
1596670752
895403213561753600
4138609407
1040335796
733179731894521856
888828976285798400
1017804931867213829
1143158689651707904
533485939
963629194398846977
2945809304
741872318813609984
995857661836046338
246664590
2923564612
205920548
905268008267997184
899291319947845632
1209258074
1068980079567474688
3401932785
827163660
950027356592361474
842275027454201856
1076202940686307335
1012834739315724288
916805272139698176
2790574158
326091921
917003094629765120
1085967865721901056
2569386954
308422312
116048117
1126657943099924482
2467069506
957094499376869376
971398038500593666
2413176055
992962265459625985
593928128
26809005
22155640
3867203237
38146999
558797310
19402523
821143158981533696
809580408090329088
1968774049
84973916
314901845
382554933
49282033
695730757403332609
3983636474
4144215634
2387756780
926163985
48391105
447383450
85810820
15471549
2357044640
434885555
24264406
41831995
111634634
1152251805998485504
94907055
4851104545
3433008436
78460747
922653486411476993
1130359675730518016
3327355809
32378628
484415967
1096058449
15357521
750022168675688449
20458261
706133272569507845
2798873679
95680758
279663381
392987060
16491676
355036400
378259736
2967402199
2944953687
52726552
20967005
19188515
730249084162826241
1868862020
2544703982
716589799
788360237489221632
745814711535439872
18644734
46346652
48705816
860654500431880192
860420788196913156
2588482844
30989098
236445685
783621388728950785
248330213
910803124708941824
178056170
1661192815
167791582
375638875
433564937
576912959
249017324
569268781
1071960745334726656
243046720
901108721924878336
709519020035182592
109513
1149491023027957760
4316222653
16841511
1072354462323404800
782945285198614528
15049113
68286225
115516110
2840495162
141628169
61355172
12452242
924911789225123840
21832095
2285825876
14173097
2849099426
1183430785
16268732
135749583
129526938
8904302
377878037
820077362
918225504217341952
333797068
993337021
3334550712
339351467
73537202
4765364386
24733117
3008888519
629625352
1472415372
31620465
21410672
245772607
60937837
2986009076
11945072
219617448
65951331
31348594
968579046400450560
2541363451
92724677
121044171
135421739
121046433
113419517
145125358
71201743
817469244631842820
1050707436515090433
2603755760
2222673457
58531272
885487044243238912
63262930
2226057830
2193523407
746745695198056449
810630741889576960
949199980266389504
871009931595534337
2480324773
41531370
856216862178365440
1031332700324540417
965089760086822912
1550273731
827119753537937408
26307708
54886540
2338214224
111888966
760276209158586368
154361768
30974896
109900347
14551262
23366671
2488473127
584145577
24485883
801241407419781120
15251884
2655260198
440499596
3951161428
14556182
291279410
813607223343468544
69533172
711408636153561088
1046817429647765504
4810853893
772958233
25219383
27031592
234640747
111689606
3328141199
82531750
72669207
823695280902127616
803281079427735552
612169192
1028005661764857856
974839124371816448
1035491293114249216
514012954
898625497
2920958725
138777111
2706573618
910867367923662848
345007002
1096914824
15038090
512561862
15048178
518646310
1054021078799015936
14828950
26015306
2657544186
1107542506747691008
1241531053
2947137722
64271457
872862918890717184
1108797605792890880
1150860717467160576
26890208
172954545
1065804942093369345
938913454936559616
303581452
839946634867978240
122058410
951662904
1188011660
788839574176985088
818509336934748160
941165092434874368
107499344
125646835
815306322338058240
3131479196
2471492623
170919329
775380594293411841
880895576111370240
455947303
948950650494205958
1099128075185459200
2666165597
820735770558431235
706681868616208384
3229513555
2960453001
146465255
4167455542
3120234688
2206818593
2759186017
1149469579778781184
866442796823195649
3068518325
922920210843172864
1496928564
291883586
829436886397571072
1141542259403321344
835173408719650817
293302111
938494923904610304
45321454
76640069
429531188
55060090
111683028
11771512
276670760
2230342897
848884243
2874959663
858297851230773248
995934462
46574977
756815930
68911475
23010860
98725212
1041561235509075968
905058838566625280
925112851894865920
435924297
1053063589555200000
2535265430
946184028
15013460
1486182205
48791956
1283834514
322760454
1670722068
921416988
532334668
2183254489
3092938054
261711452
1054141442
17724000
701976502875721728
887190944403005441
938641492377141249
2963509762
3833123953
611916206
1486243082
3816571460
4745426293
2285845686
780546876391067648
897851855694417920
752621952322318337
1014428972489191425
1140643395137921027
44424064
1104136251026812928
1000773008053719040
2364420145
2214101242
1741403935
44095512
14855250
64703161
1097196583752556545
1103687094961164290
908302183766085632
1098454303826759681
1091591646687514625
1103666658219094017
1096073895294074880
1106622145973628929
1103308940190892033
1092545986982043648
1097197150675628033
1100166593219358722
1102645458881728512
1103701784508264448
1094294381761310720
51951154
985898048
43589784
3567190992
882901438065553408
826983499643092992
1118174399268626433
984122341956378624
1137847026106998786
1044935696929046529
985535963903479809
3332482995
44298212
1101802267877888000
724580711693348867
36731730
3068468040
476186428
1250783136
1053448836
2891647423
825027640658571264
1145768449261613056
18336239
32812995
822827939754602496
2886338614
345723209
893426954
1151366055333416960
732819506507227136
960036138219008003
2588746333
223378541
74752961
4433925650
835543538108628992
1605001237
735221894853591040
50323173
850952858484822017
944197628513828864
795560569
1045734752
1154942381696983040
1154960155357794304
763525616641708032
1493331678
1154962226882568193
1105069154220961792
307708481
1122396602096738309
1126696107046723584
1373202547
1059559352430944257
39738118
1126388173121003520
981040850938417152
1154965188497440770
1036779257291321349
115114391
781381822584283136
962960967079428096
2706825564
43728982
92741336
1003556254277439488
602201536
1154141995717332994
3235266086
2750561318
710123496379179009
1069131315805532161
1047660263569125377
1149289135942832129
3357675857
87775422
38232487
147491390
17570170
196324920
2791518031
255515879
1121303249229885440
552847307
1115874631
872268358376243201
906308257731538945
938167131610300416
1152687392412880899
793542678377926656
950730395829534720
819664920295907330
784071040892739584
68886496
948434449624174592
714107258112610304
766547376
1646817217
16266641
2718027954
814656176
716827299551662080
18814182
797454885310631936
271759339
4367878932
4235926754
3013556055
827770388683698176
559025876
820746300832575488
1090714282830880770
289454772
17167419
140472120
816377503769980928
808416360212656129
634920177
745125165063823360
2553558810
29037126
1018210629633691648
199887379
996567753392877568
1035383641
459678873
875008297341988864
713205283133267968
743984990732451840
355851082
23860507
2169982740
75194642
1034151889611284480
22658326
37117252
403131657
42256520
902293174525329408
823555164133007361
1186465603
26486357
46310640
709195065
1148311001290301440
712586367822274560
833730693930811393
995840004848054272
2959740191
3645967102
123426122
823193234079973378
1532251770
564218050
137802216
827236907142828032
1240467534
890952074
885487221926760448
263968332
1586714946
578463741
3424353249
582803574
902814223
1043717679754956805
1068347711332728833
121816436
287806880
484102643
704833260073807872
3114258073
1040737936868827136
334461593
15115280
2312614634
413274241
3910760593
905227912546103297
940751500598566915
454099919
2359337692
1061874037209522177
1915033663
936014780401254400
4458421461
521747968
17583080
1054816333605392384
1363545236
826803049356226562
1149158493980508160
1426275908
3025803425
963118520321171457
3569024422
53373674
879964374324187136
24807616
564138146
65647594
930787264275406849
3284573533
203413841
25458378
53792665
1150515990746128385
33540700
16864146
22933284
6539592
3225469931
2693431333
298813530
246762055
19422491
2956748417
188793260
1140294866972348417
1136377198707924993
2579609245
1129837053926092801
929370918782083073
3168409183
1096491309328547840
264034657
1150777148355096579
1150682050120376320
87710468
553259733
759422910255640576
265902729
931470735092133889
730315159818907648
1124944918877736960
39488770
950747293405257728
2914923829
1097599812
1023439662818328576
1049062968548319238
930514562096308224
1010283437570318343
4273845553
335141638
1142625158479278082
1106896817059491841
1083978060473368576
1132899535917686784
1392564576
244408168
746839761411792896
3592965077
949822145227579392
1051886666561019904
1154096843950841856
939160452923195392
1173787748
3082338689
284998376
3285253105
1030876565968769024
1098112416091500544
1001124675827720197
948305194529550339
929009422365421568
1022741230537596928
1095514565775974400
985291645074714625
1002303536028319744
880142286176231425
919619243095629824
801826904017932288
987409739217764353
1130857683404201984
1096696238970425344
774983618993065984
1018068362495188992
771867649345224704
1026833490099294208
779518272420978688
1100058716123078656
1006479701924179969
1117890965182791681
1587217921
866953267
1153814952043569152
1153902362299392000
1153138416432951297
1153101857922965504
754006735468261376
1153518221007495174
990761677
2437472689
84988016
1246567549
15245653
1780922749
801255481146753024
57972883
333698693
758819021219168256
80040576
835890400682356736
60297413
286731914
470708968
32608975
19166519
25598396
148593548
459070427
491966362
459053132
487355109
1450390220
487308456
307225061
965791732695695361
877479417005563906
24705126
2950206855
1023894098812395520
1104276266516135936
1103910533143584768
1105082833796808705
1103367989586464768
2923777189
16465385
1545915336
2359093844
481943972
18567018
14647570
66935683
73623198
54439786
32836548
40703036
797957340762927104
2386990321
152757452
1129835690957709312
815639763940151298
770281503808954369
4870406891
703531521454575617
1488927464
3424342221
27076419
3140717458
2956736086
1066099598
827685533623152641
4818214831
798682887210106880
2239151282
2929078309
775721125032693760
581649432
904254168357113856
881898431652003840
437910944
822227713578692609
499553951
961210908289597440
940610436441034753
825844109734772736
939290152102281216
2296561088
975816580234964992
33785329
52267252
347294614
203348714
3190793612
895330898
150281740
477934944
626533732
3886711
1140648348
137794015
15987296
389214426
13197402
18627452
57535118
30539818
360086219
793879086
420948297
108001670
17989166
271441733
26505382
26212884
349047223
18083464
984509070
373269007
370564325
2739262472
329819402
2958350059
16330790
163853853
15716004
106711093
312336521
407779393
117754884
621100139
42580249
20449042
458008892
22434517
315779591
416296194
1710455658
888437221094809600
910799797182853122
856760391749259264
860082839471005696
840124561072906241
451293314
1940861046
796236011902640128
836914628970037248
837006585788424192
843460707517583361
547842219
819194638657552393
839867345149493248
285655507
864433080441815040
864505926862086145
2296143000
864715475598659584
3187924554
756391636654034945
3074482321
720552961286475776
151897547
1023527321725100032
1057715063404916736
814806191167668224
399178986
2731802972
714150542134657024
1863936054
759341675470741504
429831266
1044910384606375937
3190436082
1118325842843561985
1017238946
1080982520
1138075262959022080
3255624386
124081124
1138541819044589568
1142710484728107008
1000077866334273536
973057344878907392
2181857900
147037135
122689522
978264457917927424
1049641336255721473
1149582918794108929
774509625207054336
2316765816
942175062
937276378663100416
4575759733
75230478
357347232
494149709
354534811
1140796133809238016
3242965789
795841902696341504
959540648
250180340
388267440
798208913548185600
974365472492867587
3894824235
1141385651843039232
2467243458
4423223908
924258857613869057
714657532430708738
757149111233581059
1100696488185921539
881220965803450369
4049925253
1066971730789326848
858959739576655872
1092753920458403841
719118434798145537
939708838978076672
3265655730
839803803926990849
775746426
2783646684
2527023111
813629333969444864
1528040090
961277026886852608
3280903842
848415999061876737
3163668282
836676338530598914
1031396326628450304
1006211988446326784
1146677170082701312
1138474193425698816
982877613432557569
1115918467985809409
1128689676485840897
110737770
39512083
1075010186413101056
959010325348667392
1094465314631417856
1030466567652311042
726242662475534336
2851695295
1107335793985679367
732313795272511489
871354459284135937
2271843510
395453024
893106678442344448
2901361021
1293659148
2534516862
144448464
1084805542906753024
787493653
97621127
1142790640016617472
866643984009093122
884677448
1632510924
4752594562
878880613721309184
876397134144184320
104339667
940931911072989184
903232417489498113
2154645694
1128641497228689417
1127645612055285760
1077277866
3379484712
103815623
4897074972
3185456035
146418376
453857290
1049126083021365253
1136939720473161728
966193450533163009
839813698101342210
903679317674041344
901347160788156416
913781126245769218
1059832559545315331
901365022416265216
1049166796559773696
399870762
1127245706769514497
1039215500201549825
1027923168864948225
1029012047852457984
785021372732936193
1079321157038428160
703073414060216320
1117350372652142593
1103890529194958849
1133326194261184512
1092247363790356480
989072688688910343
443323735
1863863305
259604650
78595357
4696069028
940651238529622017
867650353
1096357506987638784
1024266223872339969
14920469
1142112170106224640
1084468543310032898
90915143
4189493900
1057168208296198146
1126318167150563328
1065720223741882368
162677396
951710091916357632
978847538693529601
1678380428
1114817945329385473
827470950857744384
1140581923594444800
1099229394156040193
44466223
709592996455391232
808232819050823680
1016243550139375616
1152969409771687936
1087649209707319296
842072113980809217
1023617665242464258
995684886856978432
896574669729300481
2442536453
934440429117935616
838619935303680001
1010565798920777731
1152624965100982273
898921359136313344
1128936113966501891
188748116
716406571211751425
1074296248813961216
1007447976308924416
279207184
847972280
756792638255267841
768780363376328704
272581681
1056850669
1107193205668397056
1126779507518476288
813629035389423616
3236926148
576533046
121339191
2610124189
1101167360130469890
1102913531882676225
2773475052
810171951876554756
1612504999
2826141110
1118459255172898817
291592949
854005026011959296
951085932446298112
905610863264051200
1100666363608068096
36327407
792421291554926592
1030793736299528193
1085877940103962624
411423119
3299439198
880985203346362368
157959833
1145938081197035520
1027206704411201536
85657578
887952636548403200
754680577832456192
724904498192338944
1089849783404150784
1087351079577284608
4409514571
1469458686
2829428812
861541211080994816
855340052284448770
827709295462580225
859867830707257344
4471514592
854966601040506881
814184816874811392
815563672386936832
2877854408
2830377001
1253079216
899655722027307009
863641847343837184
2959816561
829742237756043265
864105173190365186
850709664287379456
835836825533050880
732552532850036736
862638996828061696
827849530208985089
862599640876765184
713757608847343616
1087687155025993728
1148266573649420289
112397829
1112744970992144384
1026435156746416128
2835549398
1100302269570936832
762576373982588928
1109018818439983104
220658152
1460884393
4475931192
712994904423735297
3684126388
981600565032554497
879416319652790276
1063156071613767687
918534858871377920
423693990
950259931990523904
329946603
17137628
123421220
1943134111
1122878095663321088
3613704678
877981025921638401
491703335
130491582
114562472
2289389762
21755787
2902055934
277401500
61474773
204261944
825390743518924804
2279227387
21820958
8802602
2344176362
3339923230
510250098
239499378
755924666
27686902
2563532985
15178265
3433407383
817152932022026240
41117987
2688217200
15362595
2272442329
2847898489
2283779258
23149365
1066118097566920704
304025698
723405722453565440
263048486
70614241
20904490
1363914534
2781092388
27052147
289461078
319589787
1077288041788727298
272727936
1034469513385963521
783809058213986304
28599820
3940027835
788562870
736708392790675457
2699224166
1014895405946023942
788272232
909141017114365957
867560847459184640
602721749
1056461533
913639058
890693020651270144
1853099077
67120743
1635352992
1596620473
109303284
136299321
557359558
342117543
497323353
1902020658
4625281823
3327160301
14734268
3294092417
820038719033970688
16342340
306491708
537433628
250307159
1924414555
386513
1084834597
23641386
2720627318
3064307092
3968593342
3303367516
702442438
3555727397
734181166530613249
4221944637
1498384819
1928707944
3187985080
2895726730
100681587
3152205769
2718611582
3328266222
745190971105771520
766210476380397568
48918759
635889474
392836991
4731662750
2925656275
2258392118
4217921713
3230347429
97709071
813286
31273438
17089843
1529231353
14600151
63924218
977109189062307841
140966649
17783366
1478204994
2178348182
615927039
61608747
44150150
85021241
1142617308033978369
1136466919110860800
15749216
200583835
107852396
76817286
32729111
26747105
146324614
1043048755694583808
1061537866004787200
14550649
1048228987330281473
2503191066
925421989384327169
15285305
22380908
172307021
32435460
758275643469553664
24859536
68574854
1133641308285919232
892275857779118080
1140096520810725376
1060637099035160576
389048749
72291409
23939797
57497901
14255759
105305259
839321
361468994
3324018014
1021032563660517381
16934205
79543
35767916
16248319
14454605
55315217
11489
15274836
19478383
11073902
8596022
16261638
15301179
14115587
23135992
18185124
17641457
14262772
334056230
21279340
8820652
428525085
386263630
16438898
19713521
387181116
101878351
500929942
847748471306174464
15830958
2414181192
752089061289066496
949650047414689792
1133524119390236672
933342889328947200
4456348512
1081977331860889600
557549901
3349552073
340977799
3025291901
988468602704683009
242714826
5567892
403780910
412795908
4875253329
52716392
555075999
4424140333
2840752771
257944462
472627150
1143290106243104770
1064208175153467392
878650598043856899
873425909868580864
330509973
1148279301034455046
1146007997711343616
1932305538
1151441111983878145
1139782990060498944
4701767429
972973980146716672
1104426433915437057
1148898240122593280
585360286
840086576
942286419296337920
975217231
3044186927
3557582901
2988058046
1350259454
7452872
2927033714
200977317
22985427
43689017
24445033
108252113
975367362
596177884
37872206
65473357
29494126
75246346
797720168713441280
912882162902302720
194839442
28515858
935151439
4770873075
20164653
491253290
120117767
1129979181889011712
4467023187
988340122037858304
13177832
4865321341
418950909
2302697126
751307176094920704
720300126892261378
1182161652
1136871090427269120
1020702073367625729
3540693193
753094817564033024
629512521
303751435
605491361
522071052
429650020
490074932
1540805784
2975896710
52014528
37921712
544365308
14806765
73301369
45522292
129518457
45782749
51386840
66284223
2293053555
245903032
867411871401488385
105194573
819576172375842817
127483019
3528993194
2993378902
1599957013
805655242633281537
28391728
1093215540561219584
1115977623379820550
2965327880
702233015443849216
280711094
331984141
397720185
846583458
811793114
987108324930932736
327313021
129878018
119605450
43260020
2167334474
31161814
842402306
41646662
19238073
273483641
25757838
339998721
37669435
56855530
221147416
34337534
18766687
34410527
40707335
46583670
882647132209119233
731460608038572033
2511673442
270787018
1323762018
826474940119515136
720257453221261320
230433498
818879343141060608
1380356850
1118361091774517250
2891512236
842140866441551872
267204935
851371398979358720
1043708345255784448
585506928
892146867995332608
830386142797320192
492991594
896158685533220864
15210670
944317021709271041
704664219409629184
830906977169637377
709079047154884610
20132655
2796334270
253303633
2954839276
175743717
4884639118
1065548316501573633
149516743
2836421
1284922063
2816007016
2770255129
74050936
916395979678433280
385909720
3314976162
53075131
1049322203391647744
337065278
252018855
811505937911517184
22037861
2455275793
1357567292
794874013
106789371
634594307
258666578
18479513
1209615451
769108935726997504
1936536769
103245739
35069260
972909709
758859344561569792
885733974
202772126
992994991
824893826066034688
122658025
71815077
101215084
152719505
258283931
1062742964
544640536
453507741
843117993278099458
434958373
69229721
251690031
117845061
282651562
242077026
1433066989
460538823
1656882972
356162725
282568572
182301693
83827310
1151967194999349257
1058750370808295424
168081596
2154440737
875436134943277056
1108977774373396480
419147831
1144665116056707072
1651222364
1944665077
1005913798413312000
816838937218007041
441153673
1149541557336498176
164245338
131763362
99458922
492573124
100308854
64512620
35355156
97537762
130159846
14344140
94839848
48849046
21897334
4760694445
136932734
52803520
429514504
95975081
23108081
858716964
31067019
108562201
339040963
188669444
21156054
41509142
1536791610
352184105
45139191
1967216306
302971361
343958195
218443914
52140667
476908179
839864106140192770
125740073
842071545296084992
824389632632778755
818909579400638467
19838153
331520425
53924667
1320350810
1034891561946046465
558711163
55201783
193562031
1050631363592769537
856133336627949568
788213485960175616
824212601844461570
722448350503510016
836991384116674560
819804472935206914
2492233040
847560574581981185
777393248302137346
4898955205
3351046901
835643792686395392
2835526908
3018794125
867646722725621760
1052541845123805184
615591844
331890900
160689051
2922010347
15676578
887478099096588288
1142190833208365056
932994691
113873919
2975914666
619587590
1042894303226413057
26237787
3179207340
860176890522476545
739086070457962497
921642234
360470148
1542881726
1109652505967747072
750751206427860992
2318294136
420052725
3313784443
482362854
814583963167719424
1051026157578141696
5649
15135719
869613132
817158775610179584
3406938525
39753444
36715753
796403983476736000
1106496630394703873
158414847
2592318192
2319339266
4861611379
878755958293397505
118576470
457870678
829329465612328960
3238415767
2282032997
4836147477
4204218256
1129381372848685056
825727643958046720
618356934
1557290246
3246364363
2304259136
572962850
1037719683418546179
891656290501394432
2807905153
2917087584
1514366995
825488021445238784
16783754
1722594715
933836959562194944
426723697
109311286
931098811
3689934073
37916737
36290416
24636191
69660988
62554155
75314847
100281735
20276964
62509989
39427853
38944844
63290903
14547574
177592153
15206736
15678167
15940736
14325066
49344223
24086519
828032385904021504
16379892
17194090
13354002
23664028
80464013
15628274
14465607
516528856
44672556
16273144
23777198
50205840
2917006096
824964684528885760
368910785
38344425
27188645
45765510
2281686800
49519087
2334705361
1093692782399709184
3425044739
1037031866338107393
1140876340876533760
1072514992367259648
923620568091459584
3476602932
57819134
507586982
28361889
474612424
212926189
4276726759
1007218628
15534872
272101223
2585837936
1292405179
3894950919
4562193914
1074684019294515201
703577732769320961
1140585948
2995934387
245130350
253333313
705660608700661760
3158300842
179313577
16976923
531808009
490732528
75274497
15970717
1135177591755816960
32520555
290693143
1138268859679551489
1069176615748452353
1127510627646410753
237334385
833129392742207488
503558717
716734030104944640
1005572840085774336
617081382
33160845
797450209089454080
126995008
888175261618913280
1130523747901943808
1541536724
86834073
767225339361755136
71526369
1027816011091734529
121381390
196659064
1005173450095222784
4178568436
325258637
914701147084132352
2336164251
144500308
112588650
736281386617704450
742068161239994369
597942286
848503348424826880
869597948241432577
839694536473444352
3288909923
326406004
841361515420753920
52144480
2778656239
2871733616
780890659448233984
713660342946107392
585395363
11286312
96448580
2575517041
1347415819
556320126
885898291447255041
892423419890946048
73385250
780264965223559168
1153045459
471741741
207809313
143409075
786958314
912349269486477313
341734177
136166720
2601729624
1107232069636153344
1882344126
57948579
2805144967
143392465
822050111719149570
835713473036214273
3604172892
822508559049129989
99719314
431414924
2895357769
2946324150
4719719384
181601889
790411366943166464
914812451761172481
858215605509525504
1087389782815186944
911219481510240256
906624202094002176
1114589735249309696
1149924761457135616
450472839
833616663559938053
2684602124
2614687350
3038995080
446067007
3956008635
977073370108919808
2546654130
512210618
478461400
20751449
857513862546939905
3691653492
141584822
3167842388
2647932062
1091651693391953920
1693563372
1116227990898139136
253687000
797071627632525312
1013873365
1085378281396875264
875717331665793024
1851849618
852573679066071040
739139658794172420
2952276812
999975664466911232
807889437812105220
119933341
3526790663
809425328506568705
917327817221664773
165095818
315049219
18359336
911844515706744832
2215842624
278975121
181534917
730021628
1133661070244155392
16288496
22448617
1081356422997250048
958123590
492891267
147150707
926785957868662787
2869103344
613317932
17456788
276452562
2398390462
1151355986080235521
126001052
1094908825243738113
188994965
853150752
1078161628259119104
1655180808
37391190
867752273761378304
1118761635324338176
932109187907072000
1126159809529634816
837646472896200704
1039671018565066752
972395613206622208
980445108041539584
996557746332811264
791654197468946433
1047459011405041667
1040131057549365248
997068965917540353
1000661163011592193
1023573757565100032
953310499315228672
987321280264257538
1058731834832375808
1028645861536874496
1043124278281924608
1058537976802684928
1004699174959398912
1023457178588336129
1058321337226121216
852032722503557120
240051222
727962468413120512
82185810
24736473
923303740551172102
22319762
823679486558236672
2747695578
824293349196697604
2272328996
33363355
3012652179
1096951508552376320
62694013
889925425148952576
9057622
1084582921682518017
984987579534708736
397642174
30207005
85125681
23265082
1007446725286653953
22028922
2468512060
90333128
835676407665602560
18745505
1040231613769154560
972907310501781504
991772181091831809
1431359448
469903754
1013911549499539458
983786801390288897
900806794506903552
2602451653
2886983705
2897515304
2305176019
408091290
333945812
4083204135
803134454244003840
3486601224
1419315619
1389624325
292494980
68834810
2182618920
3004013411
23366888
139745381
923034240
541366382
74150555
2833215686
2471343469
102491634
1106583526005264389
1117532939997212672
2863083106
874356765130977280
1093552910
4300708762
927553982389682176
871817974901989377
1021288405576007681
1145822698507051008
952445737840734209
1037580553191489536
1010092397487779842
1058010565321211905
1038728626068320257
715038854215045121
1001755481151492097
273288519
1078683631176929281
1086942096148246528
1048176259660836864
1077114033885503488
1058337921390981120
1038451841032368129
1089498026215788544
767913804130684928
956414735183835137
1105355140716883968
1020907664828534784
611816381
21619519
89820928
69773058
1091641444203294720
1019048537277939712
95463107
1019233145063817217
1091540298121932800
1069177012349104130
1098929076218155009
1102083558917591041
2147807023
1078428330032910336
1067396484188921856
875376583602708480
1096908067944390656
1645025846
2255182597
1362841171
140007331
71788726
921910239875624960
3309489939
891240178265804800
765607935905001472
585771016
154221430
2919693460
556053811
339962531
417221569
770643585662328832
291831498
1004007326443950080
3514597459
810485133711118336
929724470817800192
321574877
465118639
1280266526
1000673468315328512
1004240361743638528
463039972
1582715934
196669615
3157709451
634843807
141933350
260991459
2447252875
421730766
287160987
3236480758
861919265468948481
994204853495676929
311363930
3432800313
615224938
97056567
4888597163
135945771
292907709
1430635220
428985958
2719546707
2885966753
216112769
805746897524822016
1199941272
914227943492202497
4860979829
942849903033749510
978628863520632832
1036747858215620608
1029832665254584320
1019313651709284352
61672704
989123020030644226
2540688222
851564931547668480
1392430526
346253010
908532632
608155186
743408658416025600
39913534
240820640
846573292676923392
831862651164753920
518071174
634790720
4314568937
860032192906383362
1624004276
1030619117617901568
1066692117836300288
965675712651939842
731923926843035648
329691000
815710718339219459
1028859465779490816
992906711399895041
186705963
724678906448478209
783288759697543170
2443175295
1350619688
707082419111768064
919452019907108864
3411274437
893525627826995203
742131155143647232
1652841326
1078335350
3213829974
882961557990379521
66365499
804388566029713409
804015427
968585146533335040
194671030
277835474
809464305045344257
964210070383943681
166350766
883407625714634752
23086378
130991061
105715305
25419402
29756339
234443392
56773228
813471269840650240
732413134238040064
1093251555929800707
891312994885541888
1042665520317849600
17225279
1087333545566040064
1093927847880810496
347381996
833732496399429632
55607413
24211135
809386266198503424
744646121629179904
1296969576
21962442
1108467652060577792
917482148
892563512844668930
1029418849932922880
826822768243130368
57264747
54941220
830207949905735680
870407161532129281
913577600995299328
70471502
862390982196817921
764804052324610050
234944413
826686682766274561
515534689
807114252
4231044867
727662543930535938
460183518
824255303453736960
885659792
900396042461597697
17338636
14545364
1095915410
770517560
838162970
821190869847928832
785226510630203392
262454289
119199038
39133880
29547260
46233559
19877186
185314895
26642006
951585690856210433
721652682532859904
3125461306
2746643045
122281301
20345224
1073563056611999744
760152208512024576
870381944978063360
3174220865
1106949179115491329
145773292
851059680
780700293251993601
790834674
1097875724441210881
222547656
822523566742585345
724717442744774657
17568783
760667704411975680
1033751995184762880
15784671
15423373
205644304
707592774527352832
885839574693490689
828435488474161153
1067788368795369472
783160367077818368
904443102013870081
814238033968926720
747994506943832064
35337786
1335300091
48870758
168629447
5415352
109361219
222586987
748418414
29306906
191619979
1111843415010873344
76012466
2808654915
179175464
405004997
22956220
384910109
195271137
770781940341288960
823638938590085124
935148134505828353
19400611
5509762
919954735226073094
803694179079458816
942156122
1055907624
242426145
258900199
2293131060
24913074
56864092
63169388
442824717
24195214
1060984272
31611298
1135486501
310310133
140519774
432771620
245451804
50452197
148453195
232992031
88806753
1260172386
193872188
39249305
210926192
20552026
25781141
85396297
168673083
33576489
19318314
84119348
112740986
241207373
20545793
58928690
3122099613
249410485
22812754
1289319271
303735625
25049056
869231
147463326
7424642
1152134993369395201
760294044
1014781035391868928
1029743929271377921
1024143053332787200
1043215623747186691
2369033905
935044217608454144
2230909459
1113629671
217362461
106618056
911557736046911488
2258740268
4711452202
857867656296148992
16129920
755113
862430010
29450962
20479813
148529707
33913156
700096998
2761561550
27384718
8363752
4833396975
1093174824
79028016
439751849
475256694
2617725320
231938447
49031364
40063287
20110424
28050018
81186186
787064950317539328
94013297
14190948
4726534534
119972954
30488144
1555758468
14772775
806862084277407744
429825102
1095732899381358592
73053814
545630206
124763921
1071777608
21867341
326789635
2650712830
139088596
943644338780819458
781670063602487297
243470542
163698852
568640161
448894945
895814938995957760
277266164
355797427
916338780981698561
1923748272
799979085099397120
46809913
330341738
24816954
803780894494511105
19991542
3690743603
1302220897
865741002417606657
753637932
1728215900
884176793007267840
1860499152
288967669
406306126
3010665168
314933005
872281572
1134316376640839680
207820751
710206260944248832
2563616719
253187243
2416337267
1141653245464600577
16418227
391037985
849609523920867328
830572043036934145
4839706918
849613163876278277
930766583131095041
930002490820411392
849608589966798848
850011042369425408
1094449963814273024
1126164071315673088
989476690102509569
707618398432141312
1134489869944680450
814144036340699136
849615179772026880
1099026554259210240
2218827961
1032120394877087744
1107718450909204480
443802975
3316514328
244978502
1145305790456242176
962471696
1056255506984120320
1080920926697504769
2514283853
1149769710348722176
2613491012
2728392155
541397233
4185946444
1063457116944384000
1045746801683427330
2535209611
835087554693091328
1115310045967728640
1151294859669639174
110026229
49291898
166726359
527676517
1145780016178966528
945769854769991680
1134631373627518978
1394376422
405086334
20170723
1039665794601238528
109665609
3129045083
21816097
449885755
1114882448469495808
292364588
882639154567409664
965770045
3238149265
29212347
1030484135889068034
1088801803452538882
3183272952
898554438658510849
2738089816
1121890773769678848
1051799366791520256
741499496366891008
218418319
90175802
81224544
4218076636
963517945
1195433144
197690203
763884332125523969
1063547909738766337
1080906859756879875
82258058
3127267084
43970066
923548799716376576
127224190
129559692
540145154
1092709288915750913
117190373
1702001316
2551622670
109273287
17836955
976692186
1201456764
1141802602142810112
109902142
1115584685545934854
1032031907784089601
2615190241
1657846914
4904545437
1027168197865361408
1118321383056887809
2527225914
1132036262670622720
1187004211
409766321
1541727181
1700741989
1415969750
1276123381
2688374262
101605997
1517329339
1056975576211341314
31346154
1591994990
240127433
257732423
1215808158
836643193
1122934666930081796
22118470
593910459
10199152
837952619456806915
219021497
1139367929831546880
54370950
4426368802
919936052479086593
805543502356639745
786639671635750912
997961620155486209
3020041238
265670359
777004766777880577
861416960164286466
2870931801
1202902675
882295588003467264
2153429514
871840368433786880
965655219504861185
1085266622
2281173619
938571992856330241
2579463973
287855698
3064984647
1161646903
807073758196494336
729366190632488961
825823199489318912
770323159086206976
2225668362
1039945446
712815672
2791988124
35115058
43280157
821699497
68711727
2809959174
721190828
256360738
242827267
833988769
55687338
14538949
21525682
90927065
42836999
780812656852684800
801601217201917952
3784798281
16570573
145480842
47940576
771877129671831552
1022833002613755906
4318093634
749338350834839552
720956094005305344
490851806
190664522
2721220812
1110929134396411905
3447154283
896231504170418176
1126845468149940225
1026236161813954560
1134885427507269633
72359016
737431993323950080
16624771
46368888
137384812
22981267
1094044045666594823
1106574459144675330
236928181
442530928
101954712
3439803508
259466137
976242648
553203747
15989722
489619075
36729897
849430658
210602936
251340144
57694001
2829306465
761553148645433344
775513282593423360
3240753078
900537352724107264
862457861594591232
159648236
817590510403670018
822097837467062272
309857627
961059099231358976
928821919427780608
823164201036353537
346150554
8906802
48804338
892197891871301632
242527024
2670431508
219333867
1030098333539487750
796850357301313536
1098870327017271296
302987288
3307114752
1025444650289647619
456869324
121402638
3326810067
267356316
1023200242135707648
749034525645213697
701442971510697984
3346583075
3250951900
906669336307359746
725013830783356928
780122209411035136
4081843955
807861468255416320
2372382383
779209134008918016
763326260546248704
1599757716
872341201453805569
3398686798
3067998633
484112078
902839045356744704
2332354080
186646579
18983793
43919633
21010214
46681100
16671007
34116023
14075928
1591400760
48459553
468646961
16989178
462104542
236487888
230988910
401531071
1013105489914335233
785193515819171840
112705099
153529375
819558568235966464
753743667396014081
82573672
843166807
128727777
155216120
157410178
16026732
22137228
436237812
188715385
36969574
39533864
1537525610
2995207581
331184478
343669852
1972128786
941596028
2936160967
490014312
608541298
3043551557
617537560
2540068192
1710747564
1061800687
2359894468
480785416
702586828
1611911845
892594196
3574092436
378018987
43803786
27588709
31583155
1426548096
384163459
272112899
24828532
355285163
46875439
184596818
2883463365
129575180
108797271
29280295
58858847
110775637
65773523
21030857
110840720
48100887
840589059357605888
636305588
3025590633
1520414905
718704740
2741474783
718503084603895809
36202553
256517975
493347422
601992546
75624069
298421120
1904492364
2403029119
31167189
1013634584448196608
1324334436
1072993274
77732185
130104041
373410448
3397121057
1361676630
14361155
695199223688597504
1415230890
328634628
4872063628
15696363
239036160
918500927274971136
609255938
403488296
20699709
814798646
238995327
3026140439
731847162049531904
345862211
39199068
327475656
759249432
17612548
3233273901
95019191
863230867
1613495977
126433539
2196922086
708547683653459968
352404444
535685114
2395668313
1100669632262873088
888159375189315587
1075974588335575040
25613080
1144619024950714370
1447949844
18745893
131376151
1604280392
76551694
57982473
1059598106034163713
199666579
16434955
20012936
52861612
82950740
802728632124903424
119446124
2600759382
89887215
60166021
468018105
498051521
521495462
936220482
436434778
613592902
803776063
331443257
1084771314
587127906
398433544
392513215
386650599
452045957
250921910
436782436
438136706
453175900
438124586
1158468355
344538810
1029142980
2967174322
550041386
797258274
1158473077
710300755
1571431178
836016698
2968038010
1974332792
70681150
2431173637
2963716081
475439571
2911488355
1076437500
308269557
3997549827
943900644829736961
125598280
385986859
845650396441923584
4633195703
1102342516739899393
336967644
826853688052432896
1119614572338528256
1140645961225723904
281663466
909345767365767168
300233029
968178990837129216
493909686
164369297
33563161
221792092
164007407
111635980
74508260
193732179
31801993
18696134
30216513
2433737761
161411080
24745957
1155335864
156333623
1074129612
479872233
312134473
80612021
1055730738
161791703
1071102246
303861808
38254095
22012091
163570705
385429543
188019606
950783972
199325935
236279233
249348006
138770045
267938462
3018670151
240812994
82453460
155669457
432676344
2916086925
776664410
4304448314
231108733
90639372
787373558
40302336
815733290955112448
567508925
1079802482640019456
1060584809095925762
1080941062028447744
1080587263132733442
1067541214671577093
1075517806551154689
1080584229510172678
1079769536730140672
1082334352711790593
31013444
783792992
435331179
258978932
820705814906339328
742453163098296320
710682575870795776
113364160
872983100
2501984838
294015885
2267688072
3755472929
567573488
298109087
120929251
174751002
23865382
25694156
429227921
143104075
37501003
98992586
53789862
216776631
153517357
1064206014
16076032
26637348
226222147
24127811
28670729
1073588049588772864
983108315466162178
2228878592
905257797746610180
265729504
271160889
99994358
15455253
172511244
720710699283046400
3375612694
395010447
4808402532
313591533
601535938
107210947
31047836
3047722897
1500129642
34348176
7702542
70468535
137472360
1029600409554309120
17477109
33280581
2570133180
19668491
3932768472
21149655
468122115
164070785
21722318
931286316
3264769360
239005322
817661098988019712
38497702
4081106480
71036272
15212187
757832485
3376718313
3837629183
3981225735
44760380
246871490
779123918648901632
78094182
1006482620
188858104
89068115
25314856
2615327132
932781
39419180
39367703
52863923
14446664
469194846
373522445
457969065
2530113698
233288673
52141198
1020058453
23234807
1666577335
30283873
130617778
607955366
64873265
42249432
611875702
3308510151
318234016
1604444052
58302881
261256582
850507814023942144
2402214960
594886554
29097819
83932539
739610364975808513
9427572
792096589191852033
426917520
267494959
62230014
762389795037294592
202952121
166751745
3124986791
215885760
52338305
3530404094
47293791
831307291517386753
4639413136
3995778614
2480268229
17582355
45840174
19291441
24578794
789951468371521536
90651198
1120690951146606592
732980827
2962891515
18643437
20118767
1890308449
190905427
1957125536
812135885328236551
454513795
545068087
261749735
780753406377857024
2325548840
237120499
33529092
4706035219
16537578
149044403
282695161
492163600
478855762
362768344
966458701
183665035
229311887
826600226974756864
181567076
92487173
65879683
63796949
30631061
590346965
1638231860
1177895910
20795269
166307406
154140901
182317200
99564663
102146672
1071741704
72260294
73740255
155590990
1012067348050825216
108121288
187889824
791272195230228481
47325599
66782978
1344897174
2823192415
342034927
95588504
85462891
1934388686
1121554471
1057537632006168576
2924521080
2999878922
90098767
310870318
47987933
725314177892532224
3918457997
756654897026572289
75970034
24045459
1315761024
751269621563428864
245953646
503400523
25429371
34367582
701825647
3498448812
26900055
1618641848
3711628096
274891222
76543481
42670638
896258742
26520948
4236806414
32626129
3558102739
244844283
771529979846766592
119099353
259001548
39334221
138809881
66923871
826404252272693248
300233337
120750710
804661399
105677153
159147860
19367849
36649831
804514651
46747249
17965273
304646849
246487026
112047591
47652227
23617498
2155397910
22662550
2809913690
4763537430
21782597
257338156
1328241824
2417257886
27284203
21771755
87271106
711144080084836352
82043459
13956662
1347672480
37477788
227116392
1329766236
4061566936
2844510786
38824481
787321544
17669025
839227825
27319585
141340085
210319337
864526891
37340599
154053152
82188320
352195755
217295265
145711769
36974383
295849947
3287302580
343982278
499603787
1254412448
133470944
15202483
1030642280
283035531
397047096
2579127882
210820145
212454830
95139347
2565321288
857471436
22604940
118062152
218038580
727918220
1878264721
98077302
48952056
2530771448
2471692340
864218474
152800195
25413556
475802156
20196159
44945327
52824038
15900167
246500501
110445334
52136185
65493023
18646108
4121225056
711188856943411200
18791763
20776147
16031927
50055701
112047805
41673334
816719802328715264
101928415
27989078
24929621
23613479
157140968
236699098
32959253
23617610
16190898
19554706
37666984
23970102
822127086194348032
823693635564802048
12701412
19739126
1079776144524754944
872899013527392258
15207668
20713061
15416505
38495835
2353605901
620571475
26487169
14839147
18916432
17685258
765471371900035072
4301524163
2901158193
818668163466457088
3054472618
3320788875
3077158989
2827130282
2853740205
2845229970
4786028586
3068577192
2835498826
2258182524
3127129595
2349120332
424780993
414995075
818928162449068032
496012442
2214159667
6674012
1220791675
2436022880
1409082714
2447968201
20818625
184958971
1209608880
2369126940
234905133
880018682
823367015830323201
20733972
338608917
77010084
1661739294
474103434
1463613186
619158738
526053302
266913183
283089751
1332343454
567358637
433678820
43982791
1058623250
208525519
455021049
406550735
457684485
57372520
399790225
33326659
81162072
419079652
63762838
291748517
39410801
145832091
342907485
82244834
487675790
99021280
513681315
2578347877
1120382208
503484846
2463148140
129242257
2743051467
246768878
198907841
304455491
3246410713
884330744
2285521946
4764411393
581828046
918239226
791103238980239360
3244345580
2839624746
3983895784
3776415503
3094237520
1148653140054425600
820921523464708096
777133134542352385
1042733094044753921
1351754708
112764405
1013672084
2687764388
960680642777419776
1009857537812754433
1149644207608553472
2687775878
206487352
296293850
310932593
2889924959
14792049
18361437
1612067526
21034383
2842861115
1014307863257214977
18967346
334715818
13353142
466132836
14293310
822621708288925696
288277167
15471305
191697965
1143285125863448582
781322991514845184
758472842719657985
1148759389094010891
1150206665377165312
301153873
457984599
701725963
63525003
624210678
16815644
130557513
368196789
2835886194
247981000
227837742
118784158
835721828
167408971
949356762854981632
28628850
45676731
27311044
1108472017144201216
729676086632656900
25101996
239131063
519095713
200268415
305275926
114539727
332375645
461521888
121341102
494266498
310066839
93240796
35179560
1297913125
319064554
24332030
1105166680026767361
937251306
289301958
1114165828210106368
576458871
713146216985415680
2713591735
940394287837143041
165480242
735967433941483520
994340507454230528
75661935
132399627
158941108
178462340
467048692
116310869
372123733
37457377
163530567
281268896
503534042
86876958
77504008
317114365
28295738
147352409
48177728
23019705
294914639
290319721
154280902
330785211
195962503
560551105
202232362
1026219662
1710761700
20841000
27683329
437379918
2717855277
2800354178
2489577031
2403246071
69080066
3338625492
20109359
77851299
584988532
103952733
15958741
241348393
1365966151
3198193409
398212417
727803307880796160
2914442873
177583133
117042662
460305726
2829251164
835727834404564992
135184183
3513930982
1050779471731707904
507300580
3373715141
927484164542291968
1093022476710350848
1026733681912758273
2843956150
889181105034854402
300389904
1150693205995925504
292280009
954803525833445376
1615420753
22355301
1114464499
60857704
834706563474550785
17850785
8161232
986262465620205574
1072857755604713473
4199812846
1055220137891119105
902188076604284928
39550144
897891484418101253
961136998902849536
351908927
894981351329476608
1085462997961662464
1148568413717061632
789605024
1094516463795429379
10126672
702628629814124545
739262660584321025
529540495
203652149
270876393
3214594359
2439837367
4305567313
266800181
3407874323
1002180584255275009
933415199457017857
1133516248522866688
1018743643031523329
2807793210
770915952
10781952
569905986
4911278168
4914457306
256950952
1086158970593587200
1071088555508686848
1030448949071695872
2583681403
1087112557016596483
236548757
2469904999
272289786
351008993
1422391526
1274499866
23916539
3114840137
996668448913674242
746663739651399680
20145049
67277831
3017241909
2479791938
20524180
47590339
493561725
14788128
216496962
56561449
2908170952
91882544
29458079
2417586104
18247062
18266688
25202268
1058807868
963480595
818948638890217473
54412900
18166778
17800215
237348797
262756641
23022687
216881337
1074480192
88784440
13218102
1249982359
29201047
10615232
60828944
2964174789
1099199839
21157904
1068481578
172858784
47747074
7429102
49457868
788697546
1090715513586679813
150078976
36906151
23403718
38635618
39920567
154687418
44837987
47502871
137202790
2927460380
794165202
579494920
2595946512
2842830110
33887688
113831577
582386994
1675069442
255605644
155814794
1095590490609672192
3300555600
1098112650657972224
79712411
40129171
85978711
1078377495798431744
3662792594
831088844657135617
250130269
430749668
825415463882653696
890788841195397121
135578944
1279577082
3299573022
411082878
487118986
89897919
3108351
332383854
983766825610694656
1626294277
724048481099243520
1652541
262099273
274912742
1067125260124860416
974189997569007616
1273176480
972520047020265472
723140310554038272
1416768312
1150312635839242240
1149031013303160834
1130453157513977856
1072555148436750337
625117920
799775658058596352
1002591012504637440
300312961
1131682282383785985
1711341650
816995660729679877
849918715
446028087
895330725238419456
967027984426242053
116356889
890568328783183872
1123732252939247618
1082043020265095170
1601915029
254449849
119031227
1098217034758963200
946409432191139841
801757526421368832
1132274499053735937
1236558109
1059077949167677441
39185810
1125200264456282112
1143471215262126080
1974341684
900352691477598208
4193787494
235247792
111849216
2961513324
714833508536070144
1133170227003437058
2197833648
878697981884727297
94499619
1102897068769599489
4659989892
1117241836148445184
2956700802
958921874523607040
792728622448730112
1095559737507233793
79229753
3301485752
2915629133
118876530
31239408
44409004
14230524
248384605
937997637633970176
859422754881273862
391974305
216202805
952513398
993972744168591361
211255387
425348123
563238643
126907896
1153057080
3247420626
2829595964
1014536935157780481
252521025
1124564746848624641
471962496
910760037982674945
866836853093146625
770119769831923712
958731345085239297
826802745575239680
784615534268645376
944407139438665728
859747090280308737
1035177366371356674
1356577314
931338874881576960
775747139649597440
796353406176620544
221162525
18915145
1095261510987902976
1023796373953671168
3223506181
766224028851920896
29431996
21111098
233737858
555474658
264219447
21269970
5558312
18632666
266133081
75364211
1071402577
600463589
382791093
1096059529
202206694
76649729
73303753
16056306
18061669
19726613
234374703
216503958
15324851
249787913
18137749
109071031
7334402
946549322
109287731
486694111
117501995
33537967
293131808
242555999
1058520120
247334603
357606935
2521546890
278124059
476256944
282709571
72198806
15764644
16637487
850765289641963522
17494010
820378690920058880
3949525095
160010755
21001599
751283435382067202
373564351
938540124563914752
2321540005
910492003359760384
44909288
14338931
2334193741
845313637812244480
15271133
18184205
379408088
813158712
620197006
4242967601
17888709
2840227643
160244947
60050843
872374136
209708391
603293938
838886012990472193
439125710
403255314
403245020
158314798
176566242
181561712
84279963
105119490
79293791
268414482
23375688
26565946
27260086
24285686
104288093
15846407
34507480
56783491
18228898
58528137
386244525
14920785
268439864
4698321726
116600330
17225211
23286936
23690344
115485051
24447643
17336417
15485441
14824849
19058681
17020962
15439395
90420314
17753033
52551600
21447363
19562228
19211550
17980523
232901331
592730371
35039490
196168350
313038011
358545917
27000730
19091173
17995040
878247600096509952
33152005
18379614
19697415
95092020
18208354
854985787
17156053
14981648
116994659
107225267
85728309
12267642
414476186
458733840
21611239
25749993
1383272101
216065430
71048726
580312540
46197784
3058713120
68547548
716813053
3194584159
146712087
305287070
49273885
303804147
323754242
1873782870
937713890
1358923406
2753003748
3390055271
104068477
442776907
611318385
212404689
2722594750
50578347
36248931
1517035471
203714426
628698139
800760858204770304
2828796622
625070495
1060545835
320316891
2688531696
559614467
70784139
1363206528
2770140154
25852910
636216638
2733001508
813477602
712768784
74287341
22140392
1072473779186556928
1088710527625428993
977238846046949377
1047936383648780288
1033627751390035968
1226458368
881615056437297152
2478729888
590068644
2354013972
2376002342
2192592792
1018994508472639488
326195345
15484063
43303934
206001945
636586551
95894506
410232198
2537867839
575905433
17385903
21917716
34317032
11885742
38762773
21654739
118975084
112475924
280811825
66182591
15876686
104070525
79489732
11348282
53082555
556151596
2707961760
15684633
72842277
141376289
14729597
27978241
17175139
19808176
44562973
128292609
594666501
174847568
21724904
98247788
31037199
7019512
12096202
4099171
14085070
53085342
16326882
31443503
19767193
799047255378391040
561516853
15656663
34383891
825518870421180416
3938173949
886032877011558400
732515283902943232
711281977144397826
508006873
2983250529
757118699212009472
32671625
2918161040
845392971381927936
15127834
225265639
316449565
252357183
800111181058838528
802649176299466752
2764811815
755835576
845833560611340293
2173054549
893316758987128833
46557945
52392666
17642747
25466022
121869155
33773592
2885543426
398088661
22891564
798953701972938752
890420011965308928
1219706868
401191173
992101463395635200
598986879
923325871200620544
751922199460667392
251832998
1069502738332033024
1642669674
14993272
15976705
203226820
461841349
810619093749559296
65497475
39279821
17261066
18464266
15676413
125453969
54861430
212129844
36697842
69004966
50966681
14326865
157457817
1147314620970995718
1137661330192818176
2306006378
1039053985607340032
342249106
20772763
122264472
939228584597753857
2417085025
70111948
372563164
158472880
2976183585
837561853
32522055
2330453462
22929686
1082975036363833345
1147107984461332480
872460123125448704
1003107003693137921
248429222
2322580746
329276626
1707636642
175810297
2848993491
2242940071
747807250819981312
1976143068
7401202
14713787
363997684
6433472
16397147
14260960
24752003
221898261
18345919
39262155
106769801
596812930
190032317
105901883
868010467452755969
1076836486278873090
774133020345311233
4697104896
1035235295569080320
1141908419311390720
469898360
1129636740518428672
1129931234665148416
106320820
784890784273215488
4834540726
1321400696
18549459
930552552302792705
1139555726182027266
879502996173987844
6463
107237287
80001131
47085741
982996046
2474749586
167562422
39100536
2836511102
369479022
97086952
182524533
804015436979277824
155784594
21268897
21696279
20508720
50446226
2303751216
16017475
15446531
546135718
274699227
532779460
9840002
15567770
106204123
5447242
48926143
1969097227
15302774
2740108585
27995424
15075999
14989516
139550237
240107748
25235151
704391334128394240
116835497
130684893
19878055
334921581
257145200
57338175
2853461537
118567880
1398479138
381289719
69441586
2835451658
391534562
299884340
630415325
311633735
15033883
11347122
35391464
237845487
586136477
19119809
336851461
274649460
138203134
238319766
163755960
31080039
34793170
47216804
499073990
284602545
32004130
124003770
502281810
82455213
16305330
55117855
139823781
2691552012
19568591
26053643
25203361
26861998
21148293
44215023
342863309
262799542
77234984
94357028
117777690
65045121
152656121
13496142
52939106
18091904
25365536
35094637
53153263
198270108
39538010
77596200
14631115
31044097
326433617
2707085628
3045177269
16794568
16580226
20015311
34743251
19515424
16303106
44196397
17939037
15143478
18948541
37710752
72064417
81825702
37972440
53338746
216430965
180949358
19725644
14222536
950854527846141958
1025933393584898048
990919553201864704
38036708
1126587719818170368
1087845700531118080
1087151182987120640
149983830
3149317025
3244270372
1123620143635017728
1045489711802978305
207091952
818700778172887040
940946918506672128
413407657
125855396
1144173687303811072
1146385987271946240
1133400181330726912
14389183
3197048101
523911997
3094269084
825169872032239616
48398586
2962550997
24470087
1085170027
1119897456492171264
873115441303924736
1917731
172814396
204238767
1139565827685044225
836724024688410625
432895323
988573326376427520
14344823
15745368
292929271
50769180
75541946
41634520
22703645
245963716
471672239
1180379185
19397785
818927131883356161
22203756
818910970567344128
822215673812119553
39344374
39349894
822215679726100480
52544275
3947737093
39568851
151713485
7235452
2327592480
14965418
14982804
4812131
1044917338070556672
19441929
87282515
2155771134
162436508
19629038
274294204
35773039
16459787
14551069
3109581
1634248890
68752979
15907183
208643146
69426451
47438401
1024712519712104448
835792136675057664
216299334
39392910
312404194
1553144358
521503652
874481815
521528729
538508947
74572650
25314150
79896855
42645903
21492737
40709264
37689091
185420422
41591898
67961159
23501022
259375460
19735580
33857883
42560650
36139166
785209740
29442313
1640929196
755057897583804416
27493883
970207298
14247236
30354991
90959399
87011147
215207998
36686040
3060489838
237627239
88763317
731132367058968576
36712233
15464697
47475039
1051396218
242368265
289342771
118245138
165944767
82678132
15838676
42313640
18382184
45882011
64417485
243731054
738538436
21461944
24935362
78493432
453319164
21348880
18295206
30451813
15971233
15808765
53530962
246939630
61355746
21612122
16555985
252701314
87584353
16250929
42995067
1161879818
28113052
130945778
70144495
21251668
12897402
22103425
2332617303
12340562
79743108
83668232
21059255
1965420800
291774022
738080573365702657
830908366377611266
251918778
780206406024691712
864143250239651841
1339835893
1330457336
50393960
14962779
15198507
254117355
1286312880
48802204
17291393
59031230
46479416
54208274
184136149
97474887
860555190
18227519
17006157
49698134
382685028
50325797
147467535
39000115
12354832
15441965
3223426134
325001316
471677441
218975278
138108708
701750402786717696
14529929
372536101
875029068223315968
834081571493785600
454071012
2573480784
774407512598704128
32871086
15433452
55948054
312326409
926620369
2196438887
30583657
17572632
810276139
309315112
15766082
318824646
1059273936
1135644878422007808
984000451598221314
4888600459
222302211
1040191551865905152
1105802177656864773
67835392
1111688023777968135
1095252390222196736
933367969459052544
18839785
1084662134858891264
1130784533756895232
719926171400544256
25073877
1103100883158491136
906912620371783680
1107200654664040449
1088487493152866304
1109431443199934465
1074708271586410496
1069802828418506752
2292733482
915489342868545536
763877160
856879514735054849
946986003977289728
1046729292023980032
1096127985277652997
1092995785560678400
1109380135365562373
1098820178287177728
1112303310378168320
1102178603893227520
110433753
1141034695863390208
814808589688832001
1030462980092243968
1070686536734253056
812987263848185856
855997772515786752
1095609427367841792
2383933148
394222102
1023232327051292672
1039041844410118144
816220550112559104
1127060131596816384
896242049422303232
1108012183323963395
901477858047967236
1100423782710226945
746964130637066241
3437532637
111944435
97217966
795531793143398401
992089703938772998
1398685142
1037169883992281089
1102482952590626816
2437940383
361914765
714409065300889600
1003265190970970114
1107243271611392000
749261331740684288
1142754941993250816
2701204873
1108511154937094145
976441307861258241
1127945087319592960
1364024624
509135469
854292916747087873
1073598097316569089
4756564633
836895348715028481
3104738804
1142356701019955200
791421506
534441094
1124524959965913089
1025346744094081024
755942163427590144
4391967072
1092422041477640192
1138839448861302784
1131242568241410048
944836224677683200
793007843981099008
768720956764352512
1602756109
3283297495
1079851211883393024
334232372
404241645
53295087
282554062
381090926
219454347
590725765
489227786
979946830212378624
2244005600
852881731451461632
798524713244893184
136653856
785677969792589824
322603418
49204865
20109439
46817943
428333
769641584
407396556
15224867
71294756
30043495
18637396
104914594
108617810
64916983
22129280
93069110
39155029
20813112
16930125
19186003
23578274
77032777
21252618
167024520
407013776
997684836
78694788
217550862
737216524512047105
3266589606
980008492818771970
1130217302677286912
1098137255535730688
3025655742
630308439
3295662680
1115305015197876224
88409570
1005105106704953345
875304875269079040
1134858622972772353
3074625091
144223528
1135850854315991040
1135270425296900096
236825458
181597561
805417208667054081
1133313566126174208
1905090132
831386988922142721
309512660
2362341295
1123149318624407552
964047789607985154
1064346891113050112
2372041297
844938153177878528
947119154162626561
750736360009596928
2417055728
2674899160
807414865
824704381211734016
1139803368304435200
1142117932123619330
1139057787076374533
4722710057
3305648377
1729583396
1115413643779141632
1141867519449292800
2877976140
963364228357816320
875588133273784322
1143544490969272320
1140851950105137152
1142387435650703361
381359107
1083300321873416192
748708484594610176
1119822650031783936
1041558002552041473
1096012614499364864
1142800014265032704
275382136
701422444947644416
176690422
3449139019
841594330200567808
1143547627557941254
1135516457171898368
1096989039712919554
2941652906
3017859833
3171712086
1368737382
137780376
1346439824
2183816041
250188760
24466578
975200486
825518317
85794542
233842454
997218538933829632
1032764939432288262
2316077538
439708128
14362404
186585181
13162152
2308978855
49105997
22843167
126722715
818876014390603776
18772897
42407972
1130042420
51187153
315331161
309282144
281830858
19856860
18658280
171323916
848148994102611969
40971003
3333055535
2863996955
152142811
19086859
2833177377
14709326
19847765
11640472
22034409
297632458
757303975
3012556887
757893380
595245502
21879831
169968593
237477771
14125005
14278480
215696948
3384669755
22429979
37738073
19325156
796887899044253696
17074831
15576928
28882005
14412533
35315192
20764031
804343686310088705
16315143
467726691
831685465250131968
386215505
2415072836
52661430
1622051
722242009
2800581040
19084896
575568811
459872442
2382106993
18025377
874397960489975808
2706430603
817166972764962816
2922928743
174110843
19346439
130496027
7864222
13067732
12263542
635608354
16912124
2861309113
15276573
29179337
831075116
594175899
21175250
11271382
2407335803
110772878
14849562
425963964
138537014
74799680
169586280
1198406491
74853246
330579721
80654397
326439788
935878895915667456
261023298
2717254872
610659001
729821560144601088
1651522832
14298769
20715936
2940964728
172869874
43409523
1005435280948715525
148116121
820354372827758592
2598231787
21212087
634734888
30808826
80903194
30395567
7786612
215786554
4726207589
4207961
18586983
30013010
1132012321
402888514
18622869
59157393
17004618
18771370
15220768
18686907
61734492
15463671
180107694
14270650
13524182
326255267
259395895
22771961
37590426
18018355
59331128
269448653
1347255096
158426909
2233154425
23544596
2687862012
50464905
389853429
2683953930
21872269
92186819
180535644
366010246
14540264
18678924
163598915
168684891
17436250
86129724
33919343
14515799
18018946
108710418
2358945534
712291100669640706
714401532272320513
85509895
952276811945336834
354254925
552741802
860123351154556928
929823128259387392
817787882395955200
435232010
200554940
1004036191
20094409
548384458
29501253
186667011
31565351
45544324
273700859
64209556
2467791
69231187
811229675758505984
185159449
9959702
14159148
783214
415724865
39927901
452830010
122453931
18916728
303862998
7855062
58504135
292549803
94628304
2835276183
