3293870803
2617691587
301684107
407472256
2182037360
878844609731973120
974847595586584576
1051959982005080064
935432742900137984
564419580
1125740926754668546
1085307176501952512
879441592817287169
1011083500282306560
905207232769384448
824225864250314752
1151683529119432704
1107997022081024000
1155872601689874432
1120098811
230792524
991597120833703936
2604857203
187763403
1099540062377783296
1151417911002615808
1107863988967071744
767597637558079490
1006003999416332290
893182870654767104
140513980
2437653612
2596795626
701764234217189376
324119610
223529798
984455413818109952
1014761393046761473
44856478
804315596
993660929333067777
934979047385370624
74287341
23129668
1082415893144064000
2757535264
1449797970
234947344
899368421330010112
378259736
143086518
1155497149
3601779132
23574562
1136255249826476033
917547813784903680
2364779197
910532628465545223
1105120788015968257
1081156812831784961
786808065047748608
1859123587
2791294782
618553720
14897792
317216139
405212879
847921285065842690
368750485
1117590479418216448
1092268705994526720
2312639992
1015793141318856704
1116663784385515520
2869116759
1268708484
107174526
183548902
1949132852
3063115834
1654049378
3332483299
1950804739
259750572
2569068973
2617917961
821814254
365581151
235213723
722348665503879169
1064466997646434307
544111683
839056163039653890
20581002
46952823
2343868746
1096084052
826188694499401729
1018192221030494209
3171039090
767992536233238528
892836458
276688330
735217866266447872
752504698532495360
3014139151
1013105528
1466182020
38549946
43509110
258426088
466206777
899071135253315586
877697632436502530
3153837282
1096073000359788544
901411999870992384
1022546028002729985
832389511757885442
183143429
153324320
45536309
927055195
765758430476963841
984038300188119045
23184591
2794042491
2311098342
885953601067208705
754902830
522178570
309153127
957565185304117248
866953267
53297035
103595977
1748820937
768852799
2888753069
29717083
736065423523774464
2444096628
3389750943
3116850425
855001992539897856
356407124
1013415850051809281
758430193853734912
452545583
3314486832
150592308
3317555100
21753847
852039852
338270278
450242539
1045896568166141952
20750406
307586460
800878566678237184
973501558863220736
910944357473243137
941708288
3031835377
4441946787
1427640787
353607508
1534066765
170877963
591708817
2865721665
1629626840
821337379
801185159433322496
778041877828280321
4693997119
414389036
3266258420
4048519160
953738445557559298
738017466
773300029901639680
749971139682660352
54243837
54956437
277478106
324896218
298029693
2893477011
87715935
58171977
1362639276
3061255931
76332033
259808012
873542993231446017
285165232
4633351877
933148520449695744
1017197881
1008751687505506305
795494508213501952
430645155
795813206673408001
1022293523301711873
1064337290162593792
4577436442
2646107533
325462818
107391777
339213186
26748889
228586748
155230346
2154127088
958469927849091072
31672557
2660384088
961470861772402689
766892857978261504
2329463569
142474747
245855377
298059805
28173220
2414595612
1041433668538060800
3110482409
782576753898323968
356850668
3091256457
2743932870
804955748090478592
936351396684877825
871281339105923072
891891266090184704
15060148
316832974
611394081
3224035879
69964560
4018961119
78139914
190126197
235105244
117671688
904837675
275368490
907284955285291009
834344427011313665
2341306112
736269214550482944
17053944
467168597
98877698
20104025
14862794
17383073
15926727
16110508
191723833
133562519
1021965418414522368
802584125844717569
231952307
728555521771331584
2910454074
411994804
379613307
1010031718739275776
2342923129
723762835
953040600076402688
620586403
3166968282
437994120
168508631
3383275660
158860937
158855234
167026932
2230791512
864090593080754177
991836753920114689
25950355
41561657
56593116
27013292
16949344
88914175
127910801
115039678
21237486
71210524
2980458689
35306978
34222024
123582098
136325501
388345704
96102210
27596259
258847118
943118945204211713
978671691965583361
896137661877960704
829881163472916481
3288555770
2493828409
363559690
773377040661831682
3254374742
1036810750293995520
314585190
4176209653
551337710
1011893079974952960
573536124
833121782660005890
776703600525398016
771519208614141952
238130907
928821256702459904
965673353758552064
790645698
1027767080139935744
3016135655
3023416147
702991595482832896
3335762136
3340551119
23563912
1024516552203202560
776567423398912000
887827401450807296
784803193779781636
487833518
