173984769
20972371
2899384469
1011817655957893120
184230763
16318973
23378774
774433951737901056
64863786
74287341
877667395778732032
2251623492
14734393
1378590138
229836348
2432763469
793750172853530624
1377268357
3324037438
19518147
3065924818
946902009520754688
415822027
378259736
1194843936
848946771342635008
299400903
2553075912
706821980754989056
737758605743558656
1973062699
600803781
706852397843283969
2895055576
823939969
987645988037976065
838887334410092546
3250828722
241600279
479688911
744046387365560320
862037690597953537
2993673090
4905973937
247426491
3166881376
220675687
2294792470
355036400
1042780530130006018
1098448866008096768
283927180
17482498
28632976
830198506656788480
773985793937465344
794484039969280000
86176601
164345736
2817019616
129472583
780449805000552448
1096803742853328896
484415967
862444676346806272
112838571
2573999336
4835232609
308613286
343573021
2445453643
2481268148
1573184287
742798658
2446027938
173861686
931824069061816320
3595559772
891307452993597441
1694401938
718380758
862846322398855169
1589046073
128275616
3415647820
32378628
857990644840706048
633095212
87656389
103887642
3233774276
775894463763755008
3349837203
893084058858684418
582072947
3020640045
210514107
823344990860492800
2402135329
390250064
358338367
14461948
2478635209
197270143
1511360216
15357521
26287962
16619709
860936891721543682
2693482177
2336821141
100344718
1608950586
403163083
48473838
52889950
76179701
87657092
87657446
109379148
18049298
311052101
224991073
1057703224084320257
523433085
330055239
2882832747
49042836
273940910
2588982680
3299573965
3387604695
34317032
805931294643331072
3006575434
3403702517
20650723
3412557759
87706747
2499847579
2254399340
707612153163821056
948994812
806959215013167104
992980506693189642
800760858204770304
2923130370
1040972517240762368
2420858653
746107609741131780
1692022110
784790210349502464
1486740432
2844389758
2847115209
2673576353
824291863259652099
888890201673580548
3355569275
1050508072362405888
1067147657083260938
1060940813209866241
19918353
31106472
56791988
1951518644
787855427753025536
3069337326
