1105867512841949184
1079267210420518912
1115473546677968896
186493397
1059909736815050752
129016346
2949750540
65076749
891887017461723136
1472965603
2516866640
1155219569256161281
1920703585
118618378
2924113532
1014404232
882974017220685825
2383089198
1044536737878368256
2973660471
1046257320
743299144953913345
1129947395486310403
1073281874297085953
529548017
995151343198375936
1150833134965075971
945465833437921280
2939317487
1155007611475042304
1906664292
1082423686181806080
3383706322
555983444
1015322935475757057
1154695865182801920
284356927
106942849
1145348603956924416
235588302
114330546
1068491110887186433
736921308068470784
1144964688427585536
3430087347
1081026287731437568
1053760966352138240
1135163329918525440
118349264
427898396
1152827008403103744
1066493334049316865
2540116640
139174617
770819747512410112
632439116
4836434923
809464305045344257
2306089717
1080873504956993536
896388446129975296
1159175143576494080
633098837
930800491
1079846848968433664
26614947
50875111
1075356732124213248
1159425294069043203
360844150
761217346019078146
2441184652
280226966
1079208902779068416
37305241
864819913
2645233793
720278701594677251
925608469926989825
1159378209768652802
209924428
40665832
2248188546
113966711
2511554851
1133402577775857664
619507048
733377709
1110892330851065858
2477277813
1468296552
1085353579949494273
1109266696114626560
1212018954
578317512
327653155
2347840253
710864108992602112
341610437
903267252836995072
366453298
930798403
1000566061031481345
2319600500
1263202135
1924353668
1131359679655944193
1121242586717544450
1131954269349920768
2313940845
273049957
1133951046496088064
1108061876271882240
1133537857774194689
1133939507756068865
1134206517207535621
30994476
1135956170999521280
1135525396563320833
28474574
1134510772715958274
2436029621
260987003
832392496718049280
1137490281404731392
1087687133802971136
997794103516647425
169074496
1110803367154991104
488101851
1124137232716136451
1151915474118217728
1120658156496072706
935910557382840323
2897135731
1492518764
822552920369537025
3323200009
1139964126523023361
982947468735406080
1131663862271479809
471213905
1055791254628384769
1139390982816821248
1112475448301240327
946844889114906624
279265784
1103103779514273792
3388331092
983099593247387648
965946160555835392
837046594713309184
735298832230191104
3852108612
1146927025413742592
1062800841990643717
2965122603
1326028286
1148465214402301957
1133367002754703360
1347480024
1122992458516848642
59644951
811100510
1018433315903328256
995926212848562176
486333446
586708965
1139277976477077509
212596490
1129286518688948225
3032917797
1148841096467931137
723493115642953728
813840638
947294719
263087043
1128986477613002752
1069294408598765575
1104245791474933761
1136535719516758016
1068913558816198661
1106220193037107200
895692075303182336
3375078981
1000109468
318042231
30731649
837736361272741890
923517220591894535
25378838
474101698
283156010
3271990380
1136842983599251458
93977240
21890241
3337800855
1125333180989497344
231099855
1127199329171562498
1127926566892310528
951935963638456320
2985057505
1032847575093858306
1089173794684583937
1133147496975339521
86318923
1146995082568093696
1140405595733970944
3190097450
927650428564762624
1002168708779954178
1109866315
1145146054750416897
4841807599
1154936658690748416
1146586582591262720
1079848049323712512
16223514
888405706482831362
881197396121800704
2202215027
1140347886380703745
1146056633086353408
384520119
3996616355
1096479510046953473
1092898776837226497
2845369716
792858596405026821
81924497
1155145325356703745
1023827408309379072
1156332576883249153
1082005021867286529
879546621951852544
110217659
1137906305690144768
1081481637286871043
389344493
1063575485999833088
4068249639
132625143
712089908752596992
1152245914754568192
451239705
1156754118318252035
1151435211881832448
3607969874
2942537864
876953524650881028
560983519
1145503484596445190
389436039
1064276579646349312
2253761263
4451014235
35653474
1142469254614265856
1152733987162533888
1417872966
305108005
748663004019970053
1016278194033446912
984221292890087429
1108383194108198913
345322960
1154382955114115072
1134191373278744578
1000112029938737152
129435720
1388365154
303053643
232236728
1156313981251928064
1084061842903830528
772869444125102080
212978693
1144590293326544897
904405621944016896
47834472
1151629018896261126
2709355112
21936116
1465449266
1158773647370280960
712892757
14851635
1108110482974670848
51721514
824745685589319680
2387724260
999507125163450368
1055161451613061120
487119609
1102922695627468802
2746965839
816433244354723840
949795524
1100759651161919488
2917088971
1058136206
1655339198
151447096
990432248657858560
1005784994353119232
1049604629208752129
2359608955
1147425861114552320
797937323707076608
796423663
715529949440909313
1124425687782371329
1157410532913115136
1160236043192414208
1037072497932488704
1128490144305172481
911695668535627777
1283853732
325172419
44665311
1042657574
1020110645428195333
46713414
1098183256397074434
1050059956915978242
1097614234614226946
1046366913323040768
839723609883033600
976323560
955436229180477440
3221169342
2958942862
503484846
204298812
1044065281457369088
819812292325875712
1148635823887306753
107410883
976572698775126016
875886390512431104
1636788799
114494345
2571914872
1478629651
817458603871371264
1160751590065790976
2662958732
982989860091736065
716761316476788736
460848725
69971165
1139393890341937152
869877143739785217
1155191239937073159
27265500
19047089
1127354205679710209
730386605844930560
212723730
897266653611913216
836736327068577794
1072551536071327744
1112418784227127297
23159773
803350130787315712
615629463
1151572952892227584
1160711329147002880
1020760605257621505
1160343710024048646
1140044792799227906
15087675
898840692
175828319
910302068858130434
1728681320
1146865753666260992
1140839394422640640
35310644
2209116703
1159862662941093892
1135420650
1147683781408710657
1158561785215107073
85503348
1055893126982852608
1158353587208183809
1031364712288669696
1159858265620172800
1097632057839284230
1154970116783783938
1183846555
1098929505266221056
146512716
1115233255
519211400
1139871601858666496
134439764
1006582746800586753
1137338312757317633
957476326247579650
1911932756
1044453884650049542
1158642285996728320
3262843884
822569803940556801
58840114
609297027
1030242352185651200
3352798438
1282026144
741977462028926976
1002863843662598144
1026769006701830144
729272366
1666122666
1020140743929880576
247002793
1045479285300109312
711953960375099393
976163395283095552
1045581964290469889
1045019810977992706
843331082002939904
1044680213756628995
708452507
4204765978
1037776179095199744
262873499
1099446110521823232
1109182241966559235
1116661809946202112
1074032621842247682
1126429366244786177
1083627540684656640
1105867474216644608
890319316327047168
1140970025593036800
1121867401845518337
1141001332112920576
1146393210668933120
1116145919391440896
1143325659340713986
1146619435534495744
985640581513797632
1139303157207576577
1151991040083210246
1131729650072326144
1153360559150194689
1129445683168186370
1154081228930342912
413735866
1144236330668478465
2186834279
1127687663362936833
232487911
1150584990142537728
1158564767520448512
1069070495037960193
1096691875124252672
586080132
1077256029216198656
2376237984
3801211092
1152397303124299781
714924044
1155808867051364353
32322238
958076909023322113
807694387903942656
308788455
1047486432393146368
14130643
1031537224121110528
884455440293269505
1366589989
277431039
526984016
708459111038357504
617990590
741097850956746752
292904253
123504748
971107527524999168
69862008
193606662
854077322
410205513
1152064502336229376
80472109
2849861781
1206881666
943312283358216192
811300950048731138
1159763426308231168
807982075529699329
783383991210635264
742755161546821632
1111126172245458944
1159921012445761536
1126249363171434498
1158808995915882496
1071427024873512960
3418109061
1050847199930798086
789475871270789121
1133449378633588736
1135937700203290625
1140974964260122624
1128780678059966464
1142451206348070913
1142120507023777792
717958574
815739870723407872
1143567497750294530
1137127090048962567
1131879573086527489
20846517
1144646673186078720
1137921655341080576
1621147141
1144569817653030912
1021118412242628608
1121695430302142465
66492730
719276823809540096
1117876295587848193
1147199051634335750
815848468929454080
1146071392896593920
988587008493748224
1137034762915405825
53240401
1107538689004130304
1148452874831179776
1126421702676754432
1153547624848527360
1120898586470801409
1154857150759559170
1154487435423698944
1006549969375985664
1143475380776558592
1152772527749513218
945660918872068098
1151262203091267587
1150135590689660930
1152114511199051776
1079282692645109760
1144372080944615424
967739788643196928
1146660699713806336
1137813306188738560
1143529807512264705
944145019
1146957235169517573
1153635556930281473
1024703937956466688
1155639217076285442
1156969272314343429
762644226656133120
1150326161022451714
1120834837521358848
757862089
1143352786974679041
845328797608108034
1146358172
1159502692500328448
42481696
1143926498954493953
1159567808927326209
1141175256205484032
1140080481561718784
1127530090152235008
1091014169292390400
1130854087501725696
1158132368743575554
1159010863380127745
3392602667
1159573496500015104
827965580607119364
3066782987
231486970
18810707
1477184696
60017437
1852702196
887384859710238720
19932758
1156239333667553281
3318251399
116421570
1559961348
889495396082343937
222877429
741268219261030400
288583506
1466058283
1145890329482027008
978396990605287424
2292654810
1262524338
71265849
26072211
704530398055788544
34364532
725051174710333440
293064286
3522769522
895474930694934533
287743876
2426513779
989215134693314561
20209478
2944851009
2894032402
17522884
1122878095663321088
152145921
23450159
2565676710
4639413136
1222497638
994642404446793728
586083217
939940807322296322
4184788814
916737941157720065
1099388607020912642
887075979734155264
1151944067053318144
1148538354176106497
1147299825785999360
1148622616560906246
1152395335701938176
1152484194922180608
1151663975119163392
65707352
1412514584
1119755580955082752
1109123173260423171
1126367048777342977
995449458
1130449113647124480
1047684281605279744
1116843543270526977
849688991855259649
991429497466613760
787572119810998272
1101446255245328390
1114353904475676673
1121913993356910592
1077653457459388417
1002462431824699392
1078729073852059648
1048003120255516673
999369064253415424
1036725829974347789
952612069118967809
1031317494433296386
1110536375252729857
1144257739842936832
898375258171777024
1030910903691223040
3242724166
855878044254429190
1021166929522962438
1035941080716464133
908882089919045632
1011977859844444160
1109924246451601408
1496478013
1014277164387176449
4092631581
963216468698718208
2170984304
748987940190056448
1017788105527619585
976512449737379841
962363961738805248
870963566488174592
384681085
927747499686842372
556589225
976468015586963458
1000777433732272129
1012769000366002176
480566109
943168718720458752
803786837986856960
1025273209330061313
1014606809787785217
801912555836940290
891483452138246144
1112300240365862912
835676806455832576
374041135
27490839
160230699
99763265
25756064
86183638
911690323616784385
40968194
1145422212532297728
491631817
40504902
1144036348640317440
1158123248359485441
1144027674496647168
192744155
874749974474608641
1125249494243782656
1146799404462018560
814217248021872640
812420958778720256
1127811338
1130602016194125824
714579210870853632
2730264319
962569291152396288
851094918453895168
2946730163
1117931959697723392
431539435
1125508991554076673
1018568361687601153
1135862524778299392
27503607
844627813592453120
15266657
1134100976502280192
1120361543554740224
785696273122766848
948606996848181248
4460047580
1002526165775650817
1005974507524243456
1047280718513102849
2914301158
821529131334664197
846294541095264256
1158032336916754433
1019255655964729344
2266156826
2355132793
478640581
1155075636882546694
1594409988
801445743454289920
1084778482440290304
1158715466254360578
822951017574793217
3600767297
1156029479828877312
54061081
957061131335385088
1088597324262244352
1019276505296392192
39344374
1086127272539668480
1130540201825185794
1006905909413666818
164937358
1087098944511983616
1159101722708631553
1148168774153060352
1124982442744377345
1150644277673955329
1156525713006178304
1158059178721710082
1055836384810827777
1117607024026583042
1158774799545655296
1106982262661410817
1153974509357215744
2285780189
1149561289393336321
1156922089879871488
495803514
497419233
1157167320751460353
1127284512973578243
1152958508096270337
1158562549618618368
1411350366
1063567831168626689
1158646743136784384
1156802552869974016
1158514147723816960
1159147285495705600
1159182690098253825
1121133217707450373
1159165495125450752
1158920404427259905
1159057161852469248
1103229623616266240
1159166731488759809
1159319008664965120
1155852054537080832
1129949842573266946
1138098903507771394
3007163826
1159213845459668992
523592490
925424754441510913
1146744734150529029
1159458996383899650
1143440773800763392
1159150044920078336
738744517382279168
61672704
169183368
331637836
72122447
1147173257038225411
1131225995716038657
845713536278020098
3081989128
1138179841
1008013032
2734535622
929418651899514881
1120508275668213760
300008032
21338275
93972122
1154202174093778944
709017407323385857
563745582
1110331023760523264
4703767346
1019736454879154176
1056504931996327937
128952559
1862301726
984562553991942144
2829533345
1142430676232364033
329230627
403783007
460653732
328713882
60825434
973916384
3252351846
1449726366
577747631
704439239598071808
893483624
532006407
2910381766
194039753
20106660
4119518053
19655568
1084227423212838914
1105876530251608064
1110185461211893761
1085060228184502272
1145055644648693763
1564479744
908613041419280384
1039473857822949377
126753307
21784951
818949780088852480
1009153508782862336
314548237
1139266851819720715
1157923878137716736
967587714794213377
1155868979304550400
1123167382887964672
1148984352254177280
1151942525332152320
1144336897931526144
1069001269723967494
203349484
1125146742255771653
325238665
1159148403051261952
1014415898906677249
1065943578533396480
893102876343455746
1053633650204573696
113151607
61898361
2954123945
1136739017372966914
3370035719
1159195486538076169
885707639316824064
1152086147834814465
965144936835203072
742775939315077120
1141567957119541248
2800577334
1154282547775496192
1068161921336180736
1057957664641167360
1158826075792846848
1110346810856521728
940687405161558016
1145796864769503232
1117622718684221440
954929005
301648042
1015046342404657152
209914472
862714794
1122106171408748544
1158213540773105664
1089836799470391297
1132289354045333504
941218717681274880
1076358289259225088
3300395576
1121375158118305792
941895687385497600
1152849561251131392
1054776595708174336
991882506172542977
1147791973270675456
21426342
1449733398
1150207170807586821
252397817
1072955598763945984
28884655
4147182563
2378818687
95645612
951534278445236224
450492561
998121212
887337839230279680
1158662615771439105
3362160064
95378571
172874040
487885665
1058575514259148800
4928382634
1146319317698584577
822510151642923009
36503196
1148443229098074113
312987287
811816248166125568
1033750418
705214089174392834
1155117114178592768
1156080120161062912
19749283
702058916
164811233
1639832124
1149770134728216577
200451736
4192284009
1129553923340230656
864431330
20605809
1048340100327919617
1143683861202649089
3578921292
1126415240961327107
1149022516817666048
1053672861057961985
796944730454011904
1141931682309791744
1156869402584854528
2335681034
1146016041430130688
401618342
1088265890930409472
1097115278196920321
228872225
1379614580
1158617517981622272
1155946935871856640
202186576
119307626
415718217
891552160059674625
704168644893286400
87263411
1156907984037003264
1134375590390247425
1149031874876100608
1039591949848727552
756745685450489856
1136959571367485441
1149789308427091970
2299453849
3293382458
178487333
812199829216620544
2340410133
984428603860574208
1396081441
1129252746182483968
892362075594518529
4434757212
2474698825
587770772
824419726759755776
1106522360956502017
55635908
45301545
1153375004073037825
162807829
1143225289578876930
1049989213
1118621113809027072
468688011
1153345353564991488
1155688017660563458
917959666650492930
1131973205927895040
4541745928
1005209094
2950357232
823369788
4442047641
47613016
882484678812422144
763129855638724608
1139517521411891200
765444167153647616
768508764026728448
1041403167630454790
26941928
1156774809558118400
62855174
1125395626357927936
24088313
1144426205518684160
816506138804027393
4840902858
1124029151588098052
1143512346532491265
1135455420812861441
807921675333406722
4564665231
731555206320754688
127815977
1153300980886310913
868722705536864256
1154309560569606144
1071125574150733824
482224231
1140645565304365056
3130904234
1158015741439938561
571568445
3256865531
1135718958731026434
738246535792742400
3230877664
1144743211744792577
1096041250115981314
3081403834
1101162201937784832
1114795945747566592
1157762596189220864
1125800256443179008
1158013616651505664
37629629
100796296
1114461014492426241
826039248918753280
936769305232007168
1005985797231841280
3228818463
1156769773893640194
1107314545364619267
1148962757846491136
1514294240
997573087611801600
1153926720183029760
2272278552
303234880
1155005577925406720
1086409456827518976
968201996305022976
1141719402334867457
1130883396979183616
2149721472
1133340938305200128
923579227613495315
83236323
1536488724
18359336
14752915
1158124062465564677
821432541248778240
1080540022246387712
1516457000
484794531
1152017119132954624
15488067
1863853236
44265882
344331268
271251442
130051975
1515728941
85227160
348174495
143086518
378259736
17175139
36797320
1158469956972924928
1213406641
2884042637
1153097802555150337
814112881
2853977831
1143158191640993792
315995794
2196201139
370051250
772868334199144452
150240350
770650559699386369
361987893
599535866
316512832
15495778
1153075232833511424
1150209290201964545
3021899490
1153284133063462913
1154883896477179904
1098992476965298181
118118419
271642899
1154335206997987334
1602142670
1153566928201572352
1155997320107872259
930685667725774849
1149074009864265728
1154140643008163841
1111228673397542912
1140229956473098240
1127165403518656512
1154196797411213314
1156621511358369794
1131210547159064579
18555538
1138247180722900992
1150949841549348864
20752477
1158828138794647553
1158198251486662656
1148240126365057025
886776512426328064
279644970
368504829
816366818067496961
926811657359077376
90949148
131466176
310942227
2875277620
830908366377611266
739487196793720833
873534750513913858
1048327764447645696
2915954031
1099819648151887872
846380685984219140
232519990
179986211
14231419
80374392
16106522
16397147
238220689
17389318
212621119
3079986094
3289484181
365549928
373683618
18652307
309932421
16338550
215632349
626138330
253340075
19918228
18191382
43695177
2484721754
902926941413453824
339061487
975056939376836613
28628850
1149847243295514625
2240411650
832978972602429440
814391061816758272
2298737103
1020086983471845376
978203856894087174
1151960318047870976
1157946071768870912
131122855
992038732114034690
192400605
2926539764
576893058
1117430487633600512
1117494024
237920909
30432639
701993134310313984
1104095929525624832
1122501042753679361
1443644348
1124649942369349632
1124952562812235776
771179310
49223585
48816664
1125383618963169281
1120341991508926464
1111034671133913088
396794206
964677460645224448
783012479865454592
355992599
357913947
531989050
1128553569265827840
860731338776756224
254336587
82002192
706643403191119872
1122942404951269379
1132442051755298817
1022470532225064965
1913105492
221529886
1129499246925885446
1110245975736619011
114374812
2204088279
52441348
860671475535069184
856912801847050240
1130985724759691264
1123269980739571713
1130438299531792384
25789147
1558110546
1142100893657120768
2187659850
3278653178
954123814329229313
477120696
206935067
235779055
916105654749630464
20787511
619767390
1149204021711974400
1149347982032211970
985567113300525056
1060383366
1151145479679463426
1081545222297808896
230747221
1151123283112316929
1152110974918365184
742483715129901057
1142601908424589312
1152990294423560192
951045685
249924272
275689494
3311661685
1145289266945318912
1136584839371677696
1063742394
1156764452458549248
38196838
1157279296647585802
1156240381970964485
806224914713673728
1135218057440313344
924871495116976133
2534585173
188114914
14550760
1038508040801140738
1222075669
1001736496578084864
23244075
896967761670414336
1030138139933851648
1120695284
945280702211346433
2971294320
781701239985680384
56151874
68977874
957596159702269952
963217244
940411720115335170
1151268920143335425
165910548
274891222
1136383810084507648
1938157842
2584452650
823206609115631617
39286438
1153198560562864128
307083860
817937610702209024
1141328768658751488
2962620905
857332459360452608
941500515069898753
1150967428945338368
22568294
1031958417248677889
921226351075508226
1013147532736770049
721861054561562624
551805649
2424154248
361243046
934463078913024006
788729863498764288
1032235003344646144
817452168357773312
1156754766304665601
1081096321539420160
821613159945531396
304517257
1060858951871483904
16177626
33599025
3146512980
51850649
3336901401
1098829959794065410
901726607857082368
835603071296237568
22829273
1013927961966280706
1048265209603739648
189482795
755889405362049024
1265409474
49014971
1112367737194668032
43829870
2253476505
3151770865
3886191314
1119914776249810944
902280240940154880
1140338120161812480
897623110563885056
1141052688798556163
829784928657121281
2718120109
33886863
1050858973308436480
1125362982383304705
1421798791
1108530361414402049
36652924
1150810140947431425
250417775
709161467401019392
1631409794
2750177277
2899459274
166263327
912047453930586113
378052904
270181271
455389840
1144897555085627392
751911319
1024372963863396352
1032211965312217088
1131067573284380672
33206212
896780503960887296
1132856819980886016
93658073
876573000371515392
3039417677
2942154490
1069959877756252160
704702771103043584
35866246
592524922
1377110743
1147283824482512896
3018052441
765910718596190209
15538927
849741844917432320
1078544012028661760
1156224957560569856
2754827379
490640077
785678855138791424
1146852857116680192
2919944264
4388635521
4562564779
4606977913
876558726769123329
614322220
4243431252
789238828473081856
762601406692003840
210656743
38542837
3179948612
1151744867728547840
1150351380982444034
3988041079
738076764455374848
85191287
736951440
50397179
1120150160443445248
992185903530553346
1117524566207758337
3631356505
1101175455158358016
43763866
1111030826366427136
1116066429625819136
701575953
949835285457551361
1117898546055761920
1099359738536620040
1123158172838060032
992088654838403072
1075581383760842754
1580576708
786227633218396161
944407783201492992
958734127154446336
25253084
17349381
1091339055349022720
602835800
3114422673
26735842
863702273716887552
161471544
429801357
4710723148
3238066782
1097002148829777920
40587367
2875185636
35767916
1147475045259849729
878110854
234767581
791058442374946818
1135940030906667008
2615812554
4213020683
1068884832703389697
1024687266264952832
897839731647578112
1087516441098813440
367361136
1145422554594709504
1074817789997785088
1041742093088182272
823052153300381696
1147127966394044416
2953925569
1117428536619487232
881461795352969217
1086044361010233345
1107750948221435907
1109592424500903937
1112320854636068865
1147107072871411713
1102560457464918024
1122143108916043783
3305440172
1149507873325629440
1098401317201022976
1136720102349393920
2469114392
525342778
963762366986031104
1082314274272432128
1105858979442376705
1079816343124348928
931547250370797568
1137408407705665536
317933899
1147080870500741120
1150479606480326656
2288156132
1107008068800466946
1152267468250836992
1144005891114569728
1152023819844038656
1012749547360092160
1125170661419298816
2524985327
1077112910130937857
1152313640596496384
1139897603057958912
998646449603825664
1021556205146259462
1071499134299889664
1147840615318773764
1082780347350372352
1148922716952715265
339432528
4834447177
1153652794295017473
1127244219125465088
1153418733987254273
1091853865861951488
944354995075452928
1152964603757891589
892114882879000577
1043828925628059649
1109301689159430145
1151974274963562496
1079743548159868930
1154736126013427712
1082061798117990400
1145612237244993536
1156462562487275521
977758007655325696
1115854616418226176
1151839089496166400
1029800401590087680
1079614874089676800
1141839712375717888
1143740864923131904
1152414852264210438
760643959072911364
2903091392
362615499
764516758837456899
893289479255068676
988921689651097600
1287270757
244135955
4835566971
427461378
3752354721
580392600
436352433
816460216954863616
33740267
64014251
858405360
3298532682
430387752
962196028840583168
120998837
794596919255400448
3432719964
1148970006467743744
84845969
497902553
894541649833078784
2980699801
818132719045582849
1546606536
3616347075
33410754
1075040208305893376
4185143260
22243000
894977286763667457
4824179093
17885483
326482998
311279940
830969483598655488
21041972
1001124436110692354
221898261
3120079803
76336889
839579044060483584
2409032570
1069375726539943936
1106010074407976962
29324149
55080710
4062490634
1097498034009751552
4782499597
758747833646260224
880451308171538432
1089598081212039168
1141239666747875330
1372786812
993544147175952384
176306447
937023266
884202938
4837910997
1468215248
1033207418023337985
524745664
1022609758292004869
1085642791970111488
822500278910013442
715581041059237888
1116507977828175872
719549027113500672
33884147
1149046299213406214
2379442458
1313547980
955252849021149184
15793787
1144216522149249025
4516171573
823201042670108672
1135417532075204608
30083350
1107306630188843008
1103215392888041473
837238388
60906726
52083398
972654216295706624
74323750
2209933363
816014828200480768
967172100
93241053
394272436
134876784
2356185354
2218271485
1063233654971756545
1119711457178943488
4847424813
775802865378029568
211850078
1599141961
2694531008
2324778534
2430129626
17160605
1104442288086888450
64782523
3798332354
3839070432
1076377170065408000
1131791541758861312
932342519832162305
875456582468947968
127941629
760858183048892416
501041889
577120163
1111619046552846336
143626530
97706667
1113188012219928576
1118941998101221376
1127122811783450624
1101631196893728768
1094146978160758784
103650553
1125728504505618433
1126821880038600704
34027879
1130334145874292736
1132319956341800960
1129552822154997761
1117545090308816897
1137361097260961793
2176476241
1148995919016280065
15974153
1139835633877299200
1151221369532747776
833743092872261632
225514992
804517574578962432
796379338383953920
80152815
124849825
1019323210419011584
709485595014221825
1115064404280782848
1123072425770594304
2418415297
1053822662412247040
2170238363
1151198015220342784
15772453
967768847578292224
876895250115178496
882395595390017536
992929211403980800
1103440979535806465
870331847267495936
1139694820589539328
1142877421412257795
940312717998641152
909970176824741888
798799195
2665019521
996480912010379264
1149064414395604993
1395766692
3170677693
310636687
1153222995168677888
14683712
1324342224
4779474208
822820129817948163
1104179017408757762
813498563233660929
1952294502
1149028897247416320
947233923188314112
1051030305186951168
1156546914051117061
89255087
11387892
813613900491001856
613903358
1019645521609322496
1058132767551225857
84925636
762075452085112833
861679916
1157689745457238016
498124973
2978358449
1173388464
17468666
975441501403561986
3122669000
593360775
4501459398
266851753
55843411
2771503019
825304671292108800
877695071402942464
821781392778547201
202862896
943535356061896705
3131230115
54559670
260966429
808151986877173760
1059291629620625408
872051013334827009
884425884257705984
1144741046150209536
1140415620418174976
3260756930
1005084501784055808
962613537850867712
36754045
1038110784121921537
735645990930157568
538519943
1009854928481759233
967610147232206848
24420496
15619273
1898885750
525757716
950765556600332289
1053327629074468864
3360131914
1436790152
1144752941418635264
819641715204222982
1085377096208343041
331139387
741801035723726849
797873440296464384
1157257800197779456
1148630601953619970
614943183
1467611456
239005322
1500129642
789951468371521536
334715818
1116995204312109057
728741008754786305
35218566
17800215
26222868
296506535
537214803
1138020147296317440
1099056887985815552
991089617603411968
2725704808
1142421493932052480
83932539
828613457020870657
996094929733652481
1112087762067427329
1040430030814367744
82447359
759081003168112640
2829005562
109868919
103287462
2228896081
943280750958346240
3407966973
1143679877863768064
139895463
406439640
1059629569781719040
342243258
1155589937468567552
1265182123
2284006204
1046365518754697222
3368775939
1079412357665681409
926407279204864001
1053074955619815425
825048661780480001
169039952
1153390214909497344
1157160519091929089
1038903706866143232
589539455
1153491306485813248
833479249768046592
1515117835
19191894
824440233009745925
255749773
286657759
2720204619
2207787422
807036933587156992
2219039905
860443013792714752
1144434198255505408
1023501550604316672
258009431
928543522071887872
50826849
304733509
231023430
456244958
161725859
2774966905
1118100268388880391
20925961
1008120352751456258
307877719
58674089
37945535
835656571275329536
3069117419
225818379
3312786134
2371390838
404996439
951689127031918593
772544935346176001
703681738334203906
785170462921920513
2211480301
239245852
848985357890838528
1123852041900699648
928650094261481473
2863531496
1104422389209804805
197728762
3065431893
250383844
3243483238
1140471488782503937
1141973466653978625
2722340735
231076279
1082375803109822465
951185945063231489
38910528
816835836176166912
341594317
2621112670
492797695
3130931998
2864791535
738196876772671488
742179372149399552
999486367431184384
497968900
1110985596569354240
33591683
565792158
961330003999850496
968692021195169793
896475343393099776
407958396
378156347
515655160
631691599
363341250
2393289524
881927780082089984
25954741
2874913065
1129413607530352641
418077788
1090749708799262722
1146203531411632133
2964865655
61242633
1140642083662893057
2200545355
1140798241044172801
1139316854562926592
788431123231551489
1156286764723658752
1118827618546196480
972615379
191041574
1136550579361198080
1146086261238763525
1134968999220002818
2348971214
1156588935214182402
815891575859462144
1095886608941891584
51246180
1444186584
36550431
41634520
52136185
316865635
818910970567344128
44945327
86845266
118845216
237348797
237403203
38495835
1167042906
26487169
22703645
29216764
118756393
91882544
78523300
171632862
1074480192
23022687
28587919
21157904
10615232
20713061
31628934
18166778
523248016
79242290
22055226
16712316
18266688
818948638890217473
15416505
963480595
37920978
3006081057
21536398
58579942
195271137
15740001
3740820863
240454812
35039490
1106004803946233859
479380362
1044279593954406400
1157304181260091393
2371260566
917589348035338241
221025032
1155042267624890369
826451723493449729
46281453
703990775223169025
62329139
112047805
988573326376427520
76081768
2319339266
944719413860696064
15138534
247860908
902967232254357506
1054990551500709888
54412900
2806164930
1153576152059056128
471672239
1136742199402668032
896258742
19739126
754549940
824369355110629383
56145681
1029805314684739586
3667304892
95544813
979509920
798613778325762048
602170659
2987181333
734742161267281920
813969631
3067330185
802179649560342528
225686371
247548988
801311472
935102228549029888
2557966323
1112517363734335488
1088929432541249537
41761325
1112102082037850112
1337291258
1019749431841878017
174945098
5447242
312404194
56783491
2602158362
386374608
2431542240
142157505
91428245
885343238722387969
13915822
820897638
710054925879746560
39796611
964851988029673474
378928413
84066924
89293527
1009846374534406145
933076203942146048
1108375410310434817
375398665
69037151
154316731
50543205
849974775103590400
789100807467786240
2997565094
1140864548448002048
3894904042
11659332
969724236796518400
18955454
1128079176806932481
1137209243273236480
84729972
18757722
786303389512499200
235398040
48761689
392819612
18376434
28834058
1553809801
583102794
1561007604
2204094662
1156667130814849027
1100100072
772531416395546624
338822301
65006927
2923456254
155684831
409542124
3030219525
78025444
16666909
471677441
954175027
232901331
887904840
719431564
106459663
341494468
3047722897
18087749
738600458588065793
104374310
226320142
101707248
86106793
1143629372571734016
4728273389
296196765
1126799826996404224
1138755845766963207
1122234280745361409
1150854906930225159
702760604851945472
1149687467706130432
1149411560563052544
94745991
1129002942726639617
1153071109044154368
1151744652091019265
33280581
28420827
1305936956
2256525953
601535938
791389563667091457
373188639
1079219151351234560
1059819685724803073
744443004358885377
1153603606479876097
711267839
951884760627994624
1030891174846967808
926169148241207298
444994317
318154564
920824234439512064
821174855638876160
521357819
2207550114
868041456
892119839971594241
1139406442555822080
948250439241347073
1080959651913629697
1020523464082456578
2856066637
1025481566
2715307940
2324062846
498049556
1155168928915775489
1153348443882102784
1155812223916359681
1153789528827674624
1154027882160775169
1146568276841050112
1155616216981102592
1156308226574602242
1147165281611067394
1103223105206476801
1156699303819325440
1152103938923094018
1153702380573220864
1155931659386195968
1154769046040121345
1155273482495758336
1154992423317250050
1156542851947401217
3708304817
616520507
1154460298750787585
56138718
749465952
803669036810780673
221266383
3230455617
399099213
2729397121
1075449982906482689
1100883752560005123
72934220
986200798852984832
1154029156147089411
1153951724140421120
1630482644
963950970525900800
59039140
842015254850752512
180097889
27632875
1033057364
1072228143673565185
2196222661
790019869194461184
19068720
295584522
1489703012
1150980094459928578
807999690688098304
1156577577894649856
2837498421
963483142672744449
4262639113
757760581239709696
45277959
381668970
2170486782
149138712
4697504730
24505199
3424990769
2764402421
766338376819695617
968602437509578752
1128496475347009536
4152835223
829061327800954882
2653676845
261277278
4234882707
1688198707
1117067375373967360
477261864
933296748109299712
19095633
296105152
1083872753055399936
882660427947266048
1060080006188187648
918275664784052224
702979787699134464
469506220
812839933144547328
1019574126950998021
718121909
1118646607174688769
810009600
708819713850269696
3547866099
252966447
757574359498231808
1076328952237445120
1150879261261291520
851928366
1970039930
1052763569509597184
716156428289847296
1145868974464348160
2918943202
974495123110117376
1121907284169375744
42410634
56312505
1073244539824025601
824477946043707392
951957878788665346
1109382125466210304
43879159
71627093
786842923904008192
824472044913983488
196411725
36098556
2909030620
1121381719712632832
908186148803145728
2266063400
1143090054946009088
722446829439303682
38671422
797394060331847680
702464649317519361
104556964
1114661622340100096
218906099
1214432514
1101595178891137026
28583641
1129832216547201025
15145983
1051704030685224960
26292607
913783693
2275819557
7736662
2848247015
18415637
1100174151996882947
39364787
22770638
386028702
21874225
1116158213404155905
310384040
792894833006346244
551013499
131551379
1880285407
1095654487941922817
1137436207959298048
994610326694957056
922301682137960448
2627825957
3059205059
1090354577113837570
855093791228928001
43248955
867092430
234210687
978514793547091968
4351337367
21548838
15293062
17847595
990327484007763975
787034847374090242
1694904619
879400086836523010
135662474
1151624021299142656
347180546
1146813285175611392
1155251682802053121
1147450072822681606
970345359858860033
1656778338
16245302
2372930780
1076612844630802433
2576237575
752627101698850816
1146923613104164864
798185936462999556
826663220320497664
3932768472
24544443
17683990
69043969
3313777033
26017280
354553906
2269621765
1112485686941229057
425496140
323283297
873905352915341312
1143122236213211137
2571686663
1154417212050092032
715044396
2830922912
833402695427952640
1086329065
1127712183368990721
522692721
882495356868493312
3940390219
1071237851164147713
990054660751921154
883714178220937217
602920165
4161793753
708724060918710272
18912044
1345070202
44384359
1083836892800536580
1123649291942150150
33522171
928291854117879808
975709912595656704
1859409636
914629418743672832
727137760574857216
41584867
237387800
21260481
44202015
2731931896
270205571
3685247237
391222143
1326195072
824109200607428609
1146414181823975424
533595821
954105880634519552
1151692729899991040
1055975804545458176
2896214901
918534858871377920
1148039311838928896
1689378834
995775377275478016
1141804832942186496
1395143959
1016260688
46305708
2901177493
1147456971366379520
3192848121
48960313
531497385
3220895467
157078780
1024616258069819393
713544404
918276091784990720
715257347258494976
1069366094106894339
733590444
58829551
1960159939
289099943
1144988946428022784
1001196622854975493
41883859
1835020626
114283068
1106236917992050688
1155780690291625985
300604492
1155897964679827458
712353795263635456
156749159
1155208933231026176
28128229
164681883
773311637830897664
2546428212
4636720889
1020473334595768320
36688653
23483816
2462613681
1100689483354103808
300579583
2918111
1099448108445040641
1118900437808222208
2776053591
1019515592234106880
494692269
4371416542
734828912308412416
214155318
3368237578
3317936812
14920785
15485441
29442313
970207298
216776631
581123612
129504800
824735539693658113
2267642106
799262479889080322
926263608627093504
615623235
27109121
1146207647689072641
1156101311336722433
2536179243
1154583539679223809
2804083801
1156372079845023745
385033086
997923529
801940929766686720
1151135434040336384
507387719
277801515
828785413
359515879
21065058
534735526
746761825014915073
22103709
915372251087851522
1148316470016794625
3362936152
59444397
33057154
1064388676430442497
813828443422920704
1143994830361702400
3107956465
1101092741528895488
2148111649
4427972598
2450565163
299817597
1063559987052597248
4879174138
845392971381927936
357180164
137786520
1029454019536797702
793577262
977759055749042176
5749642
3237608398
128261316
1052126044604559360
3031223422
136349050
1029177262372020224
1150397342098628608
1108449261497315328
1131811427256217600
3239363948
1151770455344320512
14847675
541330946
1836714068
312741052
968011464706584576
94019456
900145878857637889
1001234085396844545
980811992708599811
29565010
1138055215830261762
1668756914
1150432438549712896
830324630468464641
3349363292
27379401
1232577937
299066548
3091373190
719624439122386945
947922673341992960
951302891708583936
1087681388181041153
339836361
769043167228354560
1053361834852409345
931951786050707456
1349636382
26156279
760187635126013952
2800141569
1153420991588175872
220035041
813130693656145924
76613646
911617099860021248
64168570
1110940557117980678
990558034194771968
4691341092
3057959389
983361154431922176
6103812
819731145961197569
860420664
188895259
268340503
4531984273
836641132603809792
946949922393415681
803346400553664512
16845853
69707519
913412403383099392
734160380
1059601599868362753
965966701471789056
1132691972899135488
531596283
933920428866781184
812413908145336321
1068673720942764032
2840053331
112915037
51327473
129235890
19091173
887010284166144001
955709818966220800
976897988860764160
23970102
1058415242139574280
473049394
1108472017144201216
17685258
729676086632656900
259001548
948464246064427008
1013877380551774210
27877426
979707807111921664
1148272677087567872
260532166
949318439075745793
2864537200
908687899
109378682
1043118144011694080
118292279
65510475
304958799
1098356857414926336
828744596989489152
3252287072
1097607071145414656
142845724
758000572876267521
1105986997166891008
571064888
51876492
121931525
743180781766348800
4679139626
1061011122168295424
198971798
3161831504
156694912
129938173
1371271628
43344730
52465799
1241686608
115769490
75095927
1508364506
109134448
548384458
2800581040
372536101
780206406024691712
225265639
93069110
2334193741
57362322
774407512598704128
701750402786717696
834081571493785600
4091551984
872460123125448704
278124059
476256944
803694179079458816
29501253
875029068223315968
713839291210792960
14247236
3223426134
510464011
27493883
182503471
158426909
16129920
4207961
32871086
755057897583804416
787373558
918593468091551745
22188198
1150770534822666241
115926208
553817172
43109484
260554617
25296764
793999914967572480
288277167
17883152
4804986366
2851904086
757637664
3221210430
958411375629365248
1132097918092173312
43043804
1002351225336160258
1092086942198452224
368934310
1153674772523257857
340153325
1128082175356698625
1045907348437504001
295919484
896349345246846976
600379505
751887228637483008
1145716645266120704
1037348552719171584
64618318
298728900
994111123
845634435944976384
728747519090495488
856584191865233408
1143769759940562945
377751097
1124887466182361088
513068052
521018186
1317580489
30877353
237501718
269090936
58599860
1150751676195835904
250822316
946476448373645312
397465217
1062788234344890368
803260509353111557
711740628477022209
1128406966676672513
1155395486502785024
1134907102823104515
1149674598000189440
108867522
1047805656584081409
739500403457298432
112801652
1108773888224362498
252635047
2685955592
462202120
3081307617
132532633
3402389128
1044992617820430336
1057957160620118016
1149757845090504709
1085145744544284673
273672451
1149026407458267136
915800461222879232
2355808260
889856592434298880
1038722058
922507742023245824
1061096229898194949
1086587130724249600
1148441863516389376
1097116593673433091
89310763
938958216494505984
1092955365094903810
804879865891721216
260494119
1096186686554423296
272442200
2308268662
1088329802904260609
3355690276
1075575160692985856
768061432692899840
486621502
819269318143856651
760194092093538304
969991173904445440
55494298
97725624
1146586082995085313
2507383019
999262413928255490
1031526175091433472
933157241078894593
3125138068
870714031677550593
3247186299
1105384865682219010
225721326
2707443290
1125797343633248261
1118995233985794048
945998791701860352
1131306258538082306
1142901341460848641
733895586374524932
798354899373322240
936815461303508992
3433595811
1128929925577224197
2789538101
1145500729337090048
1036780180885450753
2435490470
1131770501037264896
1152252330273849344
934943612349054977
1138125986900451330
2378452654
1135550147989889024
1103924355677904896
1152378062845206528
1150065865397813248
1145154070379933697
966956870224285696
1116934116602068992
2902324680
1016027782059610112
834535767791775744
959147499511574531
912544620227305472
1123722839029424138
1154415922704257026
286264917
516082346
57399142
880239636
35327683
1208133882
247217109
832079131609268225
1139208994696966146
1170300378
829800684769910786
808745006181838848
1058984258373672960
188441059
979431582158282752
929040860209139712
884304348435623937
2851819251
2442386292
841602021128036352
2235861312
885152080821878784
717502366220754944
563498804
1004693672779223041
1109842623089512448
768873397304590336
35355203
200634017
860427319
959831432
252287406
2198176320
241060758
1014015077052305408
127681213
1034408875053731840
951376058569371648
147675141
1127188099153502208
1057268432952066048
2535294784
1079032131106549762
705658155678736384
1041447203934355457
1129654174524817408
249607315
846188556
262683706
1138500788840361984
4060666395
1863356180
237440787
245264967
1009078352538492929
1146346406128553986
203865963
617196939
3270191545
1150949778840313856
1155057026948579328
1148907989702795264
4831968711
1139021814255017984
1097208201131552768
1147958564369108993
2567158909
1151722537728040961
1286264042
1111868328333725696
1012718791
1120393256582438913
1090121312637468673
1075008154918928385
1078944575606190081
1153895990316982280
2960556450
988141370174070785
1052245862959800321
1034106749916274693
991276460940947456
1151844527310852096
1150358483067387905
755452151695106049
1144878414672932864
1144202331757711361
1155127800506081280
1117735259897049091
1140694536471158784
1141742094157078529
476235640
983682934384287744
634739793
47353054
61754291
482268776
184612244
355929206
175498138
238459416
3882998494
996887062186995712
297277186
943900644829736961
625117920
1148434002023526400
344900382
52937590
560307436
3067202897
70398775
473111586
3371137337
1138942356
299600864
275439962
149979753
1353674732
294331654
3026860108
722799213243998208
1145465243746873344
3039388245
230115624
29988272
720021948
190763879
455481225
576972155
451599183
4576677801
4775433196
288924127
157304271
2992221666
15579094
599240412
3384195645
155516708
80585373
1036978043460485121
2676414268
1064598023400030209
3179529394
1130073486154784775
1130231579979264006
1130399667991273472
1030222554
3158118202
293219445
4889162501
729024233708359681
4783954394
702543532763029504
786598889168273408
234302171
3119841477
1016306283723546624
977945126067691522
3019803705
1115640962187849729
3371747277
153529375
86621018
1089144010990649344
1036952478535897089
636913656
1037092199421419520
2715042662
3013584043
926568135850782720
999008109636083713
2330590446
37000209
45676731
831634724049272832
246871490
3026391360
816719802328715264
1060370282
3886093272
998752790196432896
3060063419
1100104290692149248
795290035104968704
2847221717
143169070
66643970
91234609
411078079
809134474243903488
1089574712907304960
894602130220298240
2777215571
953012004029124608
1048846361037328385
1083835935849172993
796441471973019648
1083775596356927490
1124377784627785728
2917063536
995116810885251072
1149354342937497608
469348125
822834957160763392
1125411000981884928
308538946
1053672755663523840
1021168741940441089
1108551359710797825
2358558067
1153828110846058496
1088950081775194113
1155204862725853184
764111846492307456
816708566132215808
1125896085178867749
1037444755838431235
2378087437
824470119258746884
727882404
515191515
879452257619558401
1863610620
1002220229915688960
1087423827951472645
1089868807621959681
482511755
84870779
950117126
1148647257996087296
773891981386842112
1332119348
1088728540869210113
864175554
423168084
1149545123966963713
42648187
944887782719225856
958384739702005762
355253862
3338740758
2864724123
948376547714588677
948325994888298507
1107774235911421952
1079268972527341569
1023344096553979909
965706511526842370
939921079673479169
998218902827163648
1092604542162735104
969318211
525750541
992302322712657920
2793536181
1144739803524718598
1042754645641375749
1154748916807675905
817152156943917058
3958175914
456243744
1704551816
764919311219646464
4892318567
1014175274756395009
1212244428
929883421475733504
822510438562856962
862004455
778939435039748096
1354542510
1151467610539560960
1011741919188279296
834499417570844672
1486649556
712298441972387842
720901778
413401468
1144288522091843585
820883159889940480
1125137040557916161
1292255634
1015814501558435841
1031045821037535232
733295728336994305
4829079171
1097595290960490497
903185811826466818
1077536080952545283
2242253673
201070372
2895873999
1154758243459174405
2866039712
939091
22152588
1141972612630925312
1126820506177400832
878476158119153664
1062336956170936320
757361151139192832
35213545
1124915105647538177
1139923409306042368
1142820719488688130
1139618404556517376
899795305679421441
1104156679757881344
707608907464704000
172194133
4824598072
940676937684541440
3838873757
1130542691039698944
3740900474
210129703
750138631214489601
560614709
3383036895
1080214364282593282
808510546031079424
905910250779406336
914689937332736001
58544243
1120315754329591808
872873799527661568
838157947826024448
958555581198954497
2553004334
525455989
3067227553
1089870523050409984
3313187151
1070887414485393408
3310135846
79731094
768904250088751105
919054713579962379
1129640976165871617
33003597
1147777306448093184
335305849
296324605
1076985938365026304
1145314225725878272
939122343724466177
935407579500556288
1150552142123622400
917363143919194112
252132001
447465929
2729079491
3029780122
275935825
617821351
142684891
232100039
810948639359193088
1066679514321817600
1016914427134840832
844152474818809856
1064138177378701312
847130177838764033
3640225516
1054373998262333441
952928294634184704
1154501922478534657
590913489
1041380402320089089
1152893382194323456
622079175
927978606323781633
542421259
1139024154743771136
1106983094861598720
797622793235996672
65124298
444692402
4817074247
722512860
1040847129193918464
1078669936267005952
799679990660878336
181316970
2172771908
1033591616366370816
1135920983376846848
4880493442
3385871109
333429072
1129856260277514240
1006348871201640450
93642630
1114125457451114496
1141437616434352128
745683881119064064
157378309
886985724846854144
750955062
273638656
1138155365739192321
1092413408975167488
288730309
1154349155583741953
325418085
1085457255552696320
1134382490565693442
1341590862
3236774404
1126139863349256193
1123865803202465792
269301488
1138467928691630080
1230069774
1094737585610674176
129138674
526416596
1148157599986176002
928151198296952832
830853394587930625
134964937
1119524777146880000
1413222889
900640937738633216
2892763329
719766184791523328
766542804680007680
2494750398
1101067586836590593
1085252649405026305
836211574327083009
342050905
375799993
2206106373
1145979937763004417
460028452
839389842756800513
1084765777163665408
2740173497
386738060
2397097325
988913566379073537
1087978017886998529
1112948953132290049
1460555138
939552989882277889
1149002344962711554
2534906284
818826654843867136
1154437750717845506
1053049250735669248
3145059153
1870841072
1148356586395639808
614332911
1014424900168290304
962670031804002304
800710655527399424
363194463
1099930179848290304
1065646366607753216
1025449290628509696
870053241022754817
1153822314179518464
4145340022
817019178834161664
2488912321
4515976642
2885578167
285374187
1153977929870794752
1153827967962927104
1026718734235455489
1025065179384610820
1051572002400690178
1154046578656550912
938521622998343681
2156421832
2342004865
1082919560876118016
1093040635467218944
459152071
388232928
1143016535994200067
1144833230064906240
1151607825967255555
1133664238977916929
796862497
1871135622
881916619097858048
382540027
959020372921286656
149018209
932363100325543936
309687513
1154899129757081600
1150891486936014848
3353043160
3029065367
995637585480507394
1124539333506211840
1154930419877535744
1069690183342284802
124257401
715473352836534272
370248877
1440874850
276368605
996642860807131136
1155638999010201601
121495511
1115296031573463040
230467812
1153422784669736960
1125411182045745153
978170182161092608
1151807457481695232
1121844663672016896
1149249433143513088
715039267362353152
1147881257570725888
119282179
850791704
902179437185249280
1155387400790528001
1011460890670059526
1035642436041809922
799519291397836801
1058492368914169856
1152881039938899968
1153653609785155584
1148396982932652032
881400408626933761
714067214
3774298827
1147437860003438599
3239913007
1151530141404794885
912294657505284096
1153998862564122624
1032598812
2970941277
1001847425290637313
1054384629120225280
1030993989963534338
1131972703525715974
1121298401059123201
536172281
2980790159
1088642167642439682
1154160489716428800
852454007968759809
714500813620514816
1109023872924434433
1117096764111314944
981063795148652544
894639921104916480
186689465
1153962575140413440
1154939248975515649
1021765569941516288
947529643049013253
297786636
1134508305014054912
1088490595704811521
1038439728989790210
928992835503820800
2946999313
1117369577900523523
715273717220118528
249971067
331981039
965284740478709761
767654420360392704
3105142714
1019623707294068741
1131963303650103299
1144383488126271488
1085968535816491008
1135820145039990785
921897904637431808
2939651545
888432732841197568
891149434586791939
773259869142986752
1085653192317251584
1004405691921108993
1064952721122439169
3251277105
510064194
390517589
339125321
825033766020067328
715675647478108160
3407724232
767140704858411008
1082248462073253890
502776259
1901921172
828009530231504896
2936685542
1628641742
18783791
854067568587526144
964552879
51816867
203102323
245355084
970026649885528064
19809324
2738362252
2156027320
1017120349635399681
242325876
225539878
2716516619
202571032
197001564
16886594
23505105
98422090
5402612
74117081
430223884
160544630
198978167
781161379281731584
23560015
441854978
229333456
620421291
2723713757
19426729
627491854
89556802
69047795
1108050829393707008
2195554660
1354081010
1131851533509976066
472956045
224659331
705709976501817348
24668720
2411904571
934478600069419014
242525146
827884310141231104
2802703077
353618618
1076730594724401152
1131456109103996929
869530454252302336
1138275067870232582
1144206943747215360
3137172246
1050302549734117378
1121445188419719168
926692361811517442
1076429837684916224
764906352812630016
1074834164866826245
1155709689709174785
1890607783
1091024367021109249
732925608729186306
839494028
3082851048
209496190
4202697131
1000107293277646849
1088887109321142272
1155438833976119297
748335105861619712
309820380
3049836668
1102124247491723264
1088812965380456458
398306978
819701262384058368
912164810
1125208286268133377
1152911024397459456
1128099321952342016
280474225
1043889839915974656
1117222862316822531
1150265455686406144
1138732925787226112
1153270213259010054
1001446425883021312
990288284302675969
703545732
1154751597160914945
173122182
1063033239097565184
1137395598288666624
336699353
878772299486375936
921463782
847423139562766336
338829710
1141523466077855747
716789110707331072
25105123
38108526
900567255599255552
718983018149502976
2345304725
1095657178566938625
1147516360077008896
844522958022479877
2828237765
727767419649929216
350931307
2561761717
1061638311792406528
966104210927370240
944791512
1289048545
2425361034
19350313
904705428185112576
1137876633614897152
2510602742
1132398162159767552
1150567990624055298
1343644628
1154515006756675590
1029558119989301252
915598622129049602
60951659
987065382367150080
754032045936955393
27818774
3081863369
3038541493
857031524
1089685199888236544
1154295721581010944
1114256863183429634
40579429
801121038281175040
65463198
292929271
2894227042
838496580265259012
1103500561175977985
550382564
15059667
1064636307257860096
1064603540956565504
1262814457
85726335
873108040689397760
394489640
1084665080845758465
289651607
749543785
780995302140571648
1146263006684340224
1123814314455044096
1134581493454450688
4710159380
1062848572658499585
247164424
1008486507240460288
405427035
471741741
27529312
71201743
219617448
366947884
2500955780
21447363
813286
2156299840
7587032
60937837
152251488
51376979
78941611
76294950
2253142422
2767174197
108996509
836532747116019716
79293791
121044171
19895282
1155459404101062657
1155460505776951297
16786977
552594721
245992215
120412341
2884771
44196397
240030895
19725644
1039596206891192322
174816561
999421637106814977
3374366333
1125641998227001344
960832142916890624
711018813366652928
248409248
1033221337114927104
25073877
1297088564
25521487
1122475814329769990
354563190
365173875
261560473
4410852101
191610755
1015375951390113793
1149158493980508160
2550335894
711597042498461696
1124007059266183169
1090996651580424194
76416216
835615837339934721
154244097
952879050929864706
1144962116706799618
1136205068393467904
1136248863684145152
1568897353
3675305595
247032614
46161918
486822842
235675156
512445285
64529270
66364726
2811983695
1150113103625035776
34947375
1014043653139062785
741941852
249404587
705078812871168000
718830652544696320
965981994931847168
735318402
1897863366
1140432302
377386569
719105673745850368
722710396499570688
3076215682
731349139
2625013300
2183799774
743163566
1019662071829598208
722187265712066560
3139842881
18847632
15339975
23083404
1021569306851729409
24086450
126677493
1014257280726990851
78183672
1127318324830982144
567883440
839485098328264706
163559269
761168552
1131613285252419584
1151635815010832384
1154981404679245824
1058650376
938367003081011201
2343916096
1119478989272354816
2365818989
1150887623998750721
56696857
2827817977
834339501606576128
428308122
182840025
23605871
75742264
159119562
31088274
1288307918
35596386
938874665027678208
122978821
396467942
869448669736701952
326435212
487247856
146160591
15701519
284143546
949766875
48401955
3247357630
1652861354
83223563
1083335978847227904
185906088
269504151
1108947438369271809
1011283744257216513
2364923442
19241754
2706839463
883782732
1148857272413622272
572626567
1144626323693953025
881707829249191936
1109826840577880064
16832800
1142501957552279552
914924026556026882
1040602857781772289
988058454949539840
950741135869333505
1154378676491866112
1002036747105120256
1139257168929181697
1289010000
2580636774
1153427714310885379
785999612775497728
1516102712
1148781636818890753
1051946307005374465
1150574608321515526
1154707567945191424
1151518282945638402
218435908
3178703365
64391167
967782350879850496
1036895988789796865
105197658
840455401
1129467520812048384
2193751989
2218659637
901130821
1511457434
41409185
1152254912010629120
1149582601230831617
977543089
13170482
714900355209904128
76223107
408793548
362343881
1136334556590747649
25324182
3173091489
2608243297
2889358355
1535367182
970958708254572545
1046429302881947649
1146343678992093184
892146867995332608
891126880652451841
74050936
830906977169637377
1018661452503105536
1143567451499765762
2232064123
799764016885329921
921084774206394368
20232550
87775422
1042868762301657090
630540447
460209868
1129658745443823617
1044623106080460801
1062743774571491330
961702391648280582
753646032530055168
1135653641703055361
938466191823294464
1131128363551268864
1130246632925224960
714796193
4585002194
1133688706127290368
210363441
1107920034641268736
2725208868
846014022726103040
1135932380148056064
1135914029971587072
1209727812
1135800157008584704
775861732560424960
902839045356744704
282374673
735359564388962304
762595574
20269701
481386391
756951954971062272
906688099379503105
35907972
4244975019
1000379950837501952
57917958
498331123
1052525645442543617
1580136788
715532315758370817
1083285106570158080
985575372
831995096413433857
1060327024668168193
1040590838215176192
352547646
1037622081901481985
1071874870508773378
1113032270728826880
219282509
38720349
561670767
706860238524309505
66492210
15528449
265705962
27731776
23740953
1126924020127916032
282271230
1135282699814494211
1126072223620587520
1353969764
889808679830159360
455085706
875350323753238528
1122933638306369539
998823512738582528
2798489231
32654299
1124595565478547456
933016093190492160
4908699845
1105880874489397248
15205668
705569623
709445237022859264
864030687120281602
76110196
601885398
773177323352911872
295158276
2578010625
70692584
4182611116
25338237
162753547
2160749516
2750579894
1134863241484677120
1328867023
17024780
964862213566562304
960773355765874688
967027824916807680
819533885314834432
922946336718168066
937658424686497792
1058040438177849344
1036928030352916481
1018788397387735040
998843051001892865
881570453902557184
1638410652
936482793739005952
1075049727035621377
1025690690553085952
1055428735325880320
981492657825419264
896632603012349952
1032151920280920064
1091760719723356160
1028425588111900672
991703689713758208
940141280721375232
944548793206194176
889931063933513728
1111541902367703040
895696404932435968
1112695910801252352
1080956688155508737
1111885886126465024
809838040113938432
767518295616618496
1112666205561737216
1110425868260835328
856873544738852864
2357311180
1112617427848908801
911038238705496064
1085941587547435008
1088375525008203777
842626615469359104
3046442679
333641436
1103909219038720003
834839925279301632
1059453656012148736
774532073919053824
1105161627886936064
1314670393
804531344252477440
848929201700970498
1112343734556024832
1104341332879921152
1109520826590736385
832324496870735872
1100710417041682433
1526602388
2160789237
885321434339344384
1108734845738541058
1108284613699366912
870176329601355776
4333173976
2577527598
989225988759478273
973463967820603393
1106959831741681664
1110337752602693632
1499423575
1112359463179161600
1051017882849763329
1112062922887442433
314041151
1072944588002865157
930576147053674496
712641195487465472
1110531860373876737
1033334627564433408
1859800664
3581003953
923925261229244416
998240883483918336
999477604242677760
1077101286049247232
1074863657501089792
1049582355537641472
287660217
822810523003682816
1099037763385675776
847888057625923585
999333645415534594
1111198183764447232
588013414
884538049924923395
1063407660933005313
1112604014334615552
1053431118601613313
596188310
2860100137
1109978734189252609
82117849
835369485154586625
1007620276966731776
623411614
924937226550693889
844165873648644096
120390725
1713479660
2157345731
1071259128
836494628698406912
1111575303854264320
938399189939109888
725198761903984640
3320929470
1106412028225183744
909391838397702144
1092252225181601795
1102494767345102850
1111544584608333824
912674724030824448
3094201956
1095276293573230592
2330219323
1661668886
628453349
1111353102714560512
948437602876628992
1112374140395122688
1054690936964280327
886733472924041219
1094020137844322305
2996527220
594337281
2183549418
1058939513714761729
752525083189665792
876040421885042688
858377408
378475251
3300341917
1045632050093408256
836166177353150464
992314337179004928
147476799
252111450
42399249
1302678710
2285426730
323093840
105710210
144883197
2521965306
3176998784
896396425830973442
31135086
731014942879588352
15093629
79915337
784705308832694272
44843264
743359988484079616
204265518
1013373071858851840
450643831
1016165342521880577
2855216947
1023517397255213056
919729257303166977
2365969986
778870479197044736
891093309690712064
365572543
816731098243796993
1078640239759974401
1100390881281040384
848031730187554816
1026505147298529281
1105929309078720512
1084721817179148288
160119119
748187004958089216
3355313961
391037985
47285504
2893511188
52551600
16983244
990761677
31348594
47786101
15687962
750751206427860992
27260086
10228272
128389804
1201051748
737155225904132096
783214
382267114
20536157
468479147
70652594
102957248
200163448
203162990
65289126
17446621
16312576
969629080441229312
292546013
1101483058820145152
2420020489
177547780
54829997
2358945534
23151437
822215679726100480
74964902
434071161
4285547543
759251
39927901
69229721
450504440
130159846
2892686341
972664559994511361
1339835893
2542348724
890891
119509520
932429090
18228898
558797310
14128609
19742777
14872237
158487331
19583545
138372303
155659213
1100046220284825606
1113060591894237190
700925287
789605024
1079118403
511570974
452155423
2152455396
2941994339
96951800
34613288
1926360631
822215673812119553
14573900
1900338114
725581819
