4875484900
3012974363
2211100392
154613745
838516534762946560
785539692490006529
791265473568632833
914555883421671425
907325308726075393
1055146993637568512
2154127088
28611038
16935907
796005702359773184
1406466434
956879590835785731
464061644
3184208301
3230913152
111331599
118690641
1513221576
727842080563834880
73436353
773612131619106816
76023409
221775604
175735226
3294266437
925317299032264704
1397047028
729751929757306882
2286010009
485357003
166816694
415075929
500066062
1110346259875987456
16572373
1339474346
22223764
14275261
85728309
849666375920603137
1012425714057076736
172418264
378259736
16031984
172367645
67003972
1004772480446357504
1083847255709356034
980850318832480258
173121387
887648194603212800
888216348601573376
534632081
113561614
117460933
3832003098
26487100
974659820665139201
1087652555465748480
1116663784385515520
95959753
971129655423066112
890629152058908672
2340718668
342874509
218601716
745299213509001216
484796656
19185441
2804320508
26895297
20992429
47724438
67434846
259898122
757661593
408086401
223560830
904800793
1030276342976274432
26589498
1364991852
892405287965032449
4161161165
793207603291500544
818827371361009665
24076359
107174526
1009904270999801856
160604032
2295061362
17191463
380808706
985759850
3316200181
326578221
202903295
14262217
993913676850782208
1432065476
130085184
2181072128
1024001348453294080
1052117262612750336
934960359219310593
3317383055
839926955403259904
3696565696
52881471
451163069
1024355553190006784
1058362024848211968
282741996
720954997303865346
32147629
23101387
24753832
1021485047977832449
1336596828
1021754911627853824
3537282855
68506542
2899219193
839441319823097857
2940040608
1024680358313422848
1044824315835940864
1023047237323108354
1052056500800299008
2972541035
767454232060502020
2879140261
2183065733
588770591
405849059
851873774765002752
1674191713
306463432
1399765573
802622679287205888
221278550
830202268037283841
202554322
366173107
743479694012592128
1108512300393205760
47433923
3739669403
949000053556850688
293303534
913206700039163904
968986894531887104
968230081138184198
1082336968237821957
820410188247212032
3294070811
985578595837009920
958111010937860096
907765173934608384
43300047
487833518
3816017770
1087782045621911553
1010687575747592192
3174224061
4909411917
4909499993
2419244269
1033656470
571849260
879495278713339904
625211555
896386334394380289
159306653
494285101
597647783
734008638
4118061552
1005214578760933376
867208823567785984
1835099408
2360981360
928338616782327809
856606454
3295279674
885810553
20928541
407111444
414045304
433925854
789822178300657664
465193883
68337718
2883609916
364685848
806070181
1943506560
3146588841
3331669678
866816620148269057
967960614973919232
920735753562443776
19402238
19658826
14647570
15862891
17089636
57579512
19837528
28567809
2293415520
17292623
1008732044141256706
869696624792018944
22148550
68454824
63726308
1058518825
104576097
562188508
343544081
2799879038
407077019
2608570804
204336113
24916542
130594307
116343047
84915778
377425889
525502639
838472742496239619
862796388890849280
908351881008861184
884861491752574977
2852252002
39742016
19657214
405212879
1155497149
755152939996569600
398268316
3394704713
252204344
3077472948
2610768194
737367376249917441
263343615
426909329
1252329349
905858906513133569
124237063
14831515
204885368
2835382954
430886832
102055258
819951446
783692553778499584
2903999891
533225155
2411159000
284644078
4795460069
386682375
2339600851
3448162167
76146283
103005148
25093616
18170896
1769551
15587500
24236494
48715988
20272531
40047360
584170685
30862829
112775879
3355281
87510035
107502030
1480500560
913771316460838913
916104873929838592
4912661214
1050721553074319360
1041433668538060800
728435794331869185
115166941
260571752
806615821216874496
389758857
133870953
146481375
28785486
14293310
4898091
18949452
34713362
91478624
3108351
1652541
51241574
2467791
807095
742143
18213483
69231187
14700316
33933259
14159148
9624742
66369181
2359926157
17629860
15647676
44783853
146569971
15134240
20186316
68987936
119486479
79032381
91353230
44800896
7446242
21411180
538143325
117514658
82675316
3105274986
17994289
46213641
33528248
742667104508334081
71327190
29556786
41807824
296306823
1442192924
856241556382040064
2486583840
947917151784009729
634626250
758076542
4724327680
468520528
1277614400
1683998328
38489678
195503811
1239796038
925359639868461056
27013292
86626845
1671585252
628765360
707051700205522944
39585367
1021427317481050112
236921052
212273152
20904490
58839469
373547790
140856288
15065333
24456311
50116738
745627735695974404
41440095
28436760
1924891897
205280101
582208181
2169347720
61241883
910877330
49416874
28294124
28943421
17542775
780434524429807620
19495715
414752636
60871623
69232855
213689248
877549211385905152
394879847
4331877975
269221749
915899697692160000
700899129355010048
721788669749698560
1004722124
2849300881
745896495489159169
3072872885
18683406
3315322193
3214533497
310026299
19920464
14729597
847311241030717440
12267642
163456965
984852849325674496
80971863
933529292
900060926
864928799603011591
802302308226736128
833376066966167552
1001496652157538304
3285132828
999798762162843648
334620203
369707682
4373190202
96686370
18781059
1049757555491307521
359501186
3439164749
23305832
2474139426
2996883981
3291588087
2366539375
4827883464
231679323
2535434533
1166363509
747819549173624832
879798441655898113
29126575
490544769
37703552
1194962714
3511138520
726304448
50265238
4854885424
2811548749
836298809605046278
43051682
4854832205
22195223
171731400
2395900849
19077568
96994334
36455168
42708936
44614314
4061204056
2778609876
2375750791
2216147688
39061098
1006862749
3828522267
4054768697
111091617
112768220
150794946
59437129
182886164
810131685010505728
45596617
2282557628
31198269
154590922
33581535
257731653
2802993134
1494228283
818449562260144128
2701073637
22054220
3192757580
36203015
60730203
774842190
21166230
516769926
1915514191
1002386521347854337
342802864
2434704662
180911611
393112620
327342873
244184972
572062434
257010511
190337035
10989152
142937787
88581667
567395732
2428699813
33898299
2210559318
246919821
2201478360
459482914
807337182
1548726020
1720827667
11164392
1283747078
20678126
1023316502
3366464453
781562098165878784
806257453088305152
847078202157731840
838389180484898816
86970530
627801443
170023430
842143333
2747272730
838857673802153986
824760123516190720
786289249322541056
909914291993759744
1022948842256392193
920814201093935109
1012029345114808320
994131190444707842
942166634789208065
467924781
2249378485
901161883717074944
709479366946754560
2877187070
908514289459257345
3366799961
3887937559
3874668673
1963383516
779093856742625280
1045713154401947648
315960682
1010167833014296576
1010591491851522051
304593450
1011595666114662401
1074848970768351232
950369288141115394
330036521
46122979
32132651
2194991526
63202045
18082624
55158413
16645335
1060959903446122496
892049121560940544
402274600
1352753706
1945212828
1332147463
4406547923
32951278
78060290
707643150731501571
428750186
1470585896
910912828911112192
769921313137754112
903904045
3308730563
1623814249
893543531377197056
786733599915544576
769985865120616448
497572604
3294056260
724824696802435072
1496851160
15282907
2955330432
1096408915
2773396513
831588851730808834
343596470
4259923883
963148010707234817
928754960472334336
776470781136084993
3284261136
2899516410
32771437
874780390979846144
783719687632793601
982819983863377920
633942876
14562968
15266393
3600716663
4009842508
14875229
50499723
170877963
247492312
118152112
849220904425066496
361937077
3252831505
414263937
419030254
140076776
1649831185
1117805708
952070108557422592
44168607
58607801
859149171147845632
1018505785855430657
544826119
3252958539
987180628054626304
921352835920474118
927405283546198016
912849135690186752
903261743132102656
249712302
749657702880583680
315238461
325485158
1450596511
1560887198
2350451402
3045332007
768833002369589248
851623242942959616
880164015028264960
988223928513585152
1344951
2804643726
19052570
53529588
3689360303
930611908591448065
869355612743753732
921856507049906176
923351202393395201
882182619001233408
830782230008098818
3426940853
851188869118734338
920457632825118722
309868519
978396454019633152
798685402932592641
762297790139666432
874469617728663552
844760003756068864
969551215355932672
924689806860447744
790897939828707328
3503263319
2531141432
343038051
1364376601
884883074873528322
914644946837295105
868882211742810112
808543730798129152
3418112842
1167392804
896869799959068672
788895198785011712
949325743384858627
712687470668853248
912301605101457408
471594555
17487733
22028340
41380057
36078825
603759829
1620621318
3233886793
826127071499972608
154145174
756510547131105280
926814150944161793
846518452584173569
855372288455311360
518993159
914196110507495424
806337148425224192
1619265169
71061891
115039678
3309450532
152866991
992058713270779904
942818169835671553
818558492541906944
58636516
64795125
62420021
25928253
17837184
27922157
16949344
14592723
6794502
22019881
25950355
3182854863
42651647
183723450
106832630
84366243
3171192282
800459756292882432
174847568
43199901
52133835
747917292953079808
978671691965583361
17992165
2443217336
107476580
64266085
2792552311
922655271759089664
27537695
896530309117825024
59967205
248795646
36196223
2340884810
1314082928
3883957468
1395282313
2873912921
3956178154
95753389
960868651
2792390881
158396052
20187065
14617444
16244789
3234116270
414299987
1036373718531010561
7879202
33898911
759251
9109712
783214
14511951
2884771
74732805
20646711
115485051
16616061
14499829
20436059
27295244
85289376
14062554
6519522
2384118127
16564324
15368404
378204367
16153562
56879674
22736710
14086764
15723971
3218244202
382647376
106895787
14091091
198637595
67324224
38530021
15282064
138203134
22708797
63302020
16303106
56799371
14055301
262799542
428333
14282672
14173315
15588657
15353955
15245706
16506355
19397785
23544596
5402612
39250316
20693661
37710752
455024343
11348282
15012486
621543
17471979
