3433828276
1202704286
913390285975105536
41576433
3166137262
21237486
25340716
989625055
296391169
635833627
2319375978
2462306584
3305960134
1108928760143704066
313939160
1020952663
200634860
378259736
34617752
92055605
29514141
31443503
149706579
290298526
359920994
11824072
19359515
21675323
29726578
230944453
254729384
305461235
2180508037
3000561369
3033592246
3145168942
4558873814
3130891960
4624216641
106792372
288726496
881902197654654976
2429799942
33177553
588770591
514806103
46300208
319668554
16629477
2829821241
159952752
18927401
22774267
1633142401
46145761
223442231
120945930
2150106425
39694489
2284083054
