1029711232524148736
1428586411
295445905
326260097
3075292466
1679040680
529370607
308203383
1899252632
85906574
33940203
41758454
921468289557127169
857993949977255936
773781584608722944
767831157987737600
761383368252596228
764226731498545152
88564778
725614885925572608
3112786119
3187025600
2307735398
500189540
1091572212723826688
14837928
37061000
60994558
30946680
3334071
299824509
341062238
2822690007
762873361328246785
775326350081155072
705631819379527680
17786464
29198561
16367352
59564136
42724812
14630343
373743969
14763870
2228293338
245478945
1910829468
490977072
2564496555
74025560
20755470
3377340287
757362706664067073
362746034
53475513
20342529
67772466
1666732418
1856549478
174532709
89711932
243761589
11602392
35114805
80599812
21599871
22588272
18392092
261819883
2915295700
141913400
1710705546
168956043
23298786
164655360
194096058
91376485
210440710
395611908
397560902
23592057
28737222
459027871
23331659
3663204142
1063064701779787776
1067426904641167363
939550987
1283416140
627897127
1478724468
1118913394525048832
62725336
155958359
219613154
36519250
728800520798806016
942432566258360320
1059431947326369792
1123270309619146752
1027505788410126336
499705581
183161081
474516813
1120542491932024832
1084331048228446208
11395432
764896697533300736
1120478772828962816
1125768868377636864
2562149473
1027091527074373633
1106896495
1110791320774283264
1111248837698600960
728838373419433984
522926105
995949939434799104
1110936944207429632
3224220012
1105744971230003201
1098215304285614080
1095251323069575170
421157177
1129079390057488388
453480871
1130049120994045952
972027345199599616
1103759079791484930
2802104478
1132828201770803201
1132690805976649728
2603997192
1129698611535798272
1119315301483466752
1136851223401730050
1097710815740903424
2365936506
2380765628
564881615
2354956190
277570882
131159582
1870863584
19287786
128359217
101534404
26081641
948151444389158912
846746977744420864
1101534108
526862542
132203618
80289342
68707782
119687066
950444064025075712
4580141240
83982575
17644952
964267809474842624
1725325885
1000813729838137344
15120976
225433918
197753310
195633093
150670850
185724702
2772214731
705017873853317120
4808683125
449084517
546448375
498394909
288702349
1617295363
850788072
962076115
525364520
2203313987
710446576649572352
1408418756
498158053
1084148743526436865
1024901671116304385
194980486
79183750
274104514
2229457333
16497772
1108485180
467877845
2478665455
734813690621366273
2806378494
263609928
2614199120
1934101963
556893439
327933135
297654744
630359126
813492662
1055104803427110913
824308375
956146874863386624
956148174082621445
956158503294451713
596276121
30256016
228145880
234719575
35498418
606148137
44370086
4273112550
4034255774
1041496095027679232
1080331342175363072
1258688941
487593066
349331562
429351625
308121148
544654347
14372194
106493824
33051040
31506016
21119759
505169604
36761958
65080967
621176278
401187448
430729351
332043774
243776094
968384070
2395430839
158202036
2466236004
2656936225
83678225
2516627949
372986990
2908547697
2706093043
977502335642431490
255657736
16899075
50318149
14311208
830461762789109761
17476350
39082174
2612185748
34240147
254616847
152644313
20898380
773240923958480897
568617623
14062221
51502583
86626845
17843236
1091276906
92932981
956354334
40375615
901542152357924864
855952082259419136
906212770378530817
3122583042
3255154051
3035455149
4551777197
81938756
388843267
605454111
862854541
417193555
47243733
259123518
244257699
39205997
19062239
16684736
17310881
39985068
1462132124
165997630
1314787699
145153948
489431722
2325446514
704644120392933376
739823527960797189
631398050
1121487876
1165492832
1153090536
1037915730136756225
933774080
301417249
4244561176
25253328
299262257
3351431771
401542034
66144146
396845139
1125174522057859072
14230524
44435064
73763589
101640191
43394391
58867607
158895098
83945894
576862219
50009104
192470634
774600122
295595424
322277140
276711999
4731513560
765625142701535232
2746771188
493012591
71021352
328957989
281686515
1608168817
53794072
26021707
56255592
16065828
553775697
2808100592
405022806
2904361306
573485197
720968210552631296
722817775920680960
722696952052367361
725390069926887424
761891287721271296
4764515788
759102438704050177
880333788
2900506186
1025602660286775296
709117009989132289
903432143988293632
436254127
805480824284073988
1191249554
425549033
1494390727
1383095372
1521431724
199270651
601651447
60104637
326212982
299264437
14763734
1113740808790974464
739355841648820224
1082969440046776320
989936098716536832
889336230122594305
1080903614753837057
2935158641
575887179
76674289
1625793151
818695674
500375241
541256321
284829832
751467810220494848
3008624935
2445659546
382311286
2192977532
919341854
145551579
857488542
723534178281607168
6749232
3311950712
960922231382700033
956667465228017664
996552847713095681
47594415
1054110555890425856
1065745614942613504
1128416832342376454
1043450347610468352
973046690708996096
116404062
2458517399
1126125886208663552
1044997348605063168
79010322
497135419
1088901899246596096
1131517183593537536
1279032709
532626048
3294422759
1122496812533739521
850111551461707776
1093832952755171329
1117101885218066433
2336866657
715680443614552064
101566453
2290024064
786257259936436224
1004731015
107037417
2719984040
3166011264
3210469648
3115381263
169861698
4926928720
502042014
378259736
112475924
168508631
15976705
49698134
2573480784
47475039
14729597
809674977813426176
839707535569477632
52999367
1051918743482327041
49241327
25761943
25761123
2196922086
25761623
408037442
3307131244
726967841895776256
726963154861842432
727163083794296833
715719594766249985
115637932
14573739
1104940866366590977
1056815773295947776
1129848872132653057
1132287423810027520
1123335353241362432
1018169359792001024
1019308223965384710
980266629891346432
1089329047237218305
1010235633514700801
963920256468058112
1061799367726764033
1132404397550579712
1082374008102883329
755841903086579712
1117452267924312064
1099813184272297986
1131706742205747204
1132670730854916096
961251460448006144
1086788692436570112
1079771995267452934
1120523823982497793
861355413790498816
869941688919306246
1108838459068895232
1083843471335718912
999041603451879424
1131654767908990976
1082286931524943872
1106907239556751363
1086417270983794690
980510137210327040
1042978638055043072
930164622967169024
1132499455759007744
779123894477172736
1020718566264492033
987805203415093248
1017501111442333696
1473533737
914932849618366466
1010874978177126405
1013166094285230080
2844208619
846883827251335170
4781810121
1125120333130936320
1125102616281792513
949116197534040064
1125208049663258624
1125226861712297990
1124516730775244800
863444765068709888
1099981365150433281
3136016307
1125257901268844544
1028568593154428929
854541450297475072
999677240
4897982532
1114820877084794882
1125262647430008832
1054676461876137985
1125262438377484290
1123431013814685696
1125261173635440643
1110756873362460672
1122698535990779906
851329277899542528
1125262832407199744
1059545383536226304
1113426107003494401
1025432741943435264
1125262640647794690
1033908236943065089
1125262573891403777
612473
265902729
835037447134162944
841393592816005120
775451244731240449
112043666
2494359720
852182357482377216
1098521090001960960
1061950424637468672
3971313435
911129752936882177
166892395
993299321842950144
443505051
3219081686
907906137286172672
192190443
780083894150238208
728557866286776321
3816665602
2454551483
723158322291965952
1052552792353718274
1004267595850309637
948768355233796096
576541713
709340063675469824
2290239990
1117846839502331906
140619124
1895777341
3063057470
1100788767533789185
1122051191158894592
965963193435807744
1091646003961159680
938352170059014145
870339734287007744
1077097253355937794
1109422871309414403
1053188004540506114
1027422669099098112
736221990151966720
878346535968419840
909890987245391872
1059257318985138176
779956905561030657
847252997423865856
4391401276
1044516033669648384
822362555364626432
944178408514134016
953098368502214656
1085163457257721856
1101554487846670336
756784679353741312
1027586330061025280
2936717580
1185945456
1115614245842849793
381001720
19057672
2267268399
1076052675551207424
943623319445745664
236784027
1083009022331097088
43681150
2786391495
4905779956
491437022
1082741299558649858
1083289116324835328
577694907
2215661645
75046982
1064711290604666881
1962131275
1084296224730079232
281071652
1181317608
631355059
226309097
747629286
295042314
2766368938
979140489516539905
902246099980877827
972221232891551744
1087024502591143937
841818981870776320
121524295
1093078005868609536
392248118
978607032868790272
852203261574737920
1093434057067778048
1075064861636333569
1024962267199287296
1085516044741926912
1086984038903046144
1093115387590443008
271928933
1094965855551664134
1060972677022867459
773201006821777408
1092073959019999234
202783321
1093664300475002881
1024020986222571520
1086638232056578048
797064025934688256
1099305676126470144
1100782332628348933
775065764185444352
1100090051600572416
1037138569838649344
1100090027038699520
1102672775993589760
942149592413622273
3626025255
1100751257139113984
1103458480411865090
1103934365313032192
471810128
1080867587540414464
845431440468783104
1106681243893157888
498343249
1109865621511176192
927224886359150592
628447170
292508900
3580970715
325699594
755702540629606400
4415315974
2981052527
1412784830
880840950578282497
195477377
258915404
198280543
253053567
106138408
402669661
1109785087887970305
964103605245677569
20663415
1102873503987052546
942742614977028096
1091620165240872961
211269330
732145941311062016
2654005819
1421215250
1111140495034642432
1111647156354445317
217506104
214276636
1111603419238801412
2707533239
1110675725923901450
1112942901372178432
25423295
18010530
2500297969
1101395244485091329
3245602556
1088804327039397888
960584456
1107239064196038656
943535556
1619405155
710555530192928769
16098050
924993830599962624
984077141175398400
2921050398
896709488224251905
1084777605234970624
438649312
916552970124320768
1012035426566262784
974600283756969985
1068457071954120706
1112227258813607936
823180520695664641
1043007414381862913
873392059
1049559329131687937
1104383968915439617
1098222305141051393
979431357603598338
59626710
1108004974116499461
851040161139785729
3091480699
1111783624708378624
486624314
196652123
948653510635253761
1302370652
1096421856695988224
1108965688780062721
815278034
3482472195
878882471894540288
587235888
3160181820
821847898593824772
3328226662
888802090478440448
1066826915464515584
42831620
948985034282819584
1087607016
1070657778241421312
800535343468380161
893510454554664961
1062267300626104325
734412228
988061725902692352
1110408149075456000
740148788891914240
1471828574
4021358712
357780283
768247579867881472
942005980434280448
809630161838673920
988743417097109504
727592090645999616
125805412
2379497137
3835337419
1081980585613000704
2160887233
1095368845206933506
37526114
1083944628083032064
1110553152191782912
1109892504516734977
941158544866402305
4694068118
830319314221740032
1716892849
1095362844659310592
128802487
2259454242
389799928
230166131
187263330
220806748
1107967016709828609
828362419277799429
798906892382863360
1626314468
891478904485150720
1113794969318244352
989901890300383233
718432215290372097
1112798713704013824
2273254916
2261639088
979537333950148608
4875896757
1093556372258484224
33156858
1113666064855052288
1009440197099040768
4658907438
1114053518879481856
969637619826089985
1114498446013149185
1092498829952323584
270430076
231772963
4897944867
3142828791
1058507491783393280
15490439
1071799511423557633
176186208
700502418098937857
2710956330
778970688
1111392095405780994
915559016415191040
1106614280261009410
1115143257233788928
797260276026507264
1114891439756832768
861953356381728768
1115456567472734208
2408676823
1115878589612867585
210269310
1101061130200498177
70385033
928711041109737472
1111357411258974213
754361952
960344217213169670
3266641609
282246589
23804571
289547712
836245272552325120
199481707
918950480000233473
17489506
770349193802252288
3377241
887139690431762434
55198741
839480024558419968
1108962574593216513
281235442
90011705
1111402058735931392
1104228796201234432
3963412696
4713594552
295778258
1284194856
1097849765176508416
117645742
2372263333
105451260
2284237477
14926165
1109547256212934656
1110155629828571136
719615473
922056475358396416
4567546774
370282938
1071828679364202496
223613750
1036002457648816128
2964202679
1881014197
1025324846236848129
216188943
1105498462286696449
1092423527440019456
1710828300
1621934670
3013443227
1045411189252075522
63927291
3243373005
15733680
1050346146886049792
262359178
1112309807292301312
1111733613085761536
236614300
1071284390720913408
871457768015892482
1108350851557425152
974227753422606336
791873905463926785
309136294
249231667
1095217796223516672
144506791
3087201213
2229041119
25729310
1075423563744755713
333618874
1025516340717801479
123408841
1109271430192136192
1006722346030264320
968138672855011328
1078764133640679424
36132508
907379774573576192
2982989819
419451355
225815228
1267517995
124897673
1098733625200336896
201606471
770635562063650820
1092848525501591552
38302903
97819464
323306353
4079031
719086392
884665621358624769
1265565506
1607706524
1111220340930183168
26408818
1110435062158368769
1090541590152654848
153878329
745180966826684416
1112653701561417729
954321450357477376
15161654
2319923486
3031531533
278855754
902162298
1006577045558702087
2168818056
540072722
146777621
940590303307743233
235437744
197464628
1097741677291335680
88946215
1109584062199619584
1112766712410263553
1106609298241716224
574445200
909001519
724873857023283200
67112027
354868873
981619435441070080
1852053517
740450805958987776
15934168
1075721003249020928
15804664
933961664151502848
2185469971
3822772634
989798356900761600
1099425030356766720
1112695095168548869
756142589468897281
1046171800118460416
1063117089072967681
3030357723
15599367
15049386
55243347
706864451371278336
1113329078881398784
285660208
3183308569
941610202549252096
887867778480209920
3082106679
15494638
271761963
928421505331007489
533386731
1104936453383979009
369947649
1014040638910861312
126210492
1050085932643184642
903114834723708928
2689900176
938798993508847617
17330304
1283090190
826964817915236353
27468676
1060066286175174657
1112819767054929920
803331273884389376
179523467
904666096053116930
1068915446299152389
2715406644
329121601
1113465761731960832
1302231805
235304294
254723086
64416304
3246451615
4854280001
3431161163
1112322585566564352
3003863477
8085282
40330479
4798576474
3010277400
2726051622
560307102
470229021
941880393728512000
1107717012631871488
57536344
1083611653244157952
901991690415812608
989083542670970880
1113130676079951872
2917786118
1065914982448037888
20650741
102683499
978504260131307521
1112816973304549381
1106261291960655872
3048570659
129971718
979208936585822209
840368812553846785
1077508160846409728
935952548212588546
1111279780219875329
4870790044
1109145683703943168
2255946943
4847099920
2499889464
837294366678994945
864041322507841539
4403115793
17295368
1097483960911843328
748109464566272001
1108018359667318786
14291558
2446767680
1033794828767715328
1095816478782377987
899091179148587008
877223103062986752
54165178
15096238
1001069119188316160
9678432
164377491
18602175
28826419
91612785
758471422540820484
2976205779
1112761609905004544
1107798944892022787
50605010
800029617809747968
804974200775577600
492230943
171920345
1114124152573767680
847756452
3241528182
2728061987
29292677
1026956742104633344
2943977085
25923543
80896806
1014509225194635265
9525952
1110244424489918464
2980869939
120571275
4558969878
870651962798125059
1063847813832937472
1011765480430948352
1073824395393519617
18171244
1108547019835146241
872477684529586176
778278394475716608
944848107514335232
1055666195368529920
67322113
769085878375440384
110546136
262686994
3139699688
32451329
846691122000920579
72173234
721706567087759360
1070704255596515328
1105043835506343936
15631759
56340327
1004837201895743488
4787663387
707402080734973952
368266709
440327312
49924930
1076035601177153536
51943489
218098611
1015802182053056512
1115373447125716992
290289018
465242604
1098374481515556868
15531367
4327217114
881065049682354176
1540269949
786806869893324800
946474129775087617
105563300
1110241644387987456
14779041
17899712
2738012154
1063475584431529984
151108244
4898357531
366656710
976588207461576705
57299498
46509768
607515293
838350598114193409
20937559
1073633016508047361
1035779927402995713
98768100
25516276
83025626
28658913
827193040464859136
151694228
1101528298646052870
2744345530
209021399
1095522933198467073
1065828269877018624
1002526852441956353
500424966
40582785
1099961143643254784
1102476684194955264
1112665067173101569
2808208082
437366708
194888091
3344000290
17810248
887622902660648961
885154945175105536
111318773
2507279274
966245773976506370
1114869525944651777
502274124
217473261
809070552388370437
130462038
4914476543
15649530
70040253
3610564288
20716202
1091373623967920128
3186769342
100277835
19917996
65040356
19329799
844709544928391168
846801493797715968
1007436965631971330
119315584
19140447
3117394713
711241027445792768
1013564573880905728
869656672914075652
1088862784991973376
561512518
630903999
1083378649720594432
709383444
1055947797046923264
852652033048027140
1086368748972449792
846395101756690432
1065406666907234305
1063073812982517760
1091097864858611712
1013037865645887488
3020143716
1091091684018905088
1055528153488207873
1007338409310982144
315263281
1014551492085219329
224534417
1018978022274359296
987392534652604418
1075172030876712960
1091353792489156608
1092669209727913984
2580562993
1089449232245886978
797239650058440704
1051753655521558528
1084189611662983182
1042384413093445632
1086370095880982530
987166929013141505
339401760
956319390152232961
1094237576163151873
1055790670319943681
988396091182931969
1090984335832989700
2776949760
1098282169758289921
1095543458008363009
1099202195873062913
302181171
1026238908189880320
3229900680
1018913839604264961
853829397576646657
978648895034044417
836926937524207617
2864192799
1100424577283432454
916419168316084224
1095058353041129472
1084066226110976000
1441730418
1095080482319028234
1095074359033688065
1085187749169123333
3225897623
1085630796176646144
1085626510646554624
1086334476391776256
1083037373318025216
2168257937
1095959619778752512
1088465457898758144
1073317841175240704
2273393874
1098227291514126336
1096208495190380550
2845148412
1069619788819951618
962536226409648128
719454651
75170914
503448448
1093594163873017863
516414599
367782947
395769106
706008642
3170984009
1021966799305428992
328737613
87710468
1071596000358338561
1081486164786376705
1095809256991977473
1095065180315238405
1050378054902665216
879216475441180674
1086212969443282946
256117307
1093149782254604288
264325660
2881390625
889853738642440193
1056885988734263298
1095705112251650051
1092926556916178944
587988042
964443664821948418
1091466949807067136
1053264722487853056
1095423178439118849
1086576437333815296
1098648015395467264
1004405629446914049
836079913564323841
304600388
1096822728101978113
146595646
26677465
1039231527467528192
1065232831490740224
204265518
1044886100454592512
35823438
1083227266061078528
1082772047250497537
2832397417
563946002
914125877516128257
1053984878109380609
467998761
1083502362910707712
1074219629378195456
1093846138266865671
1669172276
296150557
1097852228457484288
1095880872618872835
6176772
155128548
1099506318820306945
1093489281845231617
1945477621
297604748
1637526974
901454423251189760
801445343762272256
778894057170989057
444389361
959956153399758855
914629307833528320
248232279
3597650116
1099502667590701057
1579994682
96082963
99808390
825279145936551936
898321768808681472
570315266
491690296
830758565006700544
1308591343
807727501
1923908826
2467920806
1020627246
3682685532
2448207799
1098194543546155008
1098577662858137600
894028561006247936
920613650746003459
782587713396572160
247380353
1101022342392643585
1531495897
16931684
615260596
863288926185902081
993985547034017792
486731383
767741315924815872
838499027075346434
1079570802016694273
4596218838
1098791653211394048
890330461544873988
1540641596
3524484612
256453451
1096730817051717632
1057934197984292864
27699738
889418706572464129
2334719604
1088081363721322497
779426909868421121
1021642665455247360
1094776017711882241
979621957166510081
1079245228517806081
1047911993070374912
1073328445034237952
2918256721
774389956756185089
1091630367767818241
418568739
816422070326362112
1047873283843088385
977950001753149440
1060052086501498881
761100387797442561
1563944604
1059803090587664384
1058402038860652545
227120206
323104394
1042983551925346305
1069244047016017920
970498293808562176
181130748
770720007898722304
1093612310361452545
1072543128
588453076
1086315090666815494
1059361962356862977
909997913056665600
734868668916588544
1068336066279743488
1076793168782389248
2723825049
1067978158639628288
832868599228403712
3002807011
811239026804060160
43390722
239760107
3859572137
1645135819
19284516
910603543777648640
1084364390571409408
889145249192439812
3293403351
136506036
844617285776166912
739933850147639297
1074913432879710209
4901910550
1058034635375042560
4861805037
2182072695
1062418565201125376
891991760
1048529096911851520
154426206
105968535
33696409
1083010962377113600
1002170703733493766
777146404808564740
2292801414
1062134439961157632
818553341722689536
1080545788843954177
3392070047
4331983163
1332283232
602201627
1683642541
748484614751125504
403227950
77995208
800967356
1196470650
932662022080225281
854358733027237889
939732288211791874
961167508488228865
874908128286035968
2776115822
856965837256884224
1086652007799246850
3404786710
1097125018176245761
982848064372092928
1456532246
1668064291
239570572
1087627828844216321
1039145942
1079010348852756481
774624646092120064
386723934
42414246
801529136464404480
2866504819
1262776610
981350629
219239665
816625859897462784
3407268394
1051410800290623488
330873886
755535136108797952
3989310015
993534484703268866
3247985353
175735623
902966749980712964
701347214036172800
783985343125151744
775558621799256064
4194032248
844897920
1089956266871525386
805402023835406336
1086570043289280514
999886665005977601
825220664487452673
3611326633
1013225491657056256
1069761638008582144
475132676
1034060849349107714
479080862
2889234921
1066376352880893960
4622276188
913821258134962176
1909414447
1452072764
993671816794296320
853340013693739008
767020643682484224
1070852633349353472
1070857442525757440
1608184200
706417350397050880
965323302398029826
1165051172
1051491258575646720
774330769766490112
2510966922
729932976151269376
1075932915299741701
2257049428
3719225435
804733742577254400
957779154
2735468717
881456637709611008
941650527972155394
1068859607207079938
1357410570
914351603678945280
1048550719475896320
1006119114903965701
1370067576
1081584889298849792
815552678306705408
774765285706436611
3186445855
951426497902010368
1068774233717817344
2407431303
1071440422805880838
1021001719420006400
2971605532
927538088842268673
4644380416
22843656
1072562970041991169
1058059533103366145
787703377752883200
49881114
1081715530447364097
1082311808453533696
1057139437388423169
1079201247188508672
987009886813900800
930197520600457217
1082279483611275265
1010531132042022913
716224583410577408
1070810456418369536
772346710915973120
991273504527077377
938652078955667456
742472639072116739
2907995276
2782610613
1074762202450616325
1023211906918690816
2387083578
1403324749
484609129
1067754851982036992
2315591251
1080676521772310528
889169218121457664
278677097
4716725601
1681654051
948739821568065536
2856441690
703908729557659649
851019027048804352
812811668208156673
326910268
865220645529022464
117831527
1081627053705826304
1032252659582033920
1057294291985424384
818876138873294848
753328062629117952
4373595215
2265891777
2185783205
1027966724874936321
765182470169960448
702553321085788160
297372532
1040272934072401921
751824838042542080
3022035142
1541589302
3267459241
1058774718541717506
778504806998609920
3116921948
4576064659
3389874434
1066293100086157312
189206575
3038429970
1023391218959568896
1068054496520085504
940157330255069184
751406268615647232
25061175
849268482
1070312370688339969
2800227836
2756385830
1018887248895410177
2417312032
1575812034
985078681075834880
1078663808531468289
4712319312
1080425260430745601
1035299663451181056
1081860207028797441
1021505934366060544
2284956990
1075775984367009792
4101397285
1079578572497526784
1073932610773180418
904455244482056198
1033128015943880706
742938307
1039652806091784193
208014726
1027228128295313409
1077519049
2756700149
325517461
4242351918
1066336099822374913
3019905483
1038101062069235715
807192747899846656
983702484576124928
991979271773216768
622959804
18330792
15146095
711906898
1082100228189151232
1002471062443970565
956923753593786368
959802396686811137
982867332891643905
4839647265
1070851147622080513
188729506
1062006163787657216
2714602411
941338683235594240
1070849806724001792
1070849175179251712
786660052996349952
1070846185408102400
846038251601383425
1070845386749706240
1070844953083863040
1051080115986227200
1050750966960713734
177595426
1039743957494915074
356816945
1075849379918086144
1067367799666999296
1077363881842860032
1478116867
971690607151267840
2677261207
1070844261719990272
916920994501033984
1022488503534247942
1070843494409760768
1629921565
1079158323541352449
4298858387
934757544592941056
1080204758890303488
1025394471431589889
904351337923485697
4851220360
729196991943737349
803043138835247104
4156256969
804069432330960896
1006270082031505408
957769716914933760
890059755749867520
1054864715980173313
1081891830403198976
960883444741033984
2909229107
3040440694
1081914024453959680
56652416
1053827017718882304
1060826085712113665
2984214828
1069214059646476290
1069191917546627072
995740966853083136
797029624052060160
993847696480911362
1070561332309647361
895823092617838592
1070559651198992384
2855474711
3235358826
4921349554
1070558050161852416
1057554655222349824
343283519
341631487
2236456915
4172540865
1070275538722287617
948545024450551809
247720278
970199891824672769
1601981642
928104209915842561
1039372501023780864
1082099198835605504
1713479660
1082098839694143488
1022120396672442368
965835899178180608
1081891255380922369
870700611448168449
1019598048547123202
2961630776
1064035678604775424
949187635779530752
468976145
1083283324376961025
1045015435601735681
1020638341421678592
1074926630127132673
67685419
1082131230219534337
1081137120213790720
1077922563693690880
1071802976220733444
928271130057519105
954095873478180869
2937926737
111094961
1022487796257382400
933290601402871810
2781492936
227777981
40587059
1078974797923508224
2353434331
1686165270
3818420801
1085527889477541888
1037146037968719872
1017020609379885056
1082292198681600001
1933042237
211782505
1081925709105266689
1039707895028436992
1319925763
781435925595353088
761985912456613888
927562945915076610
3430566412
1002180982966050816
889123524912304129
94195631
4215077233
1084461894642163712
93026402
110715764
1039706653761789952
3021888592
1088031407232888833
1087677371321204737
387650132
796800690228199425
2684956190
1073779770599436288
4839614223
2896622430
533187389
121624263
813002600127823872
703931480
1384646275
954583855977017345
15972212
2903644411
825116181648519168
182828098
29990190
1041934491118206976
2998864022
827657976
4058142620
745612928758452224
2704015396
1083542456556244993
842045189900365824
487838342
429422374
872695783
1090347030478757891
3264785739
865711524807049216
1066009334717517824
920143016769224705
766263883258589184
938797305616130048
1536268694
1081326703279046656
1628735084
1040418710
1083883157643034624
201671003
1347347605
1089925576146726912
1088773805005332480
1083688818560118784
1069383223074004992
963914158533173249
1085866176314572800
227019333
1035301966707154946
1070718385758064641
1076868885989785602
1090969787465912320
1064177863446814720
77170635
1089173387543539714
1013010614720004097
1084192656731897858
2329297393
4863388283
896677647383703552
1090342331293810690
424336334
1043114038526398466
814891184631988224
1045749456275103744
934866317592743937
797140850635575296
311037688
3544987159
15810385
909168012841844736
4342351581
3438552678
739988052357976064
893553525434847232
1279077319
1076092367134875648
1082899552921825280
927303720903303168
887657065
241205393
1603996596
1086462232467251200
3030312454
33745681
2186796277
970861942758756352
1023951239153893376
841965785497010176
2964731696
857865447634599936
2285716273
557335844
838217476123000834
2695595423
974830509900537856
1033382816350973952
1091866134708539393
879047882040651778
1070638438620254208
1089256684218912773
964911505421594625
1188033318
919448740167143424
2579500110
1104697562
1026814163560157185
2463789685
288288052
1012561121289502720
864073759
797574922927214592
97169608
1091962321130246144
840346309169156098
3788800278
931220294387281920
1092180991219826688
1079695950959050753
958208278235832321
986580889844043776
884451539447930880
919398173092864000
794959461945405440
2785562707
3293118027
1712091973
2938526376
1067200654261829632
1036741120355491840
1091104922471256065
1061884068730564609
2225549122
867318185162399748
1030369118
2235029290
376181555
82587010
975987040784334848
1060863933202993152
1088652605255868416
1551494299
1092885070979964930
1093239613127299073
182656221
803353746
2273761284
1873083546
1084447902489993216
754724578555863042
207527024
621202387
1056922050177183750
740679889397878784
1080885063959674881
3160827222
2485581870
3190599876
819288984
1280699292
915181443231313920
971956373624795141
2303491292
564464047
797084457392017408
1260426054
1125863833
3888077414
769853222
786753208374919169
970988133360705543
2524130654
3299767724
738819643419328513
3458138113
1611528361
888889346631368706
777936382794801152
2864618746
2809977690
1004644862
4868888992
701657796
2611447940
999133919969607681
4202762073
591746664
1004795310
2429264865
1011268436700356608
2258009774
780644748931457024
981283908187840513
1001031788146315267
476446255
1071352095012462592
4424813429
970131098406674432
371648911
1012869600
585456104
1596744240
1084747488261824512
1000687788797276162
3878808194
554353054
3044467113
788348929234571264
1085085470793420801
2378158930
1085203496599728128
2617533566
1489703012
1111341691
976291201136472064
997379547350773760
970698288830627840
448606907
930433647802384385
971417614990827520
904109539359940609
993797273078321153
741629497
1117952088
970923249818357761
709318016140484608
880564289463087105
874783291307687936
1067784852253089794
1083642259558387712
874139922
4738684973
1083794399434342400
2883160116
1082559011663142912
706589283281408002
1013634584448196608
1085262194386849794
3100095321
873633034460966912
1065940494289698816
983161270584184833
889232640334856192
2522787517
2737653139
915158754668269569
1065156101480620032
1015390081698365440
1074015890415542279
1088382698228510720
1083691771333361665
857796382161125376
1013613478400184322
842674301325127680
1000804038475214848
1025107747229052930
1067358271101722624
1037581477662400512
1549151311
784012022505672704
1059655326994259969
1014111481808465920
1064484936831389697
1076141078263316480
1042846804029726723
942521971954339840
1095267631735554048
2690771485
1084488560953171977
1075382337544876033
849706765419651072
1009849027305721856
1051579183338532864
1044738731914272768
1087473490549186560
1015627803155288064
936931002881949697
1047921315963912198
1069577826549022726
1036845321438064640
1069642029691543557
1079316310943825921
1049687142383972352
942500709160947712
974095641839218688
1075042315889197061
706946054017699843
939068041840791552
1053560775074332678
197797646
933421977158737920
1024575843669090304
717352473598541825
1043399951492046848
2878004016
1071015821319827456
1078551386474889216
1076222799189024769
1067654971947184128
4828244190
825416617521733633
1070306889672613888
1083250317062479878
1072106036121616385
1073669399729594368
1011034156401242113
1070857491246804992
25508565
1031813718235959301
1013041080760262656
1070634181942788096
1039387035302158336
1084106180
1077644862835617797
1077647335948193793
1076585433017057281
899011629072994305
1051780645616275456
1059482683510788096
1079650925244022784
3214534719
1078432546982105088
1077355151357284353
1058741416522932224
1071143189548068865
2326988906
4745274502
1055321560376987648
1078971518833422336
1049597319186997248
923482802011693056
993506130327490561
558639229
436780275
871273343374249985
627080585
63706706
42895821
1030421993580113920
738461704623955968
739201005393477632
1040253452859785217
903105400983171077
935094003640418304
1083353374114885634
22918243
1068835058511794177
926879275524939777
3273722328
3256872528
1081913636275261440
2663488644
941784025835847680
1083273310308200448
715077436421963776
1010188274869006338
413773025
1037281925667278848
871948565945430016
35767916
1037327280110858241
37749812
930100659948470273
2303257388
768923983563591680
24411256
1083728851811758080
2826685418
281360125
18073211
3576559816
760056174
1356026168
3035018959
2718980845
740584304548446208
1042319991054450693
2878202156
1080963279193862144
3316795824
1071483749412544512
743856512
3412558466
986979896567017477
25159559
968741537684316160
19511386
4790200757
955667104971202565
1080271716717350912
27971300
28606058
1013997700478427136
746256811024596992
1078185111827341312
1610253764
1064931489928761344
551294645
82437677
2908344684
3005304533
962923874017947649
1084615400652980224
1030519405598453760
945212535531233281
996447678799187968
831887640
187591131
1060170773464313861
1081279289813684229
663923
1199299111
775363849
1065890241817436160
2956395190
1066225765644034048
1064913560231305216
546309910
1054286295588069376
1048150428536492033
921763338
1064924122273071104
930926683892236289
2806378895
19940419
2991650642
1060594817770708999
1039974440963121153
133407080
1048742088
870263380367507456
178306155
1724189274
925208464766459904
2806030663
61242633
2238966084
2702932903
985429589076803584
1068447653694828544
73052653
807032595565289473
960059575750799360
4347667698
735080971
4513605928
851733576932634624
4516782989
1871286157
2709466940
765245597188227073
709509299358183424
478285314
920037613
984100114573639682
1015062616945852416
939884708812541952
922446869975924742
1063092391815581698
937738432796876800
898982314901942273
2610903048
1022557302849720321
1210732658
1386787135
2807310302
402946623
14389004
937816468753997824
2195908616
1084081361080610816
58323705
759251
742143
3156511997
810940538262290433
5402612
834006935573716992
51241574
1029400004946022402
2815816280
1652541
1944570326
1081276468632739840
1084921130400575489
854410004945883137
2939281105
979058219640385537
1117301870
710177589772550144
789030434776682497
818444115302055936
710865470841352193
86479411
813578707700846592
898495500344840192
859792305045241858
522701657
225059150
2764361612
3065696718
99729591
4038089895
282729875
77733517
94056766
3288914412
3873345021
3325016599
2427463545
3394475594
728609101190713344
742460284124696576
742466611509121028
771778163944857600
795038464983109636
774003808888360960
868039877383860224
873998476778098688
726488091238748160
715123634885382144
937926309035962368
853888963
2166805522
283753222
266101686
1493787211
2157412383
1005510708
126495582
897132044
1096876651
997163220
435302464
1223241174
3001145188
290178793
492089895
314690837
293976467
1570674457
110876141
877713529
116393932
722634311296540672
3596218998
23573083
722318376694099968
3321791301
3193105102
3080432153
754246978704445440
737004139784208388
4446630988
3496209928
3494215048
3276304194
3720925835
131423932
3710217434
3426258652
3405132699
848877247242973185
814442216261156864
1585616743
1084834991442485248
56647008
1084313931496280064
2246246966
1040172768204124160
1085212368466993152
1047214704173703168
1085219185515552768
567882800
753414205575868416
872337053366845440
380749300
968258080440897536
2534700114
22087740
348203196
2371235972
1097863915
717628618906570752
3058851294
2812680625
936026017461780480
561669474
938312643399610368
937956709791711232
912122108779491328
2933217157
313746254
517559170
393339671
66632516
133684052
69282959
174056039
188233441
1634901307
3242162640
184004752
253021888
132355708
89142182
715235772
115639376
49616273
974257942869389312
338819036
437341127
406163716
552800545
1015311070531969024
954892762255523841
812636123230924800
897502406
1060153342008016896
1025677075078758400
1002385464588812289
719207432300310528
265209456
813028386889023489
1145529870
1056247414506450944
3269056332
3912899053
825641388800741376
906764445958914048
3295169599
282700918
947949270
1021884986922819584
779909390
3023785219
2489568817
526234298
914132410396155907
833236604336496640
1017673489321299972
762460631035359232
820656597420519424
929977488016490501
810795392040210432
917599885305593857
894154577808809984
405412808
1084645019149950976
845635429219020800
442342893
1001835009731215360
776335982014533632
2271636738
1039812212573888512
2520050911
1022105521912918016
2719048400
797066362577223680
839418132825460736
868631776205316096
2446937005
3240107534
3187889816
2972239045
2794320401
714277047036547072
894804894
738775788019814400
2999067464
710098976515620864
788523966189084672
786949374194487296
871023574940647424
3062584392
850687022264008704
863016095787106304
792520229649731585
825335627809910784
2905214071
3992358139
982533879918555137
989140349745381377
137575935
1070473171692773376
967973444422782978
1002178063373746176
917661021661159424
1054737200783507457
3165513194
593713940
921092360678776832
845291503979147264
739442654082043908
927038288526917632
917025248628809728
1079439680393756673
974315494864969728
1068839029762748417
1038642268889014272
1053257772609851394
968839394923655168
875713952268697600
3659788818
900366713606119424
964029674
351403622
147491390
997070692209262592
513737863
2719018261
5988062
1071430402450034689
56644534
1702675790
382267114
10228272
2418098766
783214
20536157
2800662532
38679388
1515013771
56505125
1308763752
2659927790
16908855
943191720434589697
970970034
11695352
795084464955203584
2176822777
3749513555
744788193703145472
11684462
2359020440
15225375
189097304
130829927
151393774
701745133704843265
23657999
158702607
2984855016
301426313
95214487
44859671
97008507
443804285
102789583
1081150759566114817
1857421
1071634732209778692
714052971584221184
426488154
902839045356744704
965518097997328384
2337130332
927799333071683584
4777145002
854015028852174849
590346965
87775422
1079741983780990976
1073771267101261829
1908345128
1032405945756700673
782332717912457216
1074671431919824896
899954799160029184
3003939643
912694710170472448
426345825
727460785
1033890260
726427430311890944
787370804539432960
721063191409790977
4924620399
993646747435061248
2827802594
2563437468
2215508127
852521860386390016
3265464162
3377384849
775801819062829056
325505312
3012657535
3482260693
757608715075874816
709720385248436224
764938599615885316
2535064021
718979694
926889019
2904994231
1051881117341626368
830899383390593028
395535580
997543916068057089
423661654
141213239
4877656653
1080532488747913217
3034839003
3561790042
797246503073042433
3090555499
3244815041
2886468044
815791754
4220433748
913037662310862848
342697022
2781535836
3327672894
724540889222225920
3270103128
1071695355014758401
4892504272
807682662961967104
954387809418272768
1025947155771478017
1045327991964872704
944788419884052480
827563503724658693
1044590469886480384
957315785046810624
1057684117842735104
841597010155327488
1070888843266703360
3148631965
1328334050
1052002091659612160
1081911454025089024
897805801414438913
695342744927993857
770678688752996352
713457307632402433
1057793730089046016
35425777
469721366
712232639701213184
1027288224765566976
1054328499295739909
887031206184968192
2239695920
999079166
829594136189739008
2959764741
4614069382
256366771
3374037260
853458809565663232
1033689533240561664
2201576853
718857758582444032
990019765354860544
745260370458181632
796731286224273408
776443660619620352
808762428821487616
884818168157491203
2175524405
1031964126711607296
754442282
761738467051204609
982185488575488000
2413779949
2186730967
781864036984098816
2309411697
926883389726130179
785940103688486913
785326552494006272
2902674650
961506121
3037618447
1026568583638396929
841727492373266432
751494240451063808
3314042848
424644730
2538222324
1075876045616832514
761572900285587456
889004576950669316
1115023394
803520151178117120
1041990236
909073104487542785
632743257
927941841324052481
817603070922264578
1611599336
3205932267
4901313844
726120780258488320
702159311447977984
1028331691524476928
4866997636
1568798070
1003296287121428480
737045064564772864
634792822
981907303300517889
3021318937
1038525315788824577
3287574817
2797241172
1041659514192162816
936571833947652096
2262100825
1060739558772375552
3242329158
4914714455
863881980601040900
792057432197455872
1016743034699026432
760928329553895424
1636213820
745083735490560000
482264622
45085886
1069615404
4865640633
3438486912
1680568580
925381374185439232
716811398
3368185457
2271860059
1612629666
85238236
512410519
1021456629252882432
764464446756491264
330291205
455994332
741435433595338752
2613449977
738016613417517056
834028155430170626
3182184265
2579631606
852356656763744256
928899097716772864
2327647006
756783212
1391071044
908677144301248512
1081398833714790400
707976738
607519086
1081568078377365505
182308002
1081813817493995520
1082118820817522689
1076869174675132416
1082284022930128897
993655076379078656
1082283655089643520
1078779275787030529
1072821945232613378
1073888834914582529
1082146189296824320
988746302489063424
894832244606386176
807095
1081175162903498752
487118986
869532822519910401
2995734333
303862998
3125465939
4506426376
2792494340
1069143139422633984
4818873995
2824164782
926679330368847872
715218101537783808
432401005
921528486216400902
2854497302
1042700727150436352
1445296062
1076771077936857088
1104849253
1897122883
3008233519
2191912036
4921472715
908364766674128896
839054236814041088
1115585929
806081195930959872
779257555327520768
882462369267548162
1413280082
3002735419
909564792293163008
704240685
798745006106415104
827627937029566465
2366602792
3121529220
2198862998
852378756513660928
837696096847671296
463073724
4698994080
1474179151
1358750551
700998738005856256
200209602
590301900
1554474914
1883868450
2363019794
446012196
1588495015
2786209117
2930148103
1005954140
1274857477
591726526
2900352505
2472671829
2879714047
1608220916
578486556
1307208450
3316319377
3406497252
814486767046946816
2548295886
2952666649
1486011618
4907549283
2792964510
446586628
703004369290076160
2190102376
1115874631
2972651238
828765593700536320
1884286994
3025666680
824151114979409921
1058969409383874560
581270284
780500796
842299801
843082674
1029809328344064000
1081075796658118656
980738883288625152
854333420683624449
1080858492435681280
1624722571
784749442918453248
1072045678724083712
2857595215
1018022740618555397
3030415522
3088770658
3050433333
372801517
1058975252531765249
1058941877200670725
1058980096353038337
1058958793738862592
1060620485778501632
1058978365254729728
1060301836991823872
1059112315939885056
969821361207066624
1061530812942815232
1069386759455367168
858824670036058116
1069808924033867777
1080654737341644800
1059660168244260864
3343685000
47572953
1079624350544916480
1081399099063185409
1005051989103972352
872436854271877121
1081253703066112000
1081253842841468928
1799132996
39233681
1051794514367709184
398082342
879241708172582912
243544597
1062917687528091648
1072873145915195392
1081435263409111040
999146764870402048
747934633782820864
1081111434879221761
21465230
2264518987
1689053928
1029094894973997062
695425012006674432
934013359497863169
1079855074690641922
1604763871
150248263
374609267
3020298975
1036542277022171136
1080846497376362501
746188146774183936
1003328584382107648
419832094
391826877
958650729455128576
954670780675215360
4732666659
884813907055005696
1171265155
1044861674136764417
230487418
1201103720
422839509
4640630296
736524521423933445
3586428192
555488741
818881309
2926035769
568943404
1025507676841828352
902006619776720898
2441533937
598810248
869952489449291777
2614352246
2172149609
1059114582923460610
2187329722
2720374399
972520047020265472
35069277
779082145373556736
793584343365120000
750914109697302528
824321627785723907
991835106682732544
1648880360
847388945205698561
852476730875011074
830061646634766336
3902781815
893826312531570689
3259480440
2676650946
813349548420722688
630273512
1255368494
2424309251
4127684775
513112719
818816068508643328
1520663318
1052825865984364549
397110163
1058448225248702465
131054185
2476076015
996625820759162880
2788436265
1045586780
1153986782
2993375780
927085258218115072
1079710487166750720
1075496154287222790
162102030
830158686530080768
1060456875232256000
1059134453006635008
1078987393913503744
896271879933018112
1033694628854169600
891336552088977409
1080063826081579010
363272393
4844435758
4382443041
916261531867910144
2905785206
711509831031590912
2587253754
1077991106095263744
952512023606317056
392954936
893873920713138178
1067173054353104904
3107236868
2504300292
860312384270946304
5445312
858323813007843328
782928375727947776
603706515
2884161377
837616568020451329
1015932731971293185
3237145897
3466017625
2283164130
439091772
47626010
4311105975
821785831
1056859379608231937
2918707668
1055028533813301249
1052947420781391872
1018039520850165760
917617422223495170
856823894640132096
