893501059
741650331247992832
1074195126988218368
815606376684724224
901421746636685316
819759519500738564
1026960007106109445
3015985944
1070141055511580672
1105938743159152641
940746128538177536
993891541264543749
1089492357865766913
994747923727618048
1009908439542362112
794647182360150018
902839045356744704
438355792
971848135478775808
39820438
76221855
1085120604330737664
1092221005
3394436441
35094637
1062789286347583488
399514370
1918137505
187442915
1151868057268174849
1085160008415920128
963374640050724864
2945541087
711162026727514112
936471829706919936
963374028831510528
2835909568
56960258
558797310
106681430
453796950
119509520
35697740
1059473401608318978
126955629
601855844
2926878155
2270776861
131942721
378259736
168508631
415075929
54001655
2147813553
847921285065842690
20904490
1155497149
613491958
74287341
862037690597953537
829881163472916481
752967707277029376
2764811815
44562973
410380828
983792707834347522
281727188
499572756
505794819
237146414
387002048
843871021
855305725
580917150
971742065922015232
81063712
400177598
121199319
23281347
122027651
181491324
701589482
393342518
3233273901
395305090
2496290942
355696940
96941094
2883864275
65587488
1353020900
1146164041271971840
1267382833
474260950
1132674145098108929
132330417
979041876467683329
1053561378047492096
831057967738941440
931791007154409474
965891396
3036377223
1657201830
1143908078649249792
1134551117411639297
851129517263519745
23151437
743802661615575040
994667614336151552
734736959202004993
2700393444
304808873
69356087
635268159
1068843254265929728
1129095357927960576
98330155
3076447005
2396677714
857563176799531008
1026443808161116162
3338366163
2584791701
1033654636924862464
875058725010243584
405407038
1561107518
998870141260697600
1215546860
935560333124661248
274925909
2989662965
479231547
920172761502318593
899936409074761728
740915618
934049562
2449199864
285577145
971586396
487412379
863230867
553701832
2967779925
727089056786567168
370778365
352404444
300697863
1860378042
238115057
589151665
270315421
306162968
728192225490915328
3133261270
17244973
182161200
19397785
1900156525
363030290
561339933
366623522
112214814
197175692
1105376107564593152
1102598973574000641
813842072713170945
1105094890424336384
301413580
29930178
420194657
1573440108
47279129
85227149
93316701
572342303
31395873
1878575250
398537661
109220563
46704247
912359571947085824
759251
344718893
845250133
598762148
2759422283
740494816300150784
2255036665
533085085
253508662
3025450914
14872237
452155423
1115874631
988882604
599065130
927013763219427328
991565833800384513
989091495423639556
849140973645041664
147491390
1013634584448196608
967007256540835840
25073877
752527772262752256
428333
54502344
87775422
195703895
31348594
4338661293
929965403689844736
303862998
1037293222387691521
973462482344964096
1049601660543229952
2749587568
742795144781533184
998928164981235713
766524276027428865
819880960816713730
784855822174154752
893053636057681922
1067448084253339650
761196750807900160
936488619799404544
962285453826248704
1063909724033335296
853240231348383744
800950932674580480
807095
158314798
84279963
176566242
68497896
213745334
10228272
742143
5402612
54829997
94163409
85603854
50393960
627673190
79708561
34507480
21931363
113419517
183230911
19583545
44409004
145125358
813286
25365536
247653244
132385468
21447363
23375688
155659213
101695592
343627165
101311381
79293791
