1146336729059799044
46888286
3068594637
993499402911272960
1107892051541032960
1520994547
2828704248
872550355
34707848
2549906904
3267654218
28073151
842483893718589440
1923959160
378259736
385192397
1620556356
916031611
952004813759291392
929090762968576000
1210753170
352039378
789863614672871424
33773592
74287341
8516702
16031984
1060545835
177316454
448476934
2202163974
928308137106591744
270918265
1912459310
2857031384
636586551
328287799
30395567
1018032846567452672
1057736267293577216
66757780
2476353410
824054405578100736
415822027
57992098
24252027
832164067829690368
985878351779958784
1385861262
1004191026200711168
18019105
742769911
1634172080
849268757985931264
1002315996311539714
969214990547898368
759640504371785728
1096058449
2417085025
1016843134074884096
1565669960
1022275654677458944
1705792063
1070823402489942016
2987147081
759329228986937344
16374144
205838503
1132509847138648064
736911084
410380828
335660890
441560048
556072277
1069405516076445697
2722280256
866426699193491459
989236374325874689
1116663784385515520
4839502966
182037512
725449485040504832
1551101437
185066639
2903470928
303804147
1913890034
1898695081
2920691855
3337423847
559614467
19563103
453892183
71019945
3081996133
582816670
1101633849723899907
2898651020
2967819555
2561639156
8514712
3301860092
636216638
893998244
518184679
357003818
962056522535596033
813286
3700836372
166293802
29279551
1377451009
702675024
257363661
1064289327205670914
709638110
313983732
56823840
885175141616844800
2872583391
616740659
25728193
1880925282
10328012
3118597260
52203887
14800709
42950596
143814480
499327665
859675606862110720
3256220315
3396956358
1033142532136415232
904779831295934464
1736490572
3192923186
740769504859455488
28382686
16491676
190632698
716240602459992064
751061442334523396
3173845605
1058680478
19711765
3905113698
16619709
874757605
829106118
964537379754205184
998914696261521408
342124300
1032059385596366848
759314145309253632
191824897
383583940
1402419403
511273409
489370792
118502453
91981625
249724351
14750983
14342564
3329012841
24276104
236509450
3169214202
4922302710
2344846128
2875920676
80474191
3328007156
771561031663398912
918594643998248962
2436509563
14418037
493889332
1938129180
1613614777
287355906
2903237491
97325701
18950681
998370722463412224
777993681638924288
820307950174633985
3306362990
562337473
16461672
2705490432
34324409
57625403
17831464
1073839346871140352
19325156
1883507935
162113632
784621467514404864
15292416
3306831979
85095636
763674601
416078123
1433499571
531829579
277140127
