65108529
2724769800
1060923431762432000
1106296913261936641
2761171403
1345897580
889899904361017344
745214732
1115288479833915392
4626613396
2409614474
1046426094608551938
1177336362
1061718869847560192
841304993030365184
1467586027
3309039362
2336986452
846745576385331200
841692190803922944
2820250640
280596708
82714977
893128446427230209
187763403
369473811
927541237237895169
1904579646
2485653919
968978860766248961
2830854808
709438451633037312
833224452787761152
1088659460539797504
365477208
108713490
814844446051274754
910316246440173568
3273998647
746115648
2232964002
3182052752
1885177736
413396543
2197365898
63185570
703260518820159488
14247236
713839291210792960
861978654586228737
279067744
819936721618038784
18696996
158414847
14075928
499571150
943356330273845248
210381010
432925095
1450723008
706869144772186112
913147978596126723
67819703
2895752422
972316837
1711073353
34292568
72617655
870870170
16017472
48272917
52889950
472226568
175301736
512390709
606549267
2209641480
2586040044
100255844
25983346
961430587998330880
27804980
291675148
434030422
439872127
2436509563
1238230009
2945548339
4898843075
584328028
803760550656229376
821748309366669312
1059614625656983552
1036865359746359296
2271638589
809884930415230976
733562556
1019642658581565440
4167525304
714247012892459008
99599045
47953929
604902618
141529535
129919652
1148006628534431745
878013006831116288
309298363
2660328684
120181944
1605968526
203714426
1083481800175841280
2590820124
2964650969
52551600
1296672787
17695016
81233428
51111863
5392522
5743162
14606079
19034656
30050899
806687095
1147799780803805185
1073035829885456384
776446521625698304
1736490572
944963431458893825
251056368
1087855367156129792
42936819
2366590092
1325951616
1050820381127393280
833011203894947840
471541701
846745784213229570
789877778
22941858
407190046
541676695
1081287427937968128
21833728
1733154127
77821953
3074536276
877667395778732032
15760637
21199750
129315347
19781731
190905826
303046409
41577382
1131864825275924482
323519359
1853310463
20507623
140137815
143844341
2788259801
2588402545
2677711988
1873706053
706116626
2588982680
3189582296
2240363107
363135186
711002981743722497
1194843936
1143659386147090434
4128420672
170254080
980251771774947328
1087543304487690240
974179754822676480
3315693572
848946771342635008
222516924
1686241326
2317702634
1352897346
1373665200
2555159172
2814885498
378259736
2848931345
1203814418
1378590138
415822027
484034786
14199378
2897926850
1061288719678889984
808905783668801536
2294792470
793750172853530624
14734393
1923959160
2191274160
863318286313951232
1377268357
742798658
3250828722
1040972517240762368
2673576353
143344335
3198320235
8861762
331803536
1047341799855947776
3119988399
879379954219307009
2942521595
2317744828
66014993
3070371501
214934802
267252120
501996811
49939914
961638333016346624
53394930
2835535992
733772971471339520
3472378697
1124429294824910848
143571157
1118219753791922187
183444271
10915142
2598007776
3300747363
65323006
735837382386319361
133291513
484796656
87493541
3018077983
2316290256
3230388598
791719318320979968
26849137
490203158
839095915847745538
1112080403857170432
558892811
1066868172496740353
41066735
1059493630082252801
368990821
2363719158
177761707
342542654
142728197
1012834826896826369
21025281
750331049020952577
908083688075821056
1261637024
42697488
921528280901074946
296919950
156032173
1070516354879512576
928997281
2452452098
1128220031270174720
90755137
244120148
537725764
247552110
360488971
189348994
625070495
2501973295
936547054754525184
767318226070011904
1707703652
10475892
3064983905
1126390815251628032
25111725
807380426788458496
368369357
1030247934254874624
197080008
1136702197113208833
24772892
966377338836484096
1072467470
298086020
23102522
22250448
21348851
23086394
102313523
67099172
15518969
270927727
18198403
21786618
59184319
2338722152
1882320362
27019351
101806793
177652293
19539716
23759944
15738974
14615871
18884293
20068053
14342564
2815794381
25382012
293198090
7215512
2325709850
17369110
1712905105
2774648228
171881218
2351204360
2409979302
193625274
1065691708980105217
4700288609
759431287664939009
2973971
597330065
1019570212738387974
975218674314362881
38146999
196134343
1077993498559868928
2561494141
1072159544
74903030
47373514
242320230
86932341
221825390
20781374
838232557
3011215375
2556618092
389601515
49797407
776834692171563008
1563503360
2381380914
900970848
592358235
28133471
2409488466
753672388194074624
84165268
2424571706
768526154957488129
1303145108
1015346379336634372
1050508072362405888
1051988750656565248
908505001584185345
960543013935120384
1063464701873537026
796063653590089728
2176109856
224715866
766647415076229120
2483070960
748207868
2658107287
2491852765
1129873822944026631
4229324552
30331422
814958290388008961
2687999594
2844569713
3396881458
831534650195660801
2270347382
2372614766
1911841380
2693482177
2557037323
425938818
722992204340289536
956974420450594816
863346721652260864
358338367
3355569275
935178300208578561
987493285554999297
928456979026149376
787855427753025536
806637560432758784
977700035554050048
979188731084128256
1020047011415035904
529467983
19066345
86774930
519548904
89964231
2890678033
764962305578786816
755680092043501568
772163304651313152
866128902
580411725
829881163472916481
309993061
1457880319
2895055576
280753260
2865760400
316757647
2833453303
2722797698
1311906127
797743027141935104
1080291457737654275
224495471
1849671637
121815643
595528882
4805461477
732755361812226048
282980773
2987147081
59842124
3568586475
3443819596
839899537900777472
3010404323
97582853
933401898467475456
2482300296
1058522309085020160
1065697776833572865
1604444052
160952087
142659861
21248624
17544803
935630772173787137
968334693769842688
618362466
1064337290162593792
19396413
1959411601
219046971
413456876
202206694
1209516660
1089457571566624768
102630660
862037690597953537
1022868360189685762
1036229710609612805
866598352577867776
469818825
2420991696
996075205
137847355
225150950
23434446
256689035
712788463142182912
926557483627409408
42972634
247664561
21879024
913451640975392768
19670226
1116663784385515520
116360467
528070761
1086176969463611392
733716253
834405258021343232
1067920639372156928
2989662502
1497505512
1090445006119219201
1093679453224427520
1036864197831716864
126341171
69393978
2790121175
3299600938
1951518644
1049834679585710080
992523275291918336
18085530
15521075
2780861190
855845088
1014237336522010624
824363158244589568
71048920
2423491320
189900089
18749483
59460397
330502724
44705659
62873040
2353824067
1134865950
2639853499
556397380
1026068880467341313
92649841
885590495845429248
1398056808
3248582129
1437755792
198795699
932432480
27895201
1019974187975430144
24089555
1400741599
26260033
22984215
522593098
30243170
610171507
16491676
74451070
408580973
2993673090
19767193
1334883864
2967402199
1205333155
249790792
841830118892949504
2728819065
1197951409
1323550836
3089150338
863330309470683136
2333049482
993913676850782208
836911639693836288
1665595760
2733320850
398175670
153871930
2600187422
849809548730916864
370323535
3357202623
30291682
226222147
1063950764345835521
899763601589886977
2853639446
123921935
244627772
304679484
923601234
80052709
3353501242
303804147
2783577672
820085070765690880
2238040268
925469891813142528
846137120209190912
430187862
778623007967342592
1740309666
1435461
529540495
966393029035741184
709862778345881602
992980506693189642
1363206528
3301860092
920717249765355520
1105832169031766019
578991574
881255782750326787
3396187569
1061039930175078400
1227857060
1017782899146358784
1548664070
2360170550
2910350817
625588793
1532032753
830154425452920834
240922081
1092535402123194368
3045088302
1148562499
1245124422
619454958
715986643061248001
1025010865400160260
4336740857
3096008166
3847855514
1051239054203908097
958489395027423233
801614917002375168
60964463
936225540310265856
4026408447
355036400
952934082098450433
299804123
824123782520537088
1045266565
14852707
2347840513
1949689806
1725499104
109257819
164773428
1908281208
14647570
311052101
198651541
1657726344
48306484
37451862
139050340
115466984
85805358
22482435
20977701
333465893
28237946
862300715322023937
1022089486849765376
944220434026893314
704766278955708416
1513708598
3998835646
1708744208
2999294063
636586551
407476898
292141642
704258769392422912
774004425388068864
937142025870299139
46180114
349563888
3249274501
17560522
596468339
331991500
932363629063737345
701864834304909312
1043130824433065984
1037710593485144065
1025423412288733184
1001511262545592320
2434068648
136406719
94581683
1883406973
2508426672
1668358064
26109463
2219216392
2336098276
2792108412
252979713
2956650433
276736172
34724341
837851859402424320
2522895488
47472885
223986641
14787727
1388496048
18775362
31870446
3645493217
430048955
1241258612
394828654
15143478
392463691
1423448298
2493808112
111605282
976290974346371072
1098518790940184576
2238041838
1048563659180560384
820100540294111233
976965802384642049
600803781
2567819647
93604170
138042003
3904675042
807519188856274944
959461034582036480
3037533057
16779600
107752762
803272772852023296
330052466
17385903
1004408387352780800
886282926484312065
20609518
443131914
3297203154
143146270
710463762139111424
262445845
2469677041
2318134578
2991170553
501993054
4016856743
1080114731610968064
3295026266
273984889
26240978
16857972
3070386906
187688769
750892662224453632
1066383561098493955
2148009361
1056234954458193920
33124637
2943429444
321522551
47655467
707634020
842795553092243456
20867568
305818642
29527625
36771809
3960860532
883608709
3364246263
930601409988386817
850154916995768320
1069285031447810048
877205636131336192
3170411091
161705350
900577273
766089069650739200
175011620
63321862
1095351061131509761
257617636
3051657986
87656389
85839993
74110421
523379370
1212465001
1072611446255570944
710461254574407681
750022168675688449
800760858204770304
1065687289727262721
1234835689
2857031384
83910195
734806458
984579778626904066
4265504172
781619251668979712
558460050
1399477867
41132380
76442501
799300137835184128
143498100
1026053171024736258
3311676013
524726098
2841795280
4075802015
312590919
325153243
44930873
14448779
187518287
8283082
83172219
234525371
217813436
39575580
779319488336441345
395433557
172503039
405280672
837358277042257921
20604228
27540099
4771841175
2578548992
2833952793
933104527
2811412233
1227441024
2396802864
875955122462961664
705601864356630529
946664546
782697025418571776
573791752
927080232791748608
813042387735969797
930539847856553985
92239108
1006191127270129665
1977800318
267120641
1005415632605732864
2478729888
174847568
3186124933
979001707
1451671052
1169835920
1705411321
4405899988
2577329996
2530099938
364301193
1362243564
1358345833
976388664
22030289
1408013142
259378591
2559636236
735139327601037316
461310460
1112326770
3327637000
2375795766
561685096
597659943
2174738124
304623188
338407260
245804339
17835445
201783046
706929062241918976
36328963
90424699
1347072254
79313210
334048260
1068473420
2253713953
1399807471
2353497709
389529702
247426491
1144882621
455106609
3107789363
55910998
1551091062
784790210349502464
3027674104
581012668
732947122941726720
407770579
1528861658
706979704386031616
599741995
394879847
1702338360
160201609
713030518284148738
3288997168
8711912
50728194
96657398
14239043
3061405998
2375889626
772565076
1545806252
2358407005
849999588
3795281
496588321
53431032
1666158660
1905497412
2763264732
3345566050
636216638
1220950261
4009593327
40264860
53614847
1887615014
205838503
972312126
703559772675510272
1717315062
1044022254
4803797508
87706747
2904572142
2195838680
1675772708
2688531696
1510992662
832936244
2209060620
812684774028574721
98268439
789203479348678656
2242817046
32853823
18135377
1708659876
2965757158
3101015701
710932293930631169
2974862175
704933158064693248
228433865
3324292377
829772340
4184424494
729500928034918402
804417042086404096
585790953
849657086837489664
59183399
508078401
733610123369795584
935597659192283137
397988514
155999175
265507777
516591235
1545378264
15357521
901622635
2432088217
67362232
28918647
1103945466
1566409824
338226829
330055239
2252850199
314217400
499396922
403163083
2479856504
247160073
1155653510
868430459759407104
79043124
946902009520754688
141991931
956981466906243072
41582030
382934523
2548195470
609207695
14207863
16630098
3537346763
4417323807
2603020435
2364041814
975724983140876288
3362133777
2280353497
902066035330834432
918525797769601026
2398262321
3387604695
4784294478
747839256345751552
453501256
3835048636
2577184188
2588591737
3227847084
763073412
443280384
2351800310
2915676305
3909175940
2830174960
785409732366524416
199222248
948919838667300865
2745367469
147728303
191958490
2353443112
769188695312330753
2383847930
2876277699
750724296138452992
132585588
972510432484356097
922927647830740993
937260833956130816
4037461816
758880763
251733166
30220862
950536917635903488
2847479478
3347347013
15806750
1853625366
330005521
2296526617
1627856934
295602344
706133272569507845
740021653841674242
300974581
324778965
2560199970
17471979
309207293
105132431
132559174
34030502
15862891
32372834
44992488
359532617
3244454499
251438362
382831266
507438626
3191279014
2923130370
818255290315444224
27596259
305192234
92692300
158668925
3079701749
30290980
907413903834877952
1677547070
2866533605
2371375934
1261124768
2868173895
40457895
716991722543267840
3996850865
3361401359
3281186311
3125154047
241747976
25189194
431933297
746758072333283330
36760758
2327417043
738366479142424576
280826115
2634523877
3293021824
2420858653
1269271525
927915684
28840059
757625628745199618
2830054593
212310318
582682214
142136399
2150041849
776124792466538496
620761847
4843164676
2853785482
768106552997863425
1340619120
2294625258
734866857103110144
760498324952743936
3304913886
777447020181196800
1500585769
2284351501
3323579352
404579162
230508595
4194013692
2178344408
289859486
822517901294845953
2535389053
2670099200
824320219866923018
16526606
3015894098
2401808527
325035671
520705899
838500409199243264
837772283615789056
840958667155472384
2912895059
842114632735174659
1967275506
776306991660724224
744046387365560320
2607017898
365217725
2610628633
2591695369
884142454580142082
254570191
838887334410092546
2862441010
20832352
757549827211354112
1620556356
897622997082583040
1469552689
2375707658
776493403492196352
728598262807138305
894396105059729408
912848821595521025
399013123
720029009245908993
913592544440791041
1219915111
794484039969280000
4230839662
926463219442569216
832324750672351232
522848757
928389921454166017
2888961606
2844389758
3291717316
948152575303606272
811913062752129024
887013907260473344
1659037038
1513800884
395569850
965357288553926656
3295866697
968810868438896640
183218923
2381087190
3142872240
498428017
1704035064
3764717013
918537702622072833
2681166800
561997266
4876812832
746107609741131780
763376872562499585
931468093
315795783
2884862075
388335677
920419380374265856
805792597885206528
4436981717
2790211261
821940546449108992
2409997292
924406238124769280
1050227943656574976
874292555411795968
3431374869
236549818
99592283
327079753
1008811677545005064
1050809121275039746
3229496611
74287341
1627514622
1578251917
2886077429
621353919
473355030
1060940813209866241
365438535
220675687
1447181720
87720615
216557862
557763857
512453412
2836256511
34628030
738073830137171968
208186672
133850987
69663748
16721621
1872754280
2177566511
341861473
168657010
162886065
138203134
17494010
1046350080817733633
18208354
24223641
479816451
16926572
18644906
31106472
107769150
52275340
20136728
27740227
26287962
23636580
15838767
103887642
96116759
18049298
48473838
19711765
29221344
57625403
5031151
13201312
30038587
34113439
18713552
16029780
17596622
22819917
3554721
24457744
15309072
2474760938
520766752
2467878368
3005811959
886669251423203328
19859541
771386803731521536
119388975
20824283
867396547729911808
621974333
3132861242
2366927232
1137861859
464859542
430581846
2654670625
41602172
3197502297
533121655
22953071
958649520
1878193722
112475924
9377892
60862771
3224784994
2163559909
4782732552
21208560
2693082884
3015337139
281963087
976618046
19940791
127984917
23638544
3402909411
493889332
317187060
15532765
178272441
2923139699
38516217
36184220
2823159899
123291874
185039697
132151483
38593690
2362693321
130717636
349186769
419650091
300401796
121858259
73463183
60421402
871951412
1259698362
30209813
14942701
14942684
14942612
145830934
39822897
939091
72198806
2966765501
51241574
807095
813286
