1039617956974477312
23696215
701750402786717696
19918005
1883877715
2733026376
278286563
31301453
54011127
1003688459943534592
772862383
21242772
2811503196
2835276183
1094334063819796481
2326209878
1094713876132872192
1073777869791191040
241201438
285852662
1136244933587800064
829165436537171968
2865907814
2875664217
1113647527591665664
579975354
1007284936720740352
783621388728950785
815496014
824233323476226049
817152932022026240
157578977
239499378
141376289
2764811815
370111485
3433407383
616171439
3339923230
2789884296
982825006538240000
739070594688262149
2849766098
419128990
40262799
1281453738
52879173
467818453
17535445
788432698767314944
807710489312722944
740328263776624640
28638257
2835659144
1853310463
748673114523865088
971925216501772288
812361923304034304
169456631
805417844540325888
1104851113621274624
932085767131758592
20344826
1127643545073065984
625070495
888610394
894560076849188865
426962696
809676368
157377616
133028836
942156122
4196983835
1021204587154268161
941799895349915648
4055049659
14844867
1948095715
64009474
3119416623
2218730778
32259450
1071457938059993088
941754604118831105
17092330
14270650
248831970
19086859
361910269
2267241
91072705
4458421461
838066431400927233
21585001
19055698
1010211525456482304
940350925767659520
357576227
378985653
3335040713
115564212
1342671540
986618055156490240
415859364
1126159556
37109075
79945197
92441303
137144692
177227260
17642747
4626790702
87983041
30726383
634734888
814304
4620451
2354013972
44562973
44552918
196458749
11161852
2367846709
384923143
34317032
4920669238
288363743
3048430298
15808765
1534946197
3229223055
2197365898
1608491720
827455321
824794420348321792
750022168675688449
162099486
16085530
9376652
959179044
101005636
17294493
22709207
3269291330
378259736
1030772035151114240
15139049
403755288
2386294584
11744152
3382530573
30343566
1066828271839404032
437625094
160547588
278661432
1385719406
40474997
27710633
287611868
831626356278562818
187134538
22020271
1069702926417969152
711716124799275008
20756964
725702296135434240
2476353410
47475039
2457755340
2216026806
589683
961067052059578368
1073250929103781890
4851104545
1445020782
520818400
16576861
1121492192235806721
347464876
386886799
314794644
2729784259
880684412630904832
719274394816610304
943890072990044161
26781068
15907183
163296200
278175882
702785870710095872
21779437
17818662
14249919
47991586
18533219
817460680748044288
874730868
38125898
71751750
3531575173
19170880
636586551
16663709
893806602
885717482576551937
15498492
1636624771
755100883608739840
27763028
751031312648171520
916899357433253888
18989467
46822887
57371662
14502775
16369805
56532853
174237455
4896289762
700513128
1051972871122243584
1021185830365298688
19663254
2284663332
1109994284206428160
55781949
744498751
750931964757245952
1586031511
825569108649340928
1049125543797542913
16435797
112764405
862160203
732025080
42995067
19724858
1081209533253537792
760234705618870273
1650623953
58219589
17903946
22316582
752499373989326849
866426699193491459
4091551984
2973135683
462536711
17261066
2779040798
1103092084368654336
49986034
38448268
1393010221
20030478
19273919
15357521
248735463
59842124
716458790229581824
14936610
40353407
879417706545635328
830171210449305600
16455944
1620556356
49433657
290573939
1331659314
2403041
16867101
189272114
2859448331
379209090
1157143663
897861037
1006419421244678144
983004918335160320
2524784244
428529059
594175899
72650442
17466132
151312222
893006277902827520
7632132
2857479956
2548655126
753276906041184257
355036400
827880002758836224
2334725502
971206070940119041
18018355
36232805
713818838496841728
16239231
150895082
15727317
738622680
85583894
999293378
580312540
1461233647
32616305
2455801146
39547629
54617733
1080539438508400642
907036222442360833
1877556757
3158115457
20615786
18346195
34713731
34534800
104671648
1063950764345835521
783792992
216065430
414436134
34487135
292646360
37511883
60754612
1095145587073118209
975399387034611713
1923959160
842550390818201600
74287341
2388484242
986794331582365696
1066868172496740353
203714426
2967402199
862037690597953537
786047748508221440
16031984
2798873679
16491676
800459756292882432
22840327
1571162743
192824559
18464266
321148619
738080573365702657
106890250
580224794
790612617844842496
223517803
799349660267769856
3830097076
237899968
892275857779118080
19943886
15688781
2163076560
1018019708
1082334352711790593
27187343
2950206855
4510360332
1081222837459996672
18916728
1049647407112380416
877199167591940096
615205006
7861312
776198324747575297
961328216756469760
29450962
36686040
163108434
830908366377611266
183767243
1022657884272971776
1079104563280527364
2245979700
4821770391
4913431512
286871259
19834228
824797212425191425
21972031
824255233257709568
926164634570067968
36711022
558293436
710199858968272896
5031151
780598103367749632
31013444
865581681096445953
905130266
138203134
2505506094
68733791
302681217
15939889
1059493630082252801
33788655
962211328919330816
486694111
33537967
15764644
242555999
22669526
42790254
14154231
761734506881642496
16129920
14573926
951051367648342017
341678950
4621072882
17713618
728673283
14855994
1057065046998568960
127363719
1068273911224094721
85437913
3957945927
16378486
3187848737
48325671
83374478
20715936
826540672123432961
2249531
2334193741
1046758942909566977
926620369
998208585636237312
341190477
798953701972938752
14247236
116286391
16801580
1966921812
32996629
16177379
3862767735
15119140
2710354556
19670226
24100503
810619093749559296
17661470
4379939474
755057897583804416
971051135996964864
32871086
243383591
18698555
55407818
605641377
252357183
755677202
27493883
910492003359760384
4273803734
785209740
14529929
22771961
2811924211
67203827
225265639
555355209
130576849
25896607
342863309
2656765981
337486166
15007149
712096861826498560
703029703821697025
512401693
851941920
2523083864
28406270
2496335227
116067247
1220645714
15220768
16001350
16930125
21768766
259395895
326255267
228144288
5402612
742143
2467791
51241574
1917731
2347049341
703206283
1043547277892222976
921771620867432448
1020232805270208523
770468433603469312
380620162
2553230413
301047349
720945664604127232
236953609
973283458528301056
18286607
15526807
215027417
3285970051
716432228
817787882395955200
94418344
139956991
3472750333
35865234
164679813
452624369
1058520120
788578605265629184
282423354
7855062
472587261
969138694308421632
14772775
19568591
384425995
1640929196
21059255
15760637
1069005468
922621783483678721
804343686310088705
30806121
68752979
30395567
946322003648286720
130496027
2316383071
1009577803304656896
239548513
239509917
218975278
242906635
757973830065266688
3065070227
822728116632244225
22700894
214252637
329131200
2661215948
1859216455
881336677138128897
79031518
806118173875507200
334321077
1179613418
385785145
276773221
389191035
383951505
902560798941130752
109669150
251892709
15976705
83198811
45055696
998329325404545030
1009553795918057472
255812611
3011349201
65497475
1016621324
16303106
35270579
30354991
29501253
981259709356404737
14751849
1055907624
77852581
289342771
246939630
967027984426242053
149249831
222252939
1915033663
824072368603668481
602317143
104969057
250831586
65289126
62513246
166739404
2893511188
701625379
3063032281
580097412
47747074
710078359976419328
5920532
965266179836252161
795654117892964352
947201155670708225
937560966
898235346244304897
19185333
825518870421180416
940675464359591937
72198806
16583846
7573792
16191793
304679484
393852070
204389292
891665670177521664
1339835893
21915474
90420314
232357009
62127399
97040343
44177383
1976143068
824334865608876032
824481247300685824
824619671785709569
453297731
824282005403746305
824285809650073600
824066331167199232
825151045869432832
824033695527030784
824427187411492864
153457964
47379354
21406834
24607196
34113439
18713552
824416532377796608
824433789699026944
824753662425567233
134668186
824333698728333312
824116562768621568
824467746436120576
824342512844222464
798344287218003972
824137712286441472
824315778866417664
824326864407822336
824139632354988033
824264707641057281
824126001936474113
14260960
825227784389804032
111932837
15294598
53151247
212304085
32887168
298047906
44992488
44991932
45943457
44984439
18726942
57339949
45854669
23799310
41675868
76348185
24919888
15461733
2398436126
316739289
2980058889
15458181
11348282
2216141035
271060845
247048493
304392714
807095
788524
5392522
823565852922576897
824332206952714240
78028273
84390526
62719269
117501040
129805250
62719868
91119211
24549680
65670632
429350258
65672980
65670121
117874971
88756857
487833518
32372834
15862891
260685403
14647570
17471979
19402238
237845487
824270573203292160
2333936658
824190260338954240
824320219866923018
824028553067032576
36771809
3240143771
813286
409486555
1536791610
368196789
47285504
61734492
215207998
7786612
33773592
1910257776
755113
393987775
1112465706
204841064
476258341
101798589
4836053530
15515656
61083773
493714995
316389142
357606935
48785884
148529707
27435125
47429294
970207298
216776631
989452274
210671669
3404706321
860641765
113439399
122452795
41763
246117033
251605885
792685658
598585044
19719004
66718331
1263411697
376333200
535581529
1695041510
1963761662
1615861022
805494408
866630504
153492935
588370781
389069634
1084578607
161021600
736283731
866636064
324328576
1923474254
1510090544
33132196
299645315
584812358
314743074
84964848
567303173
1541587100
42039302
90786507
1465641715
1319933286
1462739148
292340979
199863902
1188693217
106227658
547779312
17450426
933687414
633381027
887761950
1057879502
1180029846
900256740
130980960
469684236
15324184
481365220
15473165
227755958
15215234
615405826
769411693
60689052
603975619
847663867
995364248
532696470
364940454
363455942
170518781
573653390
306859185
1184616206
755886386
17922363
57217795
595836153
436241889
256768970
175105586
386063261
565583420
119318804
747370081
180873539
958940726
36605932
125464610
904861459
985623518
214480940
583764965
613644500
719085931
280746185
761723342
900443413
376414504
173178313
557207007
926978372
817574336
262817941
860130823
36441330
6836292
240821230
18942286
22533607
563467853
581295784
544602144
331175364
859957465
89373598
9965842
898016624
493510849
851975899
608851680
359697272
51937636
744576630
808858748
586589068
174775047
213161870
124473599
53465854
19393456
202719120
157471287
154791441
16074930
606923986
503725115
102842648
435019916
539267608
178566085
435017841
407114273
381851562
68373612
573661158
50335366
226220272
592328542
398336625
43125566
218246304
210831524
54667032
334660170
476260870
373589690
398328326
435019291
455218134
354054095
199007377
244375686
16595626
437943577
453360869
33615448
51530226
211340587
55928951
18419713
38560407
9341082
119525080
22190483
309292069
68518898
436915671
17023325
313980522
318705124
370447639
246530764
21626863
44157122
16610758
272191657
199092758
373608223
189356167
25225575
278786698
357976312
239002253
223846559
326574852
361572024
183923680
73972614
358272004
379860294
228751665
176802502
288983696
349507354
218926384
245069995
191647766
228209696
19012467
90061869
36402954
28759431
61338806
272228773
18418936
25324782
193753760
150090550
51678226
106056742
339363256
36156442
15838737
167474247
130651728
20478539
286597015
122028557
85355199
280702659
22950604
17093617
234509501
26756907
11277752
261080638
57279246
163277540
14968194
70045611
119127201
59365036
113910284
119589549
19320697
40300108
213295930
265386997
241207114
68418683
23881752
16528229
250220644
134690726
7825642
16529238
228861663
235855676
97746729
235008736
17925338
20802488
16642292
60017972
107041493
130485376
106591336
69410439
216459825
213702513
108611457
42955550
136168396
48940620
214015184
172414037
127781795
71523126
42666463
179236506
22838286
38092814
84131283
144917033
17180274
19089993
16882833
20276964
30284759
167784052
60695143
87972475
61810836
176164722
172931294
152131248
15656687
173824498
17216362
34714954
53657495
170832059
164054486
57691360
92694192
104617841
41623308
173376860
20251040
150809046
176912269
173878107
176309501
25812956
56748586
113737050
34774231
168651631
37491431
168948124
52153079
161962884
139263450
15981549
21049148
78485675
88627865
122947945
24226522
158606176
17299145
110047155
84051214
168334175
16912085
6123762
57205817
62958680
41586364
169772537
165809980
147619990
156562130
142155494
92951333
154265690
142290282
137595252
116875164
138414597
24224879
43512440
59318452
90547319
129965249
19563798
116840879
24628309
31281673
40874240
18169370
14170609
64009102
80359832
72107083
57949536
67661690
18520948
15648612
21918493
12759152
151105010
145043112
62037185
141091307
72766194
117541829
27924182
133758233
112505204
27569483
59074083
30621351
25378776
21990854
15274836
27503151
128219463
22817468
15863302
156145013
147934313
17339512
39721543
12379282
124594428
153636277
49228301
14955908
17582910
14418787
58941053
38372916
18856407
82507851
79930408
44641316
19478383
8071902
139960336
127703249
134914577
14229507
141983184
57397642
27845072
8773632
29775575
17596622
65372895
46995345
62705173
18254005
45545666
38344425
44071744
60630907
94173593
48249102
33898911
18225966
17681513
12611642
116625597
25190487
23052659
47043256
16691399
20609518
17381225
83524334
17983854
15506034
15769327
24626969
