3257525810
1116263676913291264
878222052540469249
1443242844
21632079
37688993
1352915082
1343066425
395930468
401459508
150979673
343383858
408366213
295116156
19650709
303438022
124304712
47362601
1011853459
1365009890
2545155797
2882795844
3166164415
3494109808
41870949
2904330657
240630616
3303498165
3569335336
185997180
2653931124
3298540079
1071130362
1080348596694855680
1101890267353923584
167860138
24768718
1129456023029374976
2378517852
16168156
815178320224616448
187279573
430338554
1121443386286800896
217003037
2231600293
864940662533128192
785739140
2377837022
962197608
555129716
2365943066
2496408438
2496440941
2365950774
2372164754
3309290464
866628698
287568380
378259736
1363206528
355036400
62127399
303804147
1604459690
636586551
441560048
66182591
19382522
19563103
211073619
166022406
997873747267866624
4716205599
561297215
14849816
3125800171
761385771714707456
466674043
23431577
811061004
884720643161427968
980304512396210176
1009486619240517636
4695851496
291965051
2780585793
1118914121897009154
845102595618193408
1552540525
2356094490
777647130231967744
173866121
726439021396803584
256082831
559540818
3800575641
793877822116884480
4743947895
2470659481
421652814
493062647
124654632
1312638680
110364679
753099146098253825
725072237867487238
4824183922
3559617192
347757599
449886061
76723584
21736665
204546095
333613695
31321399
39225409
8417942
198723631
37325084
182543839
145412197
15749128
117155917
1066448092969394176
2796149230
77369357
2308942536
74885699
22306225
862723097862057984
813870064373940224
4803449834
730477254073950208
3226067885
100173277
1352088642
54211702
34607039
157757606
17556301
15072786
980473636715941888
14452313
39231320
318814068
1113890419711062017
1115192984449028096
827529565262270464
1008316626012459008
940248030221164544
39754981
773722417
3166208452
24090491
22148802
2427184074
636216638
862037690597953537
410380828
752967707277029376
817152932022026240
1695722822
715748414923911169
580031141
64674944
47059480
1687834106
377011806
1361877043
730816445005877248
1361599202
1077995761487568896
2867859081
896317226944516098
15580219
824160024167665665
3119088280
2677321273
16303106
316389142
2317351705
967523637673840640
603582226
1035679142799466502
953718126654390273
709433229636272128
2800575456
2937530168
2409685842
3066998622
2249598668
3193492738
3328233683
3277720794
3111354881
2311166161
1092624156879917057
935707602943709186
931998304463925248
1091932324562960384
1097956661426188288
774376742156836865
1100808292924821506
3100829087
38418484
315585910
998783211319844865
234385159
939195510
1637306370
2658830703
93932787
953692857424019458
92095535
3159289694
206717231
836565004149207040
882997351522217985
932557553489399808
766932055389184001
799334329440698368
394242337
848956094739345410
608224894
40878534
63668003
118645887
69244340
32955209
94570982
142714697
247196658
161243525
127052048
138445673
234352527
139636927
180672165
417924693
589150968
1384942050
72877266
129165760
1006000032
1543243518
469142907
4919815840
2214480700
208165208
2882036680
43300448
1580502516
4764406097
973173305657225216
275468937
3313660000
959530932352020481
1614707990
287853714
844160486937690116
2955279571
562095702
427946490
3336396995
1040854270164324352
4138966932
1060586314821783552
3330197303
2319301782
1033806807972634624
1068602338779308032
1080956565727911936
428395942
1077736111
3572108296
1159554962
2165131938
2372788392
2370203870
366173107
802302308226736128
1113553373608009728
1093195787029364736
3073036984
1069051014165291008
1067762019145826304
569519754
468249929
183860287
980757871
192567653
786239116098752512
100796551
1108514303999651840
3433407383
3407899930
18644734
1108746946695622658
849797646038556672
20950239
25375092
44112730
15226612
85136701
14205653
372487325
162909406
1337806501
47246098
13225832
117247211
234144062
112284811
124004945
732326557
404325554
1614684354
27179812
623851321
19653925
14051466
922176499
15136296
2924453359
61310088
70914570
38444282
35142791
874293924
3101588527
22778541
18655567
19767193
128292609
708096751161311232
1398479138
3775360879
34868965
997629601
107225267
21611239
556151596
594666501
207256884
230492604
1247375072
7737262
1092091
361690384
258031134
16614304
101275996
25396370
1249692451
121679850
23281765
570220350
400337301
28135428
544526199
21248549
1978244342
14997669
904304382040317953
1947443383
743133102713741312
143391391
14229575
4448781
479578364
1048802927756922880
108690885
258608589
602403521
905791825549582336
2337598033
626111072
775937816245088256
93579404
362313880
19412730
1289362482
1530242948
953614840597303296
281627499
113724622
266635682
707975005586518016
19674579
999754757110628352
1026887925227810817
242770820
1582018112
262489129
2228625564
15118365
1031882245949272064
1054718696285978624
1101871017155162112
348543307
1100549623259824128
1014513123225686017
23246986
2739434108
1733777587
2377958781
320376718
1949132852
891028090801057792
1098993449259286528
766871605
982939448362127360
1053262925924720641
4888787517
902911449227554817
780157545054736384
784335766763638785
1007921090381807616
820695860560429058
805833848894423040
1003658094495305728
984613254612729856
919966432049356800
1092874155723231233
1116663784385515520
362477975
1540062529
884482139995213825
883014408984834048
856522221933785089
4623253638
22187718
19602208
8729782
14453338
981381
19421880
9358932
7120992
234557719
9433962
15856664
9358582
958046625376514048
3402158141
716372984588541954
3347096907
1072511714724335616
1058915630668283904
1059189519596040197
1095205303711293440
361334757
102123702
26053587
2598935851
341287819
130119811
1167691334
17883396
731101611519574016
2915652094
3233974905
14072510
2815031768
1016492372
15661031
1246051
831481
5917472
1017161
821913
27106703
5032331
159165953
883581
27073865
794124
55367360
982351
7271982
816201
4935331
661173
4905248073
954027049420640256
1065990698275692544
129919917
723160733911904258
17788055
1836563448
2790000996
561574513
3240770711
46153507
857163421795667968
38905655
43323721
2303635057
83130849
25979812
7398912
997127775285927936
589964269
409142203
1023845900
214864850
42883134
90778418
98705778
143170980
49666871
84653539
47359057
579299426
860158302
145784826
10666172
39005137
408614500
749680201
12306892
307826617
888430475580026880
60893773
820077362
935481398
1327336435
2163022400
2685538032
1067938466
2676559771
116784416
2600194802
489209507
15362595
204261944
62515016
835680883
1580467730
23305763
891942298992422913
2859178324
12267642
2980859489
2563532985
21878332
35718360
1050675072044740613
4904560161
749023717204774912
127028824
1143930096
18145341
900789766769197057
2752561706
879345519889448960
735523986679943169
2842632807
1394327718
916685508
627820771
80319419
759122118
80324722
702115329095442432
771250550998339584
2751373770
729646261092126721
3415450978
838353185118941186
2805395378
897939836153323520
702241209276829697
935291763362877440
107154310
14248995
741014350723481603
1035450699516137472
839116314513977344
3222646190
545078513
50986617
286155416
1106654072
3405382415
3854161577
287845568
700001054524571648
1475562152
1094768470925881344
18820681
790541569
15999805
251233689
20268520
86860355
83168134
1074840476086362114
17274921
987352814333648897
845655001066192896
1100434577166880768
1105946576944537602
1091192494161833994
1098268236041371650
925110726754295813
4772026286
836271758533545984
2995122393
33439688
3100479051
19127156
3305183195
3028168297
17980846
4849873473
26788424
1163712553
780790561
487990723
931780688
3149087207
1968365508
1199428242
469685331
231925622
2801510661
2847903622
3835398851
903902018342932480
569063423
2974498451
843187845930147840
884452435414134785
955545155410505729
838086166813556738
17738808
385532920
3337235254
1090449787894169601
472668570
57554262
1096980764502061059
25101713
842457527543599104
2879986620
1468530080
2239435250
2929689017
14361155
16153562
14293310
2467791
807095
104277809
17137628
27860681
27830610
14700316
69231187
14553288
20429858
626287930
39475170
44101578
17965092
1060480867
859873369809965056
1396785410
73134122
825641523509391362
793823717105082369
3142893305
1262059087
695383217562464256
2301638324
22602800
311976920
281480151
20002004
2201002970
19066345
94680511
52368160
2596364148
41582030
3064404057
901113594829471745
22555984
2875479268
47734183
984181354425397248
292927415
722243878359683073
4288322237
2194674191
3365316381
88951347
40244104
14937469
17990918
986923645
1550378730
583675084
81938205
78892024
27710704
281999078
47903084
1033731
59731996
22807586
19020949
25095207
39468408
47622879
213706832
19020271
1864191372
423501441
806206307049021440
1099258214682525696
865401356
881585338522750977
3713833577
998040746052767744
868313977524060162
877251191763156992
3169144717
11575032
882528959845584896
607064140
807543036892893184
1464915494
246620220
1366066609
614599403
158684162
15471549
2493553568
739836701107970049
804787323640680448
137836269
318053222
35306978
34222024
123582098
1513221576
3097680891
1612233594
1435074373
377259114
20549992
23666720
23579478
41375302
66476809
924122791
21507738
390742975
92311940
550387445
153808938
2927031541
408431474
240286563
703278732358901761
2266007640
826688566134706177
1024687924045078529
964198759436603392
875623590875377664
810577974
791174766363308032
872401570251632641
776117754
794584858215456772
153031954
174736228
2799613117
85920755
135266269
64658763
69302673
836265656991494146
863356361144512512
1114194576
177101260
3070273855
15127834
933084565895286786
1545756036
41117987
114562472
413496170
1912298966
373332154
927974200274427904
2416760538
171674815
277401500
250454232
262430906
239499378
2688217200
21832095
129992461
3342789681
2509326835
1149118862
152714766
37878528
125420894
80245884
16434310
8904302
854985787
458733840
406408758
419028792
216366465
216019134
229194109
162671556
31345277
234016104
1067683820
10379542
1885836030
196977362
2525050148
256424454
14981648
17385903
174847568
196458749
2561407350
3186124933
3208473502
1415971831
332185953
80123679
23810643
142238141
989101198660788224
796446753067335680
992030777142579200
225834118
4308746121
787302565276971009
630133652
972797153004392448
967450401678200832
1251920316
461127682
928216838068166657
777882276512337920
3596120236
858390854771380224
4316593949
4184508813
823575855855239169
119701653
878093508
566448268
76914615
3022899022
920004506733203456
1038104423090806784
346734528
2316388123
756108809291042817
2279920350
925743903956963329
714839407304511488
973913089010679808
829832629650288641
19134786
822557389274644480
416189565
988029892036972544
592442049
237745105
763884332125523969
898554675225612289
922321167628697602
913144317253996544
974759285312794624
970467217245724674
17830410
781917901716463617
956952289071136768
222087279
1093569695746158597
1039907269134241792
1090420564831977472
1089950779019063297
909470368557076480
13726002
1061811257857081344
27685957
5569042
776741
7151902
15334423
8209912
15723551
63766249
8653692
16747522
5371562
17641134
97190728
145939945
427367768
12206322
296432828
205335744
23717092
78776537
265517884
138639826
65166492
4151895075
3095283735
1234713012
890681020412043264
411182266
398548188
463428936
382316642
945660646020050944
1430685188
4927450223
1934588731
443944804
253577097
18164887
48844884
372946169
2282176736
909017503
19287059
3568911196
2931004829
2482164294
1019583307384844288
120188421
9610982
1051786747
501994958
817638319349788672
250125505
284768120
3368050871
94394338
426374881
755541976401915906
623988910
964398741833658368
1089962320204390402
850665278514094081
783041261284499456
428861183
3390837417
808636962986934272
3369673751
3225996093
854283707439616000
858801481503342593
948963063117512709
1958767315
915602172
91438333
89312744
15175262
14221013
39651952
18928764
18936499
47378896
14888957
263658082
377605237
158869508
4830103701
2214685814
774355128484855808
224140159
774561949
555805587
4102456456
174220444
265032294
946156638452383744
1087898914949341185
1054299797283319809
594617548
16178922
3854547137
2460406272
843841922
35353586
880594031557844992
1169664642
852263033376301056
14072028
32422164
2548466490
17551905
14068465
15313329
821552
12562862
55374833
50545869
26555735
1357345087
392814266
1636583906
43996568
926168686943264768
926037824910123011
1396661442
1307614093
260685403
107391777
206255645
2993994029
3832891391
2479709401
1426279459
1134714492
2250035412
4856709101
3327765543
742159438983766016
2707942260
2288972138
767592916965392385
17835541
3431719955
198326032
868278846
1319541764
714464982
2958153081
134985861
4325809397
390672087
2969611937
600110872
3649040725
751048609781714944
2293436458
761634116861300736
49123932
945793518588579841
788755387990368256
970892684398297088
902943540032000000
757633921546878977
796168246357540864
896495725109956608
789240048449261568
543719741
3419767798
822629228
2195131064
41721862
1636964132
1139904727
29821525
30295382
182474644
874383984
1858832461
2811503364
618351367
16527049
976079443
89480567
5282
52031661
2317370365
1950193592
168537920
257126470
27950021
1020586868
87985010
222368253
193336046
158283753
4860853281
4178478940
905764884
2203468841
573729628
880460684
4803444867
701374689038438400
3697053435
101171381
101171811
2813168019
15000857
1259936190
3377438344
4823641894
750389033579184129
3685179383
3685103662
2253142422
2765974980
2997418453
2730347848
3746458515
15820660
14693823
216803393
14936377
16583577
22139698
21179815
3407286371
2219952013
15903326
14314898
47323734
2152983800
2870853557
850758111279403008
1295390155
1948981381
2429535115
820685961759748097
2986365749
203640705
47611549
608083622
17906547
6218592
102080846
243021411
10443712
1143288666
19601117
19673075
330101036
40946856
18955776
1088665734
965854326395752449
17544803
21744554
7152572
216828912
1671678218
24089751
874949036486381568
3344825140
183687631
171598341
293160454
2866919146
2882506048
1625218945
113419194
49467340
263048486
46386121
1363914534
975735690498596864
141376289
1280813924
370651723
2279227387
53813644
14544467
939017369640321025
937435255233007616
2172498296
3172405367
3242753971
16714100
3097358101
752102316963164160
486755798
27444757
419532697
19911928
166966715
18912325
757496921858736128
700534740575584258
752743856941125632
104969057
130491582
128956175
15227791
602317143
237845487
824233323476226049
562585357
146548246
4010142389
3545114063
2199407383
749775899462164480
1006224318429384704
769202024588144641
974072876
1097798532109611008
2273181554
831564825914400768
1056928637591715842
313184956
403489708
1068798236
1665017569
983217495241838592
1269283278
822378634761486336
2717694091
2994357087
17557137
129217085
253739606
93886655
37771514
190708265
15294712
17812134
543507970
875362257164750848
822027258579795968
4832834615
1024653972915855360
27241819
603496814
578058792
23602102
720778118
964282146
389515789
479580615
38189161
19706327
45101337
527435177
50584664
184347710
199672625
231768659
301662227
525615887
1415466109
214813877
506576497
3346282761
20825151
428401411
395202511
36377964
14133626
23084304
21477003
40901728
1881985615
225130252
74578889
196269135
140568922
121602697
229243046
912162415470682112
971138305470402561
4351045757
4155225724
249065273
132478884
870728175025868801
68723145
1039436212426170368
152791124
3848379014
2474412986
478988626
8982512
44705782
15311344
2670661
305357914
142714121
43488965
245642683
218287526
505188252
1616339820
13183622
50227107
3296855851
3127917585
2160885852
25422767
717108592407486464
2917898900
45891623
29177951
130587541
10412292
120178467
19430162
760286206563418112
35870761
893466887555887104
919110887373463552
776466715471470592
1109125201227403267
710281202
137484066
78343911
1480343622
3179364366
3129514599
2274721842
41661961
1567143043
226610559
30911748
220351004
214588922
75090105
74882825
480782159
28638976
247803709
282374042
910642550914076672
214251772
10909322
15624990
17810635
18310197
47121914
14339419
810196151840440320
282619450
486959206
704303961361219584
580143567
43201433
72482164
2912142684
619096178
36008826
153006746
126231409
236787567
124148353
119468229
128293597
30468576
7833182
137057379
419172944
16053142
1265616918
31158620
34776955
893647062549618688
25347352
228394896
33259499
20443349
44895483
959475662330519552
26557564
2606574577
424710392
1071233425552564224
1056236281498238976
912890564131012609
173704241
105046757
3300054552
1013876912505151488
1013897765611560962
421240697
13433612
61357953
12168852
5960412
385749887
124309063
215970924
20633014
1123454852
1191611538
421108775
3515380456
2938559927
966015828348030977
273934433
839139624152940550
15117732
41563056
58806096
308531079
703284096152182784
963503903638740995
2603575639
402059821
98400739
2994297681
84692576
1016400369704931328
14104422
29186211
3425332679
880715737446461441
403384211
68625841
3360929272
457511698
769937754
312931286
757763340928061440
187945776
581891335
413682008
456139210
2341360818
236722131
1714570411
88287944
34328935
44734268
305980478
427007206
954387332
217426038
3241072349
374617753
211781470
221330055
19105290
20456009
19444005
264941120
133802230
24704011
2696443576
1201856534
784424695240257536
804406135545544704
3257530421
45539854
580371826
19533642
730822418193862656
1029846961262870530
17760047
842062624732921861
27559835
3728611402
1002217562732662784
19357985
7158702
314354030
398220012
885073932
580173919
14690942
1241593993
25755194
498257199
1093079027831762945
8790272
373237571
291615524
735796537888931840
577834543
116077381
830979245052551168
18246647
937901928
461488325
46684672
3158256338
1090368682558189568
14336331
15895289
141667879
368430081
3281144030
776918908196446209
894947909786980353
19454707
842765013819506688
1657752720
51276660
17270317
614368475
563632286
903989725
2340997611
94542973
288071060
309013508
14675864
28835266
2472920976
1022229011597021184
1537801728
909491919343849472
944380457453486081
962012663881617408
923436700117950464
1006698473700413440
1042611609523421184
921095028235059200
994030319526281216
385323503
21012328
36193854
308649668
1697334691
2849998103
43305406
3400121542
1715960251
1450068500
4861526620
551902938
708309787944030213
2491921915
343478051
2702438960
1026886357392793601
1040324493682663424
465694108
18692399
730704019
2732121366
2623062803
15894429
823292935667994624
716769102694522880
786944405609381888
1083439766589313025
950709236
1088827854853271552
953385834266284032
952243738671280128
1026900566344065024
15360639
30585609
33077226
1457643133
466026149
2440032416
779387766685700096
801464706296856576
3262193760
824634283830554624
1048939314334388224
1047461025178681344
1016738294254710784
15940950
851946364237996032
1053004320474636288
1084165397421740032
957767456918876160
1023895710322675712
747032848020938752
1078792475890745344
1091651423635427329
1087954226083516417
1499124008
1047147020144840705
1705511538
1003362821730656257
988057789
872174340418277377
707013021407776768
398465740
343634330
16380557
28295506
1086361238370693121
1090715782030508042
1089513038061993984
973715797662105600
986320686045155331
1098776984543477760
1062969896856928256
2242112889
23060635
1183987591
878457888674533376
706641938653417472
1616540347
4008474733
831372278722031616
177536523
899218623046103041
773795797
706636448
401155906
53002109
46752229
38796528
30392644
381584867
378756136
139788708
1434456433
239702380
1852504717
23098809
156876387
58701951
159173701
394896185
298562061
46442509
36852191
43995422
2201907680
374635998
1020108636
479845195
237571624
3044569795
727518579986288644
2302027076
4754478726
366340938
1465129459
781937689935220736
169987644
22337735
25235697
21388298
19103153
164803781
178893982
25828101
150200786
256516538
953932706
70403445
3070209568
46136590
3837591317
57280385
707544799616897025
566417428
273491016
1024294421146292225
1040336432697696263
1039952191925219329
1040289333503242245
853663231
923353846319075329
786206144226205696
2964663160
818600778
352691796
1101630847222980610
589381537
5125591
2675424145
2750469534
15239787
1668303476
124501299
3651743659
847639550
1102309947960889346
295455365
188997785
309496525
2482772954
1026469670818328576
1033339125280190464
869918554791059456
770358595049299968
2749590159
770742186115735553
901782170037096448
1003802301172076544
991001883056787457
951191781030408194
978668531981148161
39433710
306265855
16927597
282830859
38559600
27626754
2809916479
755596789
1362483769
718280973759156224
2945136669
196764590
839309162970480640
14949258
262048277
473145418
14461463
14294464
30222754
111395352
788882054733635584
1152518514
811273920259178498
1020012554268049409
885240076443242496
564640635
939180430024159233
17240126
15660123
226322508
1736465208
1736677260
1736231772
1105007065
14298943
2372315941
213793319
1350517134
6325772
25146307
14746320
46249872
20703602
36438444
31089553
5266951
14231917
19047759
6688542
15822246
47360004
780262634897551360
1081253583859765248
841775978925944832
800062138844901377
1095645178793086976
77043235
990141942
2683354057
824659956322500609
1027586136120733697
856965767899881474
1021423358297165824
1860498122
1076169226661052417
3254969545
765986080160112640
908173831868698624
988470780605300736
923633445171015680
929233255647334401
968242235908218880
822836095599726592
3433618612
898950038285668353
1050953186071273473
1093706056180645889
920418571792109568
1076529524089733121
1088191823380656129
818481027190558720
855129759344455680
851255183988461568
854828023559966721
879707695145787392
3306156597
2979303339
3310017405
875022388597059585
830249093729492993
862632815816519680
787739460507082752
1014291761680846849
399134938
15765822
249475029
44224610
3570491
5359542
2527571
1042706102
17195988
15031712
11274832
15172643
25496079
21892065
568523637
572079091
14874972
1661521
1024691
75913
102190637
54063
1200241
21374632
101646351
242933168
211556351
1534225962
53946366
21370975
17308291
1571520542
52711521
17876003
14980634
40201139
153726697
95856748
48996740
121098001
24870628
14953378
31696434
1900500618
2193779414
312705486
2797881919
21583645
16347908
23776521
1248186416
19759617
385312798
174574850
630311520
856533847
180475987
3031587432
733142979565617152
794556864486895617
1110124556654690304
605491790
46459337
2775967702
4407576197
1073677789
224821669
2855134852
22056348
774217998
3080999975
1375833432
1285645550
364802862
11228702
389035182
48359021
66979136
145243831
62513246
199028486
203156451
396000141
14093339
9886092
783732
8824552
120184545
7382632
14089871
16106421
15767103
36426770
15633797
5531822
15740502
369517511
15912999
9697862
25939719
8661262
4262336260
704361202567278592
19885009
20780632
368481578
452584273
249855557
352255588
114357521
833579503
26824983
21309212
17146952
109304605
2275333700
1657301010
57085240
22945451
2445793856
39778206
398269985
56742508
97468481
2273478888
1686583266
29209374
22515022
59442269
47616454
209755814
438052840
1236634723
752265974305271810
928544569
12803822
109908455
1066255464
719917160
930199472
14583151
18853723
380489153
892835755768328196
3315521027
2375894118
521374462
135354872
361982257
708393575621373952
2432746478
910967496534118400
898652752875667456
546036521
26118231
2399429995
196909681
294236293
573864860
78589341
620292489
36589001
817840632282501120
125784039
376762811
2473350271
20909349
637276354
1201420633
1620962106
1481122934
2242605822
159687223
3313895851
582927901
973271960791564288
2389819058
968947349568487424
39933869
994200888213372928
982243746405216256
89938442
77846842
11945992
260667625
21392143
565230776
190601293
67369220
903463196
102730618
25325985
23126875
10869022
448484001
792849205169643520
3031306713
816001332234649600
18393773
26253605
146569971
1473107114
104849636
163844242
248742334
39803436
21793505
18335940
39530187
119073765
2755310156
376790816
865946951988035584
1102600043557765121
15233135
17663776
986666765320179712
192256772
875282129504133120
1229455082
28436633
1095072825445179392
4895238500
249597622
337280241
850896920184836096
765518920048603136
997543007481139200
978981578
3697375517
808964114286608384
1239398388
1035566532724699136
1101633849723899907
19325156
541637104
866013050758934528
815750087192219648
790554156830457856
2325202999
39822897
330921167
904933218754879488
216979622
742769911
23521469
1654265072
329197533
23503181
934281246435405824
951062029
2993230373
511402689
22167056
104201057
42869411
46220856
17217640
14208982
18646280
953701285232107521
854984419517616128
249165540
849970077977935872
828892780722270208
900757148
260380078
14982575
14993689
14982709
1711734799
1110886516061032448
4092651839
777894906853457921
3839379194
1046795668675813377
946100916586811393
1039691176604041216
935233269376929792
1009823209099878401
2714837260
880910673001283584
869209869265416192
926474177342853120
2708617286
882296756226191362
810661021341851649
3000035514
4268849913
2675076079
2802774388
2756431104
4027954826
3021758946
615806782
723563182657171456
749880086581616640
2818293114
2850425386
2673794114
3307470023
769296201145470976
723223403910582272
4882404196
2677349281
167793469
2874279729
925427771526008832
2871546978
882748226968965121
2584383295
764435954
2714875682
720761227580960768
923969853328936960
925386625013682176
14499829
15862891
487833518
32372834
8963722
21581503
16895274
17842366
17248121
621573
19722699
19402238
16245822
16817883
19658826
14647570
1435461
91145174
374164136
1020485917386125312
958186541947351042
765039610070118400
1327593114
2637920457
27670481
15234407
429323592
327575278
374836240
796085711208333312
2992820609
3167257102
1035122024320983040
15943222
203654782
10099732
134805565
14966186
2176731084
1591957892
450842550
262342417
57320656
2897118528
1685261928
52143315
22487708
1009640492835983360
3430165582
732943450459508736
68218232
979771198186893312
26572460
22419487
104786280
928123214
15143478
4620451
33773592
44562973
33216692
69048734
781941661848875008
994574557125271553
613552206
1052667697832574978
2572594770
74697858
920257870972715010
828775032
3308233312
243418245
14836915
3930516933
217269599
19199866
879079888157847552
983703468836876288
976468878850215937
1016333407167631362
972527609874698240
4091845607
951158090304557056
925405816529866752
1036723117958352901
790078801
2463064561
902533282377674753
719473623220776960
1454051533
404801315
952202683
1115148079
824320219866923018
492253390
238285207
537588875
742994719488233472
2155523742
602329909
243586069
1007821
1006231487694372864
1062641960010371072
862385108682235908
378144169
833264432314720256
724668091062456320
73413903
180774487
423247257
93650300
63383682
153837616
2391137744
76655921
823132706
790871218123669504
269266434
319022453
14342564
36711678
2360816491
16958346
33933259
20646711
20596281
17463923
14861745
817665990066655232
927458796661805056
594943356
711924414
48364066
15377269
86322871
95870462
581172021
2992778957
15178997
402054061
963050767
104137559
361107179
2978139226
533056448
189091530
1145204785
2433424742
4008589413
2939259923
2229936708
2350756701
829644731525300225
793778446690295808
203948822
289982498
109512907
224961949
357509606
934766042
2519029192
2168670566
257377868
130538657
568479286
150604211
40726549
280618426
201647351
3003407290
1412960634
1598764356
262278423
57484168
26250872
21303235
45136236
57882432
41152402
40217644
486614973
144463916
2906447837
76315366
577003730
834229951
847085833
712105784
43207225
87673073
78967245
194572794
2361254377
1617368510
12514272
3299791709
307470011
905431187228905472
1015709396255625216
529167143
434495726
1330990315
428389640
810726217150242817
255528673
2778551394
1908791612
1092363826136256512
3110049665
892125759963312128
3189001238
396163676
717335588085567488
3073871212
721059667217096704
518394049
2414522593
993925761496207360
3043783903
775132375261085696
462940602
729181207
1270254001
834493131873779715
11211372
188046098
16029857
4853742863
884863698
1853783552
2226854600
1095163147
397053643
616276405
1580585803
2575615108
1903500439
911012935
830552893
552840819
873367008
494848450
141895846
765618069062422528
144780821
14497517
4773092774
415837965
3288747737
2890706481
2552623308
467321087
76644468
1086609698
588242800
2313799808
1543415318
20766870
143389019
164620984
2478349112
322697372
267722784
1364378809
51214982
16741660
2701073637
430645155
16491676
2764811815
576103339
14159148
38146999
113062227
1960370958
211114189
2800264306
1487153221
2426910997
2281950325
3365540759
900718498296594432
3880615822
3062226773
3004213833
2912566559
978604706
3346529644
277375017
2201283403
277889424
79132107
1040262518793555968
36485282
45387304
975843092061392897
719662386
1100367121865953282
1326507331
759957160700837888
121836549
742723841630347264
791108454
21177090
833324234411802631
295722502
1701689858
722472484231110657
2586282041
1144882621
1854812412
15813928
1063685129661382656
2374377426
54291389
299650387
4202151411
4817424856
767734253283078144
120912410
855737562350178307
4538292503
1107268454
872060686142242817
4417982115
2799634598
1017720319619031041
105918870
72213700
412844156
16339870
14188985
14283618
41569365
2874857355
999594068018593792
1702286112
14980792
498549688
3688904539
262180379
258064133
407979909
1074765229269995520
356494912
118790445
72579709
2916396615
929007516872331267
3730367894
896679474581950465
3216947486
21875883
206363932
50054433
107296475
64773374
200598702
18675736
360716627
714935705890238464
705501470594994176
2673738126
511100238
2670162139
9334352
21799699
3312726386
1096216794866610176
202098194
431903797
36011837
199796510
249829509
75662577
219070649
329865729
143491086
318444623
402772162
878368802
2172797188
3045652337
2864283322
845290929703530497
710873031967514628
569832889
24158261
22926365
15907846
8560922
22915766
20430497
90059670
2889035819
305530017
390287262
602813224
1895141923
3404297319
186154646
93714983
351640699
351621695
1533844754
730218697
1851023564
12403982
38150247
52087269
2982806237
751684027866836992
2960032672
416786798
21384343
843468126255759360
4527051748
48351015
230197427
752931114054881280
880532369127636995
2827032970
721426964012208128
4616707813
76351820
552985513
15461733
67059584
15921684
462763432
17877850
18774477
15165502
29472803
15032736
15009735
133067266
12415722
425404298
607137149
13176312
289049839
41147062
60620992
624934937
225411266
82453323
91409081
53175445
274151347
52758395
15662133
467739426
33602654
107172099
44134466
30258963
275710913
28184452
25565646
543582293
18194898
159588456
18164420
541158674
43166813
1299995892
50115087
290876018
337886919
16580226
153784150
2863821095
14944532
2910571290
14982625
15113584
15102849
552582271
49012699
65647594
1451773004
407387443
1517405288
300418156
14135643
5131231
25066853
24129206
8295072
34554134
17781165
86977818
2734713482
15500649
16619832
180200031
19789439
15165493
15473958
37710752
19802879
14091091
19725644
15169176
17939037
15150276
15281429
397349361
15848541
107108577
188369646
229930024
124444856
549845388
2803398871
229192814
224748305
66427771
64838619
302129213
21755787
3008464880
23814999
16268732
730514628363476993
633176250
386086699
21820958
630769394
106464999
574274830
68286225
12668172
135749583
2423836432
194347664
14807898
27978241
14943734
883145232
1638548624
468701593
1252827122
1597756754
825306344961998848
225761424
98640801
728236310
405534382
399970973
40227292
378693834
273468342
9824472
22152558
9655032
5876652
234343491
19240255
149030786
446302802
754074754437578752
48983707
886563273293869057
835526716302979072
884445624648830976
464681646
951761697450221573
1029455411743735808
831497378481979392
19766517
751908720506970113
927259661698519040
125370749
310418898
15519544
26853548
16876667
69248730
17471979
24919888
20060293
21292523
16009851
22845770
189253902
11348282
44196397
138725262
34743251
103865085
17384099
86070159
19089454
104989762
1108474437723148293
886614972947738625
342429520
312735090
118019703
2285577397
995259308
1585826462
422192900
827870624391499776
879133287037489153
50784289
14659185
19701371
941401
52349626
14734837
14000812
3312002620
284553
24509500
1979627827
920354957953466368
2378828862
758990932515577856
125420992
2786975356
869673296568225793
903126764897132544
4105062597
3288433559
888491883663691776
837196735516717056
2751938252
18756276
258829221
544088546
2832741125
795970028164235265
2319070044
793050895198130176
1075123146641039363
1062175730576977920
772845330236858368
964139304
830406309560385537
2883945922
2938370525
14772180
3717465442
3372201089
821830743362011138
14341194
417841675
2950449435
2196132265
2893230676
1922719994
2377041854
212407067
1006419421244678144
879245518001627137
346503790
736919383549841408
40541267
2980798815
276597679
95394865
3303137152
2306447036
1261626800
236755273
59142142
603247641
1329970771
373251467
128615681
225438376
235246857
17285655
441287783
21084819
54176945
84557491
21941508
15738602
18047862
8720562
1101354170
15243812
1081459807
2834511
5715752
114508061
103864492
21436960
2873658357
159026191
251992996
972953012024029189
14132591
313821005
64398526
29424309
364992182
1726179595
1241819058
2527977343
1617082586
4883138109
3421151794
1289621131
757162615881826304
3073179915
930441321751437312
1603331323
3028074327
739830846690054144
864875570903080961
3385542759
29830838
2785130470
701827645437300736
806624231047962624
906873084
961671667125714944
888164329677365250
890305018993266689
803523760213131264
865971338
4024116261
760484680911167488
745254159872593920
559265475
3318576640
1556070385
1696414784
1124467176
826024996690591744
724908010724843520
730781283509538816
87712267
460976348
2944823896
314023953
283136049
4470672982
701047518747033600
2924649029
3375802606
2863714091
104677545
118631609
487397496
944585064
4635235599
826357923504861184
2897413727
4219847662
3334866245
3288273459
3972627922
810555350944464896
4259550737
1348771484
2352323606
1037796792677670912
733318162133995521
2839470856
632797450
22151193
512603747
263055971
742934683
1128461923
1137161258
3131413991
3064947496
1042022215057911808
2172702049
4234275455
71277496
14332395
19488465
15998669
1018201997655371778
986850211
1868861749
15318271
2725770132
756849956
714339240
11268812
377362738
15765206
1094849342
29589564
26003792
154222847
1067790179837071360
760158381071929345
35119306
875484272613785600
116086765
311649295
12434492
18450373
20529051
25519153
921991
108030730
46082445
20671215
755306464701452288
707634641411436544
883695862655930368
2166830084
839117930868649985
14247715
1184647243
36970167
407341742
102911449
42628622
415117357
3124092129
634891291
3068271
5734902
16745492
2217099931
2251623492
1099952641201836032
1308458906
4690707019
1969781827
16274129
395595454
890958253466816512
353615787
79687252
78591538
78590517
78590808
79687551
54498781
154171306
78591058
79187389
19281741
18530014
174672423
38450876
821058762857390080
280998314
816641251000905729
780764717371437056
725052515256025089
26992475
61518146
29516133
53361561
2386636231
1031139745630486528
934433407379083264
1004115951019790337
989252257190379520
1076222713428172805
433607851
107716241
249571268
105816383
42745896
2367527478
822404082178686976
2239226522
58758769
325555732
323422758
281206678
49585545
48467631
12745132
19617111
67624498
71831904
74835605
18899882
224589396
351623790
2475384553
22479281
19583097
21479907
552121630
307108414
237670274
112228725
3391531037
1013621984926760960
3290892833
49148569
417237149
158859418
146485378
589312350
2421934776
1538902231
818489469825351680
1031377740
3623118317
725093821701341184
3026970505
4201110910
71642224
19903466
12509262
297485620
3064347783
3367776358
345501811
1001580696077467649
930143964912635910
914907768057933824
19238793
1175096719
552786926
84296558
633519651
1008299985048305665
897216145887023105
1003967607517663234
1580349043
2375377206
600337886
810949669085999104
1351595444
911206638
1613149207
760189912343777280
974948290251886592
1018196289320873986
847130308789108736
216691835
3124494285
1042362368
950395327
4051579517
1004023201767227394
852629023
1001524548066562048
1074671214902345728
82541489
60067808
122645913
3039148641
970244475019722752
771667932547981312
1017949813093040128
394748362
481539686
3317707013
75235978
100476669
174251658
776173832109453317
94768446
1142008753
41133534
775739465868406785
714103813
18603435
14700783
2801350550
138043643
20971426
25989146
843591000
2360867287
795941580289015808
1620250698
1335048846
2785317370
4835416125
105554801
761646243495964672
3388691733
996652568322478080
747975475352342529
1267076443
1093102885
1267409264
609807682
2696904632
53649705
38620402
68735646
704414793365479426
222521915
2882529241
58543857
956276440353398784
68511500
223897743
21916886
53381821
489750499
1427210838
65607107
2398002414
18760371
425659417
40324836
232867314
166866601
2397974054
234689386
234688983
2913614824
4876039738
19072286
20463983
45678400
