95955871
1152274880139862017
1023580412659097600
887175892224663552
524697754
2904231345
330509973
932046535
1150080565380448256
438541276
6108862
1000916447189708803
1033162134094602240
24859536
44194380
3898598357
1019781849323790336
35104747
527052497
1155437877460967426
1149827868828098560
1035964730991624199
2651325366
17722601
867978217189031938
1133402577775857664
1155852732445659139
23505880
1131818069184135168
2733026376
77399848
725426518747287552
798041400394727424
192409294
3196583374
1159417357229576193
19939261
25029495
1150134708958892033
2289160027
41539396
981755967300751360
342674598
1056995570672377857
1449665820
497088659
1087931494184730625
215332775
469854416
423977954
978609288372465670
1111692096824434688
1141918448223686657
4753404559
1062124929737547776
19564764
41206259
2287176903
267372599
24775528
16126957
390779926
1142237408261562369
2262155696
1152081243049095169
732877622217199616
1071880219521417216
16085441
1114721585779200000
1158296337051529216
1102716843188457473
43784863
581123612
2379039078
1044836144347860994
3232354036
1099415901621891072
1048374772005048320
3092193979
1604444052
1104825182689083392
1677009564
2955454938
1942642807
50600062
2440570940
1343889426
712005020347031553
472572864
2485658305
1157257279
3181613369
159659002
2879774945
758438536924192768
1113885110284300289
255745907
755491546984775680
4582645036
1157609214421983233
1681067162
739854296
1512460674
4004652563
1148488523852341249
1125823249336741889
1094236176981114880
983445740436541441
740689177977704448
998593482
159543437
1150038551213613056
941518611616641025
720624518012608517
882880135627550720
2615937348
378259736
2260369068
926849982
799918162208845824
718099050726342657
361253232
1023950512004194304
832324496870735872
1155208250767187968
1152186519471513611
570450793
794279156552863744
905879047724556288
952873276010737665
810556234285936640
1078487131222269952
1078487138
4261072992
3505441818
1573126424
2461150503
2708839493
1531319479
1444173091
1076611342277230594
1002030467875463168
1146591876318978055
195365329
784601043917213696
704302407950442496
338957732
1023201042
1116831673545396224
855441846193053696
1088176105339514880
1104448403281461249
1086632363344490498
867031046088536064
1383286602
1014760268
3131585530
934281246435405824
612190532
1014254533013360640
1112002736747220993
1064954703702884354
424245525
1141920827547574272
28420827
238457439
1101893017068294144
2883299727
853200072640782336
253930320
1018922594383417345
521496660
1729495286
972107131703902208
2503451461
3011037227
719711754067054593
321788327
3296111882
1003130577506177024
2319211283
907365774695825408
751758709
1901275388
904800904179789824
996415493660708869
830008406
2306266467
705944477
1000059212951568384
2905560955
815474089653518336
155956310
1139903839346315264
361469121
27493563
1137685062667853829
893635027292098561
1018111623544778753
2874635772
16679608
1026723503448285186
735134724272848897
910243384345989120
215879332
1092303600
1049905828277432323
47961149
1177899601
1137173484973502465
2730188870
77024696
822186358798172160
1151141198544932864
32876210
1074398414199242752
952099377677389824
124088983
359579210
382830421
4249801815
1092892968430780416
1132706327061585920
1161786943
112769246
15657868
825097855853539331
377503589
1116530055738470400
789119556
787283428463042561
741637770
901088630692659201
745340689165103105
496141316
369316987
1114274851374739461
95731269
2372164754
1278658507
1794348475
31236543
1085145744544284673
48174410
562842852
912891805074690049
832355104141541381
272327939
797869498757955589
731236136178196481
101386307
2389742148
14696743
1148374252740988930
970051237885325312
3455829013
357556946
1183907521
970080960623476736
1090651566955057153
843950209986056192
4747297894
1055525238702772224
88867786
705156586038300673
1321467956
1125393510885052416
1057658632895188993
1061000662195023878
837874148198109184
1097968816326406147
1131733185748983813
950741135869333505
325618929
3315320251
157899542
2885081651
133773534
796324441
7406952
2777923719
2870475259
1031559295240945664
786266986179289088
1038657458
45891921
737198999401336832
94853344
3591398833
91145706
732678376306188289
959744384
131082509
1151512334763847680
39330733
909863022356832257
2176963938
1007052099534934017
3036845258
3368055885
855129890277949440
1012718011
1151601562252447744
3191980552
3092477057
2357176112
962786546503028741
4114808434
2930469295
925525539875631104
2964541168
1148440827523403777
19725644
384983253
278323457
981334132478414848
81623503
32642994
61153887
826024222849892352
743552587543285761
3450601
921730094808354816
1105883686329901061
1041354091048235008
21244268
892360813545230336
888342956259905537
1655844703
362436584
3653486301
1082885696359223296
884928345342959616
1142326303678435329
1091194022956171265
386134460
1135671648517009408
1000933134433767424
938502067727020032
1107938251388735488
387751819
3216913731
1149519852664549381
1103752938042863617
320241951
1080301213441249280
66795320
741103756545130496
3036081407
814522954226798592
3146440434
454177533
1657323937
920687176546947072
2292157589
1117041623169368069
585506928
1133437979085742081
1128486285956481030
2989059811
3311236174
332446086
1069792615
997761661833375744
983594304877858817
981925529174532096
836541910361657344
309784268
921390770132721664
848720283242549249
1110317947795529736
1149186715334017024
991713014549168128
3613268541
1449218438
1143687311814733826
4740257814
54085062
31329800
715424992456912897
602317143
1079270988083150849
987076749283348480
15438151
1052955341888081921
1959985603
961544622806917121
891621939453755393
42921639
754006735468261376
14730716
1063172492225851394
434630205
3074504558
923244192268242944
1147803045847322625
3048580516
1148757053722255361
63704615
2791653672
2270649464
799343382199832576
1066989881811816450
1275334069
297882651
243719282
110308521
1080961436761931778
3071693214
4828257010
1055108811684544513
38462545
30056843
1119264406263693312
1145819172296908800
1020280421232279552
635827328
259077104
20464789
1029502289558614021
704896200093339648
3437115749
96013710
3221187341
1147664585354285058
777753535085629440
24231190
106333093
865357979142500353
107194379
1044386100247252992
815401854075072513
737564251972198401
294376441
939915100823216134
4425981613
339246894
802206650035736581
1112411822894792709
1088030411056467971
799467550669209602
1108020329643823109
298663674
112526560
20968166
953202098753110016
2999869942
75192471
1069432404366909440
27720348
3981481575
513714411
1111126194
14551069
256554809
1139156454760505344
831130481173356544
709111830636072960
879991516114145280
275613148
2530533960
397400054
327601100
899432742869504003
740733230555373568
1477039015
905330092041273344
876899205070987264
856550953167847424
163256532
781526400918495232
128685564
313199716
60433977
4770991646
804687486316408832
1069870691040804865
1055604538022023168
850110033299988480
905474679149907968
2764843884
953691495361662976
19883774
1098744601907589120
929801638176542721
1038984229479038976
177965708
1092118756493586433
324703658
16862369
26953174
983181426483838977
20653637
3010696452
3617103554
313025775
927655743771291653
977658544030969864
733098923552825344
782503361882890241
2561394523
2402757371
814957992185450496
2930337266
105349350
288019754
37860600
723098881
2448867002
931948559385194497
1054523437190807552
1119997796701093889
470874857
606441611
602115586
214825006
849952321803083776
28522215
101094556
254933483
1077246665780793349
14847675
3126688161
1442713058
4017367696
294362391
1947883843
1102269162615963653
1051938588273852418
3431738351
1017431838569222144
933142317476671491
1067305977345536000
706490572752687105
554409920
4115060782
804837505782710273
14993272
1945765621
386538440
3234502940
49870068
16939148
1096944276431405056
87391189
2195709659
758175265
2291428702
19237409
37289854
388015086
42619908
929333372194828288
46233559
1063126781413081089
261922571
2924593731
58422778
999734608760487936
1088869884879089664
412848731
578576862
705227363903115265
2378823619
1079555429057814528
557443539
989632496219271168
1077840516283129856
507686370
242906748
963963949854191616
1090588785480478721
851724744751812608
2673184485
1076874165897125889
896026337172914176
3752435002
839655747092889600
775788464453234688
939147465038626817
751831152919359488
446340817
785508111033532416
167462025
123994891
1049398282198405120
828745402199396352
1112788815444393991
286977101
1105553395245613066
733926674828558336
3335731978
2973557951
719064146
1086412033472360448
3322479775
954880698430603264
22020271
897192822029246465
2899556785
239162746
1095978734757257216
971407531972186112
1053443978983563265
853332474
21207088
18837172
32926220
909949963248926720
723266689094262785
86341135
969394899832451073
1086765765431312386
1078792690999967744
922406648
116591080
1113399081450315779
15976941
1849225483
1054902098343665665
401121034
142759565
2257121711
4206034637
3223780374
729238747
28575907
28175327
3947618914
111763892
971327851101274112
194223077
1061122999540166656
4129610292
978208508003962881
824233323476226049
250560251
1089698783749763073
19600704
32348951
853599307513176064
713267869
979479956714434561
802547307992358912
108768860
1104424763647315968
895023868255096832
809384904467316736
42414246
22401689
53940708
1100759651161919488
841665690
1674775766
4471568952
2992517678
330182330
109262398
838439809563639809
708238189
753916722675986433
1084238470732754946
1132432410187112448
3133006591
975513554831814656
1004873653698334720
874651740
384729738
2332297740
21940456
41832182
331017753
85583894
1654576034
328474134
734840597404651520
255245279
31966624
4290888693
3650253494
1057801058217451520
3270941096
625022363
1134268283904024576
15924493
792209558
1035963839500541952
1087152995643596802
394416044
947585780150611968
771005216326057984
1062102068981166080
1418190492
3192334410
564138146
23068149
1127676444891598851
733670218606710785
1082498103318433793
816835836176166912
42116630
1131738112810467329
144779709
118468247
125512000
2766288215
2659600959
2999158160
284373411
997228315999059968
933808561162874880
1086787560070889473
3177913382
274263860
986052119072456704
991178299236913152
725348003243036672
2851556033
2480860421
160807719
1010959189831806978
5500132
15676413
1018015143421202433
29349091
1687033218
824301833464246272
925713949538029568
270330652
1031976864011743234
1473361560
368854255
113304990
323535792
2565558974
2968195640
1122715484770721792
1120448208226979840
23818581
2360038951
1867382731
120568943
1047696695671365632
3958302737
373612360
1030852179240923136
1011136891780026368
1047291097666473984
801648113882644481
1129854022565879808
2778937796
745465091349348358
1002184701237395456
1078266074
1088548626165649410
1038138221757177863
29659361
264436054
333309608
19985127
737882951661260802
140699869
1074403817884712960
373676495
1880961542
882988393767907329
218166083
372897535
3324209413
1067383742879035392
878792673271980033
1013823652293378052
446555215
17051356
947847565474779136
808051518242979841
3273428251
1089685896587292674
2491266736
103876508
984635318954586113
467603460
118809150
887729011849351168
1595692662
1012876717285957632
868249512132968449
779433689528676352
2881377238
486089530
4880839092
1087483397843365888
3027313791
897970805484793857
876088058327834624
733827926500605952
594109685
175091719
1188399487
15995756
9518282
331336091
15066876
44949890
917511276036853765
3427889009
272985460
1011973271712141312
1364921820
748177348583882752
774766548351324160
944477450393722881
2886955190
1027493750753452032
411007052
1437189096
1125727337134329858
1006301194636218368
1337271
117939556
19722699
15096786
1134267838846443523
1030254281683808257
342863309
45921472
11294152
5392522
1010442932413915136
843516209589096449
4507996333
15755079
3298358430
4652511012
844309880714530820
795346623396253705
783214
1086616339622608896
890296619308118016
797966720581402624
1017873379121156101
25030964
1660673388
280840486
354443248
1029119396600414208
1128698579160305665
1006618246294876160
1027329545064603648
3872924211
222274996
1591695175
2869819060
11342242
1406047920
2209889287
1065201137547124736
2353312062
970159731984580609
28785486
949006583614312449
14663917
1034238124853841920
1417023942
833549546743533568
1013931909519499264
986623979732414464
948163830
444709548
1104115932803162112
720689965638619137
2467527250
1020357442423721985
1020193403882045440
42385853
131762805
4823705386
905530314
2289423037
962103943
1090416627148079104
272269416
2820646572
1111447327259004930
2594528648
4513820793
1025583098434609152
87818409
65045121
960950034509586432
485285018
2734953286
1064758866
1060232166221770752
28677073
1027248797741707265
2792154230
828045116728184832
726716002520682496
1041895528538275841
602762561
358964752
871198681
274866253
824292297705603074
962062794211258369
2547498351
889474994501189632
571925138
324793123
3830097076
567639053
715626242167476225
866665353698574336
3909892479
2429840214
1105504864648552450
3387263201
1061092262455590912
952608881246552064
1124562172196139008
826105154139254784
739288752
107043197
2650679266
602279923
1088440771932499969
839598176726286339
359743576
1031173484653756416
1014464913207590913
3010513332
3108033410
958449636070506496
47281555
1297088564
28029859
21848018
937071666978582528
1034345956886671365
51988933
37491646
1083028610435481602
771097812855558144
794888377178923009
47538884
3071425882
722159675047862272
1092929946786385920
3092443319
83759701
112314399
1124588413368225794
41970816
17522521
60791723
977147568529518592
59425003
829345776836997121
301643355
492991594
781001275894861824
23304078
317735555
1093926199925960704
960792981170081792
744048715
95610041
208634930
1104070003387707392
768913519039307780
3883616489
2172313469
3370581465
1687454966
740895416
971195134716112897
1115318738235080704
2193355739
251940671
745774056
15469715
2598279175
298769861
838073306020478976
878210468124532736
14780086
1367248214
175576528
509185272
440519278
29369874
1117038627698151424
930800491
1219424678
21966695
986033099149471744
2196516271
15820585
1880227724
811554331
979250929
61365071
1615993536
1008700044105613312
1408008402
979183461545271296
490520333
628270697
955711313186930688
2518062547
937502938330730504
758513358823952385
230095575
244251868
62760327
2358323390
456358071
2239616394
412596977
2994144527
2708033720
2517258194
134956590
205160248
351742959
972265869022846976
1225584313
842215036537999360
2279320206
976902777623457792
1120788172420546567
107645453
3125468523
566130046
417496695
749778083322953728
822848254601756672
17914106
937492557298315264
1019950717560410112
1056794373311074304
1119324675790786561
1121661755816644608
380608558
926139850268475392
153145447
999458080034304000
3085515429
1117470350483361792
721042172246626304
1125742790850297859
53025300
363340700
246035604
756464918820368385
1072885315663290368
2324062644
979885391460360197
1093141735822249984
261815101
1057109199799255040
3010423205
3629850380
2779040798
1013504090
166430083
117226666
3516122356
18428796
1036604147209039872
14671775
743196808965414912
2943004811
1727205086
54016704
800856037846753280
951062029
896151087488663552
1092202778
219353870
1093645041996840960
160850438
2605427474
1115226516474843137
844229261015875585
962494067010654208
746525675117502464
1447001220
991695454969782272
388426142
822569803940556801
853221742378180608
258223896
1041161604774060032
183681162
33175391
71533670
156361209
1121966130564927488
939858641691267073
174240425
375857912
933473004109037568
131272764
41818640
866513982
27526892
3053093437
2307035496
3298109847
1113098241283850240
4878236248
1121910577130086405
21920725
900369802988056577
830811599367606272
77079399
48761924
823969931465138176
575389015
1038025316982300672
13049362
1123119700362137600
248972913
736281386617704450
869427341373702145
1122923231055421440
3052056447
969647113071153153
16943182
15364820
218492213
22786458
624774680
4002650175
2751530009
2671012646
1097049799675781121
765033088791539712
2863891740
939598802868109313
4901117691
22477940
898742632226205696
1120130851575087104
1041236514
1135464354
1115563582433955840
417994318
2693616348
746444670079623168
744625771109572612
949998895874150400
1053356151121854464
1018572519962480642
785380285189722112
17450410
699925047075434497
968569038
1107311046409310209
1114321149247262720
1022351540
2332350344
798341756
234464405
858581114734223360
445634433
65169965
743179539984031746
217340684
2742275664
4872636172
74394857
283605843
18780355
10740772
311542894
293207456
1912617043
2309929450
898186427783143424
1024902041037090816
345125792
1100264097092911105
4712575322
3243558522
1034332060771540992
738442376
952998011164078080
924795314460086273
770390718678503424
2971555434
927408867310522369
2307880539
262853154
980085489943351296
2233154425
22338863
621292045
2891232374
498973022
1055598912340402176
15065986
4714753752
705853572664201216
1540462218
1723469160
951963054744522757
1106897702946787329
3395637394
1101221773046173697
3599935034
1116370176574779393
25545961
3997045278
804923987771813888
1689000842
946527667565641728
877241272892882945
830420516058054656
3317043020
610439481
813286
18532280
883549345
948355281242808322
1085927669043064833
998295086608809988
3667033759
19403494
2836904731
789309905467572224
73204975
2241627420
238830356
1143551
705902277291335680
19431755
43417905
1017130418968154112
1026128909392179200
942046957979267073
631181801
1021379287084093440
53325633
884767034021732354
1025514662341865482
2930532952
1041334590768525312
738075165515382784
1598945719
20687723
111028116
344345075
2991666946
16681264
749840534
3299784514
2411328084
1466217481
1969195646
915270408181616641
341168669
1013698550851661826
1066189088460550146
1109265546514755590
2434642165
251290683
983168700109991936
932036597385777152
1108017199824994304
2275883743
40565077
262197881
1031060339117285376
32180681
509201822
961289102019702784
985782002
829241468556566528
1409259788
4418073215
2216479987
2653511216
2291219402
985591375
2484749167
1075036086915735553
981045415159173120
840441363401441280
871164209140080640
1044760243715153920
2924706199
705215650986332162
38594138
349360523
26586771
862875254338846721
1013432370538655744
30193388
997085718034837505
2774009662
882223134337794048
17586118
1008151420657438720
1145695394
251551411
75723561
15102171
350424184
49815528
1006989537220759552
1021032563660517381
800100583092822016
23937508
1110229945
1366735981
1009113733883408386
747851623280455680
2358336584
732886831650512896
619041443
29151815
1017880755857485830
1679251123
1024669509368668160
1024317142542569472
1589428567
1342163167
196704406
14556028
3108058633
2274964769
16298441
1092107740246355968
300810807
770752658185527296
282638301
1104618290960322560
1083408964593897482
1587217921
996243014338187264
969077793593192448
1519852572
3308238059
1049718309858549760
774522924548104192
29397194
905920085545635840
19195649
549679303
57729401
3350556934
139601758
10841282
891251263
912653061813886976
1033399958232215552
3068353317
854565384413888513
2912054885
3065207925
3834819796
250887629
19889488
2379161372
22272550
2199831698
608432912
1325256806
1034316642392584194
1027320982975918080
16213424
1366091756
1097915346571485187
847484522115375105
315496561
784564412522913792
1070477008180662272
170535186
401585670
44274457
3300198836
1163396113
29857149
863311862
31392821
907492277932531713
753350776051728384
1058011336481951744
327709364
93584088
3065943502
918307249386274816
224257403
722150654014148608
52781708
3029239395
839065132533678080
846137120209190912
602196127
2450565163
2743598573
3378999550
2272344069
398108727
969054457978789889
442148903
25237210
1100129689627185158
433581674
134902209
1107581881992859649
902611933
1109641217783095296
899440414683516928
797267199211638784
438750735
893594022253559809
1031107487515246593
1088592225800314880
3708275903
2429024307
1075549189
455288410
168386906
2826625936
1104942901
951133063165116418
31887872
204832963
166436703
1041632685439909889
571142553
271092549
1083106291789119488
239858376
18338416
2492132730
1107771956873576448
4871129479
16524285
1063319761
36782769
1085237497
426417611
313948199
982610346870476800
2314229087
1069864824866308096
215727922
982065382478376960
973100671808385024
222288026
14125384
17396073
24445033
94445293
113695947
1596834312
115554440
18328636
914606573816881153
1598763488
52320348
9207632
10448062
902265271485964288
73318993
1024826757587890177
360028079
1110932797852663810
1025214767865253888
832868599228403712
986867377529806848
430192664
22814500
194710041
462171721
842763218
717338055774965760
42900029
281839525
746140327350722560
3060876473
574782207
1148792300
319769408
26259576
98509211
3087271374
195832496
728712271325761536
1170795830
756459446
1105107343
1040299545647869952
2873983178
15907183
794436109
4077525603
132521439
2801839926
1012421712326090752
1085955140497092608
726132381615296512
819243586575368193
1105577251985334274
762064649252667392
571963220
52656140
1071149729298423808
357249584
827382210709696513
903232354696744960
403450037
487736815
47395667
110715764
959539393630523392
1078676770612760578
106517855
104435149
906453115154595841
377580602
862711581943234562
2202495061
3116378759
2782067352
24896025
1434545586
3719218823
621353055
2680172096
151964643
21587613
3315788627
179894639
534121273
18353990
4685986112
842498096793866242
898389732652011521
222799975
23475119
2328834820
219822687
717028503686787072
3398164163
48277807
1100232175146852352
795257676
982658628887949312
1100414900617338880
254336374
835676407665602560
1008079895216427009
1081634318454276096
166692651
1050036958775439360
868146403012423681
3105099862
345234480
225231771
821562380568117248
801113638379528192
4213350074
934757544592941056
1019596398461792256
1019599740692934656
14990112
28225535
743583334354190336
27384388
2480180460
22167056
2420135683
906004777179516928
865364327976493056
282943055
2275076180
993797273078321153
2376263372
973076007535063041
775095542435155968
151965668
412914400
937415828961718272
627701824
778996460515893248
1584997952
17912551
2317926254
994211135162322944
307594362
966777690756993025
3863605355
528191643
130080992
520654702
706618632868999168
3647192964
166415961
602566166
2904534477
1606182450
217281621
912842592802476032
30080027
365221750
816413137582911488
1031991770
10159192
49395907
998435081160019968
572240095
268282560
829116461633437697
27333133
705185439179808768
1022128903236800512
3332077285
43183310
216958754
2216668447
734431215491547136
22188518
2907774137
1232240220
25115847
923046394147065856
3038541493
933597730349260800
933290601402871810
933610899645935617
960484874422398976
920786967960399873
73797299
589569745
14504859
29221344
541903575
3390153899
1050471487570735104
34996450
610388842
3861433641
1019086185602351109
18132494
19562228
10810102
36511031
596687292
24447643
3027547973
379677587
859679866743959552
53840669
377940503
407397917
919064556168720384
2742010921
1092188078
843035659
727338733423464448
296023958
756948150271619072
15808765
226222147
30354991
542880104
2274044090
4838882110
710869729737445378
50374439
166739404
1055213228278628352
2719962073
576359027
133880286
871652682775375872
21955058
527726871
850510887211368448
357606935
1330457336
29442313
216776631
4196983835
1870235276
564122392
112577064
707224262596292608
1870192116
83637011
4448531368
3403303821
2317198872
2983295300
2336573456
40744725
15588657
185408277
14592008
17573212
889735872211550209
474869950
2632124837
43464948
15815795
2270524418
77394327
1870188672
20609518
830253571
2974998585
14162415
19040451
700490971
895352035268333575
1482779976
1033142532136415232
3763506026
1020367103948451840
913203265466257408
788828336097198080
18393773
10798802
2355808260
138203134
16458383
1016098943841603584
2467170588
14174128
65579209
1231936753
1263455569
703664485593014272
34507480
959173934766837761
163882747
14417243
3887467873
2984809079
965546088
