31158410
91700227
985201244410204160
39008044
65698096
1969591760
2155649270
190039554
378259736
15998031
14652182
17006036
131497030
262444535
16455297
25598396
30188594
74755679
171171584
146099195
730633838993399809
593785378
73716850
43654274
409486555
29546945
12266442
148256193
18106300
78525538
14982804
45055696
68003308
36743910
958435057
4912528542
57371662
14991920
76389387
237845487
7235452
24181699
17057271
14562016
19324779
293850289
15898172
81783051
1440641
2499388261
19472585
1847680796
38681183
783792992
16560657
13787352
23992315
17008726
73206956
570780348
15057943
182161200
19397785
38531995
84352985
706953135642841088
30278532
20710809
964557582949068800
240644677
1514857122
1197351702
2869531
1239671
624131846
110365072
718888154
228794007
906592889626644481
25170188
282644112
