1278836216
990317363915579392
42145629
399348030
26238239
2334732225
22907871
2373299036
976029015667630080
3315766473
244882632
46769986
48939773
110213124
97773094
319619581
841098163893202945
46232880
1045360345030832129
1088783659182817282
1356381422
1040343496471851009
1538277925
321486173
19692911
1005401769399193601
116859000
869529486529675266
710595226818076672
728028439089840128
146456641
889596651903602689
3127094565
407089888
1001351743916138496
1152831421725204480
431969499
1486118238
20427223
2535823889
727195336574390272
267294336
119444624
1064992287569121285
979753051652349953
394081026
141141836
216510039
853690023216115715
1226912478
444992405
270310777
29267629
2311131175
1064455723046879233
70514858
19744759
1114874222088785920
1094256511726034945
2509272898
1151211528709914625
2835380331
323389045
310028318
284966113
2228258726
814617080146300928
295910465
1121902984462577664
15529670
169864622
631865146
1148277237457793025
2758126553
786830491580305408
860555190
93949216
845765166042112001
20198793
38505015
93846775
1063483289162399745
969572216277995521
824794776633430016
425739445
7709782
17843373
95906698
368245098
2396188842
885425256797798401
18063173
282914879
994920425414111236
15115280
19884529
3299171225
258841141
916946647489351680
2524538106
916392279358578690
961589126
939644270
1216789842
2148105323
2339181019
710146736073867265
102955736
281452710
296913501
958555581198954497
1073606435580325889
3198320235
20645831
21202851
818514819749965824
116845797
1127898222503112704
26602444
557302007
322750088
29697308
895920302
1064061132120514560
953217032
2883191
2555573144
21686844
611758002
323245524
317861977
608503408
186520006
200163561
1113992878563504130
31561964
23674486
33237159
150614565
964179013
71261011
219349412
3383159573
101542844
46419829
62423
86944544
246939630
81854447
447353892
45886832
1138529423525863430
19394186
16998020
2999447739
2595809175
15580900
18393773
24898317
19452370
1035418272764715008
113491007
841988306921525248
1138743828129701888
31398995
1029405156784451587
378259736
32259450
259750572
1087073882220064768
18028249
4637293697
804837505782710273
953691495361662976
831459416251699200
126664172
1134558528633561089
19837882
18863867
21201280
89168924
815566510303440896
703664485593014272
1063149955840385024
1091423760194961409
20260685
1074117788
146874009
1050501394241851397
259007366
1113678493764792320
92163692
328406897
2201698283
3322260435
50604468
16876229
1019240942908428289
1111981632322449409
783792992
1086755209
1153234998
619050616
262649346
171722827
241571493
807907575668699136
42371615
347778959
1117561379358236673
212973087
338929022
22560570
221338206
1023147713674833920
1548391070
2740673368
3385040133
34247411
398938131
1020395028
896611601289293824
2301725318
1041404215489323008
2334725502
438828609
2851647028
2450380374
744656063958519808
202740241
18701897
1004283710924034048
78905469
20053718
310746442
1577798052
1079065406118289411
2875019051
933409158656937984
155529304
125370749
279513123
2161130368
969493747238100992
784967425
2363254081
1112845827461079040
230025585
780104972
32876983
19765162
60886384
108140114
216776631
166400605
2441666255
3948308435
1583865109
46220856
3782572522
296684416
86664924
18020612
2423478840
49108112
738697147214901248
42825374
720975284
270928929
49573828
89486038
102027437
2546258378
19658826
1031673174243635200
25087909
18887526
1009577803304656896
70615954
19530624
371726146
23305501
107398834
3327720838
1006419421244678144
14868252
78603028
166207058
3129187769
181606808
20000725
460401829
14190551
1091232258785193984
738503464142176257
120534606
930263623255166976
227530730
185183954
31173665
44874400
16681111
111323990
20065463
20065342
919949859444097027
3386165063
3190249186
1201051748
76351820
705709976501817348
174292801
36334366
124690469
745548512054546434
23691974
335312037
506486097
138203134
972936826746032129
507842904
471287735
1019319160013250560
733681478
167178480
64452472
497291858
20555002
234694571
4882743003
17062358
54495894
131194254
19990980
824539674588770305
272503369
237742285
270467693
368317521
85599723
20526449
83814679
19152541
3029947101
43963184
1111013304640638977
1467580478
196994616
65130648
730602471979159552
856010760
892275857779118080
3165817215
25629019
304679484
17939037
25489250
2831956616
22776133
166192075
48705816
14085096
69080476
152785310
22084427
16513349
3668154976
22146373
60606206
828733909
862384761528045568
43328711
17865252
243837086
26518595
850860144
554648712
114709222
19598680
24468619
20598137
980052164893650944
19910414
26727655
3297800601
20098015
33315010
19878121
722242009
18774246
3313121350
152656121
41780094
107018082
308379387
1095608150953205760
28800535
117366399
16139649
2904913023
52755452
14073022
22812734
47583917
78433570
185306056
14157134
14569869
121562670
183585551
16083477
20599792
20631422
106118793
393637870
15454011
22460658
128216887
61183568
