964899963665879043
2685966350
983859862093246464
755916622368534528
69892638
232447988
121517065
37312877
52499387
17450016
848409566668886016
2464809842
1158013055420239873
1083425426880503810
708367907739271168
65310811
2355808260
2745208314
932361473396916224
916783396814065664
834177337365295104
2393934703
801743442082668548
1073788438002962433
1150450659059089408
568692640
1071148613257101313
611318385
299724001
2225566590
24276104
719425834151350273
913177132934811650
1322109206
597213953
3316501680
795077244548837376
1603439773
1096195568400064512
281254967
377463030
394303078
20649406
2291266974
60374967
1112365860465922049
54392744
1001928009706758144
1236081
342060536
1666465027
20294499
969093664348631040
1006055524666826754
2667530654
10180112
15140874
619454958
4818465994
3003473963
1941004969
3485597543
3162434887
2203709322
283230411
60817380
984004179659280384
48613401
16521268
2921352558
104962810
1072955320060792832
50560474
821394168400478211
1088189605885620224
226542162
525372373
719360694676643840
525808515
2227537532
3294026870
1878830466
28267492
973540383950065664
1564412287
62378186
3226303103
2811381421
739855488
4048468337
1247331740
104068477
627292749
17585653
2255903484
257536555
306980948
89964231
14173770
101536649
15122475
3126403725
289256940
3302761634
2240029705
22594347
2777727254
79576735
1884603416
801614917002375168
3946351005
57834160
42537386
17231064
69063653
22472055
3390055271
50578347
501233558
1046490761011896320
2379511332
4133245012
4316193197
3345820894
825877876654358528
2207950213
984969784218365952
1348407966
825877915682369536
2987147081
1548657624
1385861262
2448134286
2432222126
625070495
3130326569
34032998
545264688
2899876894
3278536453
392009371
843789470
921434572340056064
1017775752153100290
1056174061523533826
720836252
3165970872
978711829202505729
283185031
1087446721615978496
10039432
407738540
280748468
757303591556280322
872084408383279104
1028454298345201664
1027681738657591298
24457744
360983000
303804147
3589949716
2861330135
4855363466
1035456789817384961
751409375504400384
1277244036
89430267
2903470928
491581312
3255997940
516983196
1146926238
2183172642
2877800686
2418230672
771144922737020929
720632954666377216
310957239
4808478762
2197365898
818159758972780551
994080567997206528
138440463
2465869068
3981499394
462885317
897267117753384960
779733126859726848
3930022942
2382159110
1716121
752202114806476800
943591909292900352
1100443281891180545
1017414088807276544
4129050494
935897060213104640
3138208817
1138222165768228864
787379154077437952
1723517599
469490715
1004053046115143680
13769472
363801092
305287070
780857507749036032
2331416060
2602350786
32855999
204936044
494167286
527918487
365689764
3305249062
1073642905489817601
876070302786215937
1088065122659115009
378259736
17471979
14199378
963201481217228800
4227110652
64643056
599733645
1672923102
1115874631
2846446788
971137561749000192
835810082
919004995969695744
1201340646
1053696785082974208
4533818899
2994348823
3629607613
2881825545
948435710394191872
265704484
1097986856
899906451732406272
760028686221320192
3154462560
979038017951289344
533443826
4875830006
2366874830
413396543
3077486277
1000612145036517376
470168714
957335955492323328
1109452085685182464
3194584159
1370512346
98986262
1059520534248071169
49273885
716466249736273920
146712087
2450666744
712915056778944517
1046883673927168001
3320767796
1358923406
1885177736
89316295
