280661905
224074946
23072537
1143090490327425024
103731431
854413987303305219
174775047
20015311
558555429
728301536510533634
30143348
4438802957
260907612
20458261
1243619444
450590190
763833450130472961
69375240
1118924323
335678472
2352216039
833075298312806401
237208041
2292797178
2375018263
4889498141
4130996955
858574436097826817
753611517682151424
2373128582
708771610291994624
4337561602
478602987
20058287
2876904239
2895143369
1524366572
90146016
92761302
980144107027918850
713378461512024064
605329308
210779169
482070013
3523740141
222193669
24862758
771778725331537920
2797948887
1921885188
21059542
739200974
26689687
1116271336014471174
3733889126
303804147
1296317731
238962470
728299781991337984
14787727
60069189
1019178547330592769
3960860532
1413032342
3017093141
783992705458241537
969188033349259264
1735608703
16562523
1052925546437459968
73169411
251056368
783997227094122496
1504563522
461962406
1895019607
91698734
2791463794
28182765
1388496048
382348061
2148009361
339420820
730426560
3841411222
499396922
87706747
865592744231682048
1001511262545592320
3674036717
311052101
2603107753
434050353
712768784
1226458368
277302744
143761668
815235815441731585
22327087
2376869400
1033979085033095169
201745377
62926741
1059434009493684224
1017841780354617345
2428654619
781653795004518400
2728819065
2844569713
820100540294111233
1044582346400264193
710582827415371776
303871975
24259734
751428299977621505
14091091
997629601
185066639
249724351
590068644
1022275654677458944
19725644
19984919
443280384
355338630
429253192
1179265111
2658107287
1060545835
16526606
2993673090
2588591737
2478729888
2155504608
3072051300
992980506693189642
556072277
70784139
1729866499
3107789363
426842469
2977077309
2687999594
868703400
29603142
1548841759
2985957968
3342291731
2977605953
3004302332
84061224
334798072
625070495
2937502370
808484532995366912
2537867839
24879395
43303934
964761966
224715866
378259736
2974862175
769624199430148096
36232805
66182591
185910976
104389117
105973401
21917716
573920218
68306839
19325156
722363181218295808
721458452728455169
2201833089
753358860233109504
91824032
711666108395290624
3586360826
1093538040511901698
453360869
285214868
721122921004011521
1100481856443768832
2280375396
1363206528
4009593327
183218923
1230728714
1044022254
218650892
185928696
1117465934
16895274
21581503
703601740701110272
883078211168370688
3149192211
2323113090
19658826
958683660689006592
348388285
3092742849
2705382200
1067037179397005312
4707480495
280540784
1113719613823438848
455204484
626528049
168521193
533043827
402875257
1228453171
15862891
908010535752433664
104849636
25527873
102964618
2317678279
3346849744
79822694
888310189
3129084982
2544001844
781841404490354688
712699556
1065609723590975490
1065659876972597248
1095642324560957440
1065277987275382785
1095641381505286144
1065224296426086400
1097538203874197510
25521930
97860685
3342727768
1685202325
889421533302505472
2243689477
49042836
398938131
3060443422
2572898313
121790928
2993994029
837274234070126593
482108339
773170279
2653860475
1910622482
19763309
435722344
1068337838
4294040894
1006419421244678144
812608204005933056
2763264732
4149778336
706167786
521606169
2410749170
227091369
2730349843
282980773
3387604695
875955122462961664
868430459759407104
760142904190873600
782697025418571776
603045114
890674086950559744
1022584248618901505
1024035367467532289
215869259
276736172
1873706053
2899384469
2857031384
748207868
205838503
704933158064693248
761353123696812032
16047333
1618278606
312389334
915361255942127616
2581556744
63300020
2876330951
1431647779
283273730
1883452310
2381058133
2962205353
131941866
3392618344
16174311
1638012498
179983145
2872512304
1398234828
816471540
1490475474
366824614
2447639095
247610675
697976061443776513
735582360
168358797
1553327664
35773039
59060699
29221344
303862998
948055218364862464
862300715322023937
2923130370
746107609741131780
862037690597953537
1385861262
2887301980
1113439933
15357521
2688531696
112475924
28619332
139333118
1065142814995070976
984546762051514370
843135263308095488
214818570
1517035471
247426491
23521469
16029780
15492359
794584238876147713
1050980016195084288
989936241083846656
834833841957203968
917211276
3021980686
30978439
1083422741024436224
384868566
1096337552355835904
20800731
968877980628942854
1098069206212300801
48969514
3022192797
735592957089222656
636586551
158445476
2967402199
117662694
1104221909221339136
89035822
636216638
74287341
890607463598354433
14085070
19767193
1355346014
735838082637914112
906424736833564673
979071739727671296
1026404288564736000
1039194462226972672
756242571303739392
2994287585
805726900261978112
11348282
15143478
445877990
36976313
598183417
379734618
17939037
2841844648
1007169450188132352
456616070
1098203842179751937
2575447555
275036460
581270752
575608686
849666375920603137
774145904353828864
2200305589
869685230
461691604
68096831
4515122354
336430872
4326983660
97406241
1093649546452889601
883263553909776386
17471979
19402238
70725281
19396413
19255050
71229689
57319680
292202478
85818687
60862771
224759504
615205006
57304819
821143158981533696
2419307647
27028248
359962102
861941562783268864
2987147081
2351827339
2841795280
1894806470
38090547
870595902716510208
2625684244
711867701879304192
875383045
752121203243048960
997534598274867200
78118734
708010668591599616
406398944
2949605693
390837988
532570898
26293549
1327626942
50996858
866128902
2999438926
732236635807551488
4030165702
422169746
2745567077
736143948327063553
3288691453
1087160287
3964594749
17068001
172380550
35364040
27726303
80571413
1524781
36441330
74157633
17862883
19719076
69075166
15479239
13201312
4012161
3459051
