29964997
2811503196
886573425795510272
1020016563397840897
197470016
25728193
45155495
296933126
449167037
153524363
21753847
27753686
3314247009
20347855
1020091683008962560
16138845
703260518820159488
1029907493789544449
1134099633548943360
99599045
3158695989
16491676
239499378
752967707277029376
57060169
1072488601768914944
355036400
750022168675688449
867082143968575488
2764811815
1620556356
39878654
958321164048191490
1126877552969113601
746442228415893505
79945197
1486740432
189618679
974403035010162688
26396117
779808498158739456
106053697
1128023895183806464
391583989
336124836
29675916
19682187
398088661
1585983950
1095693574178512898
799643160431493120
392987060
1411550736
1325951616
1017637447
246939630
125453969
13168412
3096008166
1347122202
896771569653096448
13393052
51547100
739855488
908505001584185345
108094234
250560251
240950507
1322712355
1074708625
60165542
1480385228
2987147081
378259736
54449403
291839888
29739264
4099171
509171690
30726383
107146095
17224076
26660428
3206758347
636586551
378098399
2810507289
68886793
183598693
1015957190966902784
19234329
488860731
7786612
377993200
410380828
73754019
1082330722562703361
212857039
409259089
23516976
4708806861
15521075
1891806212
56701827
305257734
1410549492
716432228
4884591892
1022089486849765376
777534674117677056
776528756
571150328
4838903643
783792992
138203134
36686040
1576363424
970207298
803694179079458816
24127752
1020762310166679553
77078565
93743929
397786464
14238193
1097570332913721344
799712488413503488
103468930
8260392
26056710
31477608
15831632
820812746677686272
1063950764345835521
744046387365560320
30364057
892219807
74287341
2388484242
986794331582365696
1066868172496740353
203714426
2967402199
862037690597953537
16031984
2798873679
786047748508221440
321563970
813286
23774987
51641402
18228898
15846407
39364684
2155649270
270627293
21924525
25295123
3671138595
16129920
357606935
23226821
449969696
19028916
17948615
226222147
16303106
4196983835
29442313
138372303
33537967
5402612
19568591
15808765
72198806
40894553
30354991
240664869
1604444052
