167494170
49164309
49452913
97745587
333022317
823953750
2370996572
3241709954
14603515
79749258
820647847615873025
2354013972
23638544
2837913549
2666790169
612019015
830154425452920834
378643551
185043343
54555881
87977368
27459837
3508704925
37926315
28067952
104007730
241446201
377062999
69333831
376859612
809503317436997632
778820143
518082918
19579088
783499585
937386972
161827718
764225684
1454776844
609288739
2677532642
2833312587
378259736
15633702
18985027
19732885
897226870487343106
20172250
15233135
376522045
160613922
3168031705
3143901
937933524
2915908964
738399084109664256
14126939
102420852
1691406230
23408887
30972937
28657533
18713025
60664331
31547537
16925883
18783501
3179939280
1579056487
330483201
3344319798
3278777048
4027397652
599618705
747958020
4813946623
1596338978
738033687896330240
915569682
767112225152610304
798980545992531968
876968753984098306
873269532617572353
793536236900147200
923221807506665472
704414136264822785
974316169741058048
764605398636646400
875066899947761664
1035642260975583232
1052972553986174976
875474934709067776
2526706224
24973799
