2400688206
344761966
97369098
1158231742295285766
1158132300107997184
1157819012342079489
1153275896893190146
29492916
2443666806
724991824985731072
41370796
982628555602317313
39941478
8149482
2444399461
143810986
16834659
957596668282724357
595659586
728479540209582081
2162571
394797065
16288136
55650719
8124962
13670232
1878264721
98077302
4891767710
4113647331
97650875
104146203
84786801
16049944
15848824
20845447
14831475
39030654
14565991
1667162474
3512101
217304598
131096208
2518321
962607038294515712
1013634584448196608
15861355
16994529
599065130
49616273
1098870327017271296
877807935493033984
894231710065446912
902926941413453824
14338147
902839045356744704
338736117
19140447
50910154
3508175477
33400255
736101479715614720
147491390
87775422
487118986
155814794
378259736
17385903
495451972
494496805
61216500
1039897051323084800
1877831
303862998
2709253005
886964826844647424
1060360170251808769
47344664
504882527
818876014390603776
25073877
1115874631
1111926997813325824
140488453
3796501
2890850363
18447095
22898618
623920735
2439731909
25311688
1043218603515019265
25379961
97217647
771766979673853952
74406333
1111923948
240650952
2864221346
27714678
4899238829
1063252578878803968
19563264
201758975
101822770
27902825
22642626
306047018
21777967
28133800
15518965
18783206
56493450
3389461120
18698099
1926938024
3313074693
15425377
29840152
252592147
252952532
76644468
106053
3066016678
1014801962326478848
15085627
62622531
78270570
172496840
205012816
17804635
827450735528906754
2597803777
1934702336
2350218440
50965086
2548588483
249670050
2904106707
1366490119
410938867
1447363795
2896130092
502796617
927073720866426880
83785861
