785598853391060992
355036400
707598818456395777
776446521625698304
3090522622
78648509
160278859
1426646245
2384308722
71370074
100926097
891860355768475648
140785358
950110574595137536
1068543721019445248
1069429815072120832
1718449711
43656642
19873504
139875050
2364949140
4876571233
2560181383
4842684077
45673876
2734402618
745487371
209258381
185066639
17385903
3975345614
77926102
16262924
2151164011
2835276183
243064982
163967750
2252236556
856221175793541120
72216889
22074782
350058210
187112026
48542316
198305672
39253342
59253925
1270426374
378259736
1363206528
32359953
729922670398164993
1120605423931985920
1068352593208979456
23976480
17105214
18464266
42223334
728604440
25369590
4480851
20959714
16318976
745577776099500032
4181709393
73582238
2239637844
276237471
2256017108
146837610
830320413741838336
2563408783
1144882621
494443147
468535521
3308791690
1047306347480604672
2292811320
36517491
716413614907785217
823850580040908800
14239043
15814095
1117461541660413952
523855737
3258176411
3048900145
132029493
323599188
17027632
19075828
2327592480
20105978
2431419187
1045348761751490561
27911688
900244164469821441
1202052546
2895920328
951357527501008896
3004186498
6994182
965998206956929024
860065330319597572
24479656
309355043
559614467
809884930415230976
211785295
15466988
10328012
24392227
3566862254
713648564
42765016
1098001933909090306
1278261428
999293378
484963255
303048028
281274238
66182591
13443352
282110248
1050184431959343104
394073865
1673217121
776880984688041984
1054151922553212929
11342242
105285811
49848356
852766317731954689
1022089486849765376
783792992
1015917067
1073216558
564987992
14159444
306615419
124511797
36178012
9006272
62713836
2783242182
17088729
514541074
4349708549
146759008
101611861
1736490572
183430677
9377892
283382712
21066164
1118878942730096641
2109381
712877336484425729
994848992218570752
903682046098268160
405482738
30764446
969006215975096320
18112268
71302641
3312723404
4255935095
2457172872
14709326
2701592102
18951206
73011972
1112035558711283712
1226811180
293479676
1029907493789544449
1044416798509035520
3146896047
730083520538939392
493629084
1013077921
2754025098
1620556356
35825267
355253526
829851070998466561
887424427000029184
1514018473
1733687743
3406095531
1333085234
867584282
3290762269
821143158981533696
35667685
862047959608954883
1173008426
1038624680209342464
302877517
22413809
14981648
716784508264128512
96752940
806954845
17890601
769213951548661760
1070603998984433666
127806906
132938788
287454124
1025088514927382528
104105352
32054660
3671726114
565242027
342609242
22162854
402957663
2357332807
1066502650479460352
975569141229867008
832388800869449728
342514550
866628698
535805585
1092067491520622593
160637398
3448261396
2660384088
57319680
2175253656
3283713470
76160765
268088279
17451841
869124259
1700725878
165678616
20110424
476489235
85263749
2986495429
16158636
114334624
628720133
57837246
16491676
960933635296841728
1078210883900170241
883851504704081920
41970816
736190746290589696
2464032280
701980109008457728
998864915392815104
56232653
106477833
839162843324891138
67773977
940361627572072448
19782609
7724572
42275631
3406280774
2163076560
918082298
1070709668773806080
369219105
776626
4060866800
588649684
23985504
14336173
2384225904
220675687
997218538933829632
69004966
18019105
562421645
75429199
4835399064
1047705092525191169
3337807235
2491714375
2348188291
176390630
1059497420189507585
707607938744119296
29480700
33911406
32652567
960537246372790272
188227110
888897273714704384
3370826188
1450739005
184979873
19409943
1464676063
999467425094623232
864937709629882369
1113439933
19984919
385634267
174559667
1083142521016832000
100866814
1069787970
986534008786862081
154280902
27888331
59130827
718223889478914049
861716594845782018
555252077
1006419421244678144
1479964404
1056768882
1495880262
786047748508221440
1445020782
119000092
203714426
2626863771
185797506
373143817
2898412768
742769911
582872181
1000767414965972992
20770892
3005582016
1551091062
1030734602132905984
219821825
1497211892
705207552
4721409522
1517035471
2491021255
1049365727705288704
131301602
11248302
975938051133313025
80185881
29472053
855151906305572864
772941628134699008
2286685327
814432290
18000189
950031222528385024
966880986268016640
976262095640637441
760498324952743936
17196118
498661727
81188114
866766668550336512
348875729
1711413942
3167497923
707635473347452928
978711829202505729
38316003
2944953687
2993673090
592348145
15092452
1022363594074284032
117850176
1588773420
215876317
1194617485
1330035655
17870299
432047363
17955277
208643146
96185045
185911535
983603670511108096
20865802
2770288777
64960410
187518287
911750256
2764811815
2327612520
636586551
1096058449
259540958
1053057862476345345
619959481
951479671979261952
1376608884
19443411
3233815033
79923701
183300976
822517901294845953
1731223328
30699754
37733121
1070059901731385345
2319062221
1381220484
14570542
191632738
1522917078
986624202915663873
15903587
415472140
2828658528
551546265
2222300106
34317032
56192779
34035826
1010005404502384640
38354090
16889723
3065804795
2194905666
983514028394844161
1070162036175208448
1070170611303964673
1070174489764225024
4884509086
557475198
1069964848753106944
770157524007940096
19189000
362376702
364473011
1072484382
242504904
2420474174
21753847
49986034
885771697
112475924
705046410396184577
3226072074
404443992
14895518
842550390818201600
2269351154
950548682
422063235
16024323
3148911811
3198729642
828631092143996928
23064821
3060356969
1059636793715318784
2287597687
14897792
179953659
1148644417
30633376
49898588
795087353798868992
20178419
3780392475
879311511990267904
125501124
892108690244980736
402705753
43638469
307808408
452080450
3162009679
18674747
838744774429429761
592358235
722933695460454400
98247788
998895254500593665
4912172412
820378690920058880
1040742624582283264
718246824142839809
3329891278
1011334151772037120
34032998
190291868
2959758434
205433513
27572879
57251032
966420548497690626
1471429675
27815263
29304600
769846998
928863703281287168
70145858
1035185990305021963
14456167
2647932979
870399372818862080
217445066
1041125294931771393
1188310458
222302211
153633931
269489568
114813714
33575373
829154251666575362
710353738989494272
15906640
3301155008
1310092574
15837189
71306819
56140927
2165684804
106235087
453892183
20711389
16797106
3218666166
132148992
14367333
28129848
29995782
35440377
108527993
24815183
912568666767495168
883496618053513220
296023958
19055698
21731159
1026392222592364544
3065924818
2770795225
4116442600
959934745915293696
532824281
19475461
5802762
85037636
636216638
74287341
63242060
77883853
55714128
15409985
20778999
3151878295
2297143668
595142964
824509405815246849
1002497882023448576
238625906
138203134
22952419
47034934
1739641603
1012164299664568320
110326494
42923074
89863508
107771959
579663378
2209595858
750905727242338305
4485635896
39573359
41038781
929399289436147713
902307621322932224
2910852901
18103148
1906179308
2389683228
69593527
4847450650
743073810547638272
4695509148
27784905
84966500
2433733866
4899113637
825822449921097728
240513807
1871613757
809211828253446147
28187205
159939755
30488144
845913820425969664
780804311529906176
1952926579
21670848
87657446
18049298
267856525
3285891462
752259063669555200
4287828807
20578544
23618486
107773189
812011388193239040
19767193
2580789216
302769804
722050795085176833
988916413749518336
1639238282
15642209
18581017
93341477
42482224
4764461192
3005358314
64463833
335407121
1573697186
32729442
452302863
2877235323
224607656
793421046556848128
26396117
57047586
14315537
1697492408
18430758
16151835
1013978816
836310676998078464
169033588
144696093
905491741876342784
239796596
809556143240544256
242596452
2704474123
871553896979628032
790983013224030209
61838384
17116809
827476855
707586707038666752
3314100573
324581151
886940245668843521
701725595802202112
13931362
229612687
1596486997
902529014648250368
94231500
969378618215366659
17715680
720266847715610624
736382681731059713
1665935066
3931599619
918672584463368192
2905455576
17672251
17974481
4158256813
30354854
949211197928337408
946164858655043584
1549157186
3053149645
2925214507
17411748
171742027
17078914
2412632863
3099901028
727907116707516417
2884508847
44908470
552680496
3166571862
753217298614226944
45055696
926620369
1905376958
1297069423
213088974
629671275
403007373
591864424
899906451732406272
182236262
45881767
103213895
117739496
16437606
23618466
24920395
399687161
568825492
2850398477
1041346340
922463066
755504
2709152000
478786048
255189781
9549022
248492133
2999158160
491928940
78986763
2833742555
104969057
602317143
892485392158539776
3286349372
2916067454
227530730
719620427417567233
36443480
12977192
135922463
885092903504236544
752743856941125632
325832193
214847809
2801106097
2341337263
2227275901
448476934
2559465398
200436636
556377335
782686842822930434
40807518
810538680616185856
3255089689
808509345134571520
1694040764
24376221
271546808
131976246
16421419
19844987
16874875
14199378
14207863
222152288
15862891
13787402
2463213242
2715174439
1013832764
772056074299944961
1003736113
2779821
1302055856
630650071
2892782044
829299432
1122732866
1303126417
29417304
583084113
100781680
294420379
38309279
29442313
216776631
116688124
73716850
701575034
505084933
2751384608
79293791
580097412
562381032
241382835
31312972
411135911
18924291
24911432
81285400
19104727
14333003
916031611
352650591
32855999
104068477
303804147
22279051
366981749
189621457
162163200
87826594
2320261153
113564451
1450252824
15028425
299743215
11348282
356314667
391037985
155283807
275254213
36735522
602324363
611931422
235850960
283673240
162157949
15458520
755323849
718889786
87893949
361594371
365126149
102433240
147566877
79062604
16129880
28706024
813286
