4118396057
739425932088381440
257265468
966368548275802119
880368547704307713
980996116589219840
1009082316394844160
806287107895554048
829243771
508031631
850636531186487296
706777352915779584
14849816
561297215
4716205599
997873747267866624
166022406
19563103
211073619
19382522
441560048
636586551
1604459690
355036400
1363206528
378259736
303804147
265149439
1159152789924302852
2890845057
1060372753
370783092
456152934
534749193
176371365
54243837
374557320
236698874
199838108
718049070
63136204
21922029
186040407
170715967
158206738
325037775
438960340
112386661
301473763
837618419281317888
912304662434467841
633712726
425703865
553671100
409510750
706049603938996224
702768357905403905
1132763274792058885
1111908268836864000
798142109215850496
225415354
1879818847
366222894
82075494
4919347773
87221476
3988832295
442822335
712360670512193536
3083648549
2204516444
1070763421
848554632850919425
1360194666
481468145
266755718
942467071467839488
463983553
1129277120
1436589091
3215184257
1154897815556018176
777777165521780736
930549448849219585
844876212359102465
2841136151
70972792
1682174652
154478397
2340152966
2999597938
1152307279779291137
1146460178235056128
1141226061017038848
1158827552066166790
110476163
454893358
402235076
1158711425117777922
1158563463158992896
201710918
711960900190785537
1144353294485086208
1625393401
1678004442
1020140580
543544815
935109748906700801
1150683882284449792
556229492
1122484011937468416
102715866
2968205121
137010911
138718000
3115223501
991299326956769280
159831172
753390369019039744
954013887023730688
41558482
1119966769999904769
1308116096
551774095
1437940514
850830276
2910227871
1154642827864883200
987285148608671744
626095987
1011594433
123292399
772351458
8932752
287258749
725604815854833664
1144964522433810433
191569408
485546507
154145809
229022488
303752445
25591011
16894486
1146107031688007680
631818984
560349822
875071811951763456
1728306902
783729518867542016
263299775
1142214987097600000
907207200313151488
2383696351
1085518719273574401
180910095
114908559
990101549333581826
1146431813704986625
159960402
632370178
2872120906
295329619
3550551732
749714770002083840
888203638732201984
1142436732257878019
991071671472873472
783755410645725184
904441224479752192
1145621623225159682
481972539
2323512420
230481996
910776779551453184
189716276
1070526696468684800
235671530
964902292007936000
1155798376220377089
1155752341695582208
91612785
1137988363666042880
304929260
4851317872
1131431605887676416
702856798445895680
584818243
385276023
1857668047
312855240
143102676
207465318
438710767
44746772
73264579
162026473
74810092
126076514
220722015
954415748683915265
3435317812
338920497
4864048582
3101344126
925749976222838784
837253787131740160
145325361
2370912186
912365548725575680
3733281328
33010196
2475580352
959469594951016448
2349051600
199314159
1093079215342342144
2638227105
2440144737
1096781819255627777
2254278798
875041445547257857
1055765883363176451
1138111088095105026
1470098989
17423603
1141737196296245248
1105471239718559744
929326511886397440
3640095201
1074998282080915456
758337181429751810
302837007
473886721
927904059222319104
460063212
1260012025
795408123842461697
940197422348865538
52762390
40519218
46065613
47983577
52488565
58812628
59142074
69557688
85136701
86977818
89264343
90420588
96874423
106204123
107225267
110957072
112584094
115034414
116994659
122678355
131458127
132546993
139334479
140092403
147295417
166471291
170136771
183560106
184812901
197156893
202328756
202719554
218797772
230720182
239914756
241670832
242459342
264114471
264851886
261866640
260211154
250521542
246980471
945159086286540800
280630809
282076470
285698560
297607594
297860824
301542388
316273207
326845755
327697369
339607042
348113898
351820423
359188534
361334467
365662159
372016283
376044283
378204367
381785670
395279367
412996727
415601652
421274906
429514237
449969696
450075335
466921724
468669904
469960224
485109912
501197826
511402689
518388197
519438862
542691861
555977802
556151596
561140455
608310777
627406713
636025744
711574980
788363167
832471260
835412065
849768630
933338070
941630996
962997733
974432292
997502738
1010088817
1087114452
1108133629
1112757547
1188877111
1430685188
1485077618
1560875191
1566548371
2276436087
39522692
34960648
33856936
28567809
27823036
26992475
24880745
23962323
22631958
21626287
20542737
19837528
19791303
19512493
19394390
19181549
17997789
17853673
17089636
16716425
15966450
15938350
15460048
15300222
15172072
15143478
14738561
12819112
10735152
8963722
6107422
1151460470081171456
1640338686
1686105852
1695777932
1724120550
2167207280
1922371657
2282485369
2348954310
2380871875
2412811027
2437143076
2450660327
2456913714
2481602786
2553987003
2555122579
2713172484
2745354949
2813530168
2893477011
2910571290
2970291621
3039183019
3056703767
3124241305
3155786002
3134054871
3181278462
3334514495
3404241393
610023120
1150522290184081408
1075514569207017473
1229692447
1163606574
1153610504012804097
463787930
1099105020073586688
781441366232592384
1018778528597381120
729406845186658304
1130833567259529216
142658463
3883923082
708450066453893120
2867775657
820290328368291840
58179365
3246120227
1193020022
248322289
516352420
180174522
3013895651
4459663469
960756196457070592
1097624872925188097
1049680287683289090
1152231610743496704
605633126
398726789
298791213
1112459311215722496
2788926543
14860950
104122281
267681990
470976631
433124018
1139355869248987136
1435251306
438410292
561876854
1448358740
217319814
110965914
2419894174
205276967
349754435
870696273296404480
856965355
1005114925663031296
788415816870092800
57043553
198164348
425870394
1021719591553310720
554260369
2207681761
731076256947679232
255933253
1049958658086457344
868096319210094598
837154544903667712
2809898775
1052264456061952003
577214984
3501352335
577903718
428228274
2322959000
3353845648
115478962
585902817
1087801204305027074
359131281
1101343803850530817
743862365209268224
596568127
956677972832014338
436366894
1148544493995646977
16126957
951227924761505792
2971170885
250189210
410945436
605314904
444651015
1136425662309425153
951032454202216448
815002637397393408
1218617822
972917443193638918
105582501
55556137
301049864
1005103446410842112
3065681415
1466040198
4134255287
965700554575044609
891524280
2589099162
3194154629
204002807
2883804423
1086043965911109632
2328447761
2919500979
93930534
3055812250
154969946
299637327
545312849
795622427787141120
15458277
123471479
173046058
913785231202758656
17943376
2312448956
223701482
116928096
1342568845
1015704026216878081
1149131106068959232
166542371
1002561906
327037186
130792364
976349263197122560
205318817
143837844
569279041
1004746771959025664
1330166688
775605266033303552
971727303653974016
823963644782374912
1078699226966708225
3068624261
1086999117908324352
976013393210609664
953563613591212032
949428537190158338
93541620
584068020
513249884
878844609731973120
3298604896
731930294706667522
2384043386
737247099834793984
3104322769
292860538
2364101989
3068699901
3023145154
4874654224
737876050487709696
748896925450199040
75742264
269987933
943834301493334016
103390169
326665662
270948922
951116964893773824
979781539524464640
1113790169939894274
1106954133456728064
219946549
1136751207618404353
1089233573981405184
1018642139155230721
748847612170829824
2860370896
856152527787642880
1140679548381683714
1132131986099728384
941089385163960321
732466622095462401
586589068
2279795546
2668818404
3015976760
3640752792
3445643896
854211792439885824
125512325
2601682597
578563606
316843317
794644129024245760
140365484
1410971767
881997494238015491
15248067
33995343
1111308598271975424
2832201295
319124550
1098039528009285632
2740728222
592923985
1012258517825347584
2384345708
866289323829862400
755190012
2910350817
75015382
2414301330
967999818
78001994
2286010009
331526382
1097563483477024768
253138075
3240113856
295915127
250634098
1138382326600257536
1137978449904242688
637368491
1083477471356379136
2764156378
1083770775360937984
2902692328
4058208136
114002216
855688305740066817
321686524
125416839
545926380
108808198
1965345943
3657454037
4417466061
269033295
1027625155844079617
385955908
3410112411
940925650176749568
474989283
1174978988
1329800347
2802138358
2767083384
1423041685
1567143943
1140472456672624640
1113495613583306752
906277056
517940075
154202585
897353796
16576356
19864285
72520597
29317434
226502531
1022409003102601217
792077672054677504
2321292469
498729982
778960798332751873
1014901823440908289
245746472
2257558088
865767239504371712
517519352
834933845426376704
1314489788
1137616183157514240
275837853
1105100092716077056
743263878
1108019854525632523
872013883799728129
1084739112660275200
1126557320522149891
1379955572
1088069425016782848
1086968365405609984
1075828703081496576
4625136461
14408805
1060520937001492481
919923652820455424
1059784335820242944
240638785
2799612823
1047093866166460416
2280549210
805830458487537664
2491212068
2414005976
166596935
999591908811866112
785420822722772992
1052880469409325056
728481741183320064
89167177
296230086
242258580
992037773682102272
4281120627
905050507772878848
141195800
259362862
105254122
112285427
129894564
472447257
557274775
74186141
121219738
33092770
266132067
921701640
118871574
192089676
252248187
258397095
356990613
743627461
285165232
548928168
899400583148208128
397215080
300219548
841573657919012864
489430514
1134114314439266304
3767572584
2930488859
139953239
828946639809310722
566487342
66600968
246771745
1000033554330521601
53410783
806144529623609344
2350395900
766026593076731904
2315101064
2182996052
1087300479594520576
3092423627
1102522975176310785
1460106924
870559119559856129
3074664833
1278585966
866701758961266690
932973239474835456
62127399
54956437
780693432654192640
296504949
198820132
473884335
613808763
1051797186651021312
188423179
730489056
2926793739
918096474839412738
775286364
772017997871546368
1035061904400703488
1059021469
810331766691074049
393990547
881474082
1039231751737012225
732923296589742080
2228466859
780331711
1319152135
2992448027
1088792992805281793
632891985
255632868
466003460
2613832962
1072791998103543810
884061380084715521
1006122032701034496
2559920624
437422762
1138868417862275072
246710011
923665720424136704
2177011535
2863267497
881273758690009089
1140748397470765057
795785362585030656
705872150532595713
945708606409846784
504863374
4440392127
715785264
2463905582
1090243526967939073
3845173277
948249607557074946
19696444
1851552452
59051583
358034943
33004664
1008374991371603968
619524309
915302113248411650
1034025410571501568
1078363505844252672
997193197456691200
1056854106453639169
985617795772645376
1006338604359090177
927526480246124544
87715935
440679109
972862831
184174459
1136293982709964802
3197308859
88231190
1094686465
831530689203933184
1025133779923349504
1022888952251011072
1065190678819426304
1139120336505528322
1139506066822090752
2893789115
2838975315
70967375
1070013693893726208
1198354530
1216328455
1115226995200229376
3009129987
884708810681724928
901034113582473216
904097562352685057
907540136765902850
915884436763418624
920356078617092096
921754734578552832
937615164320440320
953158853088219136
969565187459244033
979436639352229889
992123485609742337
1003917659392696322
999687585101467649
1009744664298250241
1024398233613860866
1026272499372371969
1049776389346521094
1052536335641137153
1052917384221200385
1053946146551357444
1058726438692507651
1088746581069844480
1091034087761027072
1091036392921149440
1092915463951187970
1093909465886326784
1132569519640207360
1105482171526066177
1106914100473270272
938456118312960006
82780537
83998218
3395998965
1129493419930390528
1065681374949052416
1320205452
1381965450
12492072
1343134224
856856647943245824
862353202922098688
811212228305162242
770041211067441157
1109669399080906752
1109403187545624576
38696334
229238746
1108787233
1133827345943605259
1127894460577325056
244944088
65522128
1085907975179550720
210352511
3308958046
1061067714138177538
881006300036907009
952111827030298624
816397908
1138860938424197120
1018392343857324033
983829234702577664
160921500
965310746463698944
2356184084
1009346158890807296
150025358
884461754599841792
1017090311766663170
363046858
4123212741
1057672650582093824
881797577439678464
859565288
1685636041
1696349570
1726483628
2319555152
203165072
30347862
891086421661974529
874198517513764864
1138399003924684800
320557827
194061447
242698096
947485332
1425059911
898516258165018626
887527203302461440
400873572
923204768935313408
3936972441
716942529053265922
829286980726960129
1100367693985841152
1123507979049816064
2578937700
506007359
1052976965907562496
447378047
2914141954
220609463
449984314
2411308908
821068091140476929
956185799942459392
1073640971420733440
989028567148367874
808265820476416000
2535307486
3366144436
891454394
33856227
632323844
1491316783
92370941
1013485491784646657
906169562437181442
714913045336629248
809095099112128512
1138337274020675584
956437581331181568
568297009
958427087194525698
8885752
1068370518653497344
950881664
1209021752
315153240
2844604662
2900983135
272084170
3106418393
290209543
2921830757
1047547944
1227445411
568542584
1031832862511849472
2775347000
1135502056771543040
1114965295280590848
38966126
22747978
231628528
789771928290623488
228363764
2356850086
2249682396
3410221233
3656836876
3760488922
3769438815
3806396543
3860269577
4148118831
717814108050100225
721764979729424384
728896474067566592
737437665889517569
740993129117941761
755663635280695296
756506309126684672
757847545376755714
758484549408088064
760515512577224704
767950816628006912
776558244651212800
782958320827129856
784306342739648512
786862044687589376
799674975145734146
801797742167257088
823518894182846464
826800630811471873
850126300035547137
882928696394383361
926780404735995905
929551799375290368
1039597254112436226
407585031
1113185150853103618
958689024021057536
1899195302
185382758
1000355030958997506
1074007525
1464638041
1081166161922981893
861177481
715116851655614464
1136424328927633408
1592596176
744735718065377280
18144123
18200400
47119254
47923477
50665193
94195631
106691587
106769240
132564176
205134021
246862164
266115514
852673562
2256618151
2519969700
2919101844
4520094219
878370534081343488
901665387363803137
934281246435405824
327529294
456979595
159612080
230470299
806200528577429505
79620119
4243268177
2800130574
733384837
484174088
1006966054579556352
132918078
944364405025837057
1001034589379457024
1113800575882354690
1080407961196027904
901709474
1136652272568623105
357542415
735495404981129216
429355651
1121423920672985089
2997152992
3262060206
2949829894
1697370691
1246424952
4773991459
933415402352398336
2662460347
1101239185216847872
952656096358993924
1088516111325413377
2852603857
281894675
1135080933718200321
59780150
1105897598337122306
4724515995
3124719047
220732851
2903204600
1106580285712269314
743135846132551681
285253798
366919590
26793833
127161215
4404989837
2987183079
2856744933
844686639691677696
2228050244
887619018022166528
507257090
26832834
388345704
144934256
1112712044011311105
1133726344913838081
363851443
1863245604
302814919
1013452326655463424
1011523511783972864
325378451
2221372158
332506145
21395819
123379034
2842593627
1012759224324116480
2522257416
925279313955622912
890411326002126848
837712421435367424
19245822
731078318414544896
3415554165
225968641
3283939094
199024593
48768148
1036303563935367168
1034452823633797120
1014457074703634433
4107076601
15468474
154311445
972163587501449216
991993390475685888
777229899656495104
2875193134
3351246232
1910593544
1583082877
2419563273
2224915628
4766424815
490778973
924588819000758272
1217805109
3235971118
1686594295
1565153503
139690588
2786977628
847541963373129729
796208248575688704
947819741426614272
976100135762563073
89472246
876114100065062913
3174362614
1070236282268344322
964626670727696385
2282014590
3841576157
1071839512349851648
621341815
1024548001631465473
540403251
960698693719592961
2701673372
279663381
2478729888
958321164048191490
597330065
2197365898
2225913155
18019105
2990181772
876070302786215937
169234690
265582167
611318385
600916866
452080450
1201340646
352886904
2903470928
547866955
2418230672
212404689
34032998
491581312
1247331740
1960641956
455901246
601310262
931221045180358656
856973859706241025
3255997940
854979022320799744
167328790
1560050400
999357347440091137
797516912708165640
918602963148558337
957579564
1179479017
973923844091187200
191973996
953163134952407040
3289038435
817676872985313280
4600231654
999441762
1061650849
290516085
1071451110328676352
2360101291
1098973801184985090
125485528
200027043
986427727
1560072704
525208202
790580509688664064
186114618
280544596
3042369459
221147712
628215389
123864717
750640699968786432
3143096086
1001360789922635776
1051855162153885696
1360474388
293963889
252129038
2171807316
854287102569218048
804400458
12592062
700636080781963264
534191985
89168573
68945243
110401637
1317355885
844357974
98431048
44585286
532247558
252034432
560957966
298029693
398614104
788072399136755717
514185205
868042330049314816
394945064
280993162
258927409
1923802519
3707261417
1014177809328234496
142701306
570020638
3305659696
122572383
1135634992011325440
3025639366
803989466587144192
1110872092570836993
970595227206483969
2890755188
3697915713
1391657142
2870667115
3357433332
2564585882
2377958781
20458261
323754242
66182591
1064337290162593792
74287341
2987147081
713648564
1385861262
2561407350
1512144536
2597840239
820220142
596603972
101218089
2882315417
39809781
836388805
269017086
873259304
15299655
1897047114
2994062554
3115158556
582938117
945559280
1006419421244678144
710537959213297664
361418687
1488726398
851255010
132233817
125069281
15686768
797838821920559104
2928132717
116859378
2865296788
29726766
91116849
3312862029
4871704605
803241638
998589240807231488
316327930
34266199
4062246759
11093622
35511706
887218034884136960
923250531207991296
2778328676
834776899356352512
153207710
70982896
869110846429040640
489699631
1037839493980725248
1026255595
437002983
633514033
274643701
2191874754
3424026173
798593823840628737
208217524
291320991
1104818003311497219
94953929
853772743
118621672
2719108704
947137146695151621
929348569169047552
1835392549
868824175674347520
83947838
565735989
910945622378844160
875799103896211457
1104708291358347266
468917934
1056059646
2980350507
917359747
794229427160969220
2230076992
3327630771
899727819143622658
741564762
4171894343
1648657718
928064948
924615931275481088
269042006
451128461
944803105
1112997855814389760
961146241391517696
619462696
632109393
552939896
279615537
234293222
15257730
167742277
1100439340520538112
402273069
489513738
307300559
428242387
4875975484
379109718
294232825
1054365847815364608
4414710195
234937821
3326849212
3089153951
135431733
1074003833905385472
279008122
238806264
912359156476243969
815170957
253683163
2818890495
2591393771
2352263424
961955936666619904
339757957
1072460574712348673
329603928
1112426033666502663
912973888140857344
870311130
1081999201901469703
2649469928
1090578015640346624
1085657630440337408
3161559372
311589860
1117384993813204993
4777894341
70523495
2520796127
2800573125
1041933470338043904
129886745
570260991
1090852983355645957
701529633813086208
291964964
1034099376774373377
223567251
106089989
179601613
1315381736
1104774105121861635
1904070451
369161393
1082231742717677575
1080180315333767168
251761312
320203724
856350438
1101890833
1073859537914998784
344936513
1281421296
1113783216601804801
366034800
818384378200018945
2193588486
69771435
1096026666235777025
1606523646
271974498
327401364
818939928226787333
1112074444724416513
839541906614992903
439495949
1045051884862664705
275553866
812998112
706143441978322944
1075002309833314305
1051309598487924736
991365314934960130
275651627
1106121326341828611
1094960050056114176
2150666011
348988208
3403870229
702811268
712211695
746333282309115904
394159736
1030787111602012162
249355014
419869995
973347859545276416
110945081
3026267595
788773724
1062061613497438208
296842279
1023809857110114305
271112503
610972538
976705095713853440
11234042
1314317676
549643044
879391019971862528
2155891876
574395749
1121805547685187584
1040581234597023745
1133835313707737088
1133796464394678272
1059777268506091520
169174542
303164623
1347795078
1576398961
4755194301
178212611
1084236554808279041
220405131
1101451038090059776
3240996253
1094539664399183872
1055521919393501184
1896778088
259242705
1116826158899834883
997189281247571969
1510876675
1093550442485829633
145598593
1099457194494488577
2936690830
1092809261179170816
82646716
249201835
1054428880868700161
1099723984550223872
769948741835038720
1090384084621320192
832291207317438465
1459391046
116234384
2830032217
3318718419
2902556711
899639338262294528
2924850355
135143943
346503684
396817778
1089145446516379649
2413993302
4426170742
888325748276289536
37899167
214106343
776797142149128192
336294127
391509260
121549832
279477398
2811786134
122333345
1259971356
290589719
2899028133
989570953901375488
776426180383825920
1076880812077973505
723500499379576834
236071589
4867392273
56398643
2465169253
1040310810734673925
162080431
1226111244
1062074472591699969
45459308
68964736
374466506
257607018
2794099221
209780854
971558933658824704
167592390
20978301
4219978611
305028702
95498279
3005560257
104223397
206071884
837019550608674817
88245882
1437289525
1014877122102427649
254254793
902148463898570752
3121377504
1361371556
1079244332228595712
1050298687040180224
771698926667853824
889804324515098624
837250432149905408
3571513828
438675785
983616656156086272
1096837008142544898
120666026
288670056
309291062
3038874845
951822792420483073
1063512642973782017
1131888149720965120
179295554
2381760116
1014312761214595072
1090649930132348928
1129179074545573890
1055959424181796864
1079212531367895041
1023612372076912641
212036972
2749155189
4542880121
2342380080
2361048169
265935718
750551838596927488
164726569
933293046392872961
1101175052576403456
841724954978746368
20142469
162694737
2395967772
2286852588
957581244807680000
602776011
1022442661565935616
1583242423
413204103
588187197
1008644744640192512
144804999
480381111
788917304
2791750185
3232877793
493284361
326065259
1001821101557723137
3288935883
821297467799040000
1124259827075698688
827754040276627456
1096533246798716931
931432476421120000
1961732521
2731640539
3143327489
984025794702970880
136205259
492118148
236746860
2601376478
2889486125
2980862944
848898672544894976
92113206
505766171
3063982102
740125113790681088
99129673
299987239
1420901994
185589059
517795548
567172393
2190743761
300331138
401982291
1047485143349440515
58449130
96531036
175150751
4458787521
3522254476
2857532987
4891545472
839333708
226536303
793781318018560001
778902576163086336
242343224
246751440
395174441
2615690376
246683697
483243170
972202236599291904
252192324
3021069177
877810175511494656
262640434
1175760469
223185108
893867310
4167205397
788162568129052673
255107942
831793353704480768
446644721
597706344
93873778
2826001742
210199260
1078231615682293762
99947430
211830307
841974223455281153
364918820
3417945833
96640978
774305945979674628
722477906581200897
399031915
965342787242790912
801498534340132865
17208466
472334104
158453795
131237032
2306791400
971683081747869696
194503432
260152024
475585621
3064124001
710500788867637248
898821554989084672
853997057656401921
2369308027
789214811481600000
901620412437684224
855057222627454977
224741510
269463220
1031175168289325057
4284674475
119938261
96634419
143944700
633610093
1132404399052140544
2969469299
983446844499025921
2799365977
378627505
259379776
1528046144
365345752
960571060608557058
570176299
127493929
1126232448
4032206351
502155014
835966480764252162
3236439689
1102271356513775618
1129533678244323329
10814612
2813164578
8283082
117662694
85839993
760827704941969408
365652831
4892244389
984613829400293376
1110789331
3647826209
365943913
331676068
304669784
341115145
259823635
1103711521392209921
937245182369714176
842003593272135680
718430000605753344
966381678
1073328674
1121763198028460034
2938444558
162513371
1603721485
1004719854253953024
100504173
143862464
3145811722
937333890733273088
265896140
1029394350
567335368
740115775474831360
788743055130189824
4227187828
1032401117554991104
948109072502423552
962071560558231553
964193432901124096
1016356467073585152
3313994901
829365615752310785
3149042506
2382577626
90893094
759957720
397382869
1325881262
932334877
96102210
776059295108661249
831248331800190976
127626879
84299926
2952576733
937859911
4137020534
945976301969604608
576285712
1106158831086813184
745612928758452224
2975467089
1045115403578552321
3459051
304429307
773983301463867392
2835636760
1068280818743824385
242478585
1421506646
1129695516395266049
1053999901695188992
51236128
141636924
46078800
268374203
16380470
1389030638
2870404314
3222346567
2313995102
1100584215215656960
921385818522112000
2699722065
135231611
518324519
256536916
757207317137854464
337569038
328287949
166518640
821817551739092992
2891464059
945728634
425167243
219640268
561962139
801671119526916096
868147885531160576
3003128062
1019034315877961728
564697093
342894866
16738082
2162389086
915580847763410944
132927779
100731315
196220926
107194403
877243490291396609
1318131530
2158477600
838022513733009408
912326282481979394
775670296657428480
186805162
1414256335
869813271372627968
4704995893
584315811
1076067329698660352
889027573069611008
2718216999
897403544
356087375
1075843811581005824
992712159133159424
14630696
1080449345877508098
994269882991763456
22200760
271879584
869550134299906049
771195973108248576
2816849305
3013006143
737073655004401664
3100457177
2911823573
819130287326199809
108970875
1112553272
4738399342
715953637298683904
223794076
348471949
64708973
2979700941
986221653993623553
3835337419
793858641644355585
1073261955216039937
725363635795681280
810847400449478656
902793524156002304
1062741839164461056
995822688307433473
538288866
171047449
1356450685
518417697
52034051
942407240
629430743
289112011
706524522
847648606890868737
4772542358
898544130191708160
1124134773432233984
205707574
981536920537829376
986888569582059520
885123490558472192
849721034324443136
1016609975228076032
738022271894323200
883037862027046912
940386200
86535028
702909241271721984
1042109430148554755
1455101204
1036333315052261376
61134585
1018620919021998080
483770377
1023198903448096769
876906143657992194
3044663331
925314690548453376
952079517807333377
1034045797422182400
496112679
929918389736194048
940008466684379136
978386308836950016
941848150649618432
106729035
750603188139687936
766990118
259610490
2262778657
2841776049
884945272559632385
92644164
63126136
3353197300
567860231
1071072830
63462207
2209151429
16728821
83450628
2801316050
171239663
296358959
455716621
1125810147098529792
367210075
735112967549751298
2743242600
1072448261204729858
1083984371206549504
4772954859
1342872740
861187455764004864
855516425112481793
1101468983855902721
4835531098
64456342
806906081725255680
780783363732811777
4579246972
2218370307
1045388005555535873
985969766643916800
3038930105
2302877983
2238909122
3062275577
779251818488590336
397577306
221796313
262272231
1079673498723856385
275935864
2327343992
14830931
18477428
265929322
986201614833848321
380001549
192981712
379657727
850282348629327872
44418062
16465385
275097363
337200664
845289301604777984
583119124
265501524
1091347593106542592
1025696202527043589
1665404540
2809626689
3033928534
992865788339064839
474850782
3253849116
92580257
217017116
783607686
376879469
357678031
515894242
365536265
1647072577
577010476
3772041447
96128267
974321373890871296
158774224
398631124
4152070349
993507781
1513221576
1732768080
2774289379
551875183
778541586745593856
866703034084208640
2992556073
1007704985252040704
4869578063
755555019877822465
800158561
590403754
977303032907075585
923576738625523712
114185087
1260199712
999020146965536768
299549201
92631522
889455247965409280
806430950854770688
852913102446309376
2329849309
965636287901257728
837983629879951360
868923586953793536
326138289
950761505561219073
917177662300409857
723488189646778368
860392492906283008
1388445793
973463145980317698
1255473500
972877505735593985
899763601589886977
3304617971
4888207319
1003475014585208832
970839064537526272
1013834044608573445
23111717
14186094
1632915744
255470657
792029764525711360
2340125650
922055248415510529
136013508
139565254
2712738853
887994025738883072
1113481371593453569
971645290276098048
913547365000339456
1045335157564198912
847091487770890241
818136604221050880
866395007682588674
757017481580077057
191566608
851443129836343301
36193250
764588995
110681941
223862618
1505684996
492570390
155913492
926586762658447360
3009285897
16029780
3554721
33787936
17596622
113560280
1485983569
765946291968966656
713721447382917121
845526480125857792
300944661
33474655
1093998120617340928
419584652
747898337433624576
785009317
291707563
3243658266
2696075269
738285780234342400
991340809659338752
1046936657373646851
798467380359950337
962750515766579201
14566121
801244621
961156383310778369
601159078
1002823538510843904
818455297870168064
828638935526027266
935644619483811841
330864174
771437866518020096
1104438121
1878843066
3290658588
2698964352
806848207523368960
994602896
4838453139
1625552821
966096932
4900954005
1595699155
1089931929728761857
930347924
989093200861245440
128773039
79975924
780770765821968384
964190165458702336
1125808869668683776
1042588665254473728
839054341961052160
836860499652390912
112990334
2578135730
601715842
755252174
400135221
1243296372
362745926
2881646836
310298288
1905162703
842027625270923269
3358974328
1102702379567329281
14239043
199277995
820973955884482560
915515596430770177
2507004865
963117780294946817
2163065168
997029399173259269
1112781560527405058
404937654
2885693595
938047688712556550
1080176964240052224
3405418036
1116373710972379136
939571232575508480
849234544913985541
3172378246
1034352153253605376
369502630
875791392659963905
1034952301885222913
459633180
4370446155
992977134
1948916053
229396042
74198943
1060199696
2263594152
3214454176
1098150384554651648
40848928
197588928
492133172
428333
112978043
483153978
960022256
2427646370
905686230
481168269
51806144
85343435
1005028594136092673
958713793944567809
1081599839455137792
619219587
1067078361103720449
3019670013
3396192923
4537049073
82411462
862654018304323584
727414974293901312
1596978572
2524825386
1104522234
904358053126004736
2151525331
214002944
118211809
762713807596691456
1006995433342808065
1068852954764062720
1087725102010122241
243603411
2573361710
925747398034509824
905333634047016960
3150822670
15416816
904654579492671488
153748473
1020308294227976192
3906883518
1114088723535339521
1126055031122296834
722968903756836864
2566593608
2161236932
147420670
611126268
816211550113583105
365349172
738045972949897217
756142062106402816
799205280118697984
4833113457
2166354399
3089872277
1008998537835708416
283605267
461011806
3898179027
955145072
1150624886
562844318
757303591556280322
532407095
70756312
118492236
437401018
214999097
421022997
1193072258
398665305
265266437
1461351120
3411522628
259328939
116447210
1285638192
533300962
2967523511
129532353
468182565
223560830
260685403
56593116
107391777
127910801
115039678
206255645
21237486
264399952
71210524
2980458689
994131190444707842
993869736399327232
872757251483852800
771855538149789696
856583117712359427
1037147682064793601
846890146607874048
381363728
966067675708477441
1035453960356802560
1026433551066124288
187947658
892732345379241988
1457485616
1059436618107490305
2203690116
1047848080920498176
412914455
119749723
794461198410534912
4017294689
3308613711
1091396953353666560
61478327
182360914
222788607
370795707
62473078
466689837
964548559
2470721424
258739619
920009048434626565
60956542
265937997
806752940
2520278575
988725383313977344
4114609648
877307732109512706
112474847
979380381605683200
1116364104225181696
163476901
948941082162851841
944657395363479552
133415881
2949771646
1107699112588296194
15165502
33906782
41482848
49012699
73341746
85605334
99961556
132895840
159588456
166610547
221112593
250259402
256889809
272692011
289058856
293406872
321029318
331548343
402120585
407387443
789301627
1874701466
2201760168
2716169065
2462993672
2754681001
2824318753
2902704515
2967848151
3160660247
3163625481
4918625615
770268465005494272
1036721347399962624
1045193542560337921
1053753827504066560
1066349330938900480
1071419891025108994
1074909049756340224
2849541707
15473958
15492359
22164524
24919888
284489937
352053266
429323592
567360618
4247908955
3240258989
814453668112113664
862261591609311232
891103060428288000
945351550582505472
953222682019016709
974449009581465601
977013001105629186
986936147875115008
987821122098954240
1021486989584027648
1636061023
1106560907201646593
227048262
794508793220624384
922431714118520833
2168953800
978618051150172160
3119447110
937376214838317057
3314641030
3344423915
723063100077797376
958044110362996736
921405827642286081
747427821228810241
1356563936
1100002905325821952
3956445797
2197567582
302191626
3110319057
335576703
755669547756257280
387131157
1115874631
3938551701
2989615132
901478892
1042104630996611075
928426493021179904
4697243604
132930582
931647146201362433
552609432
234518165
292942051
3017400543
1117460019014926336
217369132
931163165148307456
925842659306102784
944159554581028864
122353251
859795656826900481
925846022760423424
267276820
4148221103
66967037
326164785
925843566139793409
925841986116112385
547504463
1016496105331265536
1205437928
244175093
3266358421
3561566772
1449085165
26606075
84102064
758607823223660544
3249565308
540015239
3192113728
3042668961
798434267005001728
1013359254579896321
114517834
87226370
1107250806779248640
3880382709
104119240
24144885
3297659759
2864031057
1138007600
426578451
883736286238052352
811937494522544132
1062657688742572032
65615210
480536738
1088817493320318978
3647753000
751010578320285697
468415981
2216053116
474887690
1521650244
4493491163
377468269
702172241233104896
1459097100
3805543696
2462304506
3966877993
829439578830430208
223916070
705383869776789504
844997987755470848
2881274440
65053003
783345792786378752
28880869
4823330511
4891337686
2842927180
1266721098
65331455
2340912745
92265279
761687602533634049
2853353145
783023869359775745
789779438972104704
704270596243374080
1372140056
885410952061046784
922604617
831344942
2182808868
329279084
2797730487
931165696461033473
281911989
145681999
253032685
882181285392809986
2338657962
2820230861
2176659162
1054399316419321857
611662839
4837706187
2805081648
3017445107
4927918210
299341747
4328344283
3044566607
1085658689820864512
73077683
103031219
1092122040637841408
708376486831661057
882916639603396609
973634951265554433
906127078982082561
1706218658
193897192
849289915770777600
1107081892522807297
1872806090
98690636
2533485822
921022542852345861
1106885136048668672
63673457
825728433565077505
2992517678
1314125737
1107683062895312896
3607840277
21121491
179022803
34267043
473054545
198970635
34302911
19360034
1105756732981170176
82015841
3318697901
1125214422744563712
920961873910075392
151806745
21203832
2180876720
14758529
1080821737
926895608778158080
1057423581070721024
1051960115820224513
78693942
454857792
188901261
3872944773
320709958
811715340
180421943
804069114
954374801178660866
397020953
301920587
2423491320
968049284
3304132751
385917428
2349854240
239357978
243530353
27855120
125112357
372885059
166940182
1116898358633934848
856943516
977968173453422592
3016717907
359720267
799792832
184865048
2302873614
2506730629
330208399
909998372
698163035769323520
1102534529556905984
34605187
529126022
897861037
4200716788
863005010
949367854746529793
269507227
1118750780415184896
600879761
1085580196315611136
213264156
497901864
38674276
213212679
215939224
2385187231
561365709
87376791
2328866569
274046629
308663859
123853687
1770311
1968531566
459087351
118726878
197404705
508682813
30697822
132562384
130491582
217130612
1134081937
806659812
252131430
23670209
306710043
824320219866923018
193336046
338899906
38651046
2525423240
347420129
555051765
786314286285160448
1318988551
3195730204
2409183961
128622564
1466876120
32987420
1039898719179747328
931891775308025857
3315785633
115650900
1060403089
273465911
70912967
2334258404
15648827
508797432
550261210
270880724
392357015
71678953
370165668
57779483
57983020
301200846
921644539345063938
4622235612
1260606816
368144498
2239785696
335357228
239429757
705815589395283969
344519302
796864149116502016
927252051725307904
2760054847
120288054
3308604593
539994065
251873217
319872666
569951954
582117368
282716150
892788047888228356
972110658
992155425553506304
863053814752038915
24714215
967824540716937217
96642355
143483109
726280165
20340356
8639402
906050607374635012
89337224
402444960
1395865405
1240043593
186999764
727988351765254145
85308417
3090225603
1052628793850880006
927167701423939584
966615836655079424
891132330
3062297920
274977755
292857303
146905516
47605977
80032826
231513119
132854688
1094174541117558784
330426759
3331768199
703286006477418497
387657324
937703628751679490
234206194
903368942
411927799
4083676403
828808160173498368
524231551
1117135774946926592
552542576
808645358125465601
1065010972962754561
1007244410483085312
1196793768
704591592133365760
2331874202
964096746409340930
1113475208122384385
288109659
1100435667719458818
4276762469
43208158
2967899597
488539523
815119620
1019167811212627970
441768999
13982132
75855320
1114094437
222523547
15862891
2913776866
13201312
1951512698
157705342
194087595
76010207
869559462
985036472
997622160
2753286006
859417993561874436
1010439838506594305
45659360
54956563
2970149643
30285031
59547205
3239539041
2265036456
4407839421
1006797330
193090142
41569866
385871939
1088437566
2474385109
2590760791
19082668
1250435743
1454361438
1510761841
1175748290
3401568807
59159892
386755226
2258437999
2375597690
369480689
620562945
2292534031
335461958
407766714
95979076
222318953
4721611753
4337059398
25268039
2710716666
22175924
85721484
47336791
21938868
65467957
158842667
89421328
185403505
819185036
70951899
32302688
372785223
21801907
121204594
399964808
428389759
339886061
97999837
330319196
619868597
718832911
444174984
180310067
1117394126
123596005
2804198512
3233120746
846305893734105088
2832712991
947929379727925248
944317021709271041
408721617
542187066
571045017
106752528
381365366
225400632
901908582
132102878
898912774876798976
106746624
1545520566
93649547
3166109963
121036250
3166047705
768235910
4833251506
14920335
409263352
1562716124
2294113730
2219602412
583780293
1359712734
1049993714888822784
607170913
132218380
1630090585
1361665806
475936296
1050300202467426304
900341914817490948
3377459009
304314971
255955200
259334434
178072113
2267959753
1618309508
2783288172
1074139123831660545
68770833
2719442659
299290251
404207878
147511202
2904070276
890642746813419520
184987009
2276404536
337649294
847186200
381485762
1089224973082918912
72531111
325182885
307519579
3346628169
741368872779943936
72527814
2164559623
844930558660661249
710933030500737025
3410375879
855100432422760448
715550087791919104
1062034682488016896
428067025
604619919
3063624389
904219598
538926991
253588542
533158285
472929211
36181313
463005972
393972233
482191796
425146617
462330023
381573739
434999886
219931191
2379506136
1971201132
912961537652019205
1125543943
930927867608948736
264833421
127288068
231188204
1027903909
972524919211905024
2743219984
1097456168337838081
961298026634629121
205648386
1004020685654691841
311979693
1020444006
359129740
783345421
16821816
484796656
1036037388
1098150310009335810
1073372789044903937
112532150
1283996293
1006953477766041600
947967953890349056
1097236339228135427
380816062
1313614975
63245463
1267118816
2978762543
2278922576
15353955
18080969
2704211447
243608028
2291221664
340213649
245310862
106807831
1953706537
365520462
372922391
39348006
397350174
397306055
1080753187
2400365657
3957905968
146829275
534729861
21410687
838464523
2097571
969713480897937408
879607329293045761
61195184
354221701
68662551
41609275
1640411761
107101086
16630098
1015709396255625216
1061400878173876224
765618069062422528
28583197
82856243
4897204209
2843988315
1011892809132015617
211167741
477876242
637087548
968578451350478848
2264471298
300538074
3111060667
1100506268823900163
1101600956028993537
401540838
2308748130
2217700952
318952530
14163831
451337532
718522072520122369
568593193
70563348
1110235812
143020388
3104747038
1122172656571305984
1096356877951225856
18652721
434173247
2587292492
791141563
1060498412615987200
888459519503761413
239830584
338240032
787964251004628992
254081060
202968431
125632807
2186816143
989515683011624961
1090226860464713729
621253894
1576145155
227259526
1095083614931468288
993755360510038016
313054802
1031876002006360066
985306850261393408
1852410685
2199580189
3815598077
756931746042609664
3039542139
747088176
245434077
2203762537
473211061
419699155
293601379
253955945
944311147
909796278997045250
3987969676
2375803676
3643008976
941427137973698561
940479873558110208
238249590
522186073
915590710748999680
837322251053719552
966237190773714944
940520087009849344
1327769875
1046459087813316613
976454818444300288
233521630
358090346
3309234791
958085900940009472
386247164
2510503248
467330333
304316780
1635281684
352231563
984811337166589954
947808025913458690
731521808445415425
899530350
2762033722
834594490967023621
82388403
818776501617393665
877295623262937089
1024720899184963585
1299475664
2763019765
956116864102432769
720968777991634944
4422275902
2798566813
173735526
224327779
1586579167
105124957
1030214630243745798
987442102987616258
3305807722
946078905538088960
1035858782507679745
2494065776
1036500423904055297
980276647214616576
969493851076485122
1030557478600228864
977186911822508032
3245114500
859741324060360704
835578709
1042386955810496512
759007573
710042989230424064
976187571377180672
1029738912925798400
225574933
313273162
994696809107918848
801475486262108161
710476297332506624
1052298119856177152
1047438396669546496
1040137392341049344
958820032485691397
844921706074525698
1052561199500591105
1053731211171020807
714783444757254150
1055448934078795781
1054760024428421122
801752831418048512
371551191
1048161399648739329
1052927538647982081
784674431461367808
1050036476602400768
3750038775
999572548663894018
767183303812276224
880025268269838336
154540228
1064649709086785536
1064891503062016000
241570550
1588311235
62475918
91385340
1066424315049123848
2218382929
1024208962487558144
471873596
1096453344
563971016
262835280
498360708
1389099654
870548443
1082578784983937024
1140537680
1011014140062830592
190344185
707870143435689984
362351296
1061905910736535552
894536129596338177
1099676810118381574
320999801
3201911199
1052327400665681921
768266336
412196699
197881757
3347596803
1088468538287968258
365689764
245166129
1115639757889912832
713932711
616333315
17961840
239531634
839905383917498368
828548645305905152
509253575
151214860
259710903
3435601253
837453568605061121
835967715366088704
968623539766087681
3063588198
22162357
785372407716536320
1227963074
965673425921560576
3050570909
2836482652
715476691460558848
1098274431514955778
899329225735491584
1052556956542619648
454369777
1080924923583963136
178539013
3291230915
1056908254905860097
1336751924
3153410409
1660808965
267444592
415060809
61875836
1008261033750859776
1259756978
183272394
923479872797839361
998831507778220032
11348282
32372834
16895274
899738387808010241
999272806746599425
219070649
479876734
1057450812551491584
984941011628507136
940056550550380545
940363829946458113
1055256040147607552
933792035726770176
975079042108960768
312987530
859637953
92246550
2554970131
2217500972
1091634452
21966695
4873701885
29163581
768009661
2353174081
301987019
274083299
4895471997
136595176
984857137850576897
1057732286312054784
87408443
582185202
4235571328
1064734265815064577
378037263
444096592
322043190
3566970492
17233135
924955616606552065
1104800504855646209
926058746
890397876
732526747435081728
956794653117792257
299331179
2445298345
95258354
1108635467732402176
1113095225671548928
1081493077662097408
409482296
307465024
1145027221
1541427450
1062003383081594880
1087333223439437826
1095401984604205056
228609209
803690172844015618
3438964763
1095730566329188352
1081296930226008064
733645859162882048
1068606350140280833
2149390892
1120056730837188608
16849676
308952784
457514574
775414469547724801
4483623017
732675553
856884019828600832
728468990641639424
803155311532142592
744565744474669060
1718621419
788130289105133569
812414981396373504
784488566
337366391
738391920351838208
366739030
1009888231238897665
1122337259141775360
2381087190
2823474527
997609786727370752
744562972706607104
177955172
125443443
891897491771334656
1342599037
303088338
371425408
1096574170295648261
1342197044
789606380625883137
828943431246413824
95608595
465059786
128649912
2885496015
741946756301258752
800490338
705859374128955392
3234335375
1522901911
1004018439445413889
1108399180303740931
2839600575
1497958094
4854435306
1097117670707740672
2725737942
3304213894
3222351413
990943627
1042172108804108288
946319593802551296
1064827158592401408
55808394
1095959856887054336
379185280
131688399
966425218691620866
2483112330
773725616
2775266938
2362341571
279150618
1098651851245998081
708965720764387328
1092006848184619008
767578903758200832
3940360907
65071020
2549396496
744985873
904998274725289985
3090158248
19402238
19658826
14647570
39822897
48799978
46473066
302769804
40761472
256471103
306772713
1069502738332033024
301231245
3725153296
1072755840023781377
862949884936237056
899671942587928577
1047966576236847104
851416970683699200
964479156162613249
1098208836022927360
2231776964
1052496120801370112
880896119500398596
1004283324381253632
1032187723552043008
918077082051207168
932264702767521792
524589700
409115385
1073928130404978688
2625278321
314014143
98566995
108932245
271815921
10274252
2872438287
720549408866230272
191143493
994748959
335852566
424861562
1123571118567194625
951062029
1001827004952535040
210960405
831298961734565888
949652146152230912
798880611045871616
254002599
370868945
93632371
983366932224184321
418050356
581893302
235216208
980930109581426688
82675320
450189206
3403142435
3243130127
729470356403200000
864760504358752261
583035667
564675499
273009916
617298537
907879039
250329448
3008194306
2453506316
329746259
423476451
550300855
92324611
270541599
914698020
292195156
320960101
2900902526
3003541006
572522083
1979501466
2325966715
4657646860
2333677297
814940211092291586
341757915
4436392456
917459109326311425
303457661
998286695312244736
1411663394
739558898382852096
303830909
235127580
436131789
812151125558394882
400163564
398791609
238590652
564684704
611519500
63697982
854995994
2330417481
579872835
799701341497098240
4645898014
747379850097340416
876015533954654208
2972541035
799775658058596352
549908935
450187943
248768197
899268646505242624
1038008040
751054143419256832
958905278
1087036665993007104
1120051395430895616
367096416
465730153
612504230
913098733222600709
1055213228278628352
246303291
2838035806
965603117650890752
1036272582566334465
943149267056766976
1254213828
4549146568
473866723
545079464
1113109475597090818
298570972
320116658
4558117276
2627871625
1097211259488010241
1109954701129338880
987111177582006272
1042461264595873792
15596956
2290748208
269919583
904618734404472833
914830720048271360
2502562584
251735994
3653009413
252228778
155235799
321261315
68361176
19035952
48396363
14693747
204835459
1887087300
19284606
284062715
231001626
258732028
3121597691
801614917002375168
3189299229
29342640
1099015442641895426
838098877
24973427
916395979678433280
986618055156490240
1059493630082252801
80886555
455052840
870377725
947986136
2850504062
871400912564170754
136400530
18918398
1029755763890298880
1055396043813277696
1089256919993327621
388247475
746331162658934784
3297667995
2286446070
303111909
175260442
783744516
1325544260
4332836121
147716827
2293415520
31731533
2834261277
19342625
374426116
480441259
258847118
487833518
65134016
26487100
19614296
154610487
424241621
154611507
774576242
3033227178
154613745
822955117
3372720233
2892001877
2471752603
1329813806
352501486
532587044
1105502904096641024
364147559
1118097948368306181
917844392664354818
485538735
950782554700992513
169289091
121234828
764843428576395266
212327594
1343762222
752062881487814656
3395351602
805117443161133056
993238760
794593414763450368
701741125506363392
717521880
414885087
829091619118923777
767900754870935552
252574596
1056968994794717184
583488693
984807551979139077
808620237679632384
772786178902921216
4904551421
102804859
107611209
131527934
11162772
1333856484
46145761
3130998335
867833374139969536
19020290
848827142901248000
707849494457671681
372945199
2425361833
875781791008862208
2979454761
2166779714
873867204
1409982900
17471979
436116251
1064419558172344321
3170850586
484172813
1054746433885270016
941210198861058048
450754561
967715702714130432
927149958767239168
100244540
289544854
934236989011918848
64585216
430655384
1133539693
720257453221261320
306112241
2220296726
3169820435
2452861564
946869549051375616
119773237
89153759
2524776090
2453359591
1045970262800420865
382255212
1100156691390390272
2816614800
3342538444
2327008748
1415842537
1061300738901659648
4747557988
995755341815132161
543845688
1108660524
1075910966
1919252886
796340374897881088
2990104900
728189400
1103965968513093632
710575528
469368348
1067145560010952712
777887174868013056
102347360
926085200
358675310
1111461822
1091247576618274817
239483365
1107125825353191424
1092477507666935808
1949684023
181624056
1073581098670669824
3027787313
775103705431609345
1010209684169674752
2777588171
1121734435702026240
705624360720007168
1107730870495035393
1491107329
369156566
1024416376621023232
495509842
2850398477
1183541408
2269130208
568825492
4196983835
1604444052
870249534693232642
564087177
229971514
1053800400
1601059998
266212060
1588488624
226939552
