2820250640
385275043
1010675329785061379
1081000693845106688
776682573401501696
958321164048191490
378259736
628698139
742769911
3266258420
158445476
1522917078
392463691
112475924
16491676
1325951616
33773592
752967707277029376
986794331582365696
1480385228
16435797
3290762269
842550390818201600
750022168675688449
203714426
1066868172496740353
492241884
736945752405082112
1425644274
178510929
104340850
1106942229199888390
2269296309
3432228868
4877243555
77101823
855857594832965633
587902008
51111863
97244272
2833024980
1498644019
775377457344028672
453478204
24293236
4380446293
18415666
1400376127
165280218
2182757594
826869315219525635
309298363
898671839861518336
1066037570738372608
1363290830
888890201673580548
493583643
983009532350779393
3221850606
431926276
870870170
1630314506
1087432085244133376
2955649794
766321778193002496
4167525304
1084849190474338305
1620556356
259422430
16031984
338545569
16245822
14505838
44168607
235261861
19711765
19402238
18049298
766647415076229120
246560945
52889950
267396818
40824030
4298834434
2678410249
44261504
1060188919466209280
83223036
1486575512
3361401359
4063698034
1029907493789544449
2699500634
3231983912
223544707
636884268
1628208204
1045348761751490561
876859449096458240
703648327322247168
1005440891941769217
1070360113083531264
2548572714
703260518820159488
862037690597953537
1004365578642083840
786047748508221440
259990583
380090025
1694782680
280753260
2482300296
1923959160
3158695989
3405549879
68770833
3393967275
800459756292882432
1100452916362653696
906877509785939969
2827616267
1155497149
1951518644
1728757632
987555274537033728
24127413
48061972
904869467238174720
26396117
4696728842
768304622297501698
4805461477
16867101
355036400
776446521625698304
63741872
2990582254
74287341
636216638
487833518
636586551
971969539784110080
72394415
2228448258
