268570500
625534459
3904908882
781653795004518400
2840726613
1149693826967252992
1689062472
1949689806
378259736
851447849141366786
854460896147640320
803621742
1121070496324493312
4818312243
882545322
1032745288903979008
2278249724
104518473
2844569713
1416511314
2876817113
2687999594
1513800884
280447492
71074656
1638359756
909628317963255810
4825893238
4679306036
2354256084
1062096939410448384
2976859817
3156531065
892789705435004928
853038375506386944
827205419642785792
2903766497
708223195015421952
323754242
813860534
1096406544676282368
920971676
126364429
838869958629158912
48799978
3189451747
41805357
1074708625
106127423
3053530565
