247658492
1064359316889587712
2378275141
16842034
3186967750
23573135
62839179
110672071
2227429824
1045929954
122169984
1095675670603198465
2436509563
785302554108309511
927727303895011328
93910123
389121671
575905433
833000814130118656
1100014750065455104
45961660
419873121
858342690517377025
793812581098065921
216347943
1073639386410041346
846674811904376832
2155816838
1021355088432910336
969275161
486443946
356811112
801293664811106304
226175896
1022365324404899841
816480181858598913
1146009519849295873
1470981127
55484650
1617624049
2378043884
42034114
92932981
1024912170914537472
48463418
36840692
1109044301797842945
2837549104
1062821349155057665
743390306364710912
27580851
760919884352159744
456672915
927306224445591552
24462913
11253262
1700928864
253762301
866464244124057603
25728193
799270546517196800
2436250248
217319143
843843577306341381
24646005
138373439
9681622
19854198
1151942630630182912
43321275
68220013
2892290399
19206111
352479826
479675912
175838377
22879353
1115272279
123810770
748471223160475648
1062368414541508608
2376865723
160860885
467924781
1072062042532601858
971184718354964481
364164226
2239844702
991214829720358918
271272325
1577831250
991777251543793665
15897424
3954256212
3070090510
756051769348632576
237819619
2073391
4892026499
994210456075231232
2675340704
20982835
885384440926556160
2902145304
2896101635
466856651
633255857
875177544
15173547
4516964837
14916340
90664097
82755130
2172691
800362127840022528
1260012025
347483481
1265191975
1611765942
27675369
1319616440
19963899
1085700739538669573
303354761
783331147812048896
66660156
1167104701
147295417
2849583227
922483242619383810
925135516147650560
26446950
2176032600
3828820564
416800563
2705638878
259580537
725238688867749888
97316192
21622708
553919830
1617927480
1644297583
890530645667008514
4882664495
146084825
174083824
577132453
4440431
58171977
707170551190654976
1968860750
2794042491
1513221576
123582098
785968989092446209
428750186
203714426
829881163472916481
825569108649340928
3309450532
266997926
568297009
927974200274427904
820559635958661120
15438804
1662019140
384667789
175820652
991151710507646976
123912966
21077317
199256987
10451462
1595764957
737362108397060096
416877987
14312759
515608769
1108254981105176586
609870039
27447862
186279495
182580740
412871076
86970530
21058820
118577485
33161272
1644471918
58455102
344722786
1444064714
3049427986
987273426883825664
770781723575525376
783621388728950785
945530910610460672
855425540664197121
1098661546023104512
778904697293996032
2358191826
710531405005135872
3368562612
1141455458403643393
965805416310456321
1147258259897835521
417581232
2605130324
187518287
941782988819521536
412045877
2372911363
84072624
5449452
5619452
14903243
546244583
1124489938521583616
933480480653033473
258751404
23441040
968722853934895109
910621028212203521
521918824
3243629400
1044601568971100161
2473557930
468474117
74971597
763552915013324800
36007592
17461776
1061155483296251904
23425872
2548762808
255269134
933056757449895936
878844609731973120
906006230103015429
317638291
3210286547
4408166414
3820956254
273935884
764560490
35700404
219526775
53703792
2341183440
90558247
1136475348474793985
45242761
22056581
23007942
48375457
347936003
237541111
872847395188482048
2518693105
707774180612112385
1083264390764232704
958095579514470400
934842466175401984
4892138560
756318186
74542236
245855377
467948161
722884683722153985
1200449964
1689880770
28515506
1146609859145560064
1053242651116474368
908219221263261696
842278113727922177
968713427924418562
16627240
955973976915812357
1680240169
1843494410
613469003
331581697
1027202262588829696
1087274167441940480
735484711565283329
953434184
11549732
588969387
335745248
140376569
363672189
896439042
246012713
803579138699165696
34827088
2853918409
17753670
25970735
1125523651648835585
7386982
42614801
1117895137
571425131
125244747
2563206277
177864823
3817224621
776381850864406528
1146061706054914052
3230575412
333382653
584603302
3157273825
174982958
207857928
304156838
592426153
965753722801238016
816405127217020928
292166923
197403881
979776024585146374
1066537793088774144
746500198180892672
4499120182
2902718790
3151991354
429851351
354299526
2875708485
733146369058164736
961191994935590912
768500755267395584
56487487
34892488
205546805
766557990
767454232060502020
1006191138645032963
97886744
2479088160
2899233571
3289616964
3239795678
20775310
268713456
864910272
707530141904162817
3426249552
1325063706
211751869
2287861644
599041748
86829492
14981648
334301531
800936305
869490764216123392
746194321
32575348
350230695
365231035
1124708990959726592
420142099
35806649
191764153
804379177
2199296918
1268543250
577968688
868884132
4296041004
4295471774
2270918706
773706154501345280
980179457368408064
2926204339
3632749459
2685246030
773890978839166977
476562281
779989652
437351737
342886228
2149925688
28360632
818468132
788495486
783271061211144192
68271823
2215499786
345062669
150034329
1153661510
980358808085020672
100938967
513017350
148604189
518372041
2257921153
32224824
1141077571
772940448507629568
622626514
3578861778
2250998340
3096927150
846518452584173569
150814416
30032553
1670821484
509731048
1031768052960878592
411638158
120153772
2156410790
1110605155635023874
528055751
15209862
3301964953
1070129966866558976
6424562
1132374368
1096058449
265538929
334548719
971098997380218880
1373339172
2785995500
1140933834537439232
827298533778681856
1052313406768852992
2469693619
17991938
121588816
20204861
2857051404
1127256108
3272986743
606737734
3156531065
722292823035289601
26279045
1031281833709719552
33421686
66944727
152597785
279489261
4040779180
2201226979
2194187249
1133435618984259584
2701850850
316160668
577121538
181137796
2789239188
4131433851
98546373
492034179
754498086316244992
2966288337
41676091
2878436930
810577974
39349071
3420620885
1256518393
2927031541
468294813
968722512
2657225238
3425969350
777473286229921792
848147514620612609
69302673
1917567074
22083710
836265656991494146
507356334
1588171897
948113780113678336
735515620796731392
129942861
1021584554430095361
732249320
1561418018
728723072
49961669
378433281
2214426162
740795995659862016
19813220
1600185020
858851451426267136
2613467576
931240266
57570037
987321611329130496
1706981030
839530068
452764596
716047344
587201651
4120167072
24232840
148950709
16465385
4079975169
2933080988
1547838528
855273230117896192
1534035451
3139977498
206001945
378259736
14729597
757219380598042624
1005072378559434753
346921012
927108483434143744
1109697924429213697
112475924
486300066
935227961892106242
995340066
36873657
19837528
1142550612124545024
371264543
743651947886977025
182675229
159182079
178145704
1094986764689776647
1332311054
714883314449059840
206255645
1024586838428643330
3222922717
24841871
789239035
628755477
393197526
271016114
887247138597593088
3060790826
285380856
1595692699
733188806258479104
982457198923038721
2801310698
806982012078673921
842143333
776682573401501696
3311264367
969713480897937408
3130177900
82279998
21371948
42149034
95338396
23408258
19851069
784165874957709312
3312541733
960218275308298241
398338250
1333681560
85640071
624712647
4034982269
15412513
15486485
253839850
814559392771244032
919107392469483521
1008400462855450626
28986228
304606421
726041594508406786
861653883151679488
1325437196
1187725764
877697632436502530
3431161163
2841816060
135484954
337877861
720278736935866368
864498754438692864
3233214048
768774529913004032
904438652775698432
985476774560546816
418509252
1846109178
50956665
138046236
216639467
194871638
2776768483
62733454
43879159
709529560023306240
800001704511098881
981341293451202560
1022703122068566017
902981273869840385
2789982448
2989437653
933988591755079680
1241421769
4205818695
1464634046
4354186515
2978317845
116388998
214154663
1047039886581256194
864560037821370369
961717841698340864
575738661
602403521
495741531
83337444
899113460851593216
775176664032485376
217309333
1206730268
783266443332771840
564101050
2815285896
725140503742799873
2319373105
2222200111
862263512390811648
846276062
305015198
950761505561219073
983256748872970240
458631520
3305657411
743031194749534208
4741123542
741909159004643329
1044068655279927296
976090419539845120
1053159694708072448
983887707079241734
933314342413418496
391509512
3223181072
1057382482155319296
118735564
83757199
4256907383
480877928
3028908651
1069538025850327045
3432330139
1301609612
2955279571
482784890
4890860169
2335424113
765367916703252480
997567586018541568
768776311812730884
840919045
468173214
934027535351869440
878904353607737344
3559645704
4176046872
938238141604835329
914427136907239424
1110514979877187585
852875683118411776
783141414645497856
2618848100
2908754592
2831922888
2549264564
280958324
3885326788
856850083928694785
947368439731011584
218927101
996249762784362498
1036519275417092096
810274875868848128
47872545
272126717
4162195993
706351447630323713
100591187
1129534865513357312
1130411767044091904
2847407914
1002874525606928384
988606892933959681
93743265
1133753374082387968
1047300792955228160
938925933276176384
397381576
2881478882
1141169654963945472
345919799
1138911589002645504
2230775503
1133593684992073728
3285905378
1070623380452200448
488187772
791580433720881152
1135362137004470272
632482906
511943071
4504664959
1006824663807348736
1115718100991660033
3319889788
918257398262898688
2233551997
2591054732
1141499111176396800
966109011509522433
892743432531259392
75747803
927301675
1141579626235305984
1141671607108116482
1141631538380980224
1140141392590565376
1141351358286532608
935142300447109121
981692011492335617
1911015926
334636135
4738927455
280384888
1021967132857434112
1061501879233011712
913742773
2147575780
345673106
542231569
897008466849550336
732010929198522368
1535577080
1070850538881708032
781463180128161796
737961096439582721
13686262
184010510
881671377580838912
2881543410
6516352
1096930252452855808
1027139773368922112
998889702575955968
928931045470171136
1026345452315111424
1701326990
760128162865045508
301450268
155558921
2330929027
47318173
1129965897831964672
1137164892295827456
1040806568437047299
790487666458451968
2880037393
187763403
354880191
493216564
32399725
147393852
704094737083584512
1132208643313528832
708155383148204032
872767594289258496
74130131
256424454
322411475
322942916
3247664970
808885588224917505
1326309428
780212338683092994
1092559257751277569
781719078926974976
44110407
2902632698
39483227
3880181953
277877275
1124343632511639553
1023856722585120768
760310961752281088
369904646
760373686373273600
1060274740798128132
4791056134
2202374260
427849153
970471549978394625
2899252171
391972935
3069200436
1054575701305679872
1045446104815362048
763002458
974574276505362432
260211154
28912478
3427261
119469789
202211003
842932264631652352
46875612
339941459
481242444
582348877
1134745342317146112
3283774369
2179440185
125966823
3129607590
874544954453794816
1107300953290625024
3555378377
179877905
46774786
727004430063673344
228883051
867140238
709383350511869953
455521078
1129698100329607169
2918212693
899808516461940737
860906041
1037218359606210560
1100350001056645123
989832552591560704
20391913
23674153
1028541813576019968
1102016554592436224
227297783
1019583238652727297
1039025528643022848
16942066
2531251898
1129458415061745664
725860390240804865
873119692352700417
1038879537290006530
373958770
737454336255643648
236547891
854911448
611489926
2794454960
1000191333787578368
975531434302611456
1131773575805804544
1029583177390546945
1089407964677435393
19903981
293781476
1102381668428480512
1529914015
1126013328059277312
1092807469045370880
3225783883
1108548609245511680
33885150
997799757014708224
847692766331023360
2517359780
1241877434
1134459291107233794
928826557791051776
1135299474920751105
925674221912522752
555584546
1133751266750935041
862521902
1003444924543426560
790327865870987264
706785716685017088
7069392
15292041
3348775213
1133600913459798016
574054616
998824256183009280
1135971343193653248
601039021
26737494
1523473352
429146150
63773689
767605959216680960
1121663509450727426
2926752259
1113045477254139904
4809686861
1140527343137509377
1100919226041155589
3099494251
601629697
2562501690
331973051
872661800
849220904425066496
140966030
29719864
861223155108630529
107375795
22378059
108493356
2313699698
3545460683
170302908
955482829860868098
2456057089
1132139864013467649
532206063
107219540
1131499087575044096
745270649862553600
822263016653811716
205643807
31804206
1054873510462406656
1068378295916355584
3299337643
796605919652151296
1247930407
1217604847
824056442722385921
3905469578
977546741531648000
4737064561
46231231
866673102532509696
542027880
21662996
466369716
126035531
905791825549582336
812067827767066624
943097101
1138464596866609154
1099819811150880768
727023796008308737
1135108267208716290
781883203
1058533257464053760
992879027110100992
4271723980
1041272205470916610
1138491060
2603583547
1971522037
3672447257
937353884212875265
886415239
296933898
1138060258587234310
2809583954
1138280894177824769
1138301250301177856
1115120251576782848
4831548743
1011083500282306560
1067361831340118016
202006959
1063353897660469248
747219422666850304
1058205072302080000
1129181440682352640
21165429
110249573
2532282116
1138366055619878912
1094083610
2350854421
64925044
2206426993
45557616
1029743428807139328
1012009836060598273
40449105
220581564
975144024452550656
114053391
496910185
1108621116845649920
53051004
2185228976
27999630
136909858
910569288339218433
828362557
291531619
69274431
917547813784903680
2242557552
809574610492502016
2853878904
725089657969504260
2436306686
17667371
2848267093
1030250596366864387
4063002733
881714557692989441
896625330336571392
2390789140
895239411406852096
17800689
9982292
34805595
3280712024
2473120759
989577190793621505
2369887456
1108931695728717825
3101712661
569830164
77487918
86229215
80895456
907582989051191296
894091213506215937
898133156053766145
2381638250
1603940630
1067304830190776320
869914988101722112
1021680927469056003
2555773283
1062265363163795456
1103607442644983808
3522529455
1103843124495802368
1091231711138967552
872535536245678080
1123937128969375745
978186634809065475
1125660517492609024
845488644
22427803
353638045
544266978
752603166487621633
2677399741
1126291960845594624
1125924277205684224
3112590375
1097316377939984385
1091187931190939648
1017627671415537666
753752018267758592
1126715698233823233
963070196020842496
899612758378921986
2578272499
3312787782
384127183
887569347228516353
292075529
882564061203791872
1109209821398466560
757740156682055680
1122746738505240576
1128455234261372929
1125581405964996608
1116480581464772608
239251280
1031330290352840704
830115018905632773
1130409498454048769
1635546624
1126591008324476928
2273120096
4777962414
1131070813300379648
602696264
29398732
960678003637288960
898230089531498496
922653486411476993
1070125987134754816
1131164172660535296
1131520491934691328
1130808729392242688
1096422426475261953
1083302190783971329
4242659473
1127919298960285701
775557830250070016
1132603227478798336
97607648
1132537353564708865
1133527286580252672
3957521836
1030648636097540096
1054176548243169280
2898321294
4497812740
1116521163415408641
1025861664036478977
1048019980812345344
1012324448689623040
15252328
1134070412520722434
716664331274838017
1132449850451058689
869454265382612992
996200981720268801
2291507426
1125740926754668546
3864484105
1403553121
888023171906977792
1118431880062181378
1070330454
1136139049003970560
1103090893010026496
1084760540440715265
1036918887265099777
926336346578227201
2814947979
1037548569467731968
24566728
2378130901
759874518718427136
1013963770576719872
906062372493778945
478132119
3021969018
1446063620
828840132224520192
1020118831727927296
726203944293142528
805926512448839682
1045088081299234816
963644283789234176
822043709139132416
3548840294
818661645438193664
2243830514
3259605726
21379123
532923837
2564631600
1105230598010998784
1107892051541032960
1084787775323308032
399324717
3988999994
1010068200
877107743206723584
177783246
2503931912
4562155954
821633137461657602
2650587691
1108509854002339840
986899601167757314
1069194823171592192
1110101739636551681
174191710
835396898144010240
988988018978471937
1087951211737817090
4848049513
1057225342979518465
3455120726
803720725072736256
968675795538395136
159741317
320820979
871748613260673024
1022291841742295041
395405489
2312547608
1103124398674862080
185129419
1551905988
431352436
840965440117469184
81736910
1247362807
891850104096702464
15466072
818419253116186625
793073752745607168
739004145932197888
78565949
846207941136957441
847435070780592128
88763769
24661863
2472210714
56394269
305128545
1094904674212143104
760261202677071872
982032410899460097
1033571815778484225
3144194903
255404649
1452668078
1020632183495569408
1114026045789708288
498546666
1115339462563827712
1281705559
1070408139638489088
186703617
858132934879961089
1487898889
1044149368142454784
878774424362598400
1091822228792963072
1102974261793300481
992294310488956929
2742656087
1086572976827289601
301821462
765758430476963841
1084643902835945473
46574648
192087923
828440521538297856
68770833
1964310302
1022675009783787520
277902453
986289653727801344
1033488700770938881
1033956293210329088
34553221
1122230516642713604
826821853
747260521439584256
3746781493
1071555347817521152
388667999
1629062928
1125964903494311942
1072277043457314817
728089500644036609
892613968933527552
1515079200
3259907557
1120669269749051393
1103276323626082304
968692365660643328
986029568904409089
3041669707
1037882282034352130
732232069137481730
956708552751501315
968974330901102592
955420776508801025
715918369824776193
764165999981629441
1120732427876388865
1220672760
50189042
1012508395662741504
2475109410
875488247727570945
136071995
750476547925037056
1239777241
258426088
848387343723618304
1127015819815337989
1126710369659973637
1098871872660226048
439846623
803724806747062272
1061134858754244608
1065190678819426304
305097563
549055467
975350930941009920
16743205
153029181
1062168413580087296
103183975
1131787783436087296
1125209510879145990
965695916740001793
2389675852
371101277
1121639548256018434
559207540
1858430317
973451717713936384
882071516761870337
178364890
85042073
434406289
167780105
810709910
2683297028
749543785
894782371299336195
3042369187
890027708033359873
15264191
749079304147857408
14733182
4398275653
3876826272
222150789
2705319642
1045425921069441024
1258781378
15890316
874441405640220672
1008247436580491264
2713919227
2471819912
900608142261731328
1310661176
216494340
102810846
185950361
14914631
13414442
935432742900137984
3273626370
1090338590159077376
1018435832556879873
400019273
4742265972
3655412534
1054649619110457344
482800020
2929026895
2896994208
3314137302
2560148328
764722062619324416
1112895699765493760
29400464
15138228
930016580351672320
1119498898169421824
914012256672686080
1098486850623176704
924062687910248448
133453618
1113956975400837120
770914523184115712
1066344681682948097
836395080214786048
1120016731
1103212377359605760
552423055
2583052819
783966848605835264
3016017206
138753057
715268393977430018
1136808256121200641
843790016669138944
788389368322895873
2344020668
984232080392400896
1053190233536098305
1111242393825804288
1137269090798542848
2493001900
3069670920
1120359781280018432
3091581755
1098809000974417920
2862012247
35170027
3045031567
758362857410928640
472929211
1131720772685221888
1138319052391309312
708304205086195712
3015939782
1131807147870679041
856350439478001665
1115098761070440448
1075164280054403072
223343148
1136570499733975045
717565037779427328
2216247967
2641472512
1069725899606581248
995885966299545600
1139116964847079424
224388807
1047595528647860231
1034319168940564481
1072805848383025153
904577694251204608
1054523990
919110887373463552
1100973953198116864
315057334
423693990
9128522
19687335
311439292
759756202431524864
260582890
1081027070166130688
828783224214085633
19410955
1383529963
534634874
26233068
16240525
111584424
66421943
969781208321331201
1130391710800867329
124237063
3060461161
2799517413
22709282
1641864691
38329719
455788748
2919836140
22343647
35646567
188963007
1353011888
2545759886
711711654
2237166703
350594303
146793059
487106194
170706032
420100653
1021201246017863681
374297940
17354805
1684640874
818996859054084096
491888745
965498346038206465
431105331
933483203838427136
2364779197
2446616972
714161347
1396163545
270232915
2163523464
156795182
3184692428
841973314746634240
758226690
1312662866
123408876
588852857
791780043080949760
763213562
54737188
59024550
83521919
114315651
50852547
263483174
433056978
16714896
2240074190
53297400
42354375
455366299
9609632
22756947
732926214768205825
142026734
233596158
20622229
1058623839486173186
1939067138
613491958
1221377785
815496014
316134826
2165131938
165551457
26225357
2303542183
20294497
733395976174456833
263481285
572540022
165737864
908774674556911616
2775430839
977110200577642501
2680314657
255947196
74770687
904517796
21852602
2869499959
3011968619
42200093
169362285
28680544
206661388
189618679
49361074
17383073
133562519
278759186
31660785
42589739
2856342156
35929575
41541697
624336093
75678134
17768442
276729163
3317376306
779052641330401280
105450534
26678043
132387050
951292876008427520
2704715387
289732005
21733110
1037712727920271360
839510902525341696
3950689153
329892811
27013292
4896867794
4272915743
1445378401
987849932
795030225948028928
55764309
2590220268
537567953
1533576234
437573692
944619875728838656
831250172457910273
24091355
54290504
5513242
54874945
1684828202
14611399
4447994832
11963792
2174803177
891057792479412224
3602513484
831290691712004096
21017215
360182911
17156056
836259391380713472
3306424254
4895612563
44618343
1069736850686803968
873812113
3088749879
2152977556
378294515
42066896
1480748023
917549534749720576
397075587
1105035487549386752
343107051
372760774
3375615412
615157718
214200223
562889263
982227633013272578
1130025157622263810
880520283777449986
1389476402
746706179900903424
172325520
803823861007548416
1135168074905206784
1574431754
193755093
4046381953
80846851
1116221713027485696
1097662414466605057
1358512088
987798415
4718073211
775189935460458496
220158152
4907253492
1009321509200859136
2455933854
2520285649
19167641
3244108136
263490256
25808646
144018485
410572471
141466282
101254662
166871495
2362618909
134162047
2157325430
280863919
2720800274
885908578263085056
2612944171
360791651
725589271
1173303092
2270133840
1880558749
976446103695458304
1130706378820083712
804280763252248576
856606494682382337
93709934
138695491
1202387341
1093604356484669440
387176695
2280360479
839582841470140417
3008482092
1613205524
1045162310413611010
1669325431
3074175954
182843687
2474661493
399911535
772960392
141465336
619976702
341244862
68438950
1075919750
865142267148812288
342581985
997286900795871233
235782999
18318500
132993937
1125788821969305601
1542590143
627735408
1552074888
2643530688
186600744
405482317
598790324
570394843
3270341498
2985389782
3113085789
71486058
342710270
2760720626
44545057
3035857009
2556787081
1261842918
804576972370165760
823012965339140098
281477829
7058752
722269894771773440
4919251818
703773418768871424
733543639335325697
761551062201356288
792881041774039040
811784900357390336
823811552381808643
824886467721703425
834353962278989824
896166389332848640
924145805375676416
928598105750147072
1052790126533730304
764629305770909696
320571816
46424263
22070136
239857777
995482561
29760796
335417006
16807520
178851214
38469445
15154811
319387069
7858302
21458558
43532023
9018932
102225888
364348972
19086859
430995737
330220603
55523059
7838132
107205339
129077999
119598568
43834966
15728598
983508625
2154127088
743585142
19019494
286649628
88425861
91115300
7661842
4881093582
3192319248
19719380
2429872063
540812894
2327359038
728764411800772608
707692251678416897
28145061
39732935
312967248
621573
32372834
21581503
19402238
487833518
17868868
15862891
974225387201941504
19766166
1573873243
793597528977530880
2491546873
138850714
53898393
468825843
3425143394
2167434860
1104518731
19342625
2291347014
190126197
301940851
3091646856
3158689771
2319527948
1553849348
884175931
207232274
775861
581480973
2409732578
281776553
1083584278603157504
905207711104512000
21489562
245162068
982819983863377920
3014276171
849666375920603137
714784916
93227776
707904656198905856
1016520019960709122
392823094
37578235
870679705850003456
1886676410
23173499
705437931088039936
3087096612
57889182
15660796
1019614690740072448
46500458
2349765138
561115297
9446832
991883030
2855341778
209397605
20515249
965353159936782337
1346660286
904800793
745867618255515648
2713393010
19122144
379828453
2348298464
1279643888
27648752
38751529
24274948
47479606
3408858034
14800620
1205657587
17855531
1025261078781947905
2764811815
40964106
2616125786
80135530
53064739
335015570
246090718
621581241
755436819362279424
15256895
346400805
2676243967
246867553
824481408697524224
3865005196
2509461094
1006015254873112577
17175139
2856287556
2713681855
1017843857088708609
588770591
927597307708796928
50393960
1008977047396335616
2857918222
214326508
2208027673
740912609239674880
1009580174956826630
3512757083
25969431
3239455122
3307758599
711923166604627968
187418134
885275172
106722362
867208823567785984
1032602137107345408
50996858
1004772480446357504
1023862301517131776
29983182
162408839
16176135
1041433668538060800
529157960
1052618467684302850
77309849
757396759807004672
726531783798329345
423311396
1944126235
861168177342021632
2591404154
1036972130540417024
1116734823165566977
1117988084
905720883066671104
1053016993111007237
3091387012
2802676448
112643711
318093688
125812315
801592888559665152
307279484
14787019
20956102
23390685
882446036861505536
553434957
914476421950705665
325386778
403714042
3164372653
96198250
383155103
3226149872
2657168149
2988629109
350718556
1002408178632413184
1014164935
803501656075694080
32951278
937057596334313473
975962057815179264
769276958542737408
1002820640670470144
586528061
1673751446
3104963032
1021254438462210048
31395197
376109302
3739594037
1288437786
2926765811
823527920434024448
1322082366
20991078
432339268
1305903654
760824829364830208
4700114665
595085706
18156740
211356832
338139114
567862111
55097585
1263822848
2492410802
1664360718
427330274
20806856
20904490
1592746165
619913312
843017667808182272
3160157204
2933019090
4757522962
3900990633
1088854575442993155
749916668483207172
888027091
982216565318807553
2903558557
804831042276204544
1936979389
1935832362
340845876
1131578358
44144749
5875352
1115784079
459133656
543846704
74129557
61354111
365627981
872326943458373632
106900026
2366193422
2154461958
800459756292882432
830260534905745408
522203690
169453482
1607703990
918408053074153472
1538818580
925901426802462721
2996701348
3560338752
873503846575869954
1051640274643025921
1085794526168522752
779305107141918725
4604147491
1046843418024898560
