3118308522
3158041189
31290877
1114566933976760320
586528061
1393812230
36395646
2835719551
1125288986250027008
110590422
4119799757
39977710
31869934
281051679
193971023
904770906895007746
865119624
4149877034
246153431
4301940134
913857976892628993
113234048
16987359
253324464
344424471
1096026745113886720
343409610
1428870378
3612242903
172062202
128651269
1338333294
18660858
20955192
3110494086
333646231
3332300379
925876967831990279
795138728218021889
987321611329130496
195409453
98067602
335064095
192004302
1038879537290006530
820781644281942016
414956737
415070526
1601733300
381091046
4632714804
37263251
486280661
436998967
1090057780516585473
1392879632
2165210096
788235180804681728
252162355
1597183752
520939515
540503726
996928780366041088
219830496
1678550924
3096865030
863972252840116224
2466123505
48491083
101856523
731162219023597568
197146787
410875854
378259736
784397947374964736
940584899391651840
771068463917871104
294625399
204832963
2978611196
1037383689041326080
1669325431
773567283402838017
979807272699392000
1014322618227306496
1130090745342451712
594180245
1014631840852971521
984806114217914368
874395180438134784
4798906228
4797555087
964628780600918016
534967401
833023093022920704
1007671140536455168
20016977
525402519
748096879
786271177580740608
42704025
982325339912327168
1573873243
1004772480446357504
300423869
223605846
3303229535
4647876373
2419804603
1069736850686803968
987798415
1695206947
2613485677
904767890460737536
2459163904
1004932530
2300358492
31205448
2998429991
732526747435081728
724653010291400705
2772258532
256360738
14260960
92594466
1009612530241757185
3254529503
1047442189872185345
1433222964
2904921919
114276080
597560610
2798659231
1410099223
19119809
75249298
532689016
64715082
188730957
216045870
730958460
3669702977
279201006
221798107
3182066736
4663524076
755608970
930246919858692096
878314823569649664
2411466091
708582718628622336
32316941
999054718818312192
781557803538259969
2847724307
2599697797
149342270
2202159143
874363563216969730
484080238
4234555851
2513819606
822786168
800732958155907072
191970321
3480750554
254805173
1083228792514961408
118909760
319065310
605009366
1318540039
1389723648
118244512
835608973
3227298450
201993032
174787278
911272715100852225
1113085700126244864
1107301305381502979
836077760674066432
28221296
2436250248
839582841470140417
4711280360
849220904425066496
316134826
857589911511281664
3236330351
1424621288
416476444
25021769
18999854
16034244
21110041
20729576
92381920
40474185
248022226
3016632889
836531154
759769858879827968
935953475438919680
213187850
788724656245276672
2331174223
1097197859387072512
310401451
799290944453484544
776248239037095936
886839756
1116003840518709249
1125513143520776202
130365207
22150308
560565468
595581024
35275287
30725767
272549702
388338399
872758548
22708797
15566901
95579023
1726618986
34652472
216776631
29442313
138203134
1078417105244934144
3983486246
2216664512
231921391
167912446
456960472
3050280361
297515348
834776445306167297
2548586492
1089830748
871122475
2905652365
3319502892
1062061675396837376
224244250
821941410
244933378
498131904
1369650536
22784904
718888154
392350277
250271525
170514314
2455933854
979427942848704515
55259925
4921396336
986297253701804033
19453808
515946434
2217401528
384158244
935301052068388864
973389919501672450
80597905
99760191
2284480670
1452136308
25087685
774447067
116983434
14133286
761679130236686336
913895731
974627786
1115301033796829185
3583750896
395510999
1057695838669959168
150299473
1340632388
3072013016
3061881732
858595101534236672
944345845
1149942961
18710600
202367186
257664900
439779366
116313988
68713673
112317404
82142715
260971119
159430617
391099346
3067190551
730080474303848448
348635506
259822198
100124807
14499829
1275209472
4612856479
25728193
