399251629
1083425426880503810
4855363466
225453965
26396117
16491676
110059863
34032998
3226303103
3149655699
16435797
529126022
897861037
2156007288
1370512346
346400805
405482317
3194584159
1201340646
38213768
15776891
1021050421023043585
16298447
14207863
127108489
815888442
1096419304197799936
2964600069
85539454
2388484242
221124227
636216638
74287341
378259736
355036400
2967402199
138564242
4419407355
82321731
2418230672
265704484
2499225925
1873782870
212404689
203714426
50578347
759068652
488300738
818522094845722627
746483203716714500
3770207661
2799703341
1358923406
786831450
456921996
3189142518
411076507
166594218
166153652
93953552
62127399
52425323
61593294
54615652
35749264
22651854
23070306
17998609
14199378
117662694
17471979
16630098
15898172
15756089
14315537
