4726187129
446966904
849453548190478336
915728711516872705
2265422756
19675855
714167287
855793909
2721723369
83179254
4886330115
17292623
16567705
8963722
703358750
33955489
492305696
2709540818
124237063
2577076094
2420778740
970207298
176417261
479872233
33585482
69373773
357606935
2887301980
892825674683080704
633801090
3130866292
2188294226
14682928
1018349423166967814
1513800884
900033007125491713
768448402040451073
223700175
322007687
1018341060748161024
1028384197919080448
3220973940
1036655364068892672
895062879212158976
3290453344
2395053247
1121058728722280448
1029097000963256321
3208469014
802226607180029952
4833056519
973608730725003264
1004522235116380160
827020873278173184
1088508641622351872
3390015226
1347449610
16005806
3910127533
1141769579217281027
440474630
140982564
328237056
1141920334192398337
1093323271645380609
1114170487117176832
460591185
47038507
2561407350
238962470
2842793728
1025768430748819456
1045893786
289184001
991097761905954816
2351827339
1413440468
14709302
860942522
248402658
902141634154024960
3118516914
1009989935129026560
1056149197
721682514444738560
2485205958
1093288162544119808
953540744
2821109242
1053387372975538178
1122497183444537344
832682391323832322
836548849
740935048283758592
320376718
988740805
1115181426
1356861042
4144473225
75922109
916087333291810816
2321995122
8055812
150801300
4416795100
2646238117
1055154166686011392
996403769083654145
18227519
21619519
32245365
2291221664
17089636
3192573188
2687999594
28567809
1328622408
378259736
19767193
514704294
14144487
124087958
209693451
23341251
21315721
762121732283039748
1157317656921464832
33977598
483156627
615205006
83534499
46118743
870145040
1447535190
824000078
2728819065
2844569713
2841795280
868703400
3100606329
935091317885071365
721332934314172417
3183158785
3373430932
781653795004518400
984885358381948928
1554680383
3269345059
974020386848411650
828713281330241538
4201719502
701015997537501185
913838381880217600
956204295677820929
17329660
383537831
75888702
982319863203942405
826313584187736064
17220817
57362322
5703342
19637934
2612309170
4922429266
21765161
97464922
102234123
18683406
36078825
95223853
243213618
242780637
161726658
282741996
102055258
20746400
218601716
164397041
20097201
556151596
2768346873
204721301
415601652
3449673255
60506242
27101698
551894768
14807920
22630309
265705962
211106542
1932590653
2962715181
17068185
27696764
934435108731355136
3233075144
1006344091666268161
26793833
26233068
903278642867949568
1265980568
1710194779
366602165
17094311
725937883903717377
36108345
2715891395
879928226
909891288891363330
410380828
1055113667270897665
152145921
3100531582
18721670
1184160192
1602679219
2976857189
964470191664062467
3063972323
22511319
72842277
129905901
200205177
137752344
131543835
19381608
19638752
757362706664067073
17667742
1012774122319941634
146088853
350595289
1205437928
171011797
1060770253544669185
2818121496
858377102
3747329655
918651848738959360
1092595039832813568
1668897386
1106999538055827456
298178193
104524589
76265916
419029808
958337207332491264
1325856452
875718689768779776
755566333
151135101
543526884
3994616483
22019881
808308227800727556
233288673
2162482094
384763880
1346442751
467554527
93709031
404059273
50537196
68643232
2250482059
2584403244
2179147116
1099735864224165889
549164622
368846686
1046859346863435777
1147789188
1021380734
893864167622496256
263490180
745431631905890304
1019930200954540033
44955489
2683580521
29720275
710680632557350912
733889628
1620595634
768183347717763072
2935548444
1250049679
1092927888150745088
727239185933963266
227091369
169940164
2753210978
2598388892
159146922
1473432823
830908366377611266
749543658
471677441
3192604920
85170039
178083281
2895483855
203685610
24945478
15143478
209317938
950481113650102274
950481143748485120
952977865984786432
948974221580840960
1552640449
830584369
431772161
867392162169630720
1101257648329105408
817163135131914240
919630016018870272
575608686
2386771800
1061349178725621761
43073955
40791553
2328139452
606540906
776058200470777857
438828609
249580291
2337210577
320065066
1062096939410448384
2804419597
1398991010
1685832457
517469921
922391676391485440
291964828
852064432079474688
2379194707
19171877
2228323321
192683146
2344337652
131190609
2497157029
430048955
16564324
163323000
194992547
148881904
48769276
334921581
634734888
319259180
1133822997066919938
18904233
124335068
164481132
45118247
267944170
990317363915579392
2754681001
35184346
263292498
518737741
299323282
1087323513206308865
988150245551898624
2154127088
527574221
22130114
53380904
55404019
363694310
15904344
1373085204
51575022
219012366
69507529
28221296
253168159
276658790
182107650
1100778915570819074
8892822
778962975038275584
183665502
46766020
227117671
314797639
192405699
145830934
2726741630
347438737
1067080661759078400
1175506141
372748789
19292942
3197729117
2966021271
562913318
1259786792
68454410
3331224573
823184006380449792
33514439
1445161268
2785329123
788005959637602304
1158611329
199397075
724404258100006913
208818498
946618914
70502952
260265287
835252426265481216
30519640
586892658
178088940
23202992
22811937
1550520115
5848412
137865227
194455891
55707420
131163720
239996081
18822991
999015297422999552
122174004
7383992
2582542753
1693811
848046702
2986464159
919941967
969593130428321794
774563069515206656
55016684
921179327097638913
541320869
1026986793059721218
860278115058282498
145296383
930570702054359040
267335019
1059276096150003712
3239979634
2235411914
791677522299621376
879764336855711747
2789564030
335478416
754273366207496192
1089248869366538241
824979858178633728
1005551364586573835
1027916426164752385
104625543
1548841759
2148009361
1680944431
769624199430148096
809980906404454401
3131597297
22833978
538618281
992415332148137987
755473683372732416
2238544459
393559865
1527781273
569362875
1190500940
2788278199
2516498456
316653115
330625562
56615333
26049108
2363208996
571096993
981664360224342016
776869116430917633
14629262
66401056
217592841
8317302
3883416257
2329066872
14442359
717313
437233077
13393052
43368985
24961671
724310677
17691918
2498309222
21190085
518025879
2898095144
1206233820
2509461094
588770591
2337025579
456034260
15396053
1666173386
3248493157
3145496389
18694861
233030378
208266987
813876296669282304
875733982855315457
265654963
497480646
18696996
1571456322
102179167
832419235980644352
15497306
1046459222
749289637370208256
1074790357773119489
21277898
34657170
33691779
2291685266
372917334
27532984
244193260
11347122
21754399
1209516660
188018559
901469787297124353
35820388
16076876
18942450
1637048450
16897082
4636121783
84283427
19715065
26545339
20505533
14332297
19546081
566688127
258863351
15288851
18240187
40942546
1113902802823204871
320785321
821531827579949056
3761644334
255351091
36890646
384923143
68752979
212418808
22040252
214622133
2563557741
14327933
51599225
35076918
22213454
81230937
369078143
31255804
31553139
75387615
750764517957595136
46446381
357786278
41606452
15789903
19335750
90032112
432047363
14069647
905399486
3656836876
91673645
27628334
20860169
18055977
24853449
539416768
58853892
16623719
26302741
226222147
60942888
104559471
304679484
16795094
103930903
1085687791202095104
14415363
15759775
344288321
17070743
465922900
42955171
1091002735867105281
21750743
85931989
2832088104
59048198
24013481
3063996411
3333216340
1052643524
332011447
49413866
887299620061274116
469960224
43878033
164643273
1080389124094337025
22718987
175850425
15695950
53235469
2822748348
702853537361952768
2814075898
2351419466
825418392446390273
590096936
222979803
15316782
89115813
2906241221
826003231
6066552
1970941441
477269270
930620466
1004941927
544456652
2769986418
285776782
37251642
478359113
15464908
18459358
2873411834
2551504825
824264707641057281
39605560
20728540
185497496
15175368
28523975
315305598
829389479152668674
35348269
145722467
2577287654
2395382507
1651006891
207747224
2252092754
2358073654
2821149964
810590628727914496
874657840593489920
356885109
16018805
29442313
55570400
14073364
5743162
39875093
845743333
4490240352
207594891
4225802959
694644974592233472
22894243
800942537083068416
1415914777
1917731
852581091055501312
82332347
4894095909
37510619
22759706
429298552
4483410436
15446551
32933712
93293716
2920607422
595460804
1480738068
1179613418
29501253
939091
97039778
45689597
4099171
2461810448
781288074
87371781
258003165
3971972233
943295133121888257
391784323
110365072
19055698
29585629
906764850
558769636
980625231478951937
76741852
62581962
176690224
35270579
4052598077
2442888666
941287588056518656
443800212
811266111417307136
633913281
461281625
976796785422290944
2529392264
124246212
327800646
898736546777628672
806043
30272162
51609656
1080198683713507335
263704605
53248479
3850769600
4801817700
713816404638765056
95843296
4526508706
9946842
1017609582
815297463695327234
79699927
1239442298
190426393
872010406029643776
351198392
19363528
175645762
57040161
452100948
390973130
1245320090
18494593
2358302612
34019669
165157610
2864381561
1398479138
22545453
751428299977621505
222035562
91698734
877784907136679939
4130996955
870595902716510208
4273942703
2887010699
97406241
708010668591599616
335678472
753358860233109504
468076687
947532375264768000
1880725393
219724823
76564891
269329823
18247062
838969009
2369949012
13493302
15523283
24889586
40302336
806906355214852096
2816992302
22056192
338697642
94573293
153237592
742269073
820705814906339328
2228707375
34119643
291888539
15309804
50395150
783792992
121373724
328867779
2427541590
238253819
15567770
2644697608
195858438
133430577
33342476
243814975
836666546122432512
1040541668229836801
113695947
1059946699651801090
34731508
14617561
17668696
14258424
20626452
46065613
49624801
61863570
46897695
73430853
14120215
27269720
20542737
56166281
15626406
81903192
106548742
18020985
92116069
21251300
168295477
64521433
177388677
42716477
37281592
166233427
32493647
215064934
239793078
10922752
159904799
316327930
6797952
333430733
189923488
62406858
201295507
250969300
381589648
51403755
418095397
252397899
101621104
17889970
84653850
30109507
997040168
2800581040
3223426134
79923701
9207632
75797367
285698560
130496027
281877818
301863076
19878055
381289719
71627462
2863996955
2200032330
525785424
2255297864
405124125
310244677
22396478
477088244
316348903
77528520
61197041
403299980
541203610
271452947
17133897
16353245
7748752
63799947
543733563
374107617
991745802
80024060
14882554
1000228238
168881283
153890560
937071079
1279376011
4157611
138799178
1232989550
1403901656
413553379
41821987
69034924
291690583
1066929006
87271106
17997570
29331255
31107562
70778344
449588356
2350805298
60783724
2356714968
20578320
14056457
16955870
80877566
213499191
849898848
21624997
106580083
600346866
898794788
2460429134
2547893780
2661000275
18555793
2582396582
612544899
232437461
1217491590
95139347
499603787
31784030
2166738146
73224138
324570399
161813561
39030654
1187698122
2842032503
2743230013
314612223
20831818
152593293
288909699
253868737
51205137
5943622
3129247251
24348519
223197526
476691775
603344194
138750523
17878804
28195789
3674888421
30352096
15861355
29489280
61016265
206938213
2529971
178889277
497231011
4216847717
198700618
8474512
792832549
16581604
364296908
14665424
26854237
1306675700
26885449
14161568
1452534786
19824951
279036722
817810994776903680
121175896
34402188
746283487271981059
40273
45332531
29294520
17647477
2967808421
212167191
4388195597
222618390
4891767710
257354839
2335570206
39968473
16242081
5242
14230772
1463193979
63898506
14651591
2178012643
301427990
44266782
2859472241
12043962
142843375
2173288309
36974428
233484761
14376114
899723080901156866
757422006241366016
26487543
184917734
1049464434731540480
942462017100812289
2429892578
1058042296661434368
17230461
3243663205
902295117179920384
81756316
637133655
1605
95652758
2847258009
260462570
3328868531
195037431
1024113177007611904
252123610
18691746
1003869794
377116521
35820849
809823507005710336
21164079
149763
2281473800
36047098
884540056857456641
38190583
1252360333
990004572964999168
3243052266
33152005
586559221
381592902
709644992
4939401
1480749782
240049622
86129724
33563161
164007407
221792092
145348411
121787593
829928345638891521
134622111
14937298
14337312
237637694
76097317
827176952452759555
46418525
87849193
17372204
123422038
121817564
957024441338417154
20796969
825127408890150912
4816
38413836
17171111
2468762893
43963249
16370091
224381577
151444950
23865382
19866832
19299909
197176970
30172459
241263414
26317512
3253125358
20064655
845873292103880704
811943150126297088
6577922
1924071992
1265726480
22642788
16906137
830818073456308225
18510860
15275864
313644703
949934436
825717580337905665
34781412
13524182
352093320
3337804853
14220771
164304654
1379528239
245490072
2382588132
115666612
23357070
227409764
355591226
225963921
2624587553
351130417
231108733
24223641
557379987
963764892342935552
1413698888
15675138
16233071
297505251
1360815800
15467700
16170253
20479813
547114168
14594844
18686907
18163042
3094874199
136300373
950531
15201979
1046891735316484096
1133818242
17131500
1688624276
89978599
816882253519355904
286432534
722
25406814
411219969
574717894
139193277
874501477
88542331
386937036
1475495658
14377605
97025817
216776631
151946125
951522221108932609
160603427
3925006219
895766555140788227
787496928
220121493
1062710574558076928
1071734597015220226
2761440450
45529618
1034153541194141696
96730144
3250081861
1003398058137341955
63485337
26020351
132617866
29464534
17844280
480930665
2564263380
409752413
1011110436962480128
183707859
488515078
521760147
142405547
226699196
1063141423086792704
24132507
1895019607
291269407
60017053
607207100
1330195915
3131182013
43928023
28081404
121410572
79937043
2595260136
3331750001
897929487127633921
22597545
2419876094
254806092
2200305589
2280115880
1712927936
924509462618083328
45825142
137115737
787588659239346176
854840560749826049
27823036
827637158555033600
36416527
38403062
232647747
112871892
1488084607
44624263
17111322
45607170
716809094615670784
729760692534939648
35918992
138203134
374731580
19496638
19962486
1398324674
1055402564
275153130
60215105
711394164982849536
3068017283
31833190
3407296876
715954141546356738
59006838
1232033485
2965395189
161716695
53796252
492018263
827523041689165827
886289304208551936
953372852807282688
3154027601
50086196
18705452
1443238860
24183916
26781746
214132268
431216125
980151121036677121
916715677641314304
57766724
840469669551124480
1043150196341989376
132254014
14590300
360366509
13893712
17042078
250238186
30915217
402197399
424485885
1967237732
3251697792
922654377793544192
882341865848266753
133778269
4328480179
918235875678416897
1336323721
497459294
1016696197694750720
3077012810
580296905
32698797
925395464932950018
2851632143
316449565
727194683055677441
382026288
14926193
2175327559
293577666
2439099938
567484411
916131271754924032
62530983
3044847873
52141198
928582106
2750877815
2355254546
484134466
363005534
3092297686
376830513
47268595
80173978
90420314
337718903
122437280
25336195
293881965
72899177
195592527
182945800
104080028
1855517916
189385106
26061591
2201908476
3775360879
2569620086
32264831
842349396138299392
236452424
953700657642557445
473419913
41206825
42437600
23454790
21324258
119199038
200913899
59084417
1906282568
22495024
126072380
2155613809
1069873434
2252642910
14912751
1334337132
883197072
304957122
56980064
222028184
992983208
816653
13
93957809
146252766
230832815
867914691783340032
775531544
854223850451734528
2793702212
2366113867
14819353
953493900
2211507965
2545265576
748161072713072641
710350225
822416572648161280
38889733
4209710239
904144975163781120
904038984648724481
243804207
52283417
3182192703
805854694975356928
922885601493504000
300443003
935661
912064872460013577
899711452898107393
3316765444
884560195
97097480
817270221236879360
3192154461
899623732569939968
886645211400687616
961563414815485952
115754120
1139403134
43105334
373931940
605012771
2726806519
2862632471
134976379
1916487548
747781485042737153
557039926
904695117352759297
2583592880
147114063
17774791
223546293
884835250353823744
365073587
252984084
2322649274
18651671
39345886
794844787
91535157
596879511
345016304
289691269
78992362
703477495
31421497
119795566
26419078
2266427762
61357575
34568634
49551339
238095943
73318876
21844990
18151317
21343306
66866121
106239126
16442379
1197904880
15416816
27456515
889468261
2534705808
861093449080033281
31766093
35355935
506007359
270064609
1560875191
16186995
453473029
194714001
78316103
12613802
3192562006
438799429
24234112
392422414
522008306
125091702
47408194
3900017832
2492333012
199871185
167470656
226453765
16662054
46541122
17396867
334819745
257528381
2875704400
1261977595
26137127
232634193
3188291979
2327926069
21373838
227036687
3237000713
1485630540
32464146
454397542
16592166
11689322
544576633
3291778433
316560490
134320851
934070082
789618139
800803620
952589715496153088
704259908334583808
348533641
251496605
1197751
26861998
18733504
184298064
21386236
14463854
829439578830430208
97478285
22640143
22739764
201049831
497573462
24033837
16229878
2264785178
16958346
78361556
17220934
516404520
297898393
31569768
127454658
50571047
22675279
1326383755
3235113399
1532591052
168660177
4850232016
522779633
986414540731666432
795782749739053057
2962292470
16145029
16334824
2377815434
44317593
262333936
633077098
31455711
21125275
2862494769
325696622
727058467
394376768
88315357
309853035
49989390
428750235
158232474
14498964
773337989963472897
237036413
58397936
4035238937
366934471
167219135
956670516
15605430
816678608
211637334
26665834
2298894289
794402634
259066301
24566770
37284540
2441051471
908947750120710144
1556274422
917798731076046848
776613364118282240
1344892796
821451222083321857
54279207
2715663750
921384014161829888
928448707221008384
36816961
56169983
227180059
16234959
2193118920
129263427
940109783352225793
1388015150
765222375927390208
2568288050
160009672
949143294377787397
432907637
248005886
7414772
3180863569
23662774
203064373
903394794537443329
954451755273564160
37079316
310610252
117263574
960817682684641280
891629013936025600
43928804
855972273135775750
2471058719
327164781
2592325052
1053880465
2190926508
584330928
306234648
614858352
2348836874
84556034
14930102
858445451648827392
18992876
844032729335382017
51968169
970821375752572928
16791778
15274776
52908518
198578678
255670405
269540139
16913267
600029236
25177918
598859203
2646345368
18013004
586822936
81218916
399048007
585493407
415273636
15321243
487756707
24224735
258871935
148441402
262732691
8501402
990340890
21208238
40817252
2166022562
2540033443
15757219
23844569
61298852
218041218
3586500253
30758474
3151900089
23722541
897607974
3562121415
214244825
54396391
101954387
179555728
110327904
322567203
39999709
2190954109
149099869
24452267
2741903994
146452379
16309218
1895794470
27101990
1108576147
2942259540
955919260676587521
726958914
2272608984
1087885128
760595335475503105
16997676
4709929212
1450342338
238250463
14500341
140539148
449315498
743143008
109589604
26700955
4174278560
289254310
341141352
608027906
905934863508750336
14716319
41549713
29436915
949274581126168578
874465110135152640
474974313
3273220608
458880941
583357479
362290083
82085511
263284019
56551047
1302385596
856749896
255331341
21050514
3980033776
773311088825950209
2968940099
1183424197
498484537
2175073885
851801345187348480
333130904
181206777
813382052
403771695
21852590
55489532
43551476
25871036
919359086105214978
798331651
123772930
965377896956289025
3340556176
967766346636431361
16600574
16353010
701920196768837632
240845607
423101339
278250174
92641257
38973010
12240002
979135040830492673
15401494
140283544
853318910971662337
89496090
317292818
751636296221634560
103979522
84801794
213169226
2444144282
336772390
256883252
46933759
257599952
926629764
95610041
345474486
912840074261336064
1151827393
185556540
21125133
88065862
237005877
344467425
707341612041408512
945136325644005376
827035700730040321
19279158
50863004
14663137
35696466
100429958
3116724855
21022543
235757919
18473075
18697079
39463489
65365010
97710470
145071472
2833190886
2342211150
833892566
9984402
34473918
2731022304
184434995
158650763
27100650
117578907
108490779
1173739195
289767043
310090033
804680472
176632990
767855159942656000
17791513
857361138337554432
69170362
25254052
14851532
318531174
21401086
819174269481615361
47431392
2980229657
43939146
220348071
991983090
184617515
277296692
970691073944125440
921443679646158851
245168870
970975969094770688
88360632
972925784468983809
781710979079999488
1757315124
21135024
171727878
112352455
943231509355474944
3989785043
1431687014
45505025
975581656705912832
975964364489592832
764081040524574720
195819576
793268846111051776
976437421905731585
2317093399
44796813
26607819
54350256
977748664188854272
2480534510
3273281029
3077446278
979096816603090948
35883684
33699821
17903950
4855939883
66865119
395683789
20951699
138102228
24045644
24020447
15755649
288944899
132804235
23665609
40188911
278735631
18839897
36489219
34036028
96423812
43908729
250560251
34089457
36555518
22891197
261730700
246394886
53078692
22543695
15883704
24787210
1658251976
111514392
250188130
19309477
125347954
26259576
1260075522
475306547
244809129
352646208
603805849
29508230
298414203
144534573
57706107
83043632
980990414
24824884
186935853
223047786
18697821
23987208
101385863
2285540658
19687606
2375155327
25489250
50547938
52567989
14140109
26118250
194463570
24996939
18889961
25573936
72177629
334528831
259395096
1474920860
205553183
842985817
20011858
69444800
140584592
101601965
15923056
66213051
360353634
256291220
29393385
30364057
30740773
38526545
64205340
23483816
19409508
33276161
102230123
36618079
157217115
20021479
64801266
712279162871013380
756605191437242368
117666048
236431035
389423152
1387309526
479644023
776698423
1703844877
11764552
240243569
824834152117784577
249887374
939570735059783682
16131833
36672594
14102687
44903491
21431618
14911879
234525333
605556917
53154231
739602678
19262109
205360130
22496235
2446190167
31206077
18938159
5634162
832535995
15913495
906182803
1617964620
14800561
416058658
68498034
325820892
26632935
28331663
53512422
223750069
55633458
198335211
46967246
398049031
78395235
75892358
64800188
62917637
38014651
44424049
41223140
56517028
16357142
33960361
44306225
18320546
24619106
13235832
102205557
29476858
21035409
20450186
340930998
63870858
15151228
38048560
461073783
16305370
862449108
22929146
47999903
53777968
32603893
32602641
32600498
15572044
27922543
23956363
36664840
16119772
17953904
57720206
16843806
2776585561
6189072
480429990
2919777807
715315666320891904
24272129
2964870329
292735266
1259792251
27558971
16306235
152411615
25725698
463765807
2657143946
143206473
435316184
20986970
17396566
27311719
37677496
4235943227
900268652
95934097
15459894
1119626426
865239476410478592
1864081848
38090708
15612245
102600381
35364040
45128645
14867598
17396190
223993479
480764608
44908387
25609013
3118832582
2738472050
407882405
1921480674
850117604
34348127
167024520
2886374069
1920950826
535728582
51022910
17203906
51660292
27200364
272227803
14773506
82789484
9942272
15897757
18491038
27792033
43087439
37045017
18224612
180560224
28535982
19742740
260907612
59364088
933330985
3315322193
14913785
2372863788
18498932
384842222
16986178
477082597
865308170
16632923
2538115178
37387336
37982492
15639138
18463380
2442237828
22527671
20706096
33983720
17970094
28644174
68826161
137901653
53297035
275730435
92854623
57779415
167518667
16319594
89465917
106204123
308151547
16833653
254036748
124814234
2729087478
493206826
3189320886
633980404
180649341
1686002402
607685563
86424236
2439536785
891402013
2213365112
705113652471439361
26953478
8496762
2195241
334033297
749931097446838272
3015330539
4418088381
2560964758
1262082343
21455761
14092380
2312400798
358903351
20742461
707767353409462272
3253256552
284278132
22075303
966624252
2287327470
398271367
3390650061
15774741
258381616
3107066557
3065945271
2932460195
31412419
2551336675
234344697
726206425
47433923
729118441
349199931
125879595
62340455
264017655
15716419
327577091
287309941
21768343
242423151
236526490
116630713
74051281
18985501
21700719
15985960
38385999
25938318
46223
546135718
252672612
41586154
70535892
507469370
16202317
20724412
16204755
199266210
16643805
10297
1537366866
65052658
111323990
2444582544
15980503
210238655
12562402
217165904
246461029
487480890
84722671
61379367
17431654
562381032
283772522
80977873
215874180
541260521
16186949
62167479
332611996
69347129
63770845
20204789
98247788
34747631
50205873
19315920
44787537
27087844
32342984
40390377
17611683
50401467
19512616
566030797
23821062
2893511188
1015674379
28037631
36681760
402458269
22638061
21254264
64496398
42451620
584004153
2193050972
23660833
87318558
284089166
3286207651
128767103
34175976
260822065
3265372914
320321620
44138459
29376356
20099715
785421720
37026440
89604563
105250713
14148063
23473068
6539592
47459590
19430456
29261213
18627768
23641580
23002923
27854194
7841652
339994942
20104965
28744383
41614813
292092669
18644018
17852302
56436152
20259885
104314869
53712575
22557670
38271276
134566179
107145088
117145869
7322672
19216583
23421193
199073428
879521
564303265
334903858
24964967
20014851
96932041
174110843
40699138
122429429
148468442
581094829
15757811
25343191
17290126
85724849
259519690
20926184
12579732
9610412
125861246
267856525
65057522
7120172
41861310
22665816
189315742
134206307
79848384
39357410
27107126
85121873
22333048
29652694
28387848
15470081
24664313
126190290
19085843
525916888
17020962
21149618
78366205
26801818
23282359
267590541
16683656
3119649316
340613443
150490640
168039190
117290989
22581339
30508215
37528987
21312307
3359481
27919046
15158674
17199781
23027237
15276225
16595828
18621303
46453032
18169589
28645160
16985956
17732153
27022632
66859072
31250327
14760550
45663608
30897079
74777909
39123555
67869931
16413973
16875542
17081275
104535880
99989976
20354838
132054147
42052422
134142152
27711685
19464746
14664072
42128081
21689701
23101335
109047304
21995382
14326245
210536227
166747718
110063739
2592749814
37046756
3226351612
2601175671
22103253
107506733
438897828
272071608
365202910
121558285
29450962
170897911
58386544
23872394
14133970
16391799
19902330
113897988
442237496
6855472
72423061
18040878
190441693
19731770
23428171
1244002999
383924646
76489416
178009802
28562317
102135528
99209502
10810102
10798802
44814408
16027904
1362730236
30488144
22883726
310109265
14051634
47488414
19413784
118876530
24312293
49053191
2216253487
259618787
200179075
346746528
148475492
18777381
117249191
2973624134
19516774
145499533
14462475
1733621
17048651
293335800
490679209
27002573
26971707
195511207
14251565
74669397
451521023
2699730193
3180005440
724873891
316939836
524920756
3138559524
240982018
33183398
49252706
35659391
890032459
244821402
4356430036
3070326495
15932715
276540738
57830672
27793335
20366199
64020412
56962117
14320551
21718006
30799188
16913894
31312972
29265181
19877186
37868953
19425038
69406730
336116660
28895421
526316060
23544596
43750993
15962096
14246088
33041426
54046888
712421041
414304780
19397785
2371084717
81482674
25140900
257199215
45371222
2327933017
3318268033
566870009
52087269
17271672
4832214674
18103148
68810491
32121726
132022097
15030766
22633584
48203178
14829533
23626355
86363143
20122306
26177528
25806962
37997708
78194111
245451804
43927721
16688423
33687349
41652495
92845191
50060291
19127768
20643059
36252278
212971700
169919947
312188164
60628724
104350230
112481670
44381332
81480697
267938462
15207668
74294786
20192403
18377825
122810394
273618104
16422629
79708561
1928214643
26689687
91460059
402527568
376708849
519683539
39811348
9366272
43194755
41572208
63076720
100188103
55868276
9855132
20604674
14192000
17177897
41687953
22035674
27881800
161743731
23405341
50393960
3095493190
237944147
912608010
963480595
993153006
1045110018
1048784496
1055685948
1074480192
1080509366
1096059529
1206227149
2750127259
2914163523
2953494478
2968451607
14985228
95979076
25555553
2546518086
13786802
115710058
31448660
16817883
24908105
15905103
13787402
135316691
14589511
18637160
116773749
156411211
30849103
183483054
352548417
72540782
296241325
307888829
22999673
309418030
883156069
15906950
14056556
6397742
16209147
19658826
14647570
156016878
32372834
17678589
16245822
249469549
21982720
38682272
5460112
55673433
16018516
326405840
451586190
782325
20800328
24050278
552147406
714891474
17027590
1364930179
5511932
170023205
1618986259
257019844
21312469
47739450
17119688
2223157392
108605734
1732829419
11621822
85452002
118711768
5502502
14241468
1385406126
54751981
100598612
14958412
272549524
1140451
53429839
52596376
27530178
160123057
459002068
188366314
186888541
27047369
20322986
2937648982
292576703
58524428
91455335
2796155975
27034775
85348908
9356892
379028519
175293304
14608247
377490922
14608432
17907126
250736913
1379574128
9398522
20174852
31838755
25422829
19729130
14172201
19301765
25157561
8126322
35867686
7348612
15808765
16459787
6480652
6580122
49634218
22553032
778084207
14725649
110048022
68352208
20536103
62926741
18393773
173992307
17842366
36184220
117662694
14955908
7867072
9890492
85721484
277997152
70951899
158842667
372922391
39341439
39348006
28694307
34339576
81106305
21801907
196351259
365106165
338240032
487772099
17818131
47359715
39250316
218797772
19078387
522375838
85307338
12766892
10733302
24862758
21059542
43042353
23072537
27028248
44294961
16336440
20597436
7115872
15779877
17918704
15111030
14123751
17967925
19656220
52854513
22001973
21126842
23975060
71256932
17962204
46335511
15914986
34643610
233336165
395501428
24671532
11178902
19082054
26762692
13784642
19366046
80331801
26554371
427475002
25687502
17073988
23459740
15898172
1434251
19927627
17628446
23484629
46696817
25322292
17161138
24886025
26533046
15633626
14360757
20681253
19402584
29863027
18238344
2252616702
21265120
18732790
26130127
19208457
19494203
55117855
15485441
47786101
133880286
24807616
443215941
1228516999
142157505
1715051
19725644
316389142
18125335
170354845
26582656
16241961
23129279
19746495
487977202
38611183
14546414
15147397
97576151
21215371
14996376
116007876
20801610
89898430
27967526
71350663
219205278
85701883
44759834
14990751
18034790
35097545
1000262514
500087212
318563434
20015311
116529568
1158109002
143396195
41385640
123663235
248820522
13783772
59157393
14708747
38507478
18251414
19037859
471496004
1725985022
114406505
919614626
104237736
196186298
29998941
61220477
87711945
500042487
158414847
175814957
158143505
272162794
2269298755
1668844200
112468256
17334672
248880365
159822837
19684892
16085007
15715842
58584243
223228680
319246238
15904570
755783828
762677719
55603430
24897227
27674513
1281933482
147649517
271725689
286312281
253712142
7978262
19574330
24783848
17066391
18990627
21335246
10879522
197594920
151127887
103619317
11864732
38536306
62290422
22657153
21696279
2340558698
21268897
2303751216
217550862
524140262
45734010
88962037
92128345
7911732
18131748
15637233
14606079
15173859
15990207
591204352
130270322
1921350434
16222904
16228479
1506026354
222186637
2230397137
17086475
14348157
21634627
21128021
35106825
17270262
15907827
14439168
84839521
395945099
23588075
63302020
133480652
35206553
22084427
19016024
7860992
20646435
1375772084
40172977
444710181
17263319
7855622
1304824848
633411990
37249140
15092914
101802390
14199378
7152572
82959058
253742656
288308178
1305941
141335663
1586501
46023
14801264
30915849
21286406
14124673
15181324
35000660
1344951
15220768
14062180
12133382
1947301
16071123
19034656
17029640
103387700
18353561
23899578
13749282
24939832
90416226
13370462
18887735
73143907
116559622
5654712
16381558
20998647
8276112
34720054
15235829
1623244873
28160998
38449898
1023020557
41602160
15134240
86697288
28652194
18949452
14800270
21344507
8953122
80169141
14412533
403084079
476942267
472283555
20268045
14427350
134849548
397291925
27055034
18881645
69295996
22760252
17004618
130267706
474232856
153213680
314329807
217530311
20522862
57955878
21842781
18697888
38496530
52494566
16359843
57917441
22744842
163083221
238020959
35831704
61302982
81896217
4230121
305769500
16187637
11388132
21768766
89503894
456872629
296879857
28420827
41825972
32822382
18223930
20447903
30211023
230787544
18205994
21252618
15829688
26871300
74039899
358250738
39751601
65184675
144877109
19676647
65137195
85398638
33611375
48259431
20835075
289314987
22486728
16569176
343708563
120547007
265713270
163301315
45266183
113226236
16866978
86180513
17293897
120252183
14522546
13854372
15661627
8859962
65448329
45615607
331684134
5741722
36686415
17975938
15764644
288452305
38609931
112020149
317226055
50073507
194899381
18820677
639643
66592896
238208008
20832742
66434859
18497257
15899050
8005492
80736931
105880956
35948863
325715512
14135070
207286644
19791919
68753655
15440806
16681111
28161405
3452941
105575399
22872643
21759820
126472296
15507433
52566019
42192966
66920732
25745651
17219555
208692908
30912937
238319766
18948541
82939583
22497629
15485915
5561412
121164909
278355856
14181575
233364902
7004382
15922214
84388888
23280648
29344169
28422142
89544165
26053643
246481013
130997057
92367751
34785922
259379883
55745414
109615090
21412602
20091013
30409894
138082973
245408102
60103934
18622322
96915603
25435742
20565508
9726252
1930311
770759
16279105
15208872
15108422
175168779
15446531
37044152
18622869
19264990
21174603
165511377
57084769
139583855
60455868
123633346
20729766
14824849
17850456
22399225
33787936
44039298
33323849
19697415
28609947
10473212
28861486
24499115
20967403
54365543
20026218
16644154
16908562
23122597
34514558
14246001
22222761
27074856
19768193
155538057
1780021
126168251
19613618
19477778
15116482
14075928
124458819
125995316
78084813
35764723
15427776
145753059
139162440
21124727
60755598
74820061
102228994
102251535
76392970
20564466
19659476
15847523
73247673
84859490
20257611
16956955
17540857
115485051
48759408
32440906
24008967
19793752
14348594
17853760
17529135
6541402
17006157
23680913
78767466
20172395
16303106
44153746
8936082
14437161
15295015
31035543
17174544
21096570
20002401
48463918
89265559
