28139112
403570989
188967139
58425101
1040194003591942145
252138831
2769965477
941782988819521536
1053387372975538178
818105913957634048
2466320274
16029780
493889332
2892207688
247426491
79454560
965629387533103105
761949996363108352
1105456136868843520
835024452
250977033
769624199430148096
2238381676
2942521595
900033007125491713
961940751520280576
2803862462
1005415632605732864
2444040222
4880926819
4369047864
1151785111509188608
783740564
941829517273944064
755113
268570500
322085955
768901437610831872
30364057
14075928
48799978
21581503
17881732
1433405646
621573
313091751
6433472
5402612
347666787
1912648746
831282818
2891252647
16630098
3244396765
3189451747
301087604
21333228
103887642
52889950
311052101
87656389
35773039
816471540
334048260
109928640
18049298
17596622
317187060
244639789
3373430932
34169085
36711022
776783973896769536
825569108649340928
752864866210283520
2467878368
2987147081
3220973940
1008433394
3034532994
163277744
3303690315
831821306819706881
1040247364760600577
1600631118
740179730486398976
744046387365560320
939034260232585217
1054420857764876290
1892009820
192659552
1413440468
223227579
40914713
2816275375
937050321951580160
881381711606538241
4805461477
1620556356
21205756
3242648605
972327576
2444000304
2280115880
1541278975
14682928
323307096
260211154
881255782750326787
17329660
899763601589886977
3314673516
860675413
356407124
899763626755604480
1001511262545592320
1041771349583122432
18536997
913147978596126723
1288574072
2884862075
25728193
332967893
965020166470893568
462128369
1729866499
2819658904
3070288069
149282848
1009989935129026560
1006419421244678144
772131308
2697292325
2610218390
206255645
12828572
813860534
928264122415927296
1400741599
446966904
942050009993875457
805357602
22419487
1244622433
353226065
737470720616194049
1030228480707973121
913838381880217600
3005981389
1073283328604848129
1069544217389789184
913628334
2613907704
1056591853821288449
602847251
1448304912
2976221469
2687999594
3587756483
1524366572
2977077309
1877372130
2821205806
2379152288
2240131645
2804419597
2914308681
71293921
1420931899
30798211
2281984124
2469865608
2489658036
2190099804
258847118
234947344
3385488141
780741695704932352
147632668
12819112
27596259
145091749
824646438441283586
929045102349123586
919913340595572738
1195067995
1030703153828835328
1040224111723732994
3430129162
973901853607055361
792564297503084544
2174250166
772806730166272000
2422326472
106832491
871554606
117978332
721317432162299904
3176821134
4032045973
3129620171
38258038
1235417983
983606954621915136
426842469
908686124905885698
956204295677820929
2850224211
737368948333776896
96102210
2797948887
1026053171024736258
2957720023
1029097000963256321
2841795280
2561407350
2728819065
864940077402660866
4032367415
1119310284
872257172553551872
15521075
72473681
858746880578211840
764510591700480000
3037008542
461691604
2416812860
145830934
785546701335650304
104600631
837744038736445441
937724473209262080
999467425094623232
1372497216
404502147
1121976551325593601
304140116
248402658
900072242171793408
19940791
34030502
50219768
517902068
1891806212
2294853474
14879942
1365965498
831165464990580736
163184166
1962227502
960341855736074242
920971676
2864622407
740151551059075073
824642649067966465
14981648
38259453
2704715387
17471979
378259736
759251
254806092
2270776861
33977598
60165542
2148009361
1074708625
52584039
24259734
1895019607
714939972000808960
2930216239
14448779
2279695242
22597545
2208259747
15279429
32372834
1435461
5988062
87410067
487833518
16303106
742143
12413032
765486652953333760
264382869
3420477195
803249576971014144
754781047456468992
4836947526
4212999921
3097366719
1880558749
1680944431
1548841759
904623444
809980906404454401
139525231
535472237
707224988
473058057
715448200262455296
372111982
48306484
106429960
194162292
2538389551
575570738
236434582
235213723
302877517
781653795004518400
2473109654
3183158785
780942548579684352
898172506191867905
824000078
2595260136
1949689806
168508631
3342291731
402371601
1160953416
2345743333
3940281513
4006802973
851447849141366786
2770028594
713497579
109379148
28081404
2424030872
33773592
223700175
781207033227849728
795252784727781376
255717295
3537221901
2348908146
961472007987761153
929998130375987200
3030508523
939107502809108480
40001204
23638544
3266848870
20609518
5392522
13787402
14437914
17296792
19701628
15154811
295391903
777207341225615360
2844569713
2290024064
2898017246
889084732641878017
2855570366
2330624545
763459432089001985
532570898
617429146
2840397454
1036655364068892672
3121503958
887412848669982720
14729597
2204778019
26268870
2811055672
4787067197
330055239
322007687
1210015447
770725805358014468
2293415520
1006015254873112577
1067928688992243712
2549047974
14199378
564853309
3404241393
3070386906
1070125987134754816
607207100
720938411402637312
1091002735867105281
1128468090
2887301980
39822897
14647570
19658826
19402238
17089636
17292623
176575058
297246121
316757647
3166741731
477759633
581076102
155889035
34317032
800459756292882432
1615566242
1069907880441192448
1935902672
1047719798
102417054
779271176891826176
1022525526823653376
1090311026
837346429089824768
4200716788
21715282
340999482
2305304395
415075929
708056688876605440
981317247103918081
2989937884
2786555089
14709302
828713281330241538
3467346256
4926409928
1065691708980105217
1105670299989610497
1615876674
801774514103140355
16188864
3192573188
32449768
1019981084279402496
801852788
1028384197919080448
2458051746
1122497183444537344
1018947354790154240
908264247347597312
874857937
171881218
721332934314172417
2957899673
189376144
376927648
373683618
