2428388862
1423997096
1096894046801408000
2812148346
2231721732
3384732022
307594362
37048246
768066840
1083262293176070145
14500782
214557060
1103374539243880448
817730564862185473
3017870889
16396064
15571718
68026118
2743134226
1129217611751940096
28482770
1103276017710444545
56305198
19580650
1667385986
1443734018
936630728
632549422
19380198
1253087743
1265492545
503035512
221076934
2272752252
273466727
32004130
139823781
25203361
826098849471143937
825304671292108800
701653545213243393
2834570876
15639877
1685873604
1082334352711790593
815733290955112448
862777700850688000
1000941786716520448
974299282143621121
435331179
1079769536730140672
716564185
1080584229510172678
1076161611033968640
1080865917377097728
1080830346915209216
1080222360643485698
36686040
294084341
970207298
476256944
803694179079458816
1068273911224094721
322603418
1081222837459996672
824410017138831360
991364107457712128
828270301544738816
637069895
960231147136368640
1000421191037808646
13025292
3512902042
899005292
3345466942
607269495
1019667271445303301
3251582507
86071242
123945435
1951425637
105227702
330509973
753463790
166350766
992906711399895041
3227462665
766829712
372807442
981011720863977473
1652841326
52659564
339425126
171151036
965065222540083200
60565856
929463364094275584
1108281323947319298
39732935
1111911258133942272
4853306671
879965084230889473
126589629
44110407
1118274425504223232
2916111194
1025661972690350080
1121737338986487808
374336432
941445153004376065
482800020
487181448
1125506829969059840
26952771
1641926725
821014532202070016
225744854
252244719
20958934
31549066
108300988
48377037
775770779246026752
87443435
33874089
3289454248
104446364
381430624
410800020
768087820065869828
248141600
30812823
117133190
2409148574
25310235
17263483
2988705564
49743915
3120197322
94345696
297571422
1470052502
890386172597473280
65756577
2448306450
996466927101988864
769229534545776640
985314005614030849
2595479916
3394255565
2740347228
2327223268
1022252019992723457
172099674
19347405
102480261
231108022
920023898154065921
2983250529
1056837425811673089
1004650431375708161
1110894582919774208
373926352
218594162
1373006888
2729721117
889860173057200130
851957913212080130
2170984304
901571149
477799153
1128805029929017344
1128733755169017857
960977260118446080
800533698391085056
615822409
1026568013049421824
925036255
947566254830874627
726833726550740992
1003839032172929025
848714520658935808
854773359413927936
306892698
487524602
1012105406506815489
1250177731
939484063
833938416
1176925574
786658883028840448
4636768817
911957728641339394
1367616835
93415200
356224878
903433383136686080
1107262736994582528
2444399461
848520667943362560
3296142256
1016008558335361024
895790916836794370
753233805041815553
352850385
617412349
915603229811101701
996003675570102279
1096869621750214658
2625544698
967361786109485056
53154351
909173860293136384
1072670529818025984
1106968243
919557618867286016
2669719777
107502414
1127916912342650880
1113259788
2394684582
2426813204
1106186333578502145
1222520144
3094123783
997312910748680192
916679663535222784
1066363241117433856
966258973266518016
2931245531
1895329394
956519349447045120
572109717
868844016930091008
45091607
398269309
755805723410305025
1259278400
843989464062025728
862997523845263362
748947461419442176
345017928
1114253978563416071
1093268471226531840
1088164391504306177
995866921433120768
1115537871002320896
145819829
780574539751133184
855850437764927492
1671233124
2829801131
946107390516228096
1128977976580890624
3193455540
913058014516666368
2906393793
923240821037715456
545280675
903059701507776512
128262274
2796334270
960366258800746497
1129126462529900560
954337898790359040
1075853131127222272
734852236636000256
856652395694182402
1107441939182346240
123107111
1122142177256251392
1199588214
739578759032897536
1129497795302440960
832216659763064832
1129405300535189507
1112340484855345152
1130112666154995713
1058906574
1071003068077088769
1130445221593006080
164887622
836630814511222786
793974498001305600
849217211789135872
310384040
4921834905
886574389419925504
1123897744874250241
911758290903814146
1126131153625341952
818225893403488257
845965688628039680
3048148809
784299278629953537
867515121890938880
133351867
875403068816359424
886701617776611328
718200706474315777
3407458731
863770525830701060
820672563105951744
141060063
1000123449405333505
981238580
74956497
785291299737919489
16190397
529466160
2175750777
1111926997813325824
1589948204
285680393
188034135
741879775
581144194
14291015
16988595
34343816
117914254
14138157
14193454
18830470
34849989
23211048
151666167
50769180
806862084277407744
890146142985572353
731079919
871321671759802368
560620775
880380886155501568
1859724792
4712502019
901204543320358912
2225757950
1317171655
724656417609793536
602055226
825161675116474373
1531187774
94183003
744630527278333952
2556969822
1535687030
118650749
43934389
3282717458
919723614705876993
773965901989310466
1129783971368382465
1001635025463463936
963036704
957770091977900032
122280853
824394736458985474
4810236937
15448543
75654440
2920629492
487118986
795426568143249409
1042312759462043648
3201501058
958105348375830528
266123692
940736924037214209
4434956174
323633759
377623025
103698301
295376056
260030223
2956822347
275498007
68729615
1102655912
337119125
208252550
2330568547
878247600096509952
468646961
1951758194
781616544
88956665
4873754099
55156597
3183715032
29458079
717324058589671424
912136659524898816
3194116549
18754001
78469573
19038524
1129490853976846337
1944772783
61512842
1128253349927817216
3228911408
1124764799701790720
98246047
716740385876402176
454567492
858247448
2736319662
1350393445
1043279295454445568
1885156848
748965719694467072
485374280
3004725587
1129676555330785281
978454883325001728
1123561943661457408
1122239475655036930
447083314
1124039354752618500
1035036750144581633
1095843674129260544
1119910301292482560
1292521507
334052943
801207129927483392
169355685
231890019
17972520
290310083
1953385513
183601177
422695758
818876014390603776
1339835893
822215679726100480
52544275
227426714
25073877
2724935537
920051366051106816
327565135
1072835581246357504
969336816024342529
898338997
102086001
1198406491
325236152
113239170
777316422187884544
1311320179
864598897985040384
747055114683195392
819618939567280129
838436269
2279846107
328501132
264181563
1556552305
1430800165
1203038629
2288901980
897094607783288832
1382118248
386615423
1098905677
364843278
1616520937
2342833033
825419727535218688
3277428744
254100588
942842868
41211498
368034954
1352453618
2849258899
2616116312
1554326852
525644018
324136132
257058263
212118827
4922044452
297073544
1548852775
273266803
26502297
833413429
1047935462759960576
40599880
4069173437
754380117665783808
65940842
779504618271367168
344460336
1013634584448196608
16276307
78698722
51511631
21766536
1115874631
935320648708231168
1050806910239141888
916348529056124928
2973651119
2272425757
503624995
1362103873
34169085
1419820334
1009278193898082304
2822698626
378259736
788409326989897732
34072515
400441648
3317701325
20251168
579091488
997371765096632320
226377211
1022818508386840576
1104722743
2797018684
52065430
3008709704
126304938
181015767
2406834086
36007510
325732608
803037925034299392
982258044842033152
763939607272488961
1122795888
295919484
1549705699
105392299
60469246
14778321
1335071270
1290935790
24994555
116357821
267883917
31611970
1707210650
2923723215
857332375923064836
54356934
414880357
67211942
253376520
4760593636
1967500994
39189502
1099212713434112000
45471553
4203207933
4855239897
1090440941624807424
1113146338399670272
725329506
728054379727720448
1123532629054304258
1496117827
2990872870
1877641562
47001482
972323451951374336
383512515
1125808340775444482
121814969
1541061781
2162548866
1000454588418478081
594310731
3122526143
2462035045
2786154094
1053620679634010114
1772699233
1058040052645855232
962044056485249024
741170329
43200210
2305475995
3294836466
2249556679
20627081
37338773
267305045
844656244417814534
3386072776
3408606059
2303370824
3387995487
16629919
948207049426513921
892527927778267136
1469767080
850044212833906689
45731216
75300453
2266812559
1016743813166125056
147521442
2769391523
1176895076
776902884
922433934339735558
32376293
978885644
1378571413
2798240586
1080937395300626432
3179456047
996779479333789696
327994582
4878977283
184860385
883491795258163204
2742999670
862943060
1340886847
37551833
1169962206
277132811
3432092267
276910771
962082128430219264
2288987898
1053350185131278338
18221206
3184243439
2367412357
1053321743320932353
878254091289452544
1019995898565283842
1020306397211308033
1062793414356463617
236442747
1038461157215031298
3344351698
873155449155186688
748105669870493696
390099455
1289527962
19362848
2831866580
42945649
2585699209
62939228
918480129738895361
553918262
2202478825
876169598126706690
2411483579
748126904289472512
3403678191
3033267869
162724089
991548360
3146597892
32123458
124262863
2935926947
746079643153891328
1915519927
30220980
1329438042
1202111707
921416988
2335850634
2167008528
558118204
78780853
71774558
28138951
3157347383
2863899670
910276974
74409745
3342643067
718792674900316161
3188168179
2584918693
3283498554
2589827473
1222996952
531754350
295155766
512547624
2590051747
2385585709
55322729
2709451770
299987827
2369272797
2423826924
2371015530
2480266540
888142219160555520
3341460075
20913840
1013579132423335936
1144267728
21487709
4006426813
3039479175
444892441
781632715808509952
2178411
4010529034
2748986372
15425377
1934702336
114528443
425963964
1541641908
974864255106166784
742143
1636590253
160926944
8161232
