2354256084
149978325
128898396
3389592201
2977247055
50219768
1005415632605732864
777987234914004993
719877359
4838506977
318597388
2728819065
185891166
277507874
143078402
162141811
2813523265
2792096925
1927562094
1892420460
3000138712
3396671
1053387372975538178
2876817113
1949689806
3331750001
62574019
721332934314172417
3183158785
777207341225615360
1235417983
799344805738323972
721682514444738560
2844569713
1886223925
2887301980
22319285
302769804
2976859817
409486555
5988062
708056688876605440
1054111156187553793
517902068
800078610652536832
1043322585981833216
1047339137500495873
2472576967
1851517538
1074708625
52584039
1105148401828671489
18456821
384098957
754781047456468992
131942721
318485472
207346985
356407124
415075929
168508631
378259736
247610675
551112681
90309257
26419078
121410572
80982210
897317095
1328622408
347666787
301087604
26821219
944608789
78322326
269873463
24548977
564853309
407160443
42914038
133040246
19725644
37710752
11348282
