344569994
2850094510
610124383
814094730631987200
701138666962419712
18378475
1152047700210311168
924140942835068929
1019913637966811137
753088314794708992
929128098045370368
22059388
125346858
16491676
171599451
246688646
570267913
94879188
22662342
4383365302
92349337
853141040
91966685
187890050
3233134238
1535166415
1370583313
448568914
2383004780
474363462
261914244
113317910
459033261
266025901
383173078
32858257
608697034
2668909476
1081649438
202175978
303862998
1199774562
524330331
1140677803404353537
952498580216008704
3282614804
2327647416
473985889
3167592336
4264072392
1117750847998316544
1134488758873710592
1134489411939291138
1134493341712756737
1134490530782388224
1079171007594811395
1134493618255929345
1134496185857785857
1078601310583189505
1095375170838118400
1134503624493559808
1124153462634229760
1134502198723788806
1134180427286155265
1134501006664847360
1134505553734987776
1134505701835988992
1131677587317698562
1134501657734201350
1134503255478685696
941924089047986176
2778409421
899754148031234048
1072989882149044224
706411078629007361
1134480739200843776
1131755266662436864
1134090274735566851
1080994346403618818
1134510192882831360
1127469870751342593
1134127993734029312
900402638704975876
1134132371572297728
1134157364729245696
1098338741813420033
1134178469313732608
1105987703722532865
1107830694435266560
1120087251281641473
1133094391017607171
1133843682887704576
1133857683650617346
1086463164043034624
1134245078178836480
1134104868526813184
1131753900472721410
1106073636337651712
1134297662809882627
1086523314137251840
1131805655185088512
1134303409589219328
1134302509001039872
1132833521452617728
1134325475285774336
1133884343192080384
854526454431858689
1132044510068969479
916672737808072704
1134203184266842119
1124008741010051072
916938171807444992
1072085505385222144
1092748462020575232
1118077148416237574
1134425672053641216
1134432474816290816
1132264977795092480
1134336417864114181
1111078832285646848
1133813270069043200
1134461583118049281
1134463002059497473
1134476688069447680
1134482407695048704
1134486956249886720
3081429420
1134424344883601408
1130570822719090688
1134485840950751232
303357654
4634721275
942320357322588162
1048373496471019520
1978248619
799816465885122560
877640541722132481
1024346909698392064
441598184
3246288603
759464886413832192
4552232477
707078731756507136
469981187
261897574
914059955119939584
864803935
44562973
17156053
21917716
17396170
722038699844734976
52584039
1074708625
754781047456468992
2192592792
551112681
247610675
174847568
31443503
378259736
14729597
17385903
16490974
2317393614
3123406113
2393844469
425998918
219328198
40137507
120147614
58283237
344434681
94533163
8393312
138168086
402590521
21755787
15796242
461804159
2733592011
860058063293870081
3010134857
852161640514670592
1069596864
2909258867
4311568841
71918664
532281572
2786453723
1125977702245310464
20548347
1186126056
14461140
33287633
1901035542
2327971734
34646341
17872613
14735462
245172797
19154887
996342584
26548315
56418371
14957139
18808936
607434345
243731054
15230646
15455889
233265506
370890315
17552343
21307076
24350831
2991917878
427900496
15911935
244770087
21272265
132542913
441972713
201258574
431739135
72652039
151444950
357461232
16007249
1933042237
215456428
31037199
4625037762
1638756846
432771620
43355400
820378690920058880
82093305
1072210829263687682
789403143457034240
487118986
87775422
2211756299
117102398
2382362052
704608114843238400
115644179
129616278
1115874631
183253150
371772208
33612908
246435028
29949435
171421559
67145296
162825036
67258598
43563720
23576780
89513645
48662622
225192900
3619972335
39273529
166621202
3621385577
282563554
612584376
25959730
3621476237
257941359
267285211
35279836
1058008853890166784
597224882
2411447383
177583133
2829251164
166070714
4375041622
216453911
30653503
1012810067719151616
3198193409
263284370
1039165289613676550
24860312
56847778
63845653
40878857
470130723
134793211
137522208
45090095
87944731
229860431
37287800
31105334
132171061
364814031
40081103
310709509
105137891
104954854
95398297
124761555
18055279
117087700
345073640
38990369
52833129
61831375
32339364
47033057
32660559
320327987
44354695
21474245
45224548
43885429
31322556
25416520
28718775
155516708
315505548
24661962
2159951120
106784624
251838519
546237443
440488935
203399526
83623466
132104833
69570047
66000793
358646483
178765854
148937517
88212427
34674666
26216972
58465556
84810629
80585373
65514235
41077287
66857043
36617822
52420430
46144998
46392416
50246444
117778985
20577920
602229787
580523507
190481460
52420819
173744348
53817066
215052012
38797799
192947735
1053988061019885569
878592449676967936
