1160965918584967171
1158058456567504897
1062979196958490624
829461975637782530
986297253701804033
722410938280894465
863972252840116224
378259736
836531154
117873637
361956195
1886760236
890686073201975296
16718049
46235664
4821633015
3503247202
334570758
782944208965476353
1225723658
41251619
2462442889
964120482
1487301276
115687612
1090964821313548288
248786999
467928250
954823373586038785
1577730512
778108679434407936
920192978718806017
1491359286
3041801227
1418563394
858120066
397958350
537807538
3270175512
3405570315
3129515895
743443448619991040
473782165
111412541
2253945110
860398993179848704
2217401528
583317065
386476099
2312674797
65958135
3882444489
134884942
3012966615
2605810838
494855615
440986625
3166060478
3064228821
