389838644
548932152
195371102
1315439827
753984763115950081
14448779
950778793429557249
27866299
363997411
356474001
43154167
239055562
17476477
37957247
22022063
30679430
557460627
111649648
51315949
31503126
594782254
108404237
39509876
415191858
22549737
108499750
68868088
29798136
146634207
840319772
24401144
89737529
563349005
1365963103
2270467808
35206553
39553695
2831946942
306136391
3384870105
14345441
1117239146488025088
150203641
292634416
254806092
999293378
44903491
2248389990
174847568
594221669
112475924
378259736
102417054
130663251
36105937
464772935
4161654552
1068604028819578883
163354916
1374583458
1047559004485050368
589629845
4415239119
2131511
1019368995072479233
36247903
2699340834
786915105510453248
568965873
773236779000487936
38585886
369078359
599133260
33057171
20327708
4399466961
866862458153164800
1123965322795593728
1076248250976530433
1476284540
1653926528
3187349897
842741787546533888
4392431594
845392971381927936
855570149117657088
1106911325924528128
1130475205997080577
1129831360837935104
1072738918691414016
1084596941286268928
2358644080
1124441293176885248
3013004734
2269500833
920699234348883969
919972690127216641
841396273810952192
3027109271
737251839532486657
928449351541719040
1098705668696129537
553520848
3027275542
759458980506791936
1069115011417686016
857866831431966720
811873099574628352
1073680834803220484
804508668104413187
712724888545570817
1045870112174223361
857619339066920960
1124695212163567616
3394824089
993070487797366784
1050678221522362369
1511704759
619351647
394578495
3399872033
731083915180544000
3096737875
793801546656014336
890656879
1022236356418957318
838178824005242881
4186911203
2196594217
994140406437818368
24306594
1934737214
824642649067966465
19563264
323346108
494612269
952101181
40509565
36395646
125718258
145647271
25377135
494668818
42836999
61521038
2983179809
1390883714
2874772780
3188558830
1005090338
2696723713
1307791
50657158
16220555
41479334
75050644
17433525
539510740
23797792
419995383
59443645
19660723
538609632
114289144
127381312
546200258
89301589
571037605
741271890
114085960
316181803
69271273
39975533
24291371
