910010295573151744
378726623
3040521701
870905992715812865
1032666453277847553
1087670616923271168
1048426486934528000
882243820355760129
2279860365
993687153300398081
1083760487572094976
1100291278846218242
777894906853457921
1066235976706654208
838412317050036224
940121045293502465
2704715387
1030519881643503617
1016374178507902977
2911862599
1130962560633704448
968679724917706752
1105037353452797953
1090381024570286088
274959449
701815159929630720
921754734578552832
136861201
1111162521560317953
1111117395551125504
1092989152101060608
1096636898217316353
720257453221261320
1087773978586951682
861293069454503938
872984298973941764
1034268067331694593
916877444333883392
950110836042825728
914738730740715521
1031949518609121280
900009678184353793
1111926997813325824
2674258854
1006055524666826754
908402473
2963950654
805888803407884288
1000425130508533760
1038867789065461766
912207824847097856
47321924
1132260084
481232457
432802864
2514067687
1067885164489957376
976092886168166400
913265277873172481
300895625
3293820057
3990054613
976195722071683072
583903428
1654206385
583802897
783291478693011457
3044850844
2463276038
868559514
981112877556809728
28197620
710664862074929153
161472196
1207652846
1049763212546203648
752082633354518528
1092090671257800704
850004475637116930
941554301452804096
718418633400193024
994552764108890112
3728415197
964721145814618112
1180523066
4655219356
1299878852
3505633767
607654624
279836240
1075660379181715456
2492800074
57640264
899673329212297218
1583141276
1125410539788615680
786932886247178240
1103628303175507968
2692922798
949325980312702977
1049051378499420160
253082752
1101647425867902976
1095365894832906241
2461693056
70660457
918541053510029312
1050721203277783041
1035516829530243073
1346042808
799762681
864290339770814464
978278933794783232
240202531
192193382
1103588344276103168
484796656
524373841
37591620
2983205617
1652541
1114281433
1013636532341821445
1020033834472132608
1027803226173841408
965171449764999168
1014077699751579649
1036832755261353984
1011919556217131008
1035832623535411200
1038326408244862977
998128508479131649
1032558934400413696
1056800214202417152
3231545416
2996444641
1076142598404730884
1588970293
838244728604852224
1850705408
1100927498
2611134289
4619865014
2907739345
904959738756177920
3269824802
738367164395048960
744823037480972288
2990611686
3069275310
3016185331
756505518420660225
716864169274843137
918650379063132160
803765287225008128
756577431222386689
910545221368340480
971488502780227584
883156970693414913
3392222362
845607057218691072
885596950762049536
957039733284179968
895817752639918080
4816433009
843433390732955650
810904795062083584
2316131568
765667315
943136505052258304
818514138179760128
745396763872288769
49616273
801717068
1104001065148694530
1107895724929236992
954263733727096832
965414356426153984
955776583389790208
1110975944812986368
1095384342858207233
292305058
753481188531023873
1109371414493216768
17874544
893558509505097728
19719380
19442947
2324094925
877934197217873920
338545569
74641515
2391946855
788280852
819281268449964034
978671691965583361
189364778
23666720
15471549
1416500532
162123807
384684484
2696183671
138061795
142320786
329636026
3297235346
46140964
3271170654
774381517342736388
82961986
807243208283525120
3035084213
20709254
849027430190854146
1973396288
955619647751098369
18153864
1018962877
46478786
404177117
48218515
3312492758
3411809338
318003589
3354063653
2935569292
2175354026
310902393
18487365
632571666
2959203626
480837836
327598935
325689496
1564261542
789292674
528654710
1365311522
16054832
124283023
614620991
4827459431
2422349376
429514861
622876679
2244465043
265158943
183071243
4746184698
1308810457
2512935385
627754578
881139346279063553
25136703
394380812
828394235854454785
3310127744
2649245983
72537276
27992689
271496430
726114977757671424
2868753520
1053318349885792256
724609851884724225
2766925212
2356733881
48144742
708465957690351616
1041141673529470976
82046418
3145076549
2968725705
2253377588
1094313806380101632
722559490495799296
133220374
2774076584
1105676628984807424
1104563847430582272
965191252122701824
2799127488
1105129359365464064
594915995
985955363265622019
591308722
863084100990709761
224161598
1079428893159895040
1063599794512429056
407287067
1120350168
1091808293696274433
3432587848
740579293
326761638
946375564100800512
1016573794037755904
248159165
1109469840014786560
944657395363479552
717762393120571392
1088287597183541248
1099339361550848000
594437582
2288509538
1110549059306250240
835101029951815680
1088482379491090437
708226935747420164
558939754
1076271031713554432
77481035
1088006404290547722
725350189922418688
187030016
847286889463726080
127634674
890503250922876933
120367763
1090677573032599552
1825796024
3387597255
78068424
1128534193
789116460438286336
1110681974589612032
1855448916
1883536802
15301194
1114569315162963969
4743325103
1011711420281565184
1045899386021007361
1039522447962320897
809557677953208320
1018137097
293975367
569495572
982227633013272578
225968641
3064665919
18717646
1120468389770616832
762941210
1120734155178946562
824599321819574273
591104006
1232293616
1063001202818990081
1117156871956307968
915899697692160000
1106101999265673219
1339987634
3609822561
1124005080615747586
767605959216680960
841199822476464128
960270007
250625693
1123970946216411136
1093460545020125185
38999061
1034763009401470978
1024212191166259200
887359793895288833
3335731978
850216968493842432
1110324754190225408
1036726143506964480
2741108686
1544443938
1124377518310662145
776581978602647552
1067851203873292288
797711704448606208
1086297414695374848
983616656156086272
1878650136
28695418
299532068
3222786801
1102061039997386752
980916168176361472
266788045
183140375
345919799
951071558918864901
925098750086930432
1670918005
2879793921
181122689
3234816270
303862998
3745585402
1045442480467058689
985772277198401536
714121185018187776
1015825442715193344
27591910
1045771781573873665
1036862652537090048
1026897720278171650
908390808566595585
981471401088638976
559837187
834053062033551360
1042083031828361217
826122755099783169
51668042
2919448626
3057426770
1020009396665974784
731083915180544000
1020598815483748352
912914562265042946
961606098007576581
319811688
89544203
1072481009378226176
61091928
85124669
27260086
1693811
26565946
776066471537549312
14230524
740558456088731648
268414482
16005806
378071914
15485441
1064219459273973760
3802705181
25365536
119509520
115485051
116362700
27195114
101928415
157140968
1017027961814278145
353546523
204265518
1061366596067880961
4100606172
1011851657506942979
2806253912
844593918322860033
1021745527875096577
834024326
3387373071
2150875104
907621053547126785
844070734406156289
30354991
756921395238625281
952872786191704065
378259736
15519502
1679260675
893374763963428865
944255727681630210
520445177
770652336
1045619070761148416
1013688856133144577
386359473
1490623248
1090072992
937785719413764097
510576544
2731436263
1006686506
1584529950
882258186
17431560
273603872
3149415342
1012392693585072130
783345792786378752
877757771126419456
2787579343
14770568
3898095324
53840669
3297027155
892346092167340032
1430792467
17838200
30887122
1290767060
1057017817
14550286
733335367
1112724889
757143872178884609
986956174301032449
893571951414923264
216452551
1013579094351474688
1045252298694438912
22826779
1034309013926633472
724262584732393472
1001045696554979328
955698108230496256
260471603
894976481922887680
931816192389476355
1349467754
143002116
1034998734537482241
992718442212900864
1063831764832059394
1036972130540417024
1024586160515870720
1098870327017271296
87775422
487118986
1115874631
819103688555950080
3196262764
919718603284295681
2228378938
958296813357891585
918642636826722304
928378046087942146
920024287825850369
928371801457135617
825422527715491840
811968769098711040
787034239845994497
2978969501
1084760475655700480
3214684547
1041910475355697153
922426350132236288
1073662160667140099
940616887658000385
1049146457608114176
1058726438692507651
739836701107970049
1012169468749889536
781113035473715200
3306585940
941287941439025154
321424716
1064959944019984385
