966407290319507457
1078016627516559368
700752191393505280
966413036482330625
1093803911658524673
2358302612
946767230674534400
814826887432306688
3850256060
1110810406677667840
1108469152031870977
1151795737186983937
2863270343
1148690204246650880
743000147286691844
958117128946663424
3162476173
847736592580005889
320097175
1365521424
787269895968976897
1024611236674260992
966943497663246336
1012299862338080768
3041650824
921617836182786048
1511887087
747219933373825024
482607710
1518186770
860828802133274626
1066930237353664512
839243238749831168
791001553154904064
895633147
1605170527
78161789
1292146298
989809711
1282192920
4634199254
303862998
1074242580420943872
1025425483213811712
900671820822716417
22633584
37997708
19165963
2987147081
1385861262
17385903
378259736
415075929
168508631
196458749
174847568
14729597
17175139
2575692887
1018515413339201536
1026109562074673152
904304128066760706
1034222478648860674
17524383
1456743444
1531734937
869059633
617691845
636501110
1716712392
894056820
742150981
1331509225
2401958971
4050384794
549662274
996278054468153344
196334960
427924083
1002688496811827200
788186581
24456085
973115214
310609674
2878939037
738573104398630913
3291921885
1528401188
331276739
2832504066
2310462216
573145759
1135994104091947008
804538503333814273
448969905
45876636
80953021
818832407172235264
206200714
105737193
966789692015464448
1244877349
1126774184980279296
1024217795813363712
4785081736
22906929
806133
1000425130508533760
951404029367726083
1388283728
880688768302415876
2648401465
1070611717258952704
1085192582861209601
1116008330
266380028
796308573844283392
1397716250
990311737
47534236
318849633
871198398
1022577746952814592
1009416726818287616
1023465667893374976
720257453221261320
62472526
913602613
1349893098
918541053510029312
56978927
338237494
47319664
361312721
4503676847
