837708242365054976
21591283
819658055369498626
896717023006347264
21536238
254719698
888459519503761413
2316372846
175735226
252181584
721882717491605504
1018227333205934080
390994254
742972809283031040
1517614562
1632056394
218702173
872245734644600832
1634503045
208763237
799501267122917376
33950693
1364953290
787768189572767744
937057596334313473
2224151434
1033982408
270948922
56879674
468741166
532348639
378294515
16965707
278396650
2806253912
1024660085426008070
19052570
869918579927523328
2590782420
1208312725
732570175162179585
852837687778201600
3407436940
722884683722153985
279001852
1442039197
124172052
84063737
733637482135355392
201645895
2525412121
3044186809
3382788537
3187500729
987658573273591809
1544076942
1687880251
3289960226
2192655026
795138728218021889
1582593798
2891662867
735053763170340864
2396418735
453026554
926956726972186629
368711188
53023973
1205870442
188832334
414752636
2799780732
187437575
19975787
25107150
56900138
171731400
84617554
19082552
117556340
388416838
4196388089
140344419
60871623
331973051
388471366
14282672
806957438
2769928742
20693661
38722208
916417657
151835337
733782620958511105
1018550636
1130216602060902401
38530021
1090042102992515072
764473481283178496
1039397355634679808
1135914826830495744
1033908443055251456
37047399
935006876
3551532493
2252231791
1575844861
785198244
18758061
249712302
970839064537526272
978820383964127232
229707045
713422389707673604
1414240146
954687664095092736
2268654205
1122473084194312192
82440755
1954822074
1913966784
1259149242
1103476342895435776
540893566
567808955
963722764518539264
3694485852
4762045309
439224883
772258413740953601
77781024
151551157
1942263002
2905862291
785459269084844032
787555563823443968
819455136527486976
938821014380863488
958742483856486400
1004081804972822528
1068474969158549506
532803793
2563206277
968230081138184198
762102650825543680
796416460168069120
801866196127797251
1003286754382811136
43385020
2537953974
61241883
38445467
4810070563
60281221
938639604730748929
872484217338437633
1915033663
17220817
746500198180892672
197811700
2429753750
3142275587
1133522849828810753
22298781
393298233
2590456897
839617581673758720
910508591496474624
67259193
602061912
754556
920083323812057088
1515356018
150856088
911946993093799936
804515553717219329
3169963433
840216262575816704
1063247957665828864
1569180318
1069749677589958657
599033571
922846923538669569
824381885581246478
1139572207171059713
26738483
1024473136673087488
774070607382188033
252310222
1545308112
40807523
748499534989275136
155659806
116343047
2928749505
1177588094
3529591230
50374439
33076821
4187233515
738856952684511232
1165225135
1084451400
2210618590
709788256
56014395
2293353372
1458937998
130723454
596907929
27935002
3930602962
1043607494365458432
907595421706539008
1051862870647029761
1051217324727029760
1038035785025576960
887713076530774016
864553691277295617
587721062
909777241252524033
4221304473
879446107629252608
912755868592205826
2279854167
2717829233
916283463128502272
975434979298693120
329135191
3222718766
1049000930748915718
1050790729910505475
2922034776
53832498
284007339
522243405
1338575022
168426374
437539579
2878551394
1254722024
1242102132
233637759
1241099095
1243086973
1241030275
99065221
40535427
3302806273
724735311205392390
59902121
828727852765937665
3011151856
775578296570421248
1706159840
42780468
312365893
953177081663246337
2561800808
1004173612234895361
154958643
1007507989287219200
1034608560162910208
723014006617702401
1461027067
1679477018
2279429902
2822554136
783032479
2838890850
1574736918
3002812506
4539949514
1040633076357971968
75137937
7867072
154288374
1032514097479331840
730021628
268414482
594874694
2666001037
1032491650755567616
9890492
960792660
1264574828
31000651
606007329
2880750378
864191100382310401
84743055
865212277
852162560484937729
97799074
850447385843167232
828239815430774784
4442280321
832604040437628930
770332520814637056
839125639710007296
3918350841
834935499299164162
832681276104585217
747941953782824960
832364023123427328
832615601646473217
829006073558339593
2172889071
328797981
2882905391
870732428737990658
2513671400
1877479718
168783827
204186902
849057018090573824
807059132033314816
1389583297
988853298399731715
749543785
80400814
5402392
84072624
19077568
76023409
14617444
15282064
863542072049102848
2236777884
4730954748
16700029
456963719
536354436
27122310
284508936
715116851655614464
872939572090609664
21319494
60448870
2921955274
1393737926
1342090369
31515559
1166363509
724358751285813249
547064288
24136204
49533860
746355556458323968
124649482
1477864908
2575325303
906606090393186304
1418152866
2573123665
921032321398116352
711510770559782912
246867100
3051380329
739500041316880385
2535434533
1114140174
4854885424
168483166
42886287
225118291
1011721561907388422
378259736
1373060042
898695330
874191251087572992
415075929
1201951519
1349588593
17079503
168508631
915719034
989633635
15305044
14729597
2354013972
384923143
206001945
17385903
575905433
34317032
112475924
59199012
889804324515098624
162694737
970595227206483969
2890755188
2850916796
1039398885612052480
1103032340857712640
1087031185224527873
869543145247211520
6298102
1575470018
1099714500025114624
327697369
1049075800996286464
1046061866508832768
156167787
343223445
589105446
14543524
2811548749
1397047028
4794167714
795174703878942721
14262217
2578266022
3104963032
221775604
1681996543
43051682
1019949998295994368
987798415
14562968
39346859
847517076096995328
16645335
1700732461
1015380195166040064
267812051
3379037548
800362127840022528
95273513
806257453088305152
84915778
389758857
2535654342
929582049580564481
812627411401641984
808040067910373377
2509857567
152411579
832003381493432328
1572768020
866939194748411904
915574471
307501264
81933483
843507215390687232
1064609523011411969
3261724605
941552818355343360
854317214429839360
1951592635
886568122282635264
766128141068828672
971383644
884861491752574977
179198151
275427824
3247591281
68810104
2601031322
257030275
862796388890849280
839438610197852160
828642650978938880
46581007
146995555
2239893372
2257190339
23631835
187354183
2904854221
816024872728072196
852018343645020164
907068371212042241
18247441
737362108397060096
613087962
2328827605
1299726678
766788866988707840
25950355
1265608974
20688251
1194962714
21242028
256793538
19767193
14085070
23085502
15862891
2904169317
15808647
211583400
16629477
73310442
22708797
73845366
262365030
17108182
17068373
17843236
44438256
46046512
17240190
233364902
155202983
635833627
139173680
26832834
879161563
27013292
16892009
124237063
38489678
86626845
139137781
906050196257128448
745270434409611264
779844578568445952
52068070
776381850864406528
926224455126437888
754827537176559616
71887146
1059009035633152000
955052844838785024
736816726894088192
1093598978367782914
864375020834914304
1857426056
3303636453
917202697
703176532034867201
150297343
1718379914
20903997
781562098165878784
221828479
915843640639008768
361090896
3740146036
1318617576
908212200640335872
50265238
102634000
2395900849
4834673075
177176270
1563480841
3310467977
908351881008861184
1697147768
3366464453
1532465924
28187171
23022771
992475001
46468984
232675272
287465957
1033918395454877696
35890731
2875801669
2578553908
2875316246
1954293848
1032553250438832129
1939911872
1103808287286296576
2772258532
1081743221988847616
3225647148
2181072128
938434780009582592
1359719252
847078202157731840
2572600732
591477318
14616809
177787568
1554484200
177783246
597647783
57232297
311695947
81970816
46803856
2848852120
14550448
2190721024
4827883464
2429552622
376128078
925175738634063872
1005214578760933376
2320968638
2319185173
584142429
873622160853610496
3305468643
1559241414
889727167
15780126
720144740520333312
269456196
18181895
780503912260468736
3001200865
862684565004877824
912929083
1272759720
39742016
511355600
713975197
904353434865979393
493367808
368032559
301164011
989587598950785025
85256730
123694443
1573873243
228030588
19996087
58129899
925317299032264704
1052618467684302850
1039400415534575616
113163535
1344506138
2385744980
1270603004
328823636
893260809991860224
434659355
3303784539
1490852904
519811571
3168040672
3938326648
2572726727
433714735
1548726020
2474099339
709111671453827074
51325808
442342283
708662495930548224
42037625
2171458874
2978427358
1193343517
24813587
459482914
1273676623
572062434
519626254
902522749
330036521
20678126
1720827667
1283747078
11164392
2411590821
1018962877
38630406
3300876766
2645602164
89863144
17882897
27074856
42988213
761198844402991105
16322239
24753832
1439287620
4440431
837262463884267520
995000173884526592
23396095
636619613
4150440088
64322565
965366246
1038879537290006530
316134826
769276958542737408
392195299
20773397
892049121560940544
15486468
39416218
15741941
166816694
18641491
1354548967
37175494
2294997709
1322269645
1470514477
3085571050
4018260543
2234783858
525502639
1005457423077990406
32146628
1867062848
26583630
854849359971848193
22888221
2731315281
1923377256
89345891
2291721752
1427057096
956247372056625153
1005676271244890112
244184972
1109128247789395968
2541264293
137531399
169808265
929250860693147652
1020128956475817985
732991602449256449
855372288455311360
86970530
1071175680531030016
2852252002
806615821216874496
126977551
2244694079
600879761
870017969136467969
748348755766702081
1023316502
851873774765002752
807337182
19486557
1697360292
2243010122
705208242289451008
3511138520
250377021
1665013812
2443282483
351163018
3031924044
792095233144135680
377425889
838389180484898816
3064578617
1002575018197438465
2155543177
2171015611
24261916
3285437078
26573545
542012560
19410955
2912826923
390846254
2739065578
2264393190
3687490461
102094857
44614314
69232855
20187065
1018433222
4061204056
560286282
625597987
998279093689995265
2898677430
4025148473
2572883535
124863681
1008752138124779522
405849059
806198593925353472
105181465
2569962636
142937787
10989152
284801219
1482943596
257010511
190337035
28943421
205280101
1081903728
2419804603
4201701628
1407780158
2809497047
2212735524
42364349
3294266437
3287178758
4761682514
635757791
24660850
2183065733
578280778
728329431534739456
