34317032
112475924
14729597
356407124
1895019607
415075929
168508631
378259736
237845487
252357183
27970832
16712746
221412285
59325073
1107938354891386880
1120100477641924612
266336410
307426028
402957663
229991436
947733838112874497
1339835893
1004042562154516482
2689586348
3154709373
950934438682267650
1123227011428900865
1405926456
14293310
87818409
46475424
166739404
58545637
62513246
148593548
28917754
217240704
11612722
34323121
23489273
2097571
13850422
759251
807095
5695632
794340244967538689
5741722
13787402
5392522
233368344
2991360032
551230758
18250336
116969334
1331528174
78322326
269873463
24548977
407160443
564853309
42914038
133040246
90314314
2812768561
36042554
409486555
813286
54980057
979058499018686464
832047933679861760
1020617672231440384
18588279
138203134
495509842
357606935
970207298
