95485773
1050477648546168832
3274643478
415075929
378259736
2293415520
17292623
3070386906
35749264
922885601493504000
565866811
744046387365560320
478458740
42914038
14448779
487833518
398754763
962496206
17815224
168508631
1074708625
27779882
48799978
3404241393
964306401047842816
280447492
889084732641878017
3192411776
3311840922
860942522
941812616631951360
247111120
1006928399590277120
1103136935227387904
2273069534
920428395300839424
3907454114
913620230261366784
61671783
3042302390
1126627279
731899219573772288
851447849141366786
1018947354790154240
