2190673579
30404308
254806092
3100606329
821974585
431280258
24879395
357918369
953458646997807104
25931310
75742264
49733351
2270776861
3304913886
806508294714118145
1013578454
16009745
738304293313359872
715573452535496704
68330395
132139684
326665662
960922231382700033
786047748508221440
48969514
109928640
131942721
448021915
14709302
787630303590375424
1330195915
3128086193
1020214254
2989937884
18926099
1102021532
262543492
731230965700251648
1112782773784363009
2424030872
91070492
3387604695
42936819
81157768
843125767559135232
3131597297
781653795004518400
956204295677820929
721332934314172417
149978325
452164418
461691604
1125768629545578496
636192524
972873573110046725
2265422756
592267018
920750105518575616
19671129
99599045
243697203
120848186
1076441093317775360
328237056
140982564
1088154641164955648
1144405851895193610
1020314702801514496
589635417
31304026
84645880
576356219
742769911
392463691
4696728842
112475924
1620556356
16435797
3290762269
842550390818201600
763038800402538496
357606935
2732591676
970207298
78231411
150240350
21728303
139556111
265951697
22208192
17905618
316742293
3111736843
186094017
182107650
21774410
26191204
21789463
432134884
911098338
1045176829
817536112046604298
82999576
2798873679
2537867839
625070495
574086102
47038507
11347122
2467878368
967027984426242053
208129303
339420820
1143042806673334273
47323584
769188695312330753
64790822
27685955
78009791
22767146
1026280409309618176
31483387
126414598
17446621
28907451
2569237019
2457341864
52879173
2741309951
16867003
21774892
1388656794
29450962
3161564275
17602896
210779169
57060169
15639642
16550480
4926409928
3100112243
51111863
4685999960
1633353085
552025236
835209278600450054
834540856765882368
604981401
29463928
695070464549335040
15131310
485036177
718495181914316801
980545199863627777
1151789662018637824
269852626
45013924
104239167
425365329
56791988
1017126630098198528
50996858
1117465934
199115823
413442063
1596829164
898172506191867905
816379488132923393
2935338843
1151485051
834914117173526529
20458261
908913839378452481
604261155
295202106
946372675
587593372
303806325
501303192
28133800
289459291
718474279210323968
33599115
18243846
355285163
1090491589
374253257
872789472
317338639
3256937514
2727469914
260946463
276811721
21662960
190359726
1390060135
103987673
355309454
716268645765160960
960923246341234688
137130799
15020865
998232758
58300543
243251429
156818636
1092089841238663174
2188934334
528404643
20582958
15463610
14634720
515786368
803603798
1125850106060689408
18634831
178812809
3154252605
1881225786
61593861
14790966
46220856
15522308
2365950774
44177383
937499232
286871259
138203134
576461561
402224702
1340658163
434214221
776542693
434050353
452340122
23365188
330105456
23520049
30602016
16086928
50004938
978650746173444096
1037738468972154880
1142115421086261251
14848513
24775528
126735220
34959923
25000307
50809631
92685993
24712054
614554301
990693340961280000
3320661284
32963708
70517715
44678534
15370306
19683238
89316842
10648962
242984239
19782176
21781349
1546844166
163917682
114371758
52392194
18242742
25108194
733157550
23324461
17169320
344687002
3065924818
16245822
353702946
56778928
36711022
818564412852367360
309298363
173135910
1655286596
1023218126861881345
189624939
14800709
15292416
16566439
17872692
19955714
25219101
26863382
31255804
33520024
34568634
39308951
40581159
41132380
55928951
56099068
56185879
59222022
85095636
99592283
110621954
116213384
145830934
168660177
200162045
217813436
227606087
233288673
238095943
257528381
266789947
277140127
305818642
316530145
338286425
366471407
385072666
408868921
492018263
769222458
843839143
1217030862
1310158278
1652460752
2279796104
2284841527
2335759392
2374636964
2584302385
2874588985
17467699
38581521
70725281
353126354
713378461512024064
71229689
17835445
338407260
761537743
79313210
1065242771915718656
1026774090017898498
2249861726
95894506
45944023
43212847
122130797
2239388190
1140626353131270144
982443479014957056
36771809
20867568
1117026667422277632
739784130
724537777170354176
1445020782
14505838
2417085025
802193022087823360
236158617
976173244750364677
104156791
49951756
247426491
1225667551
1116663784385515520
1732534783
67246465
2473109654
991142753223565312
2413216260
479133862
17463923
780741695704932352
15461733
1007210042
1145330779
747751022454575104
16821997
3301860092
125481462
15737554
487833518
34030502
5360012
281530541
24127413
102278356
133483967
1551101437
1521208898
465257387
3406065993
974337296462827520
1063173315202826242
59511699
1140036703379435525
976262095640637441
24692082
18056707
2420991696
2788201626
10475892
3017093141
41635373
879026787833053187
287287538
194745938
768448402040451073
8283082
1113940648506417152
20702052
104969057
26419078
2977077309
4894634025
37000209
289184001
2763990767
3014699739
69181624
33515703
2913085740
2493808112
76395458
22536055
1491528110
33935978
741368872779943936
20471478
23493483
954177512052998144
95697765
1045348761751490561
31078404
18018355
2293315159
1391259187
2155649270
958435057
1658084096
26046257
3657513677
208873735
929177057401155585
177255390
2577268465
961940751520280576
3242648605
14787727
395589480
375837200
82939583
1708078045
588570637
22956018
26083271
67197351
52939106
2439032786
40139016
70246837
23089953
16579346
2167097881
302288855
17228366
26149716
22083949
59553554
41468683
11018442
7831092
3100146474
19717803
904999805176475648
2433959389
14973377
20479813
2557037323
133880286
88621782
44409004
825314196
321289530
340602009
18064626
250024481
296023958
766089069650739200
1040954303731589124
115466984
963424559880916992
968895870769991680
24772892
902356248405962753
980037111465365504
393800219
22086402
807603056
16017753
40040813
36947388
19080178
78411917
8310002
41697864
30629087
47645818
50374439
20495860
117798867
369835697
3020142805
21820769
567440698
734579602459398144
15006351
3145294619
966377338836484096
358464377
2321588880
1055932568640589824
43976957
92649841
26260033
529540495
2763264732
35862271
558892811
956494460166184966
36202186
17156000
22029553
703477495
117978332
53796252
130622918
46217073
85915680
828713281330241538
3176821134
2348908146
846722117236396033
4129708874
900886648296222721
1056591853821288449
1093513493712650242
335939454
19040451
920676712488361984
29169161
43928023
9855132
279663381
241747976
18651671
100188103
27829587
1067315466
555618797
26861998
34793170
782697025418571776
2965907746
92717138
322803070
1522917078
65223655
205850272
1128218821
863087589531697152
366422441
65698096
119199038
247560825
100322679
16312576
636586551
2879399915
3220881440
78767466
1090241988014661632
991730343060254720
751872121622695936
1103812986123108352
1411768490
865431445497454592
39575580
29812065
1243478906
630957699
992523275291918336
2893046563
781868620817117185
166648914
8983922
23632902
16567922
68060037
22932788
62547887
727007094
21142622
769553719
79332569
38516217
2853445438
52562459
88085043
297898393
331075564
60017053
106127423
87021740
1443238860
1105378395989237760
801639241
1583573317
14352556
821896221983903745
551112681
410945436
781619251668979712
1065687289727262721
607207100
1400669881
1055402564
21186298
897317095
556301467
873886842
802949624772313088
3064016363
15007149
15822969
1067469100497215489
19344825
1018349423166967814
334798072
872838596788498432
1176718992
9867582
84061224
43303934
1103376337
8514712
183329477
214479694
224293127
22482435
25825321
39253470
842520310226198528
2280666036
2842793728
302769804
2580789216
96627383
275894100
392987060
15764644
2310862562
2355580346
21148293
25203361
139823781
34737115
20708861
24764773
15738974
3402909411
2543113237
16345878
327262735
34724341
2830174960
192150952
75818185
285049799
830154425452920834
861978654586228737
15220473
33472426
17898053
860942522
273587519
1343378862
776446521625698304
1212465001
883446431658385412
866628698
748996779664896001
85193539
1070094155769176065
2591657396
521457218
22898904
2153380262
490117736
44224400
12701412
26734771
25913173
38514854
237577953
725373049978130432
726204226620116994
35632868
289859486
748207868
38146999
1051239054203908097
1039670665526145024
485042733
754781047456468992
2811055672
1067928688992243712
295391903
49204865
69480815
3893032513
2678410249
827205419642785792
780942548579684352
17450410
3579621921
237845487
14529929
23176276
742798658
14982804
1203814418
169120402
537440966
18103148
817713067
994730755
34680377
1536791610
90021519
14124059
2687999594
16031679
39974135
20604674
100864654
970272069681258497
83366359
818105913957634048
121410572
357816281
140137815
6433472
255903064
4857846465
1025768430748819456
841293352305860608
821143158981533696
188444270
92761302
16573941
17220817
872221366312816640
2459838601
4326983660
2204778019
29221344
1604444052
24245649
18907371
869685230
2887301980
913628334
737470720616194049
2844569713
54981360
3404241393
1074708625
798250674081398784
54617733
18895192
16491676
794484039969280000
935178300208578561
1019570212738387974
877266098856628226
862037690597953537
3287653836
4838506977
1053387372975538178
2728819065
1431726661
48306484
20977701
71019945
750022168675688449
16027546
26794596
3070386906
823980924
864940077402660866
1026053171024736258
26287962
385522168
3554721
14647570
76348185
887412848669982720
17831464
129843174
125719207
57625403
16619709
17900666
24457744
5031151
221834911
40789325
24281972
822245328543948801
16266252
512613427
30038587
355036400
20015311
17045060
24734659
17795275
23501270
23070306
19711765
331969399
429355651
65108529
14615871
34113439
20068053
18713552
14786217
20440823
27740227
2983897735
3194595113
711953683907530752
43194755
424614338
625686114
2437502443
28642017
26664495
378746121
322007687
27093057
15762845
34321294
29741175
426842469
902141634154024960
2200305589
21447363
512700138
402957663
17006036
66182591
317187060
103887642
23638544
782615239242031105
493889332
2292423140
33248363
300974581
735996446755987456
862111903
1019642658581565440
898160787574988801
155889035
3189451747
42914038
15532765
46473066
14750983
16343958
1548841759
972327576
1895019607
1117264150546137088
58425101
519683539
63076720
40079154
2688531696
74287341
636216638
1044022254
4009593327
831534650195660801
3396881458
122533830
823905
17068546
15224867
613088225
2369030473
1089223726896304128
36976313
1413440468
14315537
17057271
19066345
36972997
77276836
127945803
25585110
17201929
40058325
50751156
112799271
3459051
13201312
60421402
14942684
14949475
14942612
14942701
3315693572
16051471
19568591
22771961
22129280
85805358
1005415632605732864
1068616931350061057
55278196
1330457336
1339835893
79293791
49663422
249203600
382181996
382177545
30973
17094725
54488444
6018802
149103331
63586621
32774989
96242123
270264581
52551600
34487135
18228898
1621556503
23690344
28412286
110721158
36218814
3253082966
24523660
49745152
244243477
4787282319
7152572
26885308
595286024
833878373759909889
101802390
16630098
17366486
14207863
14199378
17998609
109660695
34097876
75036218
29840295
176489220
4169099301
3813257775
158396623
2294853474
73406718
15255428
15769327
14955908
17196294
953540744
2878501992
2923139699
21333228
19242281
13192972
3063032281
26548315
4831323515
894626708833292293
115497588
42790918
2931677353
22720093
29484644
15031691
1345393938
180463340
58528137
24886570
4670616708
40981603
25108484
107436986
2459609448
48799978
333465893
9366272
127984917
20604228
28237946
1066868172496740353
428333
981317247103918081
17329660
945220710
12378512
63172203
813286
177465992
884772163097579520
22799750
43192807
67418441
46468908
4274372981
28420827
14260960
76999297
69827637
19013887
21278482
790170477067198464
80982210
1398324674
24026751
2990515071
3158695989
2596388642
750981197417906178
803694179079458816
30354991
139333118
27271828
3303690315
15808765
409486555
368052386
106051890
2632329472
32449768
877960149436178436
2678260008
1436246528
24132507
40081196
1680944431
904623444
39822897
97353468
17596622
19940791
2841795280
3266928769
16926572
87278028
16029780
87657092
268893211
169805598
1077214808
378259736
15309072
383537831
769624199430148096
772806730166272000
2478729888
3146348407
868703400
3407296876
18281995
247610675
28081404
177761707
26465671
409752413
79937043
721682514444738560
15526913
46970693
89314772
3243492486
715601250146856960
33977598
15088772
14682928
17471979
1122497183444537344
886913760
2148009361
4336740857
39984376
24259734
2755448496
162081219
380981592
75888702
2419876094
982319863203942405
826313584187736064
1735608703
63211028
462937733
134329069
