919037070449840128
1413491005
625924840
29221344
2913085740
2418137769
3272477743
14729597
378259736
415075929
168508631
95539262
2590259335
282494045
2783181097
871766546
1399640347
30404308
2753663966
14448779
328287799
415494767
402224702
32056095
636586551
2537867839
219949072
106447749
548932152
121594838
255345670
995715920
824191111115735040
61226587
442061349
762713676
3297788592
187826317
3355772469
21512972
21301376
17787705
18253799
273042317
181395652
1117785800
405976914
125429804
44012472
101797894
343801639
786334115737985024
1272791238
801219876320907264
715262527
19701628
41206681
9899992
38516217
76348185
13201312
20867568
16029780
36771809
3554721
17596622
57625403
16619709
41667103
36738978
19711765
544645110
126740871
129883689
31628657
11348282
37710752
19725644
356496747
239548513
14114564
67099234
550476469
26759991
26762221
590197947
14528874
18975755
