35598529
50216928
2687831276
378259736
3253256552
4805569528
759379794349793280
1025076859049000962
769197592534147072
1022536644765863936
53769577
370879693
27768247
975608461550542848
290582982
1109591706
1136255249826476033
2879642556
3192573188
63713061
26161769
15635684
3244724835
22080148
823274472518008833
1097183214181933056
766405543938420736
1067283606488473601
998983310545162248
774409000485920768
1016003856482750464
246090815
594816093
1021809792082358272
595206056
744046387365560320
1031586676987047937
16973419
337183206
19321984
122739325
1032377656950452224
1095490160018354176
1124484434760065024
1095003917262282752
1088487546097528832
1117950721373007872
1116703069457141760
