750022168675688449
1480385228
927080232791748608
920717249765355520
1363508408
2844569713
824726661513961472
1148246992876986368
3960860532
2974862175
742798658
1035273368289693696
65634864
174847568
220675687
727314975484731392
2939204806
2310797532
908505001584185345
897861037
74367223
118836884
191583687
1093353697986236416
1133435618984259584
805445442112749569
33773592
981317247103918081
15661871
708056688876605440
1696760982
2482924382
121886287
1704035064
378259736
4009593327
2348908146
474056497
874857937
2871161111
406414765
629840512
990005658
814958290388008961
1052726702663712770
1111061171858104320
1122709100
776834692171563008
1087543304487690240
38676043
837677605746839552
62127399
322658299
831534650195660801
1220094740
30957246
53527766
407387443
2271638589
18924332
1555645147
394154071
869982661
904773290295672832
1020952663
211073619
324703223
1008636431177322496
4336740857
1082584106771329025
824289477069828096
3396881458
14750983
16017753
