759326539
1448304912
2833453303
941812616631951360
3244396765
956204295677820929
33877482
538508885
929014482
895331651881926656
720510080806993920
927713202800078848
1073298473817161730
2460618019
35304791
1005180819218952193
384098957
1034445551222308864
189618679
290582982
255201194
24259734
2764181629
721111709763678208
3243492486
3699591385
33977598
2580789216
3404241393
2436460596
3178251456
721332934314172417
995603661651828739
2240228881
1095369795002863616
861321521884737541
3023253040
415075929
854460896147640320
79001740
1050758478359334912
1949689806
3156531065
2473109654
11655692
1003729764002291712
4697243604
962040275295027201
825488469271126017
150431438
887412848669982720
241074802
920971676
1037332055028387840
317653374
713648564
1064337290162593792
165511377
2270776861
2280115880
2279695242
1689062472
964306401047842816
59307520
1615876674
262422365
2811770483
889084732641878017
2678236062
2930216239
1400404514
754781047456468992
1111642277078843393
551112681
270451177
52584039
937050321951580160
22419487
322168064
2879399915
94488295
2324212868
772131308
270880724
302769804
2923139699
46473066
21333228
1322712355
1548841759
3128086193
920676712488361984
3044940267
3515201656
2983897735
255220185
309703977
241278137
1067928688992243712
607207100
448906114
378259736
3072051300
813860534
2208259747
1145330779
301087604
3030508523
2746362792
370879693
3253256552
809980906404454401
1262137098
990028938633138177
4894634025
772806730166272000
2486394344
1680944431
1074708625
922885601493504000
3189451747
1035209693172559872
