1016185950584561664
230952167
875400225577463809
938301120153341953
288060871
273853888
717812922441924608
1070779518892290048
1024046165296340992
2551010137
301768368
18229081
1009521273670721537
1106339623620526081
766739802226102272
1039297036078727169
16617374
1028831381307179008
2595599688
2848586255
3538291875
3328514158
2901282952
1264718486
3235594662
3846209429
2325702300
963703243
14834114
1372087051
1462168009
257540693
942882169
2598716762
145721628
191277859
703189488
1097896898
723784554008469505
1663245842
1334313697
49417894
1001423475939205121
1205210322
628747290
494552401
2298645108
92194394
2530671764
2601899005
34859516
76093
993490465
1511684546
324159545
772751106858364928
1003952550704439296
325330937
257620228
3116448356
630902268
955090501
1049473497561366528
1100651321315680257
972075396010188800
3031717463
870791206103523329
897160527532752896
829031352813109251
1059649410550779906
742143
807095
14293310
2467791
138203134
20562637
331311644
970207298
87818409
2754545304
3035450078
903599690549047298
25887412
22993014
8197942
29442313
1092378031
2097571
41088384
9609632
216776631
910010498401288192
756320286266404864
868130258662436864
1037282605304082433
4164221524
459397319
147952084
4540927860
624155877
312956611
209057872
2863998945
2428838510
2905538101
752943726
1459191961
1018513704059469824
926679227235147777
784906116
2254189346
969407783413071872
409486555
268414482
17919972
1040172646946635777
829667113778307072
855187530471399424
772546456607535104
801061976801587200
757921383875645441
723106778490109952
4851787339
716432228
62725336
1455422364
773408330538778624
2386178496
912459002071597058
213177389
732477585959968768
756721515605860353
1160377735463628800
1047441728012242945
378259736
1007971629320683522
1111457803699286016
415075929
308145962
35814608
94103877
176418075
106666220
133039609
16225850
183736112
74858711
34542071
23687865
98663069
292987630
1074739468488167424
877238589565931522
1072742065212190720
853911276744916992
2925146622
3082967321
1149523717
901853433795289088
3171776971
1022230965488209920
1130243421560397826
1576363424
246939630
1093174824
2475317167
2741470297
985662019666767872
1016557007145394176
19043422
2713402884
1140081991066374145
1132414104860221440
1155753284805595136
974009219820109824
888231063809478656
904502007385358336
2993281076
4920127040
484913037
558250710
1109364727098957825
1103460902853054464
21211181
710946953849393157
1148386253877870592
826974495323803648
123496272
58545637
22548403
62513246
166739404
1098783338754494464
3285816936
1146299339620409345
3047139192
850524489678901249
872661452011708417
899567511884120064
1022158249091649536
26211054
29149748
1145307241924288512
593311473
996345974409707520
866925133373427712
1015160452056092672
902929560613695488
164241176
2362411232
868107436200140802
869664362084134913
727330083350913028
1025463656849526785
886428892835192832
1032969832935784448
1021212807855919104
921357648976474113
1063533202269122560
1103235850081460224
931703229791879170
1092998787558105088
984352838313590784
736799047009206272
953906408340115457
965235961163522049
982182795576459269
992158327273472000
818279367067348992
1032223991363059712
1052424521813233664
817925563494957056
810336577331150848
977238647828180992
1024550020882694147
985619654
912285679081496576
944246906791841793
982958277779599360
1044132996
2834769834
480838873
883337966965317632
750868660735111170
3256008162
34626886
3311558658
237953012
906773927103361024
553223952
956449575014813696
2200784527
1002163883015004164
1022019465494581250
1080584229510172678
17456542
149590738
31013444
783792992
13298072
728461605185282053
166535822
12880502
271184238
801377141069778944
11348282
69231187
74286565
33933259
10228272
34743251
1666038950
44196397
29937112
20536157
14499829
19177501
14159148
890528436808171520
824130933481730048
771759500
64972721
91718168
1006915258693193729
3865438212
855410206460616704
994091729585307653
175004047
962850518933520384
1023599765567795200
798398720077402113
1078100370
862657237738635264
41520155
4156830154
1138252946175602688
164222579
2376894708
833553198166073344
758747628355981313
2846982741
3160055690
2445415838
4112953994
4286310852
284944250
751310637066702848
1109037261369163787
820926229138194432
967365744571793408
989015262165778432
4849088968
1009688268881813505
3387514229
2612915756
2653557296
3686036533
4900673179
4485427453
775116744478236677
799531205175758848
821484533711138816
766589667646971906
774105029225480192
4886813300
831128765904220160
788697687436558336
935113289641496577
701657967196663808
793726629876895744
930645983091769344
955773129346899968
930669569500434432
932846373833138176
947426732981731328
948140965218336768
953168182914756608
833508948
4840694076
4651899618
746555323247296512
757460240602312704
799236067299729409
757114723989008388
780336996849848320
802864711704276992
805719203500015616
816568708181082112
969609377018621952
843691541898059776
909974949548265472
974593767406632960
939438609932963840
1665680407
756743434468069376
2226159151
758317895025823744
811260256584134656
900631604090904576
705197633099333632
2319308222
3769648394
873972238508216320
859897504665673731
1028548615
2998076946
2562683460
142977623
817082630080368640
806515479422570496
1265939023
844657795605696514
840041111720669184
1072050003277885441
2242067168
1007430782787260416
2885505953
3172070510
868678376684371968
1064999851308404736
19221664
1020333144744980480
1088624202712702976
3755921113
1028075389896126464
1108889727598366720
1119112680877387783
988638120869548032
2810920292
882580555438501888
1113952387075457024
923080023678050304
1106352039745871872
950291749968031744
3883358481
3193788217
855950860630622208
870392721441255424
916778065350537216
3396851578
953050400239710208
701569165686087680
1561072262
1060417536225816576
3506189962
69790940
961207353436762112
1712499481
2769409188
705245178773184512
735834725554651136
707762553317826561
305880579
704853538212417536
772716215663931392
894144777863610372
