17750073
751084644917993472
721124504
778698663698702336
152635542
3366917839
1905900103
2800394385
85014412
32407914
747162249651982337
763098650
606781436
618237736
561410035
319233872
851058162
879738542100021254
63908266
27245095
1264028491
921967894883430401
359838444
4218919094
164859351
7588112
15432179
58760143
14103934
1459945933
815008278
937910232138657797
94573568
101657827
559773640
428384904
170971581
885732469705547780
560679609
48555721
1523120354
1036029061
790979544849285121
1112435905363623938
2587568814
264766871
399385262
2684203466
154639232
3066077921
182707148
67425798
558322595
932425019896025088
1022347306295676929
493953816
31463257
41504715
522413356
1122528416463384576
354255041
4898239435
301909418
251698861
943600350
4508306368
28763703
2152224654
226211544
1101575094747496453
913877340933017605
991080625393160192
225463335
442513039
242371418
754754385092026369
2542949893
301474926
793757326574362625
1869260162
491894289
1083231760136179714
785162509187702784
299405039
13567742
128426243
2366486954
768484568970035200
49377348
2911413476
18463541
127894932
279305108
2272469929
41610125
1390062294
12945722
250307159
702433673329680384
380254668
2924627550
3764869037
2416438511
934889592
933563761
45525063
6219402
1587260622
91852917
956221084264615936
3192573188
127375220
834997369275985921
1361913858
290582982
4028951261
1093547157947322374
911073806965510144
951553134916022272
907640230513012736
2499232428
415075929
49452913
1615876674
578926686
734732895722610688
896105796
3092711997
2345743333
132175221
754682998293950464
66796655
1020745585
2694326282
827626870594117632
82285908
992439570615685122
768993651833778176
187057762
3864246502
2626868392
4899350893
61643889
2173280120
772149001
982319863203942405
728326802
14565698
987096784177639424
3232811052
3108569230
522835696
18252261
270218342
2438712576
830657839
387083690
165457545
2857492299
904718509636296704
807665496933990402
1004944429977923584
11012952
723960997392707584
69333831
930330074
930458256555814912
983554557841113088
135798664
297537705
116301504
1056248172673228804
29541266
4847396384
2531593458
124304063
49695355
28608040
407160443
378259736
2173976412
1269805016
798980545992531968
30006886
3125572516
35796621
819696411121856512
225066069
1423093795
195820818
43564999
20025550
2747498391
59307520
718162168760303617
499908745
