1113448746321371139
3647516372
742909726426583040
978945332875878402
837786444601118722
912780497020997634
399676245
801965094
812644146116759552
1447230410
998572358729453568
1121008037232349184
882649999225565185
623621455
194572573
1058669221687840768
1119129144745316359
716954544312332288
1071350382977277952
82382089
881867659
704691623104487424
520745949
870275763395809281
721605737613520896
302808898
331681488
2419371943
817713511
2284039264
918616014
3377722109
207191223
338250805
127643327
1085986268
573995912
205401299
33180037
388205694
270295412
199057447
222601929
1404884185
135497798
554174318
2356863362
37447372
302877471
1887838058
3511769181
1291462428
119030558
2303075814
322512444
234035533
2230074876
434477759
301887279
459487511
432327310
1615459014
1450690777
2543359993
1140898249
2270881405
369976353
342028267
1289823444
957065940
3226529171
305796063
323773771
449861621
820703186277335040
875098695083188224
1310354311
2850228782
110435946
194973956
3289567377
403993695
1123963530426843137
78402941
898573228398055426
2850651695
2243527633
786509930002014209
3759652348
3313073950
1635716744
1323194702
528426354
466565952
256452568
138652288
94341073
831604883077857280
2348337313
2322711826
109522745
131088759
388791326
161034274
96739831
1642697982
1219808840
1044244684929986565
1010809267736272896
620197067
116214566
1219727010
913045789886369792
940682722950959104
1031107357
494347260
881899074307465218
2280490860
531287785
49318957
2796585523
83385766
69304513
443931031
183238020
3047994119
254702194
2785313368
2333992237
2366782414
1563639577
780607699
718807237850972161
913161396
245727682
2307674169
490475335
3308093139
394918984
875757997
85399922
956474506025013248
989599025346342914
3308296943
471889736
328155219
358187780
95904329
265603588
336647091
3547090216
335893224
1062684750480109568
569391544
2889029194
79575617
1005023207752130561
98376101
82406743
929262090774335488
1938739790
598786503
227263984
269822892
370848356
33850030
48731776
388741697
40751494
2204263431
769541464254734337
126329210
1589648886
917479132631588864
14313892
2275532987
2800823818
1065513087619473409
2591675282
87583387
1118887423516213249
921659676
504995469
814594501192859648
564088735
1109738907674050561
2920337362
797412733272686592
593711225
1000407726613323776
1080185394245832705
926883361100042241
113690623
1060917275102978049
721107604517298176
3424260790
970490235594444800
38862470
101719415
859152219068825600
2872930061
493890606
858769856463859712
207190674
758550029867085824
1217840472
2611542640
960458780558397440
2201112534
866236903066128384
997939297314537477
866911134837862400
868399234747437056
3042738076
1080575339171065866
864165870213500928
850978323572432896
1072149723467911168
2824971037
2504281689
302693733
2400052052
2959084168
1073609139648118784
823242454887448576
1048839448669179904
3318542685
1068944191412232195
879795305226665985
4242944297
245323967
255927836
1070005500396359682
4877551677
998218243612475392
132988557
443216441
860231918067077120
2661321175
51481519
383655551
382188948
3310028950
1032596419511820288
1056257338435350531
2825554535
872724695891759105
3342291731
631141559
2337193188
297096137
751659234
40368195
127692461
595833259
420001939
701787430895165440
336516134
14258273
87371781
2253654474
1062728373263306754
1071053163720007681
99075992
1027620886042562561
946598102
495349482
2239939529
31895348
997537976812032000
2479895535
3046534527
2942535718
349768993
2973227285
3408140590
1022109142541107205
879026577257975813
3078099239
1923959160
2871781510
2329391649
272802770
575905433
17385903
797846135113187328
625534459
1451164759
720951847
821372254558756865
305768967
2626868392
985759850
895211937075785729
865592744231682048
247610675
195500610
22140392
1020952663
607622096
3394395353
292141642
958649520
859140928648433665
15099133
14981648
19808176
2537867839
98906407
146548246
280354655
16491676
378259736
1363206528
31443503
625070495
1144882621
174847568
1096058449
2828796622
70784139
2478729888
14729597
1115321605
463054042
366640041
81948084
572473864
2994729766
309051660
1090680067
1631467904
97707280
503079869
1215084367
2773937237
838214731827666945
736411154
918779163011633152
1219731252
81153987
883249707233009665
606558298
393970323
351569436
437354611
222442005
242747093
47155570
2756432228
784577991133302784
2447336179
707327677
865283610
388790119
57652561
264192701
2170940345
471354425
810545578492960770
1128477223
849760908
2330078452
942107963413745666
861611250652000256
83120914
284050361
394047963
84204116
992418661297262592
876410610
606422203
408495613
718868251644706816
1044085878736457728
1114068098380906497
2904037306
820052730
184871761
50998101
720210137550557184
1969255740
1136087680259956736
374119871
160592964
386440875
4311678875
860463214240440321
841569206063771648
947924373029171200
738719589450829824
582253486
903699134636580864
2521528988
2344914097
920286744611835907
124275247
282788182
990721263629893632
93426518
851360167795052544
70638830
4538543247
382206652
1861929558
3030418803
3067788843
1024289889028907009
909918619882094592
1023857624557731840
3510572061
4448586693
2402863895
497115182
95239550
2999580773
1339804586
385656721
2393206777
802965984
280470930
1242632264
2266878622
2990535856
3122278028
3033934660
740975228998815744
928635276
201824327
3155458298
77757117
2962865991
957840013638725632
53232083
259858253
377066268
66528491
212759569
1026182582176808962
18595598
314634689
90573676
15470403
112475924
15808765
285428413
2214138757
818910970567344128
89820928
568825492
2357198672
15245653
1002513128
1915534530
68972885
2882413844
286703
4196983835
30581721
