1097300491313311746
732793848154427392
2945423750
972511715945533441
896453255005315072
1110206215643107328
945102375521484802
1079339473295630336
612707828
1067091436892577792
1041440118656172032
935861687642619904
980598708801822720
976512449737379841
920971676
1148229582958596096
1113156999456276480
1030910903691223040
1031045821037535232
1035883432965013504
2854956353
384214753
1022094852673159168
1065951456392552448
290712948
2330501412
4381893615
1126378524594581504
778654301942059009
1119561556998725632
1415841836
375857912
1143576517387128832
1037640510
521241618
1098279304646021121
1079700553
357120991
2778308902
288980311
446552786
53486590
119019948
235523314
1131286687
384343202
481487127
2490299682
4746611211
309550425
200254524
1364910445
20142549
582486673
253077128
748125078
778518714
1126205868670836736
399127479
322228163
15846407
2811770483
16303106
920676712488361984
785649571787444225
3990358228
477223529
179356190
3038933527
2411919048
3745569193
262873499
40106524
114572222
71574566
2954169932
2269647980
602680982
866009177658937347
1123624739774369793
3058881006
570254293
286758924
1111981447
148546891
17900161
613652915
4297065075
3233626445
106753392
16190514
241244162
27446620
22823029
380625762
974796952650043392
839199260696580102
100751034
420923606
822812804344381441
412384196
2335403570
753358860233109504
73889492
4927917609
838014872021528577
1060951519770611712
50996858
965629387533103105
701015997537501185
913838381880217600
2202087336
987001541805690881
84868935
91508374
1418872009
325852492
853251599535267840
1100586841168703488
1098757454043594752
40638800
918170632021528576
14381260
819296296062201857
1547151510
1114204608396693505
293962991
430607490
187283701
364638092
1072228143673565185
4906718786
568442203
757705228053610496
3057959389
1042237251613274112
2312597335
781962778441547776
919757746228137984
1053431647608090624
2391754967
989016021452447744
756199722369507328
1206671856
780823461102956544
1049732615958396928
1068884832703389697
846722924031692800
752636869796585476
18555566
892360939353321475
944887782719225856
601535938
990232797838282753
991070240749576199
3533106556
2424280706
1073313389613641728
138445621
1086073776578744322
1143997534429503488
1142253834456223744
526634900
1117931959697723392
1142495115073794058
3144563197
1684918351
1104295492433764353
1098501420251176960
87899013
4046069658
1110344592543514624
738195476357480448
111832673
1266365802
1061421026045640704
851116964026224641
1656774264
922783415690252289
47332711
949642416704884737
885245073813798912
2332769347
731608385645318144
2694531008
956605151594377216
729132587462070273
425206555
3968593342
1127395792589922304
2880197418
810979769747550209
32507134
774048421254688768
250884734
1143344556001374208
1121453757366194176
14084147
1094082469899452416
4391005874
3553641629
1114510870716002310
1190963449
908484750800707584
1113046716
1132024204453470210
1099891835042971648
749009850751856640
3107289168
1051416328677052417
90600644
701646993358254080
834490349804539904
884892974957686784
2202387437
788403970737831941
2523300111
122689744
19766921
863770525830701060
2453980109
1373006888
726833726550740992
50194961
3330378629
3435592126
2906393793
580756084
854773359413927936
1278603908
1035600586496823296
1042889745636909056
1094420667615850496
740250774807011328
945089816
1123933325926727684
713791178232229890
62866733
331748166
793974498001305600
1091628949799620608
1109135543949029377
19913598
1000941786716520448
43934389
94183003
2729721117
749906462
925036255
942518941116715009
881796060796129282
341045866
306892698
800533698391085056
2755098826
2990174397
769229534545776640
1008812171151671296
848714520658935808
901139429699485700
705986392376123392
758042026919288833
1140220342302117889
917180594894774272
832216659763064832
959108526646886400
2313325687
703695076820701185
855093791228928001
1141382771551735815
2489602345
490208173
723997606637088769
975663648101322752
927688157226815488
394058071
1106520126491381762
1021168361231781893
1120060307173519361
1047573900962529281
787242259
629228151
2444399461
961528001686130693
20350446
1090303158348406784
881245500267089920
1352201862
994610326694957056
118650749
744630527278333952
2812148346
166350766
272947783
481728744
2178920484
864918761089978370
986742097746198528
1063371864419065856
1138555489934106626
976806309071699968
771353912238563328
178830272
22530661
1081958576971628544
38885578
857014478356926465
3311661685
2380549591
3298033526
521815572
763937394
360887095
39927368
1077274080984862720
796742455555145728
2915954031
65544087
2940707102
46294989
1022624910886232070
2891141733
3710916915
2895972448
26447410
117721776
835227434681184257
1142435133087256576
278230452
890783565096419328
1075077459891105792
1483321225
817352288130002945
103372767
854406078901211137
961330003999850496
4926329104
610891435
3291793433
1080673709898137600
955871085714722816
18683401
748751687658008577
549849310
1133018989129601026
104601778
1102197481415364608
14828860
801632956456599552
37028605
1554687708
858685473346076673
2836321987
831855967864098816
871434435648004098
14067790
1630482644
3178540992
35515778
1109382125466210304
2598212934
1541731422
806629029717516288
37168048
2494748130
142300344
169245808
183408798
43318622
165533941
1015283697065611267
1142234435863162882
29467706
2432756712
1081599349199720448
717877281562173441
82546930
1135161413549383680
1000066217900724224
4411141281
1109642740059525123
34337079
834094299889274880
339831428
724774298997641217
714579210870853632
1096570125761662976
2225947069
511581151
836650664
1128247175560011777
253313989
2828796622
2419876094
500372750
758846053223243783
273051398
87615334
1135853503
1047280718513102849
989936976
227828685
1127898376291459072
779125868622860288
875017115979403264
899012620790923264
783668708447092736
1049846271211532288
801445743454289920
1136019282217787392
1115741806027632643
97276631
2393289524
705630175661150208
1117614632808611840
108754749
1143090054946009088
963418436
778937084744785920
2150488675
367332553
1033775741677330432
232015422
1113546747769425920
2494545468
326482998
893437514
831237024455782401
892146867995332608
139333118
2747498391
16150075
135251922
719743410018459648
760588681866379264
43378372
4075691296
434691744
2357688189
443610776
1092052878640988160
1492518764
719033827
1235878466
1099784646064263169
806696118683889664
1004165131427897344
403991916
35484772
67453192
55387864
90477652
61431277
63649354
22782932
8539172
61278614
126891859
23159493
143502055
44740201
73575329
21507883
40159637
22276232
43081521
1114670364913745920
1113544310853656576
116072699
1085146479239536641
4916046550
1076707461502025728
1087400130830090243
1110733352091426816
1118970768409485313
2460555901
738882947101556737
36298888
939160588889890818
2281768422
1048003120255516673
1093969656086433792
64575550
815294691226910720
2321256986
55401122
3159692481
1021809792082358272
745611048493977601
566278892
165836392
95620187
21327962
39496081
269997972
1714991388
2869446232
877620039133876224
37888829
420987009
2868770903
873446977866006528
994920425414111236
4744314149
945965774501539840
69558002
789931818644561921
23503920
866542768960802817
711945679
800177784
310746442
20675681
873907461127852033
794812750874677248
68664958
159981218
282914879
228699473
610250012
28464097
132232886
27308198
347853700
56055128
946541122272231424
766179072519069696
101280422
3070924323
16778485
22041951
230714973
200885230
18691021
2827721568
19968678
72840569
2178883837
35719261
963122736536186881
629945419
1428474385
780401747953061888
2814511846
382570551
1947115826
40739019
748509065257566210
1052219716016648192
2725955462
373872014
131167821
286234148
849297350979977219
516580064
1065224296426086400
22926862
338477700
18214776
134190793
2591157732
130927428
50572612
415494767
2412370195
4008330432
26127304
2567219784
585573270
879161563
492991594
131262336
62554155
42172744
908226487928594432
480566109
1014277164387176449
1141158014608707585
1065869268
816692173462786048
1119399146635649025
953214541118234624
4918339757
1138429965614112768
217506104
556229125
1564751226
982824998904582144
734840597404651520
1024469779762098177
1121708612336926720
3309906918
863462658141560833
596032264
1105408273740636160
424757125
1135339633884192768
1130567633957523456
1111364458662842373
21929635
743430111723028482
1028589814621368322
1187197543
92356490
972482869342949382
573962618
211189730
957697756142895105
842490884
2925312605
844063632413474817
875797014
1051902006707834883
2172154151
3170733233
748987940190056448
2298449757
1067373879751057408
920224218070921216
81305054
787034847374090242
786301921049112576
865616203229745153
227524832
1119511355030155265
920275423619149824
38976017
17522884
28768235
933552341697028097
1101926108
855545600867266562
21041972
1075763453367861248
24576061
186946260
363908305
2177185058
633075839
34317032
384923143
146123790
232487911
1138120953123106816
2908017153
78001994
765384381217267712
746112285211525120
1079142668062490624
1077884715875602432
735086798016262145
579367052
155638779
869417417327480832
2196870864
1138368114096254976
1062520474779947008
1099601481379004416
1141043101550571520
1139600991131774981
13525132
1140604589084987392
1140922532998057985
16582329
986794368974680064
1140341326334087168
1140547359904030720
1141094162978279424
1612067526
988867750650171392
776913688250888192
803736800
2916866713
2962115366
2215324533
1140573503479001088
1011789263644561409
966365114789253120
4873981054
963970624526999552
1076617698447187968
2776795189
255749773
1100878978372562945
1140653122022301697
53003701
69685624
25974425
18067164
1141084140160397315
1358512088
1140924368551370753
32671625
379209090
1640929196
2421067430
15115280
27493883
1120879074
16190397
711281977144397826
800111181058838528
316449565
845392971381927936
948768808390377473
913833933967589376
94853367
877900447222202370
928564470510751744
980932685127397376
1123682296433979393
16094536
399616785
1094969327080611840
1652477690
316629602
2951622098
1107306932891721728
1112030487319470080
935356841550336000
932338643586469891
936472103750168576
903740215071842304
1135765105914908672
917803703326924801
470498137
1137844415144374277
1133724828928757760
294247894
1100412702256701440
255411008
727343930174480385
1227857060
2294271366
1245840830
1052638389781049344
837222915242360832
1102634557768052736
850123414111215619
535843350
814476346730618880
888386654100234241
829448749
1139437320464195584
807073358978367488
1699729616
2338811370
880364298010320897
1035961714280411136
823596686626979841
974849185
1019212616630177792
870769198758109184
992149270399725568
65045121
77234984
49682880
276813374
458619342
821896221983903745
922654377793544192
81157768
1056706673174372353
917921986961174528
60954632
2357629117
538479952
384367458
936168188181696520
3085266272
248351044
14696890
4157250732
2481766674
117664929
2329280545
2659430023
1008550704
3285418908
1202716135
4032367415
750022168675688449
162493907
187518287
1363206528
2903470928
320316891
20458261
625070495
444927395
17385903
25728193
19843630
18655567
92124471
385522168
1020952663
112475924
1327865594
869124259
2717108869
220917012
299351525
10328012
321634611
151650579
1524781
182839127
1961356742
166022406
717760732713127936
3080191264
3121503958
1115249678587711488
3783861621
1081374362467364864
519548904
75942182
106208504
332288708
1098976878201896963
1027892501103996928
4474485862
826665051742420992
1082584106771329025
1084998337219022848
57076191
2692344194
927945892828778497
3265970798
874906040835428352
49769249
21877288
602847251
3404477459
36976313
14190551
930914272548474883
2361608718
2478767281
442786655
400129882
241694275
141235845
232190363
107339732
76948062
2817193674
2370145086
578932351
23330953
262163061
266273071
222748037
42737053
322658469
3382890711
3383159573
170384729
141012576
97595006
622426905
2271509291
1883666178
486105713
247449336
149058215
18632946
883173469
199392379
33250328
53382760
134799789
70803659
18361789
26985345
8641742
14631622
735912294715166720
39570149
44570239
49501302
16095047
221423977
143212610
261269400
17931478
162472533
3092429597
1374683634
382181117
27688865
1478483473
44118936
518660800
1545333888
75562171
498980661
534162708
420931744
195752750
21121374
376775023
462856853
90499388
20317671
536479831
186468367
398629033
736548257288060928
27909648
68213392
54515428
532241033
434525445
265497500
9260332
147734164
19457805
475884318
22812734
327917782
207697553
240673572
21560838
57057518
14077382
21674417
835659450
310221185
14691032
88928275
1536804174
3320682953
30271776
12233422
96132243
356362449
575462765
192993369
322529131
252491320
716640056
211175054
166509226
20237435
106110469
819843415
202610289
1374924439
753653490484973574
988050983031885824
827572418365505537
1354570123
140165935
722242009
19811190
96387719
406842374
829060856
2334732225
41387380
19644592
420366322
854769693051297794
15270615
51854911
914281548
454779231
726372601
864030687120281602
78835016
45360352
425139555
1347250338
821118636
89219352
214411346
94076674
65651007
16028042
377975943
700767555980541952
434869875
540274837
26781810
17390474
431708568
124137549
2670662828
1637519678
275925692
24215990
127686908
1432748821
140783653
862882296
414669705
3302664171
392340796
3017093141
775323950020714498
2837973047
801722063199334400
534037507
238962470
974563658612264960
949708838554435585
1062366556372566021
721682514444738560
3813257775
1735608703
521509156
551112681
3396881458
884142454580142082
873886842
1513800884
768448402040451073
3118516914
2844569713
738304293313359872
2821109242
303862998
297535829
64680623
2777759379
2290965249
291180239
35107417
29823103
2463569675
36063914
377127631
23792521
38614506
61897583
18156913
357008611
19618595
23888872
42867843
16153249
240478433
244571663
25525983
26608932
18706914
1118684520545488897
1037869881876787200
2916285099
50216928
1027223437108891649
1110196164106878976
836052262510280704
382441568
1116193302074675201
3699591385
1320475297
1097189832051220480
752603166487621633
275357706
2518922958
780845952504442880
28872567
884328535
787388190
361963818
53769577
161838894
33055690
903374745932050432
719486754139586561
170815973
1022536644765863936
787588659239346176
1489093009
374160495
871869837315686400
3230323753
2345743333
722038699844734976
764941116412047360
962496206
3156531065
79001740
700684631381643265
2647306743
3741877335
3244724835
258069365
212382437
2561407350
120029735
760341961
2398199082
2275883743
212293372
2358657452
16314953
1080695666760929280
18884513
961359779003121665
15622480
2826896704
887241948
28675723
3308870317
13567742
53166134
2458675429
26964222
301034022
158727653
171585969
20384533
16932148
224711962
19090351
1246324087
14326865
20031219
18956495
16071471
983872069
19055721
19543339
2859475947
1061385474
25073877
19318314
12768202
19637668
17854568
17989397
13104852
17073526
5442092
381625911
369117011
17936203
16338741
16580245
17060780
497383002
15525310
34025674
16056708
10162462
18022826
9166172
14577537
25523668
14183638
18235994
18947261
14206756
11998652
17613894
17692851
15013516
20215969
14066258
19242765
10195072
17719267
16637291
17838731
14823932
2307320940
15416505
18916432
69403583
91882544
309741089
44945327
17074714
528991749
73476927
36696269
34437402
1335881126
35677016
28050611
1281480859
316485484
19556550
797171521
410324920
95150595
21818565
4186143014
3391511289
2570832992
615927039
862706875221118982
2498639419
1451798941
215384050
1895019607
1108545841
1057565421170176001
831821306819706881
145027691
18561798
853099546036944896
20149585
757979726912823296
3430086047
26467798
1864525388
1877372130
875383045
840002166
1524366572
1111926997813325824
510580195
1477866582
360656100
422861505
246181702
890496431697604608
590346965
517744895
3170782581
53333911
1638231860
213798858
65324253
517021184
79194034
23181999
4734965658
38047391
135193670
908350593831505921
1134099633548943360
325536586
17156481
2280115880
4899350893
1069907880441192448
595206056
461691604
426842469
2466123505
940014758
143086518
1569057342
3062401109
708056688876605440
139464402
942700782
27823036
1084173670556196865
33977598
737470720616194049
321563970
2868033389
18100201
724943039987249152
3161655128
1305935082
408544193
35796621
3342291731
2879642556
18857675
1005478378470690817
1200487274
378259736
491333323
1109591706
337183206
3353281852
1058735469729669120
423433891
3232811052
3192573188
594816093
405124299
1290000733
2786420049
290582982
3243492486
16491676
150970399
838129500219113472
1104056634098237441
532189495
996243497731739648
513055286
866318760185143296
33646899
785546701335650304
1033032248537149445
2204778019
3333696939
824000078
1045893786
194836141
924509462618083328
3130866292
2887301980
14682928
846778772506447877
322007687
1413440468
2873145509
799344805738323972
1019642658581565440
275036460
1243619444
843146611324796929
1459341516
2841795280
902141634154024960
1009989935129026560
1053387372975538178
630343608
1016780845405884421
3024636006
1339835893
1406619086
1062181098829086720
2233154425
1136101168772395008
25071402
401089025
272538235
17586118
278222169
1184038201
22207520
828725874874785793
814910316362534912
910332400990851073
954840137107582976
1022121022974296065
863850429620379648
885103857679966208
886027278
1104320692042981376
1112529036591407106
510913776
922844967428599808
722972322
759251
