1458013496
23990751
27924563
38123900
48029070
46028777
22293623
1729077721
1079769536730140672
29501253
1082334352711790593
783792992
1520649445
435331179
1134305971394629639
863147931297304579
3243319905
427571484
3110217102
866963160
707058605728595968
900967873
603079377
366302568
2834854958
4202269755
506662975
517704950
702676043652599809
37781949
1950203736
18481242
274698909
882724194148110336
728047890174611456
3054093127
223975621
138203134
807095
141633335
1122127891
3689549172
2834330931
1031166177312219137
780010556
19494630
2761699035
2259244574
876518418
707580017442725888
107316514
120809686
1009741814541307904
4389475401
52955297
263969694
826844100326543364
756162837152530432
15594192
822690802719719424
1141381661101318144
15233799
2176967064
872293773195325441
1084234892840484864
314674681
100050559
797222472273760256
991507021252919297
1005280966284337157
827713517805465600
2508811621
746744683
167287060
828074485
1048015368328024064
1063818285060259840
283139363
1104480762252935168
896379846
518071865
287740925
62909691
142865233
188061519
15638615
350958562
65522706
171606833
6133472
18177957
130513136
216647845
66754444
18061669
19726613
820378690920058880
15846407
25203361
139823781
124003770
618300542
33618609
19310380
372705076
172414996
16227673
94143715
8491
2505441061
35426871
46949238
433610219
25726723
1413726524
32960094
369815898
525812268
378259736
196458749
415075929
168508631
14729597
17175139
888352228930600960
377029214
2223604478
3453169642
2354597778
2935543489
338007458
18641491
827271701289332736
579419881
895299157988167681
790851117387317249
279038942
4700363476
376532584
17433545
1932630792
189131011
14364337
1697954779
44915968
2498966990
848160019124236288
911593086
785905336334987265
130253705
259864488
2361188814
1108861610007756800
585857710
3218877691
2367948776
740190512024453123
292600716
3248383418
15392460
3221883312
437468529
1010377752195805184
1126929777103966208
3021086399
14967763
830525686540619776
14189467
15764644
22203756
471672239
409486555
818927131883356161
72198806
818910970567344128
17494010
818876014390603776
476256944
757303975
822215673812119553
1330457336
25073877
1339835893
30354991
29442313
970207298
216776631
357606935
1308881965
28480117
313012256
813286
36117822
18839785
822215679726100480
