50668635
30787592
910313781296758784
190928184
1038622774296760320
3386521234
631969345
1127618433766445056
14652467
1070421751413264390
2242748066
1019080149780684800
705410962640281601
3002116720
4845668576
474926984
1091505046104100865
24429612
538666703
819373142695100417
25279936
48874896
232231163
384476661
54223737
825699754621358080
3173509570
816657674679025668
404001573
907658613136621568
3000700826
854093530461085698
1120013174
817730497166135296
2501461070
1030113533801967616
44429972
1038088005695819776
756785664511709184
1018642039586648071
992040049976979457
813530755
932027526590763008
726230285767966720
26285052
591370956
1001309791875223552
43641189
2157929484
534484298
52915150
1036866160833097728
3163224179
28440485
49588951
1198131457
317965505
3247345788
1114216140769599488
2807740381
211955022
1672292558
342903667
2230275539
4855416575
40986110
24453021
820286088589824001
866771044853567488
830966682235654148
476379397
3087493799
889166260122132480
1067405029819248640
45688064
455893383
790767278
2372852132
1241823726
87765528
1133041961894580225
1140090717718507520
1134635525749465088
818910970567344128
25073877
619855057
16715398
378259736
19412366
118805793
