946157340
915931760
2275883743
1014760268
1438162062
769391704025640960
2313292824
1144515589395734529
1144715858951852032
1021294144856023040
984004179659280384
1109700629293948928
1004719854253953024
43173106
1046883673927168001
1065540718775726080
304046277
1856205205
101659240
19884337
38366832
1654222530
120541552
35006327
744751757754937344
1490113812
19580929
111013724
111051726
43270234
884467344000593920
416515799
242368265
60495364
1019684607485251584
1088065122659115009
293196829
1477987111
2895828953
801161988
730021843927715841
1900194199
92944480
32974396
728733626276433920
539648424
61262099
370553296
123048755
207454714
66822139
818740
23548407
2677281884
102973246
608939608
109991461
1899141181
199110089
994950431234080768
835810082
720632954666377216
430143424
413396543
3305249062
24620236
143452405
953835310852517888
391171322
1953194486
2701347806
92882097
620218188
509566541
27157618
1262861077
47666145
862251330
51876982
227915003
15275359
3957234947
4515591
24609529
1421844085
19365540
37589355
2940350179
242383377
1421950832
297832103
841420284951429121
41582030
342894866
564697093
133483967
270880724
14819353
302769804
4776536123
1083543057037836288
1026829613115363328
2560503535
1102337713171255296
840638513884327940
378259736
541826868
1672923102
1201340646
494167286
771144922737020929
2466320274
1051128098802941952
1026392222592364544
1399477867
1075910966
899763601589886977
3255997940
780857507749036032
1026576457521397761
304031041
971137561749000192
899906451732406272
4294021636
2883864943
50428874
1074618722810298368
1059520534248071169
179214664
1570168819
483841270
253650227
392009371
1370512346
901153500662509570
33123688
1073945186378661893
31977140
307005530
15776891
29342640
351566257
18019105
49273885
843789470
509278253
50578347
378703672
941444888310280192
1423029596
1122448719100641280
364697987
1027681738657591298
758484549408088064
169234690
824641784760274947
221835592
1104281816
2521177754
1288552388
2296809692
2996246955
3091662173
599313323
1047429375216508929
35749264
2800121770
1511360216
868469821
1135750244308623360
1358923406
744495986
54464318
452080450
1006419421244678144
17471979
3077486277
4808478762
393910075
68547548
1433498906
