20458261
2473338816
227789272
17387342
4757473295
410380828
11348282
2811503196
905791825549582336
2764811815
882622461354835968
969996787
2362659109
1145803483305504768
1143098460679393280
913215038
15762845
759067408590004225
239499378
25219709
930224996785332224
794981505504161793
728189400
1142152155920588807
744046387365560320
1098965332675493888
1058658969261146117
35749264
2871571518
957474044
788727472506408960
739117556137611264
126600006
19910826
37710752
826996098979987456
52053878
2462125184
1962917731
20904490
923643522
231952307
16138845
89058207
1015306491543392268
978388280738762752
1032937773496455168
16638872
247610675
159955958
45324821
231904788
1041330246480355329
625070495
718832911
524501086
847921285065842690
776682573401501696
405212879
1155497149
203714426
378259736
636216638
112475924
4696728842
26396117
2967402199
1851517538
917037934401982465
636586551
16491676
16031984
904869467238174720
380816062
922822090843189248
2517881221
335461958
407624682
715860375124721665
397306055
260685403
206255645
1124614884321308672
1062728884960088065
19658826
14647570
32372834
487833518
65134016
27596259
12819112
111305843
96102210
18477428
837693559
219295651
812284035154092033
201857425
39348006
372785223
1080753187
1946392694
934897738172342272
19402238
32302688
