885953601067208705
944345845
3103266993
985759850
474304290
413184717
2322721136
1142291705816911872
194140258
1142491320151367680
2925894954
400501012
286552773
931368285509099520
2840159344
2329362427
703418557443473408
1040769417259433984
978302288551923712
763075114363682816
275753970
3035221862
1024035869420867585
3151500334
1058114667426529280
1042432138484830208
1080753187
163297339
317248852
972516578582519809
783740564
3214003967
791418288093954048
1082702856296239105
218601716
18683406
725738694389420033
466175876
3242134689
1935534265
378259736
831248331800190976
828808160173498368
819275236831088661
1372154310
763493969665720320
829403994866982912
143086518
856053959471104001
51449618
2305304395
28206776
757661593
3443819596
3220973940
578563606
60739511
3330060063
4001272947
179500154
261331800
355523806
39348006
13749282
20184845
748226902930919424
1055526893410312192
1040769857581711360
1122593333979824129
314326827
3309450532
591553407
407208222
955838339168587776
26050033
23982979
730212333776191488
1005645628012048385
3413309231
3398624303
763862778276941824
847689418840301568
760671806420377600
