83457096
79277574
477025705
77873021
17194031
1600675356
1022426966983680001
2378742140
486638901
86962890
2305249368
272664497
162828320
822500769035382784
9544512
207969912
360204908
257846612
14620421
275781829
61855152
2869477296
29049308
2799791999
18252951
99196716
15217862
2305870203
133624782
1100479290917957635
1049493159091326976
840403363
248858749
317110061
17942486
53955356
832213158
487819502
177547843
256225377
363439673
3257258156
565638771
52769612
761654333779828736
47800130
109147528
401759402
756153120
749385363680927748
222180930
44065726
82453551
723324141231726592
1114676947458637824
264986128
205350044
2595451326
21777780
3438816400
461647140
2752649251
846839294987710464
411871177
4569053793
1008390192665800710
311401030
2213338027
10345612
1158204291070353409
4400787196
24231652
152612517
712399946
299950890
333501671
875286403
154674481
1357683810
746307253674840064
856904750
1156599515031515137
219601993
467788180
143599629
83337826
269259212
106791493
87117157
633004078
245766893
32706256
166336127
1031815143422873600
1111466976340267008
419520517
730769621008166912
1126157314518654976
164426518
1319178870
806439417766416384
1037847206110289920
2905768541
956215117900910594
27500961
981158533071802373
25055943
42701045
4838973700
299626493
902926941413453824
21868825
971596936884125697
140993661
14079609
907591086683684864
734737346856398848
708324934594985984
88082950
874592966790328320
381469998
533780972
3288075858
2767539484
2235731509
924042889
20669719
1110892290741100544
1102660456483827718
14770413
819917060960493569
46674376
857563964649222144
712279003063848961
74791200
24624310
1080557121761103873
20252915
262390987
1072163993974988801
58549623
590806135
266522937
2305661
407316706
705425281004277761
96960912
248855992
382339682
179713390
1145810095269433344
131585646
1930895634
1082960760953815040
3290450046
2680778180
3031238890
4854895761
842429336573628418
259599957
46059100
898106688657530880
313038011
1036073677505347586
1102519004244205568
830189141962928128
3069005340
219135927
996378312149696514
336516397
75255003
417049919
2456253835
435600377
931670953989365761
1471735968
1117906770452729856
239358904
1516175995
300294480
35854131
14408711
26203977
3318457029
9208812
1918107024
3599431634
2283608985
4883084535
899379075789225988
747925322
379312541
254192113
912035883737583621
28443923
599718483
515985334
2229386635
1117446135118028801
774310080
733030984371863553
2851644919
24121721
3243858455
4896009015
786821757126729728
806542306383974400
386774946
967140819508629505
464285125
2618486504
272083356
313525999
148868920
82749412
68456106
301789519
13824412
20793919
15368348
2970264170
606813020
15411647
61868624
180105135
465700933
180234017
1008463252832047104
25570250
46213956
47703371
501237479
702199903053869058
927012788643516416
1483600741
29045196
1080168012186091520
842813387230924810
3153988886
326235705
15518172
2393313872
738538436
2930691456
34766454
1069169654
3671138595
189943870
16173435
562244302
43619974
21991753
17261066
50669520
56532853
826985763065565185
819278814760996864
752499373989326849
148322097
4515563482
913445666403254278
14894595
1588904154
823302838524739584
744292957
435268191
461334990
913822249
238849914
232971309
82118537
2571932694
330338176
263433398
72657505
2962663072
90721484
208401234
1587200185
27502455
57769091
356601338
24891679
2657844983
337871581
46452080
222564691
14437161
976711568
2922928743
816869611480186880
820354372827758592
18678924
79743108
2892815716
918154707796987904
18955521
21892247
423787186
458796529
591534877
81564767
737707648288755712
1308341005
18471985
20744708
323948266
36349420
979795242
798948976888258561
18182983
14104738
1494595856
56287304
523883465
122146396
4138540039
227073090
16139221
794702514251853825
2266925336
172886245
994178443
919344246263615490
3035255482
67442251
341122760
3749925077
3221065086
440246893
113304784
1242608100
280362781
1951690471
40720689
15601483
320944547
2371245793
2294847972
49217025
242502025
24732176
796864224932855808
912976764246347776
345779399
1510392882
3413549164
25837601
840320837144199168
914877369294483459
1157584538
45070395
241243937
2174773279
25993593
887800930409652226
562497779
269367695
2965496134
1281946352
115447488
364028599
15034564
37582085
888917639619387395
372456694
35291058
3348054412
417999278
2959938842
37509750
3439392267
25382552
742717532210114560
838446630454046721
736011957438951424
20407899
27179932
455684839
77024058
3063996411
132909718
133081348
244723246
19658149
844952620750061569
855240223432769538
967511791214440449
4014774472
864968566138966016
1411892226
409486555
856596564516651008
964032914626359296
4426368802
274440617
102515551
3333055535
2334193741
22771961
981691454962749440
85583894
44470276
449588356
580097412
635608354
1072134139560620033
260478229
14091091
237845487
19107878
14529929
4207961
2800581040
19084896
243291022
30043495
18686907
1111940934
910492003359760384
239892125
892275857779118080
11347122
30815935
133832049
19402345
2463477470
179615493
103580486
3290378591
954123510393311232
1022557721583931392
1652097690
1039129395473141760
764758299224997888
4143395536
130870420
1062308913813569536
228312136
306119569
591023295
348959501
1143501768229363714
1051886298984849408
1045666640292188160
47705982
983879308845268992
1073333976167792640
1580555131
15416152
718163923237801984
28175506
218141699
180171393
3034811
4835593824
816578053627252740
1073330440973508610
1093361703159562240
845392971381927936
205449397
187626904
771597516
83435515
280462945
2606556046
737441119382966272
777078964179365888
877969863658098688
68639522
2823109342
815592925564456960
861333535101251584
238577868
1020649220527796224
92394855
301847117
914974182705950722
3390728889
111655880
48385384
893392838
142499169
282417668
319062405
190323190
466097139
1877290147
867947619661881344
2256965582
274891222
556587623
80619799
751823207984951296
16664487
20846517
1202205522
255749773
804158537513451521
238098759
25539759
17432009
1372733640
789722272890105857
112981901
756247938834243584
48794999
58350538
852919512743559168
742212279920250881
1868510778
2236717863
14328147
806233949257117696
923389644393385984
3147696934
3065187990
1078823816904826880
1011490687177580545
871696395102769153
981352664565940224
202750031
48052115
32946026
1742350376
436002505
2375236504
22146373
26598353
2322358076
17849137
721963566782377984
720594575992188928
292346558
16049790
891069723462553606
1035848647513202690
266084123
1138375906727276545
182837486
38421112
1093570112
839853337835147269
23469093
49035671
1374965521
2436381673
2690389014
21291101
740969309606924288
2505272336
341299591
2478972273
364146528
428021075
763736899
33409509
1005492981909073920
2240887652
1064844117258190848
3201915556
1249982359
59331128
123327472
834081571493785600
89887215
454071012
130496027
132788675
14515799
258885469
780206406024691712
50325797
22883726
19682187
244655353
4119741
226222147
154311445
29450962
16378486
7334402
20742461
17579312
1087073882220064768
1080760884618768384
822412131983179778
763435692760391680
2342508092
1548015990
816834971797258240
372307504
3295104003
45130266
18143184
19748546
1656553399
770799019
238006065
19142702
17004618
2371065066
895792754395148292
1112801608717533184
22932528
17355405
3068164575
9806742
346865668
108646838
363304450
3166693660
277853976
252764915
26919151
5562502
196187324
124490608
89162385
16866786
18086368
1923648157
474065017
1872457963
17813513
445548107
956682737053728769
80963436
98987303
1069930644858384384
454863695
1086363412538576896
1086404657218490368
1343177352
115331293
727932611163783170
382844909
401539943
986501344235159552
963139306125537281
28792416
3273617478
1069067760
818624714625155072
1330457336
1035950660070592512
1373825773
2219902940
1884872635
815422881609973760
4652390234
622201256
1009165589238239233
1048266422336421888
1332920636
23970171
132698186
2194850193
932692603082104833
1071777608
852548131506049025
166655653
19660388
204118881
336379421
715951641275473920
1737817202
561539674
452754350
848500514870480896
923139198349201409
1022910687692169217
612659996
1118919912599248897
867935907319488516
97823437
1657928726
115861640
1416727717
536857973
1027336104180166658
22058571
939148120994304000
1226091312
980487176818479104
1715667355
21246047
1072734001
2296323895
1140344003940036608
267989809
715324520458924032
74059049
2511770602
1096383852
466169360
2243980364
41187965
35114987
41684065
154750810
149472362
165252204
170021040
54396836
27457697
557349975
1127970019986554885
1071068903063871489
828369103
309209541
1126665744681439232
960192239577325570
2580615695
3809752949
1121222995303895040
133398249
16616405
883568176520364033
226265991
2273768952
107900284
1142959979068121088
1104476238998134784
1142231784672903168
3987730512
4063752388
84426342
1081113078417293312
525707953
1004695790789554179
229335716
1142222221185880064
818880992253530112
1139245565194252289
279584531
1083048259311026178
336141094
1140048682521452545
1138458133918027778
86087163
1122498597260550144
1140707527711219712
1142265870800097282
1142887204366237696
1140740476934459392
615951593
605712007
755531485
292517798
87708560
1142892286562451456
1142953592925642753
138221064
1142920812330012672
1065396546651504641
1142802729938628609
1142882483324805127
1142948841051889665
803456526681784320
1142940152295120896
1059836767925424130
1131519038775934977
1134999866139127808
3082236205
1142884610201796608
1620921079
1142964558044246016
1140165204791189504
384141993
1141430136509800448
872595697
724219792727662592
1136085180970496000
766718855918018560
1064602807146356736
274826354
1139683061610831877
28211167
937534683918643201
142004372
1062558881187094528
50220918
430032613
1112553191743328258
794276423083036672
1110863341348630528
1103275509725777927
104497665
121290978
217506104
894981623103590400
357376902
974017656566280192
935531452858552323
4320418512
592298418
1123500016104927237
2879750895
4544708183
1123950933027823616
1119348235968098305
1116695201295286273
122753976
233984872
103603757
1126880107103178752
2358545944
1132104614482984960
2956248191
1183114064
1433860549
4625824528
1135754519042711553
1107153721882869762
2776689724
190337035
781060632628064256
60308942
178101453
1966282404
16349406
59157393
794292311572131840
4366625725
1069608150
17724000
1516296066
255472852
58129899
4712272236
36115905
30637703
861646049160687616
765191508572110848
3041638991
257203642
431091642
22181253
28937863
1019536911432593408
1006855540809625600
15496407
2872343897
1135240540688146432
2224151434
1140196806699180032
3158349459
951337240986308609
378259736
806517962635116544
253292999
1124364889336832000
1329921834
2493828409
1034845186424270848
56210742
1134953836408446976
2210576807
1138558388583981056
756034621
1140443322948997120
84404054
894177158
1123242899896979456
15704958
4046704280
2423289337
2393354456
879161563
14960215
19619883
15624715
757117388366213121
428525085
1939065583
2921662834
23569903
5514192
193517623
1194174638
47865477
503779737
3892926614
226404700
832320433957507072
1954293848
2796204426
529406491
980515576526249985
899377648983519232
129707331
1008731117942460422
3230083436
258615707
508241387
1029338534254182401
1051233680922828800
1009150409280237568
969194539180265472
1084575385323327488
1062827639835148293
1678771188
417558631
1129871946810839040
63918340
1127797533575647233
18857388
20233223
1098170796231610369
748939714716004352
1646712630
1114114291895099392
1115991384689926145
1115474759830126592
1122518517734170624
1116382856341807106
1119720970342797312
1122069119015292929
3027412029
1138565259894165506
14573926
1000556972096278529
60919240
55569422
47285504
358793990
928086882461904896
974731099095085056
2370710330
557415863
923680690876465152
3226147469
701436022647730176
68307443
3193633412
1104183016832880640
34404844
18997068
1260648566
1135029534242115584
21059255
870420971957518336
3127574973
3098691349
892796935735832578
10425902
91395758
465938540
2471686701
1691619343
298722362
118652694
15751202
2889355640
957000900005969921
962720312981942272
776512169475178497
1141798628446486529
1131376316677279744
2435757688
48517050
310676039
771696662
23125933
88946013
1075316217706147842
118569114
135767303
44680394
17768924
869885274
742905430029012992
4228626079
131554817
872603063256834048
120582445
929140552846794752
996604587896397824
1012626494806470656
1125059858456350727
63308573
16786966
316482862
887048441800654849
67039579
66007392
15838251
1075119539975790592
1076932957347110913
825495213422555136
901973004741201920
3512461395
911728529380986881
1034218380906176512
253309410
1089254820467355648
1092099421817450499
2437660953
842441780
351877605
104304116
935914411
836264586
18336714
1107523857328541696
257638018
1064687906533531649
1045163019540590592
15530309
38278639
1131178334950440960
2722372424
70164882
281730133
2322662780
1045372609746128896
1109695357657772032
18157676
2844161373
28425372
390800843
21657697
403059265
