292803891
963939013219553280
64547918
942707437
213482476
3224934760
429600782
1016519334
294332460
3897787454
557021500
159726244
1528001461
221640563
3406751412
799704459467112448
1920505574
872398098659766272
1603648596
2896022230
2234746724
1135254877607800832
1058760164
613713582
19788027
839582841470140417
624712647
32849680
2495372082
555620393
2816784923
22503013
1004927923
47964602
987321611329130496
987798415
1004772480446357504
935301052068388864
2796370400
1012472611
3183193171
2578962397
45826690
2497918500
733275138867757059
35328942
151965668
381187236
2701073637
1133435618984259584
927024908969820160
389230537
1041083018524340224
721882717491605504
1018227333205934080
1364953290
1081743221988847616
982002322870906880
2513472068
52567604
947477209119379456
2857969323
1102568608675307522
1138179581402177536
187518287
1144882621
3186124933
847948221699821568
927727303895011328
776682573401501696
168508631
1155497149
378259736
280354655
405212879
847921285065842690
3315219414
2680341006
830451647851618305
1270468046
3377402273
2996626953
2320109570
3165983253
1905311407
3001196056
1047788096220254208
314129132
25414156
861402877679611906
915754123051618304
1116663784385515520
876111462351200257
1102364548785364992
896869799959068672
830202268037283841
788354084046774273
934962636
428750186
32951278
233788247
769276958542737408
1669325431
3400840175
738796494
1041433668538060800
785968989092446209
1052618467684302850
362743638
2655407418
539335310
3784517893
54291397
2718274974
19715037
412381421
487591533
805780064
1583319019
3044186809
2252347992
1127107230
18478452
243224758
268815203
17573273
2746763725
96366316
461434530
314536466
905058838566625280
855493139188076548
2238578048
277191527
2460564014
22104276
2848609924
535918478
1884241999
464056843
453335395
1109147222329954304
861471388078669824
3241002472
1088554627061239808
1074724335640854531
206341859
908075733351727104
724647417635688448
4775584878
15531793
391403694
466856651
14787019
574777171
3370423150
291487723
201124924
25728193
68177768
862430017430618112
14430086
545674125
1154232481
292511934
2872693514
1451596640
2903955513
1102960501158486016
468669904
954503852740427776
134953741
230792524
3280215522
1017242034636144640
783726731718975488
784165874957709312
2590782420
2809118824
1526458003
309124612
726767006905573376
58544404
1553104580
3994919662
24252027
24472847
914469791431147520
988170200972312576
1090737374290690048
69378236
716038469454159872
814559392771244032
962046472857382912
722884683722153985
1661058883
535979334
4711280360
849220904425066496
3415423175
35109690
950717498126753792
1014235561677205504
1104228390272413697
959074945144967169
1061501879233011712
1013170836361105410
894177158
3311842694
4766599348
818145817152421889
617174350
727147848026984448
2274236683
3032170559
4859084939
3214331029
4813215018
2174803177
2424232411
2701850850
201465333
722150928573304832
3236330351
1142100345285414912
964220316686979072
316134826
29304600
2436250248
34457783
1030863103767072769
1072651078091661312
1634503045
1194962714
24691798
395515096
1094387392755236864
925541129570963456
865207886
1081033612684713984
1638886706
3324192334
197901148
1102329454444113920
20931083
1085261094862684162
864946352504963073
2163551995
963226590963367936
1436876052
1023687643408654336
2442002071
855890950547095552
3060674942
4247118401
1118931902461644800
104951501
261326537
1095712363783827456
1032700164211924992
837815746730283008
977234008231817217
847904715774062593
984301467359170564
279323640
329172038
1117460633086242821
47013286
853940480148680704
945931384807395328
89119710
14499829
5695032
22708797
14592723
40047360
56879674
30862829
31205448
20272531
22019881
106234268
14441010
633255857
243939195
749525383
311107295
1262498653
31136821
2232071217
620217707
2741335327
44854299
1976762498
984806114217914368
1010106141823721472
