442513039
738304293313359872
1091002735867105281
987082922459975680
297246121
415075929
247610675
754781047456468992
14709302
2821109242
2687999594
2876817113
2280115880
2270776861
1680944431
3342291731
168508631
1074708625
869685230
2200305589
769624199430148096
91070492
229071355
426842469
997126897510354944
94488295
860942522
851447849141366786
768448402040451073
145091749
989873044024909825
3118516914
194836141
171881218
873886842
48799978
461691604
378259736
24259734
3331750001
322007687
1053387372975538178
21715282
2844569713
1548841759
602847251
2887301980
2897491036
2148009361
2873145509
721332934314172417
737368948333776896
1895019607
1949689806
814457108292915200
17329660
2565082368
564517271
914456083875348480
155889035
809980906404454401
1145330779
1007210042
841293352305860608
3030508523
2467878368
3404878672
2878501992
2398698237
868703400
2841795280
810979391048130561
1087321546602020864
1103257543416139776
3515201656
297929305
4838506977
747751022454575104
324599106
2704543068
408625631
920090856
19350727
27271828
940577794467287040
297898393
69203712
924315400531337217
365294681
1482687313
3004156379
834738319
338448758
79937043
225858328
169805598
26285131
26465671
78913162
409752413
2548351908
31304026
16821997
15065596
331075564
3253939056
87021740
2190099804
990028938633138177
887412848669982720
80982210
988428291441938433
168558129
