337521980
4284288797
948928566602948610
989267823036915719
470398094
931611858557128705
553442854
1444023595
880779067833929729
1075369103341314048
100301711
978621905774239746
2441666255
170291358
81875055
4203239195
3407247983
873535741963448320
992149270399725568
734778182105239552
34374472
927480949
105800463
143779403
124270074
18020612
79173926
3307929149
385306338
14291684
545081356
153810216
164226176
117777690
714156658054852608
1133103140
976067864800169984
329726968
218156229
229028705
2887210403
2401604413
182835001
1078762019803811841
1109326321468039168
384016293
1099668628629274624
818139857117675520
2275273516
2473194126
3289823560
3114775972
598360207
787503957706809345
838754316743761920
718065415776256001
938872777267990534
770387304976375813
1731409111
365664872
397509811
2685550222
935237741809422336
1062020845592289280
230121986
1049758103674195968
2477443639
203869617
359048749
2197831816
855536120788025346
821740040661377025
493965226
2838598239
909218114960838656
2217237512
168335458
215559062
3076472380
736187340750721025
765294091974303744
2192810155
115403297
87894136
16459325
24622734
25533281
2467791
491888282
859657021045391360
1150616051920429056
146714615
972651
205789121
2615965075
188443744
13393052
26558890
17180285
130945778
1055519404224643073
470792609
257332309
16369783
264281499
24216951
15723290
52797896
16312576
2337427087
871253046
333026230
32478272
14982804
35515414
3246527579
1072276290
15754281
14511951
37595712
3212581
4496321
2608241
49580825
2786701
190541883
427831052
1150601439640637441
1150433636958629889
1145719622940815360
1138560061737803776
1117364040450207744
1150612511290380288
1148452024779825152
1150615788400734211
1108011575942643712
1150053814491160577
1150614161090416641
988598195608371200
1150615525409452032
1531801543
118838969
595659586
155814794
1038266396
342228054
319346106
895014702
103945436
181669963
26880719
102397497
1202793056
1306576610
3198124329
1416239036
1100122416196403200
34395187
2179180777
882929624602128384
733766498284670980
870042435602329602
2283579439
14070945
33957380
921424028178534400
2423936977
705511519501438976
787288937760956416
14277464
2646490616
3152959840
22642056
85614643
260957901
1306028282
291471206
701005716375601152
2656855124
25503579
14649726
1449297073
17370510
886791655
1566835471
2407541568
66357229
23791197
211101657
1095311702969778176
299120018
2291844341
1127956067734966272
2468990318
617405798
71757507
937456453400563718
1149254659535712256
816746958060683264
1123919429887250432
1149804333703319552
793460581793693696
3121388469
252554409
460548327
2473701579
145986386
1494313766
1148141517384454149
1150008148541001729
229515050
76691248
64753254
2433457332
113054322
27102977
1076345583453888514
970479661997350918
154311445
450045422
338771605
443418686
12704482
1378252837
47183301
68554822
946449373818474496
369229921
3304664637
64444368
95122082
146745746
2479071475
46898758
975192811
67782180
234432861
112599598
246394163
1380898640
38676903
477051067
711670148881514496
33130543
2715827598
898976316
2403018002
321041605
326002918
1051660188665765888
1068285830719041538
1065491217125908480
42602462
23905899
24946505
4726534534
49763470
71082732
122210371
139185720
1054089884548378625
72118738
221257876
139960448
3379658705
119972954
23831682
421830010
3105826730
1149843162963369984
2172702049
785442728
35315865
83668057
378259736
1364864468
776682573401501696
865946951988035584
194871638
1576235694
74129557
1241258612
121869155
15471549
1875854796
110772878
2192592792
322658299
196458749
187518287
2561407350
174847568
3186124933
1121779639284711424
555590432
1089516506906390530
1145707229707767808
856079742
1667893315
4856879061
987055110
543122587
153847877
2379588769
20214005
18785600
2383235360
199769212
901022136
1088619773116772352
979490571638198272
855931546167103488
876517339
842665116105658368
1143584254812741632
1140911198180904960
916833037400399872
944330998908583936
1114894101940506625
1146840829341908992
1138738623988285440
1139607851398307847
269861941
735700087469264897
1719964934
42514812
264429185
588553571
499906354
984629406650990600
262524868
992981516
2737263334
1115874631
948037219155107840
31564392
1064193842
62659752
744202210586824705
2474400055
959162882674978817
257115140
64756008
292074881
182690569
22800916
56905881
19899606
14282169
1356030014
18085903
30800681
124216813
284133496
19472876
3290260638
20878297
550250082
455197737
422940343
335419629
287548773
336665024
4734042567
633802857
16517337
274040385
1051795722
68682177
196072028
38697692
111318646
42731610
433611898
16884556
52395027
37524845
1278586812
168194762
108539160
551260891
37890470
60389225
279871087
260791214
1547702064
3156889467
189802584
82212001
79126365
100211217
87775220
82860867
355490562
74798249
39041179
451217446
69271273
64144208
23799890
37940597
54866208
16095569
259467352
1572127688
127544792
180844929
113077732
1144644441757691907
1136180219533058048
1149567937939791873
915642491382243328
953750180217671680
1149568584047349760
1145309595805671425
1149570885478567940
1009561101997142018
1070245584429187072
2325495378
2908170952
29458079
2417586104
822215673812119553
818876014390603776
22203756
29562422
48223726
633797941
17685258
75541946
1249982359
292929271
15416505
50769180
22703645
23022687
471672239
41634520
818927131883356161
822215679726100480
463015898
958448381755617282
881214923954679808
887652470
712655895063343104
831470314483761152
849299238496460800
2848124475
1148985862723723264
1142858445953085440
284604912
1123694008553869312
1125054332590858240
1010823803985956864
992636322
995328130234580997
1714148587
436020438
2822319244
281663466
1131542656910286849
4700772254
896368772537364481
1024173358479495168
797444535198580736
2352790655
455895084
800084468522360832
727022335
3387701673
140024071
3589500982
3181252278
707969847
2911473627
1363361480
757567625136316416
376971036
2939975793
820253407013470208
726706880
39215419
835500783135240192
487758835
879224258
241487211
1618801682
33588507
3351870239
296983126
2252351805
724657776
216036375
865505045323800576
59601797
16182044
1484015923
774809649983975426
824277356
469508969
153324320
40205617
489387676
438355707
1994321
59331128
86129724
123327472
61442211
109087375
148276558
23375688
154280902
