3717293953
2747498391
90309257
795363434980319232
158497464
461691604
1149775654231011328
768993651833778176
2339148332
475250964
918672232833880065
2345743333
340999482
1058735469729669120
4899350893
2786420049
702604930436210688
266429388
265777616
2217401528
3096865030
2845718307
740936273909690368
718162168760303617
1025166743545626625
565866811
3864246502
754754385092026369
2907774137
91175973
439375864
49746879
702618397515845640
801930680531722241
142014736
2305811779
3192573188
1096621122164908033
2712448951
2322227315
4071896232
556523458
27768247
781896805441163264
8398722
1507617380
3824905336
2950961005
33962106
2687831276
825488469271126017
3353281852
1536235855
780596449
847491049173823489
3279930960
944345845
67205047
962503909
2941143578
2888555519
720431547434868736
1149942961
1109591706
168508631
290582982
833786080059027456
378259736
3243492486
195520479
3031835377
3340551119
586088786
1398960036
984890390129008640
1047794010339733505
1008954505
3389750943
458920357
783740564
1491612972
95146289
2391525378
197662233
3699591385
4805569528
14175358
103629069
263115805
576365948
1144426059582119938
467875202
908766078527995904
913867512747577346
2960429831
1242788624
522413356
182839127
19725644
943247200800317441
53195953
151734578
15143478
117077976
449564878
2355808260
15521075
1338045566
3072013016
1092268705994526720
783047162586365952
791914904894763008
14729597
415075929
1029131902089875457
519697310
39939758
467928250
3016135655
858595101534236672
76332033
23226821
3318055291
2339188736
2305304395
1025771749
1896095874
702991595482832896
1096178781616623616
89484710
176256350
296924961
1144364624885637120
