2305304395
3717293953
442513039
1689062472
885953601067208705
937413596857950208
1096621122164908033
394060363
264382869
2435499030
2960429831
2579282690
881202566
3253256552
781896805441163264
8398722
3244724835
748207924686708736
2900146091
1507617380
3016779889
2950961005
27768247
714939972000808960
819696411121856512
52584039
4055244851
1025166743545626625
270451177
4899350893
1070127692932993025
913867512747577346
139464402
913877340933017605
708056688876605440
768993651833778176
908766078527995904
15492359
4427049741
32372834
780596449
783047162586365952
14647570
621573
8963722
19658826
17842366
1435461
17471979
15862891
1891806212
2326280588
3355659599
100255844
1154762575
2866749790
4071896232
2876707083
994511898
1536235855
1058735469729669120
302128639
2472576967
133483967
398754763
813860534
1074708625
595206056
176453047
565866811
2345743333
2687831276
594816093
78683448
1615876674
2786420049
1511938453
1108021078977404928
67763905
3656836876
3243492486
4805569528
833786080059027456
754781047456468992
14729597
415075929
168508631
3699591385
33826996
90309257
847491049173823489
1361913858
191232431
18100201
3353281852
563538886
2272469929
825488469271126017
1378238418
190406832
1855167860
2747498391
874337162791079936
279489261
700684631381643265
847789794470105088
994333047800545282
3017093141
3068862805
1091402719213113345
1098419912823861248
405124299
752642655448731648
1038364452
1008954505
3061881732
423433891
780538171830378497
1290000733
760341961
1109591706
301568723
290582982
874857937
3192573188
586088786
292000570
754754385092026369
3031835377
715573452535496704
939107502809108480
1004456585093996544
3111514054
1144426059582119938
340999482
475250964
458920357
213505978
740936273909690368
889600260703526912
2712448951
273333980
296924961
1029131902089875457
142014736
8736882
3318055291
6433472
12089642
290112413
17328647
262805048
266429388
584375980
2201715204
712746481
114276080
1398960036
2845718307
519697310
3389750943
844959668455849986
570261432
467928250
374060516
1047794010339733505
400247968
2339188736
858595101534236672
813826706
2941143578
4261695254
627714303
297515348
944345845
26790913
589308885
1149942961
3226725032
943247200800317441
141379865
585884740
57197507
61525178
3072013016
17218697
1017873970098388993
300423869
1131998516
783740564
3295024222
26061064
95146289
576365948
2579447023
2184635737
76332033
132993937
1025771749
2391525378
1270962968
1678871282
64540763
53195953
89724329
152889033
39939758
791914904894763008
1092268705994526720
1144385323658387457
17138582
702991595482832896
3016135655
137565738
33962106
378259736
467875202
1491612972
2339148332
23138096
783439516916867072
1896095874
32081226
8071702
634145696
89484710
1096178781616623616
176256350
