88612343
1194693866
598979814
1060584809095925762
225225182
831726373584650241
964289221677735936
1073958022400102407
37143139
811016334742061056
867046028
351151761
708156661
271075882
1007060625028071425
225985524
4890589300
1103667503589396480
850765289641963522
1047142244128624642
792122343120211968
2492497783
815002874698600448
367537408
104517461
1337455850
23986468
1544516905
1140456423622610944
1087074105264869376
27394430
378259736
948775873
1064265937862443008
459760341
143086518
16487505
26010407
96970138
55133289
1021249086585008129
411863865
12602422
621326978
932732057825959936
1001290506528272384
16222834
841691993461936130
3245529175
2238167760
2502272860
27094338
840411535235305474
944203369
197574089
12346782
14114579
91533303
1143162576974598145
342059460
23449993
3311752500
1139278250658729999
1134960402436169729
220623013
1139143671054344195
2601755868
387141148
762953957119516672
1139551411954421761
2796851604
1141167557790949376
937848229
1145311569342955521
1087593236716085249
988013926372687872
1145333166472753153
989443635342012416
385858184
979741672299937792
1145609156960776193
1069617849411543040
1141314744483270656
1615142874
1117954963169263617
1146338264581672960
238838485
762352575748247552
311848155
899522938185015297
1136437022233702401
1121750031982186498
944980273233399810
3361395254
1143853936740315136
1004133980919160832
833386157543215105
926647299983343617
1027649368722161664
1058506534681014273
991772181091831809
3102780943
1140428505215361025
842199404
1067546296003641344
1144887622830977024
711055403
967641846988992513
1033972223743148032
1139918406285713408
777626400249425920
701778169775398912
4835207067
1143185693084139525
982622098681139201
979725450040807429
1025034163152465920
58401611
1687033218
3276446708
1037737081613758464
1040716920725614592
2959561462
1082143479227019264
967612906434105345
891027766564368384
867105016821272576
966485677469773824
1093346751858294784
860017185837555712
977305260271300608
882021883390177280
296335646
995596001762316289
1005708936761233408
1077474238552891392
1047319658943172608
985969590063845376
969319463530258433
1043123393128792064
1023147447214899200
966249751598456833
924188118596567040
792589973652254720
1092990436204036097
1072951776658239488
4854389661
1071824644997570560
20703602
4705645151
769588727186395136
856746696608559104
56448954
898716932454699008
299342126
2238846725
1054536849463615488
396078005
1902438384
1052371489117360128
1095348844030758913
1131326890373931008
1050110871236694016
2653730845
1055465204081864704
17902569
1077301064
47538884
1011672804218032128
1103826861673439232
2720696786
15507721
1104826663936901121
825105062527586304
1918228988
29615798
824559390
1029678967702343685
2852206790
61672704
631538599
316294081
24490637
958193839122014208
2235690179
1015741273817444352
958819039135989761
86295643
972909643084304385
949779799890853888
24915323
1088520724179050497
460084994
4724864473
637210078
744187052
1021090412763799553
1142083851457425408
16630208
1342780218
1054342471507824640
1144606430567325696
50689849
196618330
901130821
1140283432553123840
823695093072797696
1142016435956273153
1144299574619541504
1144891000629993473
1143709690951602178
1144926932003250176
2472203294
1119966164795437061
890588003411906560
177067626
3406603149
251485658
769224192445255681
1048238553522683904
30557681
1139904086655086592
266775089
310560642
1135009393076924416
1138566509742231553
935760002
34973883
58613250
14521594
1139426843071827974
87842591
28342213
1141025583348035590
336865258
1139570248586342402
2869874812
861738336
3281910823
2415221870
159709252
945342786194337793
1048366376891498496
1719396571
3360670694
786635457614389248
2823297558
15886024
102079841
334803665
1102990842980065280
1010660286536257536
802167034150813696
17116809
15653020
14052791
20119226
1137910413083979776
18834502
26391931
15462599
15567729
15342235
25915580
16268416
1123275901863698433
2856391218
1142125781751144449
2942197947
234308711
816835958133968897
1114484719716978688
1142404298472660992
774946106
2189145588
1005132825446768640
1047621457449287680
735750992
845010978
1115034269309489152
121613046
3002355754
2371683602
1122111838123171841
892643456945856513
992256483801776129
989865906993057795
952289972765077504
1048119711509110784
1083065728188723207
1132281890864488448
1024350245423992832
1030799458483617793
1034641334777327616
1069923769454477312
1028260251219283968
1067313870765584385
1095840556620615681
1118475189073747968
341648497
16529873
1140554403847507969
135131434
5689692
831047160577744896
3742035498
1142709514933694464
953593807559208961
836253001547292672
1140449462768361472
1143131444610400256
1143735827383508992
1142346865586786304
2252111934
1137894356407410688
866414309835984896
888354006321463296
857189178295156736
