1151511945712996353
54094700
1004835077350621185
1000210855957540865
1016059981907386368
885089248013148161
1052331772808192001
1012096557817180160
28402741
1015038608598712323
451261679
776535996565364736
1053485936191856640
454306253
1050186526800273408
790216951
1078440925330690048
2510241619
3195548017
985686123123949568
372959979
2241150253
819688040755032065
49417006
960785661660975104
1048345748079751168
1051047596926603264
1083100678610870272
468539826
1235669784
1074073695939813377
1046901285386182658
998140573008695296
1040640503740395521
816875967335395328
4908944397
4874452666
2835223779
826819105793642496
876408662318882816
770701178606936065
973027108564996096
961571100273532928
1004828200990584832
806079233378414592
1056146584432447489
983672504953733120
878961059553476609
785872502413225985
1019943895696855040
377234494
2844885225
822764988364390401
925710336661053440
915901040666578945
966791936324587520
251557585
224678657
1367689472
249670050
246320118
909054767724400640
1454189167
392683955
21764525
180392912
19240396
1243374858
273134386
34504853
510013612
120059562
982977110611513345
1191045336
3329719133
2207916705
1013475553796657152
4783626555
18838766
278684052
19526524
3432752103
1339687272
713892349949177861
753704718
2485108823
313839960
886356624
248815537
512875987
2344733961
19850374
154442889
154917290
471836316
1074611088
56149943
516431173
85771713
36472705
115321881
63108321
94832890
803934763
2585750924
104106440
950034164
1968630673
31727920
1366851984
408352438
213647557
1151199259984875522
1101579771476086784
946129835524534272
1123937742176624641
2690101380
1083811458138419201
1131909111690551297
893705600953180160
126030316
773451736275120128
545869042
2630159563
567269167
52443396
761519709380612096
850024751137476610
835109329963470848
796162074
38218824
926155819850268672
96814557
1712174640
1317883286
1400777804
24153634
25379961
959008732414971905
970305038
800332484
331698668
44285765
783628695080755200
2565846217
950664914317860864
1143182940
2477965730
142616131
753256492699095040
948217153018384387
828503368045838336
1362499526
895314997194227712
943273747158618113
2777534437
706764132184432640
808089998172024832
4243159019
581931500
4611975321
2898827667
3325105205
2446938020
737163631528312834
2903893924
753916722675986433
156193896
3346490091
2415817625
334054650
716915545539526656
296124357
832488178082734081
2942579679
855850437764927492
1136834894
2554690068
236119745
781835440840183808
51133321
124239708
57369931
989890814527590400
459335145
2964328726
2687295422
365577229
2992998298
2946934149
2961829641
737026274
606515521
1382692608
799438075550199808
1433723310
346025070
2838144677
2896130092
122105107
83788155
715259642494976002
970625491941167104
3406890765
3065741446
804735637630971906
832186936857096192
816167605920792576
980878486779977728
846745609784700928
905091678666674185
980411783428141061
1104329977
913412549806379009
979702295913955328
3012487103
12752632
758028710251466752
3389992606
2473593811
100761980
842105385230069760
21447590
54109330
862845666132803584
68304607
3150307194
754672029844905984
3324535449
94214406
567247862
1612464128
2565240935
3726874283
907341956174499840
4363015217
212152534
4581625895
4798668814
722309054559875073
3099221746
481348986
4910730952
894102428286689281
32535843
3035239162
1657955172
1974304910
2949072563
707241570291097600
920464170
1319145937
259204292
1357928521
624513776
321257866
493393739
228418432
363891810
455073397
92072452
77549328
317123202
305444501
342624039
349550140
368879576
435720610
426575155
397341496
335478865
112492753
283459164
382051026
399415911
366013395
571902927
1066107648
811944418035036160
337673339
448184029
791919162
2303451512
3315313691
727955367699873798
3346991069
2609695814
2674984939
560281752
712795896
1485488156
2209556780
3005741831
320215962
986282258
51736393
3213157019
4395076840
4858061387
1188862238
50972245
1105580318000599040
420249048
4727047043
715663455181791232
1052498446303854593
790213198427394049
953680827266641920
3086471601
870224877315391489
893154099142774786
2951653875
703933971328049153
4598369547
3072202492
2277860540
1211172955
86697380
469475908
982986162
1022187390
1370009886
401247561
3096451480
712638239035752448
377875497
2939671402
2977848297
113922413
444490367
3124593274
63145400
863470940755288065
76056986
995042064
1872463368
734478434
2916910149
372480800
1386356252
201207862
1958294863
247793513
826118228304867329
1065869268
2416090057
510728560
2964607937
424385794
2773541099
913238750
608764158
1483522250
235177981
496335219
3501211994
25040212
2926368858
822769534117482496
576222834
1016435840552194049
1103822249109438465
226365433
184886542
982788088060456960
1104377531384385543
4878650007
1071003658110885888
2420135683
28405767
950429761905528833
3350283897
2347366344
2347362847
246258450
58175376
1099089314561052673
2530803846
500968897
1021260430033895424
3377250795
1120063237272276992
1022312983828021248
1042431158221385728
357761519
2396670061
728297730674659329
1064524820
4212098957
1128543514726359041
625085885
3076352327
1141272891117277185
3037578985
946493441164435456
3122739638
2974696026
1103892390425706499
1030131875162009601
130165400
1080521966858178561
812072976690520064
456870438
1024652838910210048
1080905095280250880
1015488726292627457
973729852049289216
4593354743
2214545128
870078568528834564
1053152628799090689
957239048963350528
795245296288669697
964950367665614850
780164200056365056
1531654021
67318002
21648649
371238644
216299334
815187570
2211193424
848817458
539407939
2439623645
26194077
4185038309
914772853844791296
917145523261493249
757929379154518016
1122561505
495213213
1110549144094035968
1100015784011747329
1129561277481619456
357875764
23292410
2773898601
1130894728965308417
1111698418290827265
761463275951456256
999672571208482816
33946024
2365828291
625640550
908797999471525890
2693015628
1019841815967457287
2490623983
743970737166258177
50197507
842116398
54503794
1125907450375430144
88490391
32946026
1059978720751112193
2257946473
1083623889161342976
730940440992714752
944262707217186816
1142909678977978368
83715106
45202677
31951067
15174213
74762145
14433386
255520745
40266909
15704731
312667103
14848173
367519281
2494301575
928318397380689920
18562791
2211912330
306583009
22078172
6687772
7661212
15353610
13094262
19366142
158516358
233630432
147971244
3095822765
17004755
17472641
53431032
964744488
2841884049
407770579
26099938
1666158660
14750983
19722699
109257819
16435797
16817883
14437914
16715398
195452222
2553102433
20065936
1435461
1424891
15864446
29342640
17998609
742798658
581012668
8711912
1349410248
24750136
59183399
405543136
999293378
378259736
33279746
14199378
16630098
39749842
992728090962026496
1018994216263995393
1112682055849127936
1143231044
11832672
4829813404
846707484651868161
931570488
2783448843
1042506330555203584
388829283
3049298690
1252331118
83673679
321887918
375768413
2912772052
98639150
27914274
550112301
19284493
1114049623121903616
1115874631
1142051959211462657
1051041740105441280
150745409
2393451961
47534626
4374298527
17707862
19161627
131591710
2242565611
27193348
150239373
55903822
19305591
27219100
510223355
410293830
203240625
122078343
18880833
100197965
16465755
478612357
431451195
27348094
561553692
18600893
357580130
327841117
23732479
89892108
588584585
14359246
1100371970
77194832
19671356
41214271
559807319
148313538
34875066
221321745
1699595180
1190011926
1353787416
902839045356744704
48706174
61998107
56251325
56271327
27117970
2761055621
584193019
247752101
930784916
4845637421
3244356167
69485751
977233035824390144
67070487
384622028
1102435079803031552
106150084
978997299069284352
68184925
501741830
26497958
879285673
4885832644
405254429
484209126
2599010778
2518346796
33270518
909559717122400256
101361870
2148090278
21005188
702533890259476481
942412906154430464
84653539
73310442
912301605101457408
31292265
17108182
949325743384858627
579299426
15068399
4251271812
860158302
10305322
3381916701
145784826
14599117
986063329021124608
10666172
1127651
1061396651775025152
85262682
56853892
971128318677446657
19701699
2826436783
971129655423066112
19943686
14592264
12469972
613901115
367442373
702311720912625665
314337092
2972917535
3377399399
2151813561
3050258265
2957053929
4765451594
959139878947696640
956908812212064256
315726416
122763720
2672721317
611914232
434880792
340846706
720977568
886552919641915392
733694856128790529
2949053602
520575461
48619222
3149716487
896374829707915265
4899238829
3158702917
3344353031
2769793822
902621058557235204
2738928335
982676957694480384
27426002
922608112015761408
757856124078923776
946990190693842944
893870454355656706
4188870441
2460357662
4110522315
279472812
1121488916031385601
1926718783
21315640
2493819954
256675640
4394387500
185538270
534842067
871145621662597120
523407583
308436191
1061933856801067008
1019610076208910338
4019528848
2169225754
4863483359
353612359
1043631301067243520
778982606989910016
103267671
438682642
3535418787
387738295
19226961
741590076065501184
440818703
140527665
1368116144
19455187
38464227
154050557
298744792
393890670
783475735
1034292613875023872
3432873417
52912351
2501902394
756783930100121600
2722207030
3319193855
889930924615499776
1019919950948028417
878921451897749504
130181741
466062484
706048439390441472
993788764811091968
1734635977
371299506
1014309232391409664
994555465236471808
883253526641741824
972868884645777409
851938948813291521
1064262716817313792
2946224313
902617942394896384
41609775
727638833773330432
739209684394082304
2424318663
756390448474755072
3154214349
870130957
3118169458
835083155564556288
913727081133068288
320274685
2734052166
1586884778
858303366996381696
4784015673
88082950
924288108136419329
847076008306135042
3029096935
2522554754
735151862421327872
710632304499167232
711335416151089152
606412878
2539807564
815969078758281222
2265960475
4795218907
527768327
843800824044122114
862209896866918401
810875630845829120
887004964064817153
33923443
934835286269448192
971636692200443904
35908490
965661415242641408
973251891160219651
926012575531261952
1040591956689080320
1080204758890303488
743462197334925316
975057554949722113
232805860
96555436
29998305
2794930986
732527601525358592
876182094
2756504511
583052436
759083768086925312
4809014439
3354455772
122956368
1020627011008540672
596204926
1000238794556129280
192947735
38797799
866953267
52544275
15764644
34507480
146556805
1096845500
226222147
365956744
406034400
29161786
310709509
268414482
432895323
849804653307076609
1048765417
621899531
1117836361896210433
1034906080843718656
759393787
875183631169331200
1252694378
982824998904582144
84157430
539427670
552531226
967929328053862400
911592877884616706
747686587379621888
