67719573
763756
318694482
1014506466693341186
13615722
21522338
1045880340
15473958
956993587081867270
3111817590
409486555
2893511188
19397785
24245466
750751206427860992
186154646
1113344354393915392
16305370
216776631
24815314
24807616
368196789
710960016136732673
2916420628
262795624
2983295300
2929007637
419062662
2740918285
1059584832081182720
4823705386
149414982
59923903
19682187
333980319
20797196
18948541
21789463
984220055406895104
21570168
2163374389
3300811066
2370991351
36743910
1316390684
803694179079458816
357606935
824116562768621568
1064206014
1054070763655811072
30364057
46335511
19697415
146099195
378259736
18393773
556151596
66162716
3342152225
4519121
20687263
309543477
5392522
2836421
19562228
204832963
18197476
48599082
320306110
2203395674
911970977726136321
3087488913
11348282
37710752
5402612
34743251
813286
138203134
970207298
44196397
19725644
