1086432515412426752
783740564
25728193
804955748090478592
429298797
754754385092026369
14729597
442597084
4350436221
702991595482832896
1361913858
1615876674
235213723
1001511262545592320
1398960036
881202566
340999482
1059541335311556608
1896095874
23138096
378259736
2339148332
33962106
3016135655
1144385323658387457
1092268705994526720
791914904894763008
132993937
627714303
400247968
519697310
584375980
290112413
6433472
3318055291
204196157
14499829
1491384115
75133920
5402612
2327359038
2339188736
2421111938
138203134
1911471896
45961660
2930592411
1096178781616623616
23544596
112195395
804887311829770240
2195671183
70964484
20184582
8736882
22190567
17138582
415773647
1586507755
72629346
978314920558133248
85471631
2833302325
634145696
76332033
280630853
1649769631
722864128558129156
144592995
2613859267
39939758
1491612972
467875202
868337598
873363256030580736
1025771749
783439516916867072
176256350
1144364624885637120
26061064
16191793
36439939
18194134
32081226
8071702
137565738
89484710
237380980
107506517
