378259736
794656911778058240
2747498391
4865045293
1095490160018354176
14949475
4587080252
18169053
16630098
166153652
2962414666
7235082
64813608
81133226
30328965
849958543
220393801
958414163101016064
1029067726277496832
330105456
249308339
16245822
398754763
2260959354
42914038
147971244
17471979
67100149
21364021
14315537
1397692832
332967893
122715689
22224739
2694251311
68740055
229900664
612382284
871766546
2896475038
155987003
158445401
4233884531
413930447
29993687
701827645437300736
14290960
742511797362532352
17841224
1491254388
351257621
192284236
743420136074387456
749368496589410304
3404241393
962496206
787980163
4444196479
405839130
162483492
14729597
105644803
629067977
2801564122
932244354
1399640347
1096835640
14647570
784848261093949440
1465046959
27457159
2863102211
14819353
2485606016
700432586720595969
255345670
2920695376
2791745761
909465554532159488
743062503429668865
285357691
975052813
118840830
824051695692947457
723804164917174272
396205934
1042507214315896832
920971676
3350248564
4740201087
1309081338
2810507289
61226587
4690784160
351401071
4833621828
523211303
1892420460
1107784226122809344
1048061020810276864
122739325
978011685201022976
891830876895674368
986696229051666433
298785229
1421480034
2750978743
747403788651225088
1004963141610950656
2324684695
66680000
2508936190
40059553
3010426722
317998035
87281493
97314708
452244618
