1036729383405465601
3304163812
19110450
569105978
321647488
58752106
1605947262
366407428
831429203212005377
2458051746
2811739274
3244684660
1972038002
2205273962
29221344
20508779
2965907746
1732694659
439170705
586284452
327262735
3238423962
239943074
53965499
2482427622
44648896
2335759392
2821205806
2745835322
816471540
636216638
2148009361
24259734
1949384245
30243170
843135263308095488
608247072
2489732731
1388496048
168508631
3336719950
15862891
873534859259650048
283696216
378259736
90309257
1139746071138189314
1394985486
1056149197
97406241
43073955
708826764
732365508
1433499571
21844990
131942161
35355935
88621782
506007359
1557362719
285125151
2292488509
1144426046961287168
17596622
3554721
5031151
1362315584
735582360
174775047
2707437918
2410749170
283273730
27895201
2763264732
1144235317374795776
479840612
1146366036192575488
1143276518124093441
529540495
1099592130
1604444052
179657772
1551101437
844321084602306560
199222248
783258370409136128
987428321850884096
4771841175
1042352603584184320
930568674259300352
338286425
225858328
27271828
24132507
40081196
1864189152
381893162
1300030927
18056707
34030502
3308448288
1855383258
57740247
109305471
2438890537
2923130370
2899384469
389492870
3306038155
745885865470222336
271519445
1026774090017898498
3017093141
763459432089001985
1657726344
420353233
1637886505
1145521619651051520
518656316
747435127
2625684244
2730349843
487833518
39822897
7867072
8283082
1485630540
18151317
14912751
27881800
522593098
15769327
3238448948
708675878167973889
2935548444
731026364225204224
2836850251
3030508523
301087604
115421995
794603641101422597
57304819
485042733
24026751
26419078
224759504
558555429
2559288757
65987618
14085070
264281499
38016096
2160074869
4438802957
125705137
615205006
33977598
3192573188
23496866
23327348
2834275325
49764042
1144739100647292928
812983857741864960
1144901121799942145
967704634042155009
851560876368953344
1145457798047625216
1145197762079649792
1145159204442800128
1144091975785730048
1144004235614310400
1145218651894607872
16085435
1144334304589176832
952962375967064065
1145472192559271937
2282894942
1145211462031253504
929347574279970817
1145164796704092162
