618464237
2466123505
44737267
1017592552692768768
473033627
863972252840116224
784397947374964736
1149942961
378259736
3016632889
55259925
1123890841637019648
2445365480
55554128
1108302258511532032
322842522
2579348375
258847020
2455933854
736440872158527488
883294784240066560
787623715
36639482
271594117
278072553
67333343
4875909875
20159794
1227734880
409830641
950596668
25728193
337877861
16281231
412528716
80294798
25494294
17215053
43081192
20667556
24514461
32883606
3079199416
22247127
1134545181481611265
3242519225
1061989750515646464
245353843
25202407
227274254
171496247
891031082
327344936
2258432326
930884361351770112
404342865
2565625076
4921396336
732638121641267200
750344739430555648
214196312
126591802
30943082
501705472
599613599
2359377606
857301432684482561
900597181484105728
34298410
836531154
1124682294848049152
923468859415453697
1708133454
817442730964094976
427597536
3096865030
998823977702383616
2429437943
1614447704
53512421
117873637
902491249
112317404
18710600
2822686075
974985352158109697
177234288
3385447515
913895731
64941438
2578310220
40556788
224244250
168498361
17051380
163191068
468467774
2974319561
3491090542
4878021586
4880810369
2890619063
584089217
1087453171532869634
898389314
852915390573420544
3784214363
722410938280894465
986297253701804033
3993265277
399571554
193237254
19453808
2217401528
865119624
946036297
1729929350
1006956313
569130639
515946434
