1071160775627161601
34322822
18031870
970048583121686529
59135405
394741838
1024734003549675521
106316453
707419603681423360
2854921556
20711389
1074257725
17681513
3225087707
31443503
2507796164
17948615
1143331458
22034409
25170188
22929621
1063167604976746496
16490974
437235053
39930605
1426645165
2346947384
405406920
74558185
16074627
37916167
782325
1117281944784359424
956163518
34317032
378259736
189658688
60680268
19472585
30576467
91008377
74759234
77984637
2619950906
236752793
20726460
771283980
59226213
18814491
710565500154208257
19397785
357606935
2304124658
2434051392
331004642
2796916474
621573
293015159
486911734
14982804
380532431
25242851
704854354419916800
20325951
40889695
242326726
806860165
8374662
2776875452
2766850603
20105192
314734443
156007417
17452463
15814350
12524522
38472669
2305855142
955646933854507008
170080701
2316384882
36279515
95835817
328970998
18278629
12266442
59785776
27368199
15360434
26800693
222531472
90917136
53153263
65457853
149841900
25058799
1730984839
148593548
8192222
34323350
55252367
310927124
393970544
920066839
233906161
793252618604720128
405078571
17573212
3260180695
29584786
2871627629
1504248109
210983403
376358721
19028916
19820382
449969696
16892009
828942117489823744
23717390
321703581
320154349
973052045669388290
127839157
23410776
2876071021
350018665
866701457629872130
3550120935
32449886
634871073
53493351
619177188
720811993
239225692
941319263909900289
319706273
1038050148461543424
4131200545
1008292480041799680
64544431
39364684
264315744
27089875
58769597
14049442
102452602
791770824126636032
84351750
221579212
183016276
258825393
9917552
21470178
150373518
228379737
224171314
4496113037
48428463
305217958
1503026462
28131891
482098346
81144172
319094338
75478054
16496156
1140931506
3180907718
2646702475
146099195
32469566
19718430
24460731
41360632
3276579168
237439761
574600705
40817161
552782694
29042893
15935035
1541034786
1093189004529414147
285282053
37043085
79293791
275231807
70856579
28225535
3031313298
233472077
40965341
64867285
3082314479
3110426343
1973354066
428650517
292250240
482591078
33402081
142116606
593785378
5520952
382813654
242169247
2198458504
3067167046
31012378
225540697
3950477674
