1112793457
193483797
1212140240
14857382
28918647
32378628
920717249765355520
892069865707667456
453478204
503279480
2830054593
236549818
964212282052968449
1220950261
2830174960
811939773468332032
3835048636
2424571706
946664546
1082584106771329025
2317098469
4771841175
889654548570222592
1203814418
3244454499
1904751469
1227441024
98268439
1262861077
3431374869
230508595
803249576971014144
789945720958746625
823983228432355328
2833952793
813042387735969797
927080232791748608
857313994360725504
841692190803922944
1015346379336634372
556278383
3429421661
48272917
2669237954
740021653841674242
863346721652260864
2688531696
1100087173775265792
1066383561098493955
2396802864
2578548992
793400153499590657
27690657
3960860532
573791752
3096008166
707161285562114048
1051239054203908097
875955122462961664
1056645712644050944
924406238124769280
979188731084128256
987493285554999297
935178300208578561
1065687289727262721
1105854638388072448
14414706
2617272552
16714347
907382738
17177482
19622212
92144604
2363624352
2400631
17093768
1176718992
2497242884
118747545
74451070
293486965
722831458310553600
989111225626910721
2681166800
561997266
1016474996367978497
765973005382090753
2794285106
1022042626562908160
621353919
473355030
1060940813209866241
1106594285942644738
776046474165706788
893645824298766337
452733956
349978216
3904675042
523379370
2252850199
720523873
770702067233161217
952934082098450433
1510992662
52730969
1578251917
1949601277
2467878368
128163675
913592544440791041
389492870
794484039969280000
938218356
770368572
309207293
2195838680
806637560432758784
1469896718
1942061936
799643160431493120
1051988750656565248
224759504
2810486438
715986643061248001
69651270
18918398
19704558
25134868
455052840
3443819596
849999588
2189319798
360106497
2197365898
559614467
2922553544
837118112579346437
40824030
2308358966
270627293
429443396
1410877470
361910269
607492340
430875540
2253805046
812929656
76979926
22157847
84704680
564170059
29292195
16119366
2762408847
403116484
2221323534
85935544
30540379
3266928769
734983728
1120186334
570484435
556149771
138042003
2565576048
3405194201
3305256947
760337214
1017126630098198528
1084359833996865536
787718609313214464
919417112837332992
231463711
2987415637
983304875562840064
332440883
37666263
1736490572
3121653481
2884671172
1020854796868177920
1955504874
164345736
2294792470
826524457275584512
471315603
416595743
967105028610822145
950233694
15762845
55668504
31628657
2167265347
3900896127
2240100228
478707996
950745429355974656
2980473929
325797540
247610675
708136638938005506
309909647
963401670
1332566462
361129276
3016007966
63585106
776682573401501696
366888493
48494794
2350395900
77907514
50077483
2707961760
128292609
541637104
771066512241065984
1118342931989925889
320381006
1007100356105392128
122512905
1447915532
2873994518
3105728930
525389533
2779285681
1218992611
508078401
1058376852501393409
3457930515
4828440886
233241808
702945893398487040
1452542689
749947261862445056
1368206474
1528861658
1908281208
721892647481315328
160201609
763445119169204224
1072488601768914944
474067820
140355830
25419475
97329341
195714239
18251223
877997086394003462
768883814097489920
3036755888
382400537
1870227042
3010471088
3048907680
176658883
484415967
4795913713
706133272569507845
1209273967
101792020
831190520286298112
2415178111
600803781
1628070217
996750199858122753
2997937355
360640908
18085530
3899845763
457266616
253849261
1045146524
899732031210389507
860322762
1547268714
809448960049823745
2419544257
1309113919
1601473975
210514107
2436355248
918549167907237888
493266704
44695301
773985793937465344
1855383258
958364808
34317032
89006119
2477217776
881606786876395522
2497282117
2446362566
1966777524
897622997082583040
750892662224453632
1032311272736468993
956247036550090754
3321413827
966393029035741184
13958282
85193539
97244272
774004425388068864
783258370409136128
435517766
750811903853682688
598942386
2911147764
20470335
2912852397
892185219423387648
6596822
1173231918
988535067688419328
59783484
210951443
240442432
320675637
1038334478
785217245655937024
1012135426583220225
74509437
386106777
407944050
618394948
794157450
1850166984
800284284028227585
187067909
125420462
1252519896
49658746
346568888
271331718
209745713
15537064
363135186
623451194
399507431
439872623
19689263
316109436
860355019
17759776
484416898
243396899
992085643
1179265111
321551594
110821443
590122638
870870170
712485582
1717315062
21704370
24939473
128275616
553926031
356021479
1450723008
15949242
322564915
293375872
340331600
64454976
68558704
232346557
15484063
1489170506
348783351
1258991372
2287333094
2372521735
1061623501
353139378
259032444
2294625258
95881470
94628849
33843695
144946246
1387939524
1380579542
902072263
551486488
2473160364
43893869
2323255908
388392482
832532425
1677547070
1107736993
83237493
917105330
36540573
194364773
163623103
127646580
283696216
159124769
385393358
96657398
906466254
161287798
24259734
410232198
224546075
520688944
451236001
2468149146
1849296798
19302027
1666099686
1589046073
2897491036
2560412106
824000078
2528251976
1330950650
19026735
2435789185
1694401938
2347831572
100344718
3445003276
94588684
2563984297
387933436
95316081
531154069
2488792662
63532749
243509300
2714351574
3047666044
322658299
384597895
404360868
2874048166
121502349
217295156
2194732124
1665877224
336218316
2655747020
20180346
22452669
2446027938
855106909
2646712256
263220322
2154127088
17522684
311451608
1926126834
589991401
1537565070
2371519303
3546111495
4702737326
987849932
283839777
50778320
612787335
803412292310175744
428670316
515723918
1904579646
495295826
794589876997918722
2453474300
4256128632
524614488
378826151
2871163113
50448452
65176836
715256464793804800
738539314645237761
151946242
20635181
1600111872
4899572441
44112211
1671499879
825740591610884098
872526149968179200
47989668
2191659745
906300084903493632
901098798767775744
588752886
2811580657
742436919175487488
3191279014
21068991
926523535018795008
2685321727
1004484314
404644493
2359718365
752300763183849472
183218923
386311949
943497458172268544
824642649067966465
265224460
426389014
3163150830
2448690416
3151937184
29571222
2868305797
516769926
3311264367
34145784
326952061
3306038155
375163775
922883416059797504
757628119184449536
174847568
958649520
107769150
56722075
1967447046
144746754
2279312948
280922916
627055000
224028123
2786380362
19717244
378259736
519647428
77220986
581012668
575568280
2899384469
1296672787
2522895488
339722887
33773592
250238186
3294036083
167531427
1908582757
14080346
15684633
128074569
140252240
302877517
1643827760
504803544
3070239917
441560048
19196344
545267309
17815127
711982906772746240
3470164529
784145225132322816
224795197
18615244
52287103
45876591
926049255755788288
14559745
16530525
66418545
22726133
48146518
2826513758
715965143155412992
2227275836
882635139888680960
710929956
2482300296
4855362226
2842725826
28481474
611777565
869124259
415303585
574086102
498979642
355338630
1640875219
2850381365
732662368128262144
882987223376855044
937828034073128960
34688037
1187160012
49856223
214130341
601352223
4560413904
892116882731433984
18346195
21571946
22132491
2996045632
20609051
27895201
38249196
32140995
84663513
43940052
269751570
900743018558500864
29737674
36134080
87965559
2748559290
58531179
245627114
152983209
7093352
104070525
1155653510
743559908939882496
884142454580142082
877138431473745920
16037759
597213953
17396170
545357553
280354655
187240774
946084788
16031679
2371339452
829881163472916481
139528270
3167167733
899938890
1061603192
2372609904
44692308
1633720814
821446682860732416
103064206
158445476
112562633
1948018404
81188654
31446251
398991185
115473469
188417388
255797635
48842195
96170962
6698022
65045791
714629671321600002
18176147
243951685
40581159
22045438
3083243143
554083816
29562877
318212327
404305400
20999272
22427824
31013411
57415997
497187175
705642624
121126435
126750134
293198090
938115037
1628779118
2993749106
23075284
1020399050
33051111
17162984
20788157
22981265
23521469
46978951
48360186
52259911
53109200
53735836
55880524
57992098
92456179
105006489
152276996
175301736
205838503
207495013
257778230
273421823
280753260
326385510
399110945
237991313
458531154
274718176
1024492165
708779774827692032
983009532350779393
800528389438205952
3380961148
738587018192556035
3158351586
2293026955
763432197277618176
30082420
1177339574
28006129
1118820366
1171057021
531829579
943238593333682178
2857031384
4877243555
879536914004684801
2209641480
885882167557009408
4922302710
2722594750
481764642
518184679
518624762
550317493
593264125
613714658
792908551
1087191709
1111592220
1167992022
1286426840
1311906127
1375518606
1390898862
1445020782
1481222430
1543180982
1633496226
1657726344
1706307726
1875808704
2254399340
2317396093
2319257923
2349443505
2388484242
2420991696
2474760938
2553102433
2569237019
2584476295
2818111944
2842195011
2915676305
3089990791
3130844661
3189070548
3304767158
3355569275
3687716832
3497183486
4702004956
4758595540
4805461477
698020262093008897
713419954767405057
718189040445603840
738838693943861248
745645734649692160
771561031663398912
800760858204770304
808905783668801536
822068186237566978
841651824306339841
847581288441819137
862300715322023937
882152716348387328
879026787833053187
875747582840107009
883367643901767680
888127081749532672
896162791568101376
908333586675355650
908505001584185345
912848821595521025
922927647830740993
933568044978208770
953690355970519043
953711315092058112
976290974346371072
981283777757380608
989310985788952576
992980506693189642
1000054112954830850
1005302793656205313
1017054354426089479
1017257043235954694
1017822250840526851
1026053171024736258
1029753005879508992
1035648907341123584
1036865359746359296
1038624680209342464
1040278923840565248
1056174061523533826
1063950764345835521
1070360113083531264
1096268496416034816
1153071312778272768
3517370548
3834912673
81233428
2164162112
2896833906
3065924818
3353117061
793750172853530624
240578571
1143950320604553216
2228448258
99599045
136406719
172052064
539212195
935288882446389249
3200005481
613491958
109146991
430645155
35615938
277830302
129526938
3357289637
2962136956
2202163974
1525764482
2370926353
1155497149
2802219016
3130628302
935332760
2335952911
2977605953
824312957194551296
114813714
465257387
1045176829
2835396726
496393900
2292070550
4803797508
1056672947837038592
16910448
169409323
529778146
770230812
807380426788458496
2938938859
45436858
538489875
73164895
395195718
2456851688
14968563
14056825
98781291
424691485
173861686
365026785
1546511982
821143158981533696
4037461816
1436138173
746758072333283330
294449141
16042396
1090261818260504576
24293236
846722117236396033
3130326569
986794331582365696
1096114881990926338
98821481
41146551
70902048
777623008995336192
949279803751976960
1018524001
4210668445
1087224036931846144
57043553
2474464608
1088659460539797504
217238578
381314257
2841884049
950398340
2862441010
55910998
260291488
2307583382
2963238181
2944953687
15489945
1951518644
2678410249
775535239
1326773444
91176409
2306896992
322658873
33248363
102087933
2826778376
858720020
1604459690
2190673579
1832050212
575905433
874355659
2704715387
16056371
69123273
104524350
2483070960
185716178
564259157
2381380914
27006224
381726717
425320490
381534831
92417317
22547531
1009339537
18229868
103091159
944830705
14571751
1047552882
253191227
177714532
18704894
130313066
22870177
55019447
14752312
788482656
29506821
22695157
85810820
495527724
875464707360083968
902974372658515970
3274849416
734835867722735617
634100727
2561595518
36697275
61005910
185721797
62350724
28642006
924187220
575681317
133880286
18244281
114670081
146123790
89792222
410462891
200153299
262219542
2297072474
65683938
14850576
188050180
25382012
839115002
869959916
377298812
41572208
183329477
1933036584
9013682
519683539
28552108
302147399
3222910086
453309824
2873810602
735271574488514560
340093750
831469505574531074
2148100406
22054220
1563503360
14721400
27540099
1234835689
996038115134459909
4336740857
38894993
3291621854
3396881458
831534650195660801
3383297837
782288491304673280
1083496610217127936
913451640975392768
710461254574407681
3304913886
589975555
581463268
224715866
330055239
545535923
3171500511
14750983
24127413
842669612
1303145108
1360557012
2161027910
20604228
2651212470
2745367469
947986136
910316246440173568
359207891
507391181
2579120484
28698351
597330065
490859038
2798873679
609207695
212463932
722419644661936128
961237580829286401
283185031
1202055853
855492041224204289
311847586
3909175940
1100829828511453184
103934524
136373323
826053468
300735398
3093876954
772565076
19808176
706265599702233089
28491592
83910195
277140127
3303761749
125423182
1653057672
26029878
4764943577
44090154
501405753
540982176
357816281
35061327
2790949826
893548412561481729
1493625235
136083915
823308523161448448
105918870
1260928640
811321767755182080
221896763
16785742
21166728
712707313757360128
2683828650
18019105
44562973
113739104
246560945
512390709
259990583
625070495
1113439933
241747976
324651381
321634611
14477723
1551091062
866628698
3194584159
121869155
1732960824
3186124933
4620451
16619709
2833024980
958321164048191490
2354013972
26099938
252250951
1083143204
276736172
2377958781
104389117
50035981
14714760
27834920
756475
75117670
485814573
1732534783
16597324
206001945
589676750
1880725393
912278708349698048
11342242
81478236
2357332807
22200760
771442401252704256
1595990905
282414691
87780277
2521747502
1337802738
479816451
1522917078
3281210928
869894501904654336
82675588
1276583328
132139684
341762894
614033463
1379651839
2239712622
4002414802
2497594590
3797338456
295758665
2782485344
156705421
417544907
292141642
4685999960
1668275161
573446755
578991574
824626790530514944
3508704925
787402572562849793
837000891001683976
861335381660360704
143931005
19955714
718703683
731118344
21364753
24742301
78360683
733372734
25914426
1599673207
4704476654
4276442573
856549554925297666
50907797
317379850
19608167
46128394
23818058
29741175
38493596
19911224
21675438
56376655
28823794
24233902
46129982
62527063
167098327
28133917
30499212
17292110
22029990
46124144
824690528511987712
2283829934
166653671
123955880
453215462
1537012812
855179325422927872
202778762
119434671
20603236
72331661
575676710
95479320
49703084
90564900
144988557
1561089338
385025866
47414934
3248227955
55556702
162830746
250697027
31817141
619965012
84360103
20867568
323386168
17719669
2279087959
851827463667822593
2176696494
15926176
43958875
887418487550988288
92029221
250698326
195874038
58179781
90511588
275675429
296873851
69663748
607473415
3198872626
21319341
18968955
2906617919
414108230
50442843
952299894
21656136
17787705
316857617
148951508
42279011
317285098
158936321
38516217
2266402573
86991022
3153233060
2375449098
71119289
39910286
114770515
1461237169
1673519684
1066868172496740353
735278690
2994336020
842550390818201600
52758368
1045348761751490561
976370883471269888
3266258420
2811503196
1553327664
14145626
272802770
320316891
10328012
786047748508221440
1060545835
389529702
4009593327
20458261
2537867839
2561407350
869685230
10238542
972510432484356097
3069063382
65987618
426091599
1227373182
4194013692
1049449200855920645
1019570212738387974
1050508072362405888
808067906491871233
247426491
1039670665526145024
1111337147246743552
771371893710426112
1891668254
3750396252
900429444057268227
784790210349502464
51111863
3012773575
829772340
972312126
2658107287
767318226070011904
3301860092
243251429
2420858653
750022168675688449
868430459759407104
1020047011415035904
4265009482
966377338836484096
4784294478
39039499
748207868
3107789363
704258769392422912
282980773
257617636
289859486
37517954
2993673090
747839256345751552
3362663481
2398262321
3353501242
3387604695
17850800
70784139
862037690597953537
155748301
1378210771
776446521625698304
19199474
3515085202
2586040044
95894506
1388496048
834599177757847553
54231508
853528219563290626
36069225
28393093
843928644221390850
169120402
14315537
266731430
864191974584307713
16906715
888897273714704384
94000713
4886438363
2315977214
240818745
9675972
898093159
811822338
985704439
703648327322247168
39308951
4789065184
722807334972424193
710121759912161280
426067706
419989992
15485250
178510929
401581423
14517537
780106255465492481
399009974
546150341
219702063
45581156
222295636
1075994534704754688
2351903227
16001688
983514416598700032
1137174943
958055978875916288
1161227910
1394892254
1074824147929305093
16027828
1102998398758764544
742418042718715906
1000751224315097089
189734910
4779863874
121978907
990416713081503744
322201438
3118374404
1119325710
278560749
1092818389
462917193
430197787
513270829
104584167
838169990
19538783
792013046
95974799
386733026
818263009
151153379
128672698
821974585
1004437381221638144
1468293422
742769911
2815412679
730619766583353346
216456513
15532765
994730755
4831201225
18967064
61753065
806164094051090432
227606087
52275340
322122983
829932884
312242822
983526984004194304
994996868756230145
910131595671203841
37049416
906690163048415232
913784325342187523
862441904436162560
2189288977
803752422149537792
1923959160
1069285031447810048
908713490180751360
2851008872
127984917
17831464
19775930
26287962
300454943
623854000
2763264732
3121005337
2903903383
43020461
3168161854
3756067633
955649682331414528
2151608598
486842125
44192982
4905973937
2449901917
2901995989
308132707
499396922
2241313586
3193286402
279186819
14347789
22205944
2997529448
3165455166
1188104510
3163312514
779046231800676352
130896354
7159622
68162542
247486443
26260033
254064582
2639853499
1183830572
701543457408491520
213955304
15032310
3449298254
363399297
92352911
242774458
28347964
252761011
86976507
822135037
65704273
26440885
126059232
312870878
164732892
89330439
337663098
365217725
15838767
273142691
198795699
487647162
91234403
66185594
33753919
171641272
100492884
2768130030
946248152
1018360718
457245061
2743201728
91194286
40561629
113700288
713469390
2839222989
485680726
53458549
1068962887
30221305
122496984
417553525
184943123
120176099
437297435
237442894
88273807
860534809
949085828
924753212
12258442
528070761
41423403
826854440367845376
737378468
758369358590664704
798720140
2560199970
2469677041
443280384
2516472546
385587926
2438890537
472226568
2588591737
61639856
963810382694567936
214165915
178026147
552006124
516715026
31569854
338742836
629357540
2548195470
142767539
38230247
395569850
2500027291
951834270745571329
858083774717808640
971429605767708672
102487111
1022957540626259968
2577265556
92557448
776190082382434304
1244118840
78009791
151670497
15909657
133420458
3686398876
9867582
943546536
709400457920143360
1050478406675193858
47285504
46049845
77030167
82439453
40789325
817079222787305472
108995096
100188103
56791988
96116759
15738935
822245328543948801
4827631701
402999728
184618692
54309568
18696996
59184319
2437502443
19918353
222146787
2752775016
20517132
25165002
28657802
103887642
18766296
247552110
19539716
14786217
43368985
22819917
78361556
71019945
529540495
9855132
43928023
29221344
15769327
2258145962
979003058423296000
1887133560
369141626
509030117
54667032
18767875
78085805
54772475
34945674
21876913
1702015598
1883893837
59238969
519692216
751811102175064065
718643991084818432
2775951641
824048469811859460
89251896
69131362
160654887
148972672
100784062
903230647
1219306548
76175122
18103125
1107906422
296896047
2863968921
3105410436
23989927
459898764
16327398
210841922
297597205
195799107
85811462
829765187133640704
94843728
374148513
148209611
3308793858
3742115963
33226351
2237898314
3322544683
232257791
3098471084
34267495
193305148
20591198
29528469
16327588
54324588
21234089
59487116
17199075
2307093782
267399978
14714673
121939605
18454808
84126669
2257811070
16017472
39633235
189236384
161705350
108684761
95983520
69970248
16573859
17969918
2493291698
16675107
20114974
225173188
104921182
22931957
15518969
34424156
29527625
739855488
419344685
366971503
265705352
3496550774
18816614
300552750
15359205
110727296
169273650
272069006
1944680329
2575323062
2358015139
127739478
2699500634
564279906
381307248
343203395
3311066419
782697025418571776
15163872
69080427
3259751782
45695989
17239876
4822463661
17613261
385275043
511013447
631218485
13893712
549449980
453892183
19624836
324599106
97282705
277302744
2923130370
1564558489
323754242
14085070
47349506
810709142
442866144
1400741599
11178672
1110153836
581798418
589535421
703559772675510272
416715629
378643551
166022406
19984919
63826562
18926099
191074329
216979622
303804147
999293378
392987060
203714426
1363206528
19325156
21917716
803346920613748737
115941650
981160021684875264
104900714
625221746
41655179
63966574
65658415
333677496
114525365
195838034
46115982
54424058
175497652
1090751404480839681
906845231512989696
233278341
62575859
423154906
3192972015
1431094039
85915680
30041289
3187824193
302412035
1732472689
112475924
3895127607
182839127
15776891
2917772071
779061254082162689
713593170
25983346
636216638
14395856
22597545
883201352
3456170353
4033311856
3717249319
56778928
2215842863
376509542
974583583
545643773
705526614684119040
132148992
797123824139370496
628698139
4872955493
1244868696
1725499104
1900629534
2904572142
44261504
66182591
1044022254
92692300
14995355
444945609
1405966890
50219768
45355307
843568144476192769
6073502
796398541
807401610565611520
14109075
2310797532
105956287
21875099
25786620
141991931
141237751
74222189
888047242124374016
20027895
67374932
25858488
3244293599
1228880564
19563103
1131711230
140947440
4909874579
710199858968272896
721795537641541633
818661645438193664
198020721
1505406906
188444270
1626045098
69452444
13927952
1327865594
1061880433
918235875678416897
898292055679668225
2195439758
911750256
21066164
328287799
278083839
847859910113198080
73552691
118975084
4334914707
1154837329
226011566
1727466480
743439804
767363298002075649
814589791
700420540629016576
26794596
317330534
16191846
927915684
2591911100
853243854698557443
151650579
746107609741131780
801639241
408580973
279663381
66021490
177316454
1694782680
2273410434
23556677
15887201
423924980
31443503
19505749
2745226392
1732829419
119123465
20105978
2844389758
16526606
15357521
1020952663
2478729888
763073412
16435797
1325951616
2999294063
83761842
26396117
7494482
74287341
226426787
355036400
2967402199
1620556356
129653547
904869467238174720
16031984
1372200414
708873112968945665
993913676850782208
16491676
2788259801
522848757
2583178502
3376304224
103019546
2469895286
20493179
2678011634
1382230009
423609815
76348185
19711765
3246602176
2881283057
385522168
870420931625312265
975569141229867008
3002818182
42641251
2908076385
216282453
972316837
2820250640
36771809
5031151
3554721
2270744659
30038587
15309072
14239043
769188695312330753
24457744
702290117856088065
17793878
34113439
63741872
18713552
869982661
16029780
20068053
13201312
138360455
17596622
17467699
137989806
1095834398
19940791
23638544
16867101
317187060
3402909411
3158695989
703260518820159488
18239725
1029907493789544449
1599586694
774634993758904321
63185570
59012899
295728052
1708744208
253099207
57625403
523361295
3058637594
63179315
2444326938
19339778
2321283510
113128934
375795599
237331618
2322845964
132947252
3061405998
365438535
958033539466977281
2693482177
806457629413412864
800459756292882432
1047536003181768705
706979704386031616
3253082966
620130331
69393978
39575580
1025185082
1042147584574291968
19767193
140137815
516856172
222193688
826876282864599041
220675687
61593294
962103210986168320
1080261779458973696
153871930
18049298
830154425452920834
14298113
110621954
30243170
43976957
46180114
198651541
4696728842
44706959
193815092
86196813
259422430
731927812513243136
2871040167
604981401
3079701749
636586551
