168508631
254806092
60165542
19084034
1291199636
17905977
33977598
2841795280
989873044024909825
238962470
1016622532131282944
777207341225615360
21715282
3342291731
922528415873462272
1183247306
803555436
838530475173896192
49317439
1453042970
2428047351
626579491
768485142
1080584229510172678
1079769536730140672
1082334352711790593
783792992
435331179
31013444
862037690597953537
1030891393
2526900595
3068667437
223560830
200634860
107174526
14897792
293651076
3319889788
3192009729
35306978
575655913
932194417
3309035346
2741516197
2957543594
2424030872
35304791
102417054
2829821241
962496206
2534567463
39694489
37732219
183548902
412933559
19416598
46161580
2460618019
71293921
3312185841
562817107
111305843
25073877
713648564
708056688876605440
378259736
15989138
30798211
1571090821
324978824
22674756
2800329106
18414364
1322712355
258847118
2208259747
118937932
46145761
34222024
115039678
21237486
13334762
27596259
2796557682
39822897
205195655
48799978
16029780
2855570366
50728194
1912648746
426901288
18683406
199360809
772131308
301087604
14682928
476811786
19108922
823786487917477888
847603048323010560
922885601493504000
2854909543
484805313
813860534
818105913957634048
18607843
4005605284
1064337290162593792
3333696939
62183077
1895019607
2190099804
3353281852
2687999594
255717295
1680944431
1548841759
3537221901
2200305589
2348908146
1067928688992243712
317653374
789167463397142528
15091672
4018987463
928083491878768640
1737147997
913628334
1528212596
281559907
573706148
915288691689607169
549407013
2872289273
756168975864692736
870455514420957184
2876817113
2811770483
1447535190
2280115880
15894092
880154821600456705
4032045973
33114838
46118743
3990894495
551167623
151589582
3439091355
1689062472
933035433700798464
580105167
2897491036
270451177
18456821
398754763
3404241393
2930216239
1074708625
754781047456468992
551112681
3244396765
2844569713
1949689806
920676712488361984
924509462618083328
133504570
771784624070651906
30354991
3044940267
255201194
2980294455
3189451747
1536791610
822215679726100480
3131597297
870145040
2473109654
532189495
20198534
3091276335
47983577
1295518002
297719472
248557341
431734263
206255645
388345704
1949132852
3335827210
235261861
2613859267
3751660805
301487112
2778808836
970207298
41569866
234059290
2797948887
602847251
2288395166
472587261
45439810
76715323
2279554272
426842469
708615442772975617
2820227945
700735057799983104
145091749
2873145509
4018927829
2887301980
781653795004518400
779413499269242880
730097100344659972
3279901298
920971676
707577402470359040
2889301201
123582098
20971256
737793589036601344
737940485977804800
737718345504575488
740208296
1552637701
3364115985
809980906404454401
1615566242
14606079
2786555089
782288491304673280
321933
720510080806993920
566226913
17041374
17041361
2996801
22814630
889084732641878017
951228914889908225
963772738254106626
774593527
772806730166272000
3030508523
956204295677820929
3011597593
2932897734
937050321951580160
444927395
517902068
999467425094623232
721332934314172417
16935292
1051942035668721664
138203134
3031389838
368052386
764254340752171008
923633194590666753
1062096939410448384
2610768194
2548351908
1112809334809882624
1053387372975538178
824000078
466206777
2388371658
11348282
20038221
44196397
2548791728
577132453
80982210
2980458689
3003650570
389033733
4200716788
487833518
71210524
466626618
