625112544
829881163472916481
978671691965583361
2835276183
316389142
1385861262
2763659570
14682928
2967402199
235671993
625534459
44562973
742769911
805357602
824000078
14709326
429227921
23865382
14957147
88425861
742453163098296320
755113
69076672
79001740
965266179836252161
3031985579
3404241393
332967893
813860534
34018296
1891806212
708056688876605440
60165542
1110093782
2905943505
2748969402
16435797
480037192
728598778626887681
903331413130440704
922688143513436160
2835079389
1030262504570724352
2588704430
259610318
928348023809290240
18656674
708615442772975617
303585520
822179513853476869
6507762
708223195015421952
32147629
744046387365560320
1915033663
410380828
920971676
16245822
3376517353
254806092
23455554
1112809334809882624
1074708625
2273069534
207171810
2693267988
2291228306
981629436276731904
4315352176
2553102433
347923415
1302050202
754781047456468992
1255503708
2354899580
1055311404503388160
3342291731
3904908882
14729597
112475924
292071258
133448051
33773592
1016621324
1043874259637063682
3128708948
44168607
301145380
2315629800
63741872
705059000518365186
137198799
24259734
2148009361
551112681
378259736
1949689806
953096331668566016
827205419642785792
398754763
922885601493504000
138203134
1009580174956826630
168508631
3434640886
890226606509260800
889084732641878017
964306401047842816
1133435618984259584
800078610652536832
805998899135709185
786360231227817984
2887301980
227879769
122130797
28665877
29442313
970207298
1150562474330152960
27527671
1046726955423477762
