216582870
78330791
284169990
2811487916
1045348761751490561
2763264732
910669700
200162045
2273410434
862037690597953537
15862891
14199378
19725644
1435461
14085070
1897480711
112475924
34119643
252250951
320268880
70784139
852039852
109310784
636586551
2334312247
493887226
66182591
579299426
2341224540
2834275325
322658299
600803781
19325156
105973401
378259736
18049298
234525371
17385903
581012668
918141349
199360809
24457744
165896536
19711765
2192592792
1574470142
221568800
60165542
283696216
3070386906
2478729888
10328012
33773592
453892183
3226351612
1654244850
392987060
135304272
330041881
153814910
126059232
2857031384
2449821722
705276171181801472
2735207551
2290129004
3107789363
128275616
395355737
270372236
484299228
174847568
14243008
193483797
355036400
974583583
34317032
1388496048
277830302
15221364
894681349541380096
417544907
857990644840706048
462152763
3176122837
917806356710805505
750022168675688449
2852998461
50907797
42936819
3622252996
194140258
2833106288
2750287700
2692749006
65662103
128785401
15510999
1463591738
17418608
2445445897
552190006
87294432
771708031
477971887
2324682775
2375610415
805380818
15134240
16895274
17471979
8963722
285165232
24127413
2154127088
299798272
14342564
14647570
32372834
754585519
38146999
71019945
17596622
487833518
1451773004
22205944
61592079
14499829
312230865
14207863
18169053
298029693
19767193
14315537
117662694
454313925
17366486
378204367
16017475
17998609
16878156
17396170
17463923
501794095
22708797
16630098
16435797
17870317
8283082
11348282
