21591776
1164814206
733536861902114816
601231104
2193727045
240587687
529581527
1925893129
2203049400
94588684
353139378
877711520
2586733693
3686398876
18346195
732266449
946600818
2694342912
757477994487160832
962881158533885952
983442504870694913
2772919501
3091524395
2493675355
1652715750
3029316425
2731935649
4745650088
3000274927
505750869
1549185673
2167726141
743683929211756544
706616360
609715457
18930015
3186709046
2729741473
1599970080
1688296927
1730982649
607881615
1285704176
1727560718
28490374
47681555
1932203233
795214586
551486488
545535923
1727466480
1268982752
510282712
623451194
581798418
56791988
1064189490
173865377
143844341
2895055576
3153588485
1618626908
30220862
3121653481
87706747
1288574072
7973552
87657092
347809928
359962102
3537346763
273984889
2603020435
806876877541416962
148715590
787765068
97559392
153815481
1467180294
25802636
4876551970
363135186
192430983
744979364224315392
3364773580
874929115756888065
2547576627
22844341
100255844
3842754741
1395699932
360484447
3526930817
2467978838
392693972
2350510640
954042103
635548528
1685767224
340331600
2572860025
3086862471
461173085
637084477
2692344194
1427516743
746214383248826368
208747547
3290364335
2245523005
378259736
1004011797253419009
349069899
1363206528
1005415632605732864
3198320235
472856359
732963686311178240
621070937
171881218
24259734
556301467
522593098
2999294063
780152329949614080
280922916
3306038155
453962517
2197365898
27540099
1021345416246329345
1044022254
597330065
461691604
1110153836
636216638
16779600
2789158945
127984917
783614576277553152
2181659066
2983801410
2965907746
1657726344
118191162
2786183493
988178335
20977701
1462076239
2874048166
832936244
2563984297
1967447046
3276274753
159124769
302412035
2212010940
3402909411
829772340
317187060
1450723008
