390227684
15907183
2528894116
1353568513
2350155180
2836108724
1939792903
426068961
405067860
387770432
869305138179174400
3379400553
1008108019375370245
989225579051446273
1095678921159462912
1103745476594225152
1032976803399393281
94077824
266120384
414605083
2317213369
984126694813466624
848556409457446912
913777455013466113
935120936516321281
2301896816
865646840087101440
112440496
2487250434
1040842902090526720
437827997
459540547
1144756100585218048
1126125621497692160
933360920490897410
1015272838876553216
4504664959
785724220852494340
3481627220
1103257976092180480
1134082487326523393
1108392616373170176
4341157889
14289304
16665796
113094503
19923144
26946593
926698514
57819044
29478713
15303013
2829361127
991307777833340931
250122331
960830752052142080
1022455875188006912
3330060063
1523057802
3398624303
36632863
1078366030068703233
24931498
725151108
2926174952
1431348835
990224404410925056
320268880
2421413316
378259736
547397219
322658299
17791015
18513101
2192592792
25728193
102417054
2306896992
48360186
2154127088
1147473985485115392
180927157
318413247
293067180
147109476
61152795
27722772
14143348
139190231
262767529
768762539928850432
484323581
19793988
172804324
2582268629
1149347135378341888
1151786605948145664
15618996
2463196934
54311423
982170611836338177
1151821295002296320
845967247
275072852
1136868029847859201
3807164361
20230243
727052270
971880607
1022096505837113344
1151813634546425856
2934375069
1493265776
1149551856240037888
232913525
43349475
104323588
408225514
4873214152
751561835699113984
1151553080137322499
794004310745088000
1735351123
1092410306935042049
796419497519218688
2526465714
189177798
1150752913796554753
1112833230124736512
814607821916409860
1131359301673586688
25157474
4785563844
726958747969589250
1151586818447462400
1149962902939373573
234113873
1034917130339119104
906350987270483968
40546237
1152153496839475203
1155051500
769845414044528642
576184550
311337527
624591429
635505620
2594524024
1400777804
518736252
2534683539
728911706
1859728524
2476906776
3306838203
876345206
1874426088
2480423636
628279526
856220442
430754060
635611066
948235698
2711222157
718168824969891845
618234740
313452881
1727803285
971386961851289600
3319221514
873553299974344708
1346163199
833884405
384808862
538254407
142353240
