228606321
60550677
82447039
155795253
756227808
67118071
180256822
169795589
25770641
52356116
226773156
174199107
155129741
1913682588
28409997
1281726260
559823431
1434127332
147406561
21075591
85436197
42564266
328905239
2191205012
329025685
31106555
66300624
514841905
2584953390
1263401370
41713603
91256203
36303802
844462713698963458
3010503685
244540127
1206094987
4782221000
2836046653
21267417
277747585
386488777
133164824
2383416876
2330671489
2460040986
156918935
257338156
2616313638
154571620
26579715
175098387
43524001
17680184
1621066993
7707062
22119212
38125898
83367875
257693257
901517148
85599723
7345142
372905321
20042124
160525495
956163518
552982907
29422743
340364935
225014581
3816567737
24971644
715669667356880896
20866038
19448252
297299740
188818881
959229426356637696
212399888
3148736402
2900791232
45056237
27022399
21753847
2900855145
252194697
127200735
16030730
578779146
758628762258927616
79550633
47919105
1044241
3135293061
78366205
2433146013
27369679
116459535
2274535255
49045912
425831141
934112312
109303556
15467880
738816230
500951026
425774290
3319350172
119388872
2817853242
620277673
2707851346
93219986
262041062
726513
336107517
35885940
91556718
90084099
24239110
21177481
1181771305
220819048
392130661
2353352381
137117288
34611037
523309767
198287917
117489156
158689157
1391259187
249610638
42396680
308379387
16271952
317861977
103357357
1611765942
2339240085
19112461
858053996644356096
409327142
980804890497896448
839816211546451968
769112568
214008323
215694418
2358502752
22903890
29739553
90020388
312005537
331641097
1061374629720309766
13748562
1299694484
17540890
144927376
15891280
14227897
353832932
19682117
2838667575
550583152
47433179
258338711
282795638
21343505
211778502
326843436
480860644
14589257
19192100
371483879
847946117925015553
2361519769
424522009
337694536
25684077
1093401661
18090961
54499680
2863347469
394021398
26329367
53929374
20070905
123639712
17888589
32386092
30645552
57530543
339476278
18300020
20409649
27572392
21722675
20483778
128359217
24095073
88164613
478068056
27212264
17673160
198409644
24350560
39193208
1855608446
40962194
310703618
67166472
76842602
167281867
205242337
66917778
209397605
492753749
147018224
1277438910
1727377508
36712233
21087946
47587242
2242373414
2271423349
2698086002
893032496
229910550
147931936
9950542
21968297
28708146
22860921
16681111
46828208
77131609
15102742
99370007
236713668
42838857
20776334
1178154709
172652106
19042045
825568519374790656
708130060738306049
29455588
4458769399
21079407
396523268
242666205
2463995858
563434168
106932620
17697353
24487498
139555682
50633074
4253031505
2835276183
19019494
21128334
42868418
52012432
4553061
20138772
18925120
184646091
314437348
369349553
2240074190
60499296
142957691
42200093
252504525
35690142
35619835
27393721
38171002
303593747
34792486
15625504
20259954
617266600
22433673
794805595
240401435
1148288909090197509
100324867
25146671
299448712
19688173
24264939
59283767
731132367058968576
148593548
477802917
4242611819
134563275
902507928
95080404
111216929
252730173
14230524
109557303
89532206
14450739
22655610
580947925
582953166
207954973
15923061
474662932
3034666000
18809624
200245168
14541271
30211382
764676631
1112817307443593216
17990916
191621124
28384075
828035715149631488
629834975
739042819453669376
1040644187438239745
394379911
594126023
128027345
2490451809
22225000
758022395265441796
207777299
52619416
622101037
44420570
19536463
121905957
19210018
95360674
21596282
2859529234
24208248
16802731
1002234197833015301
1872620402
3161096619
24270187
38481817
347900663
458419000
465661837
257573181
290712556
1121209218831454209
18825934
4307911042
2277373190
2425250215
630280858
37864009
706516856773869568
1141908081766518785
1220880716
38130354
313521793
280083576
34858748
543767308
368055938
114690248
435307384
4158499572
481568223
26766408
1107014498928476162
865005462
738109530786156544
933973531968397312
1718709794
3533910381
1650651308
75952812
2653227222
462856853
143128930
836543852144123904
79996146
309670240
148517828
141182414
27699644
3247642671
2990519415
1209719198
437579037
385093099
108352527
23330377
1084883585948094464
52401464
888018912276881409
21697322
2341868698
303177594
3295559277
17947003
264378209
2194228272
1110168124488339464
398021376
801859345969455104
1240144514
4771265751
1129372542735650816
36652119
61267452
755942606
1144668060
34600246
3893318087
2152297017
202119157
89014057
73443014
154843423
20391658
33478216
388571625
33458339
41456486
33545545
32981735
104935496
381277985
303048990
493543002
231627457
222001055
551177934
425269392
98037994
33473521
192354884
43829038
300351053
570722568
842951486
31564721
280854233
30629087
205915163
338535630
68792381
127910704
111064214
44707441
48222215
19759477
34763479
23160097
2760019911
2992828261
99550253
19658585
17921578
2394945794
570812689
1959776952
383044849
301816673
160272734
584004153
25281644
381326347
19852483
80709603
121341102
1573626295
1058236206
81482674
16441619
987383311
233386754
130991061
3745009336
599611634
464183439
37552045
31415130
58834557
21891609
289342771
185764908
256659585
15667712
75962440
2992545488
19575890
21165059
557977874
256826856
39643935
851506270280470528
83398512
964130221946482688
171682730
305694283
1105660673445380097
621573
28567809
7267562
11150432
25422302
132496568
18491250
110302086
898708204951031809
20565284
800413883345170432
717926102614716417
497262990
408665753
21447363
359967876
17767011
26677773
407802731
19555200
86271665
27964880
25333609
167203538
2513671
38520755
16485725
96104822
18014005
15848824
111011528
15765433
138424773
607345828
107416963
180342114
326627850
807786966
169392013
928481
44893850
42809339
16378093
74338355
20956686
188256896
67746750
121199319
358834635
15965822
320154349
15415604
27221778
241709263
29016548
32129142
47475039
16745666
18683964
20776190
146099195
1585589059
1462231837
240393453
247241127
601200707
423460567
518125684
23320712
127537612
14197060
17065389
275287208
131763362
33098495
1390830948
15369355
16021468
247560825
82649553
929763336
376103840
19530289
168859207
30250472
10798802
27105706
607132835
14578312
932446861
21298696
243997708
101731248
58527394
203872812
774683335
45961660
38254620
286712900
184385983
75129971
1555592808
2232558723
39546218
14764714
721428470
985911852
19568034
838639140
97327765
2419088455
189035181
42350663
118935599
116768508
2574655552
36386116
2389381417
946575114
35485786
182578386
1668730554
335533248
166739404
16566825
19252694
20960728
20255486
2457830292
2815524038
24842417
97082147
92372285
2233081153
37605443
87174678
935022414
41896109
2875569154
15828408
1446953138
111338251
17279778
379754341
353737617
3058663791
3164132867
610994783
3089095589
1153507362
275580187
1219824320
230492604
20733756
132961448
17503180
41114161
130232487
29434529
429574077
4074425351
239299410
766767121
2821503994
2652554565
1643054119
1180119570
912409694
905717060
702681152
611098763
597415170
368851113
329923532
314019759
31013122
25998505
23089953
111084191
22898618
16432083
135462216
22415635
46081160
561872731
364866361
2183130914
53714009
2923724679
525315094
827279426
595006074
34569194
611076925
89856037
274249799
307755781
22479256
94480879
215946866
173677727
1520876749
987853753
75983963
459932105
372891057
61355746
84685733
156771786
97078445
408360989
18554022
779416353019203584
431765325
17454341
14048901
15617576
22239898
6655612
2888895350
500612543
249013720
1370871841
326938868
325597005
295491919
228772684
15152222
2800159736
799346550874980352
488252836
715129952228806656
818282957618216960
827279626300846085
625022363
226139693
55933492
799545854805868544
40684090
1274104723
1134070567
840082874564980737
2689513180
598786503
348323713
2712248181
194163330
243094299
970910052
95503864
945484046
153147210
908820789511774215
86520607
774210797484535808
861019609
815537202
771636203107987456
50140497
214480417
403213629
2303189584
1160466552
1878150769
2729506932
482609638
28971401
950824252562903040
2175935483
847831561
112331083
121673766
17866318
57371662
166509226
39822897
919914900
856318386904719363
402792488
3097317118
26058625
1528546807
18149142
143192279
531561605
4516255048
65758645
22959763
363110413
811784900357390336
788132004
356606753
342327238
19806762
79708561
94163409
485998915
46306646
24599923
562381032
486983254
160952087
137289300
2279227387
1533844754
190850431
1038409846650007554
1395474157
281999552
720926576867721216
34605187
49619965
129943834
607181365
1253652614
128781736
37704287
212058669
728300168
1196254680
337432027
128025883
77762149
3063649938
208584178
633
21530289
278035184
130745589
348197129
15442853
158065720
894057794
297102985
1007735051717574661
904596571
285428413
15437064
15447522
15524875
14424551
1004681701644091392
507356334
494668818
717927176
2835294450
164117967
158128894
3484109354
45919773
2409488466
189943870
8769212
92589352
299674713
340380997
105212657
19054622
275400473
357126037
14237828
22255401
2828695768
331854460
274207983
481964948
123109597
191849753
571181892
281796691
281366962
1397500591
1532132887
504914052
1089985236
1615463502
295247949
2312657300
2530543970
961974776
627762912
419498039
383862501
707836600005304320
2780382855
2818999834
3240695943
547178403
56356860
3066095291
933003422
21925887
745031733637091328
3298873918
411007687
802956431586684928
2738061335
4119914644
22870150
538147752
3369171945
38898845
75396921
27442117
351080122
578123352
1062726834
92379105
72915113
2235243543
24623545
259545849
256881576
15940523
92106042
16716726
19713521
79365337
57172253
1339554050
3253955786
1086260120
14425522
4523471
33082518
418981954
17228019
8678412
73954918
35274647
31558806
28217531
23856081
274980319
72846254
104366652
53607285
363880501
185810178
344514301
2667253928
171231974
19948174
17928714
1291770157
239509917
3806782814
35586563
90079704
31510505
249902490
874747124
332304361
247643226
131835301
58473068
1246567549
201441142
24460328
1666090147
876288433
793171789
357738044
172764236
159982297
20409474
19129770
7239422
914802601
874896877
633227780
25225237
18338516
17205681
14078377
14130784
2372356452
79293791
784680583
15933953
2261857003
240476319
16810076
516969711
25167692
1311781
38683121
317399128
25178222
528112270
60495339
293088356
214622133
15932715
2419552686
60349138
44802214
1583353495
17943673
10454572
7097602
73473531
16645589
23148645
31212366
23831682
17964166
90910059
2409245946
61371461
358530558
47782054
2151854725
15751426
92577188
118753521
28420055
46318024
2355600084
78293304
16684243
313727335
94013297
188256714
281842547
2508471962
3675261072
1145686112
3187715151
3050220046
19346439
42165042
339679000
557950528
305818748
820378690920058880
1229916324
42817100
17681513
122258041
257567128
21255978
502442856
400535255
13888502
128970816
445899277
22321602
26352203
103082252
630598940
43254421
602993818
305217958
22872643
1924364738
244293586
1120022592
977733859
435423159
309249823
7081402
34785922
122533830
90021519
243905905
265634129
1290082680
46731762
17968084
23613479
54365543
67918705
85694915
3079035289
155613846
254830969
574769834
16343608
72915722
115268736
357683633
1949906586
1284455149
154714727
86876958
33447743
85137152
23206141
721090011869917186
379050702
487977202
30448146
25543672
774010135958159360
557317619
4784190568
92367751
952624494
140669654
23092359
15138822
390377012
61470292
2294733114
18681139
564861472
412711518
63181299
55476129
15187701
2821245021
52042661
50815552
289420613
919283017167884289
23556959
85006768
290378145
28283679
18193849
2786266138
369838190
449429343
248747209
19696283
867818446914015232
59624844
26917714
1121750922
34747631
24300583
27678749
105043354
101151129
18993601
29756339
154911092
935288227962945537
47832599
30913631
262359713
83993862
319290362
21442110
67593806
1901546563
70882212
290137174
270010835
52855610
2568202782
820526682
16645377
32144720
130894721
113078904
19879313
85603854
24951472
29594097
15522308
225634187
736632955
425357476
876720690
87239242
72827013
404542595
3247326486
376078524
1154168221462859778
1144797952164212736
1369360140
1155511014789718016
1154521120042815493
1153244906128846850
1156341845527597056
1141684590525997057
1131378238268280834
1109273974385459200
327520209
891592968762671105
1131330952611991553
822185179477315584
891289956
37276708
281489465
350277114
426689320
48494050
14580440
422479818
1357840590
2473523731
104768957
2850705224
94518055
49520993
178880958
1044508734
90864529
35256177
255893111
47767686
244364964
20215196
143032104
1137972109
1117857733
1220569542
266212209
2969685471
39473140
70472374
284949358
139965519
2740535832
2525955757
19270440
178621130
174925702
606665236
460414145
242822343
237753690
23042224
2177794988
18526468
78313349
1469521405
150596405
209787354
54157369
431868194
234377262
275498007
2526346565
115520581
31381041
17941320
495868195
52509791
210820145
1611555674
891094302
23095461
1912369764
140149359
357681076
25510622
118433561
137445561
1278778351
65039523
34460798
515171731
211681912
46211427
323770657
95571442
255320178
24976329
111426091
14469461
34319944
622762489
13986572
863416549
156743986
1620806917
201171023
1425265488
203509091
2575918844
445193757
92627644
19853179
194037551
131574396
47265922
20773814
31077006
66754444
472026562
619806093
2880185336
2222089147
2587628731
301934830
13933172
274019345
110840658
82731638
1487986015
56312411
1252657417
171199396
89414996
15819763
435416709
254679473
10091442
8442372
17831767
100873578
329135472
172249209
247363462
16862194
2586756956
256455213
15494380
127900308
1131616693
41618742
850713475
5943812
170374076
521887760
112397157
11309682
229573807
3209037821
194605392
1075172420
256965414
160726477
41524135
15711069
111385947
251768387
31957479
27437080
256310841
20061328
42624958
14453317
63157272
2981900049
23194142
158400281
872581886
608152400
23087895
462432735
229530210
415004432
309216771
43090159
739392528
447021981
11673662
22584256
183368996
219481447
125995957
335099279
16305330
27245649
100399816
33820197
2292804986
81128019
289200738
201305003
16452216
14503126
34212654
715507198365839361
21071916
20159596
65022439
15984676
24826852
188130225
107746523
2736701832
134732045
497717076
3451272553
145444495
304909941
867351037
171009315
1005090338
28078770
240831038
15066958
58319221
602721749
740126187192786944
84352985
339851700
33458163
19432427
512682998
3385825005
231304224
277496722
544537289
841657136161648640
22451908
44099961
26095909
705507336
14083645
14854775
2827540963
246288040
861038390
19223644
595191961
867054606882414593
15206398
1131017129283600384
259084337
108189187
22474812
946743798
207407964
21744712
42843705
55167788
181946453
21887802
171268315
100269373
35573854
189832643
208600977
16409683
32959253
257749870
20061225
41259253
194575920
23457739
29611918
15383116
1483303028
94601735
394629191
486934404
33899327
551078878
23997492
2216011385
28097850
72740377
17370340
14022672
286645276
1465054356
2847065553
27974275
21228708
108343240
26232771
3268228844
36056971
351259443
36776480
30364966
193902705
237610812
44034431
832132663
40770886
71081873
1018115375534202880
2469289603
4119554638
414121384
330607379
25888262
14289835
17847906
56774115
1164487286
21765161
25897716
25413556
115093438
15613255
715081326
48768424
19296037
15637594
17655752
50190338
295095161
607299134
87016990
866618072
1264936938
44804788
619602149
36252405
52773152
538386689
313038087
489758150
55117855
422281569
39272561
21072005
89755402
1180379185
183266354
24518111
347627434
27895304
784523868694253569
206998507
27768807
244844283
34852681
826404252272693248
18822612
1323916370
28444447
30920916
180850795
318907186
2513069426
191768822
7376892
18474493
845743333
154148257
28680544
14717311
459390022
43608888
260760132
267962727
35193165
192502203
19962737
22080935
334551644
2991917878
42890254
2534574936
279238668
49108112
2862849487
2870653293
19399875
20631422
3406501643
952354898
24468619
497351492
19902709
347899850
313379636
336134499
21126701
19712699
121562670
15917909
471514127
591809058
26016846
124270074
222748037
192935794
77224096
51003415
21185610
26998871
15325706
1286168509
18502766
914588454
161801527
144942008
23759767
375325622
607067570
542768461
23438087
70923371
2170770353
21388393
849626013323726848
555858083
2729111397
1729266121
46625755
722242009
164249032
306166206
280462265
20373981
25331670
51981390
28199011
1467580478
220768977
990317363915579392
824311102750289920
26563129
305013856
99610531
532429653
133463951
18870256
95250289
26096827
2813746248
20559491
228320124
256656999
20451881
18602666
3383159573
60375526
204387576
312797694
138614877
13098602
446924010
107078188
112427461
19459400
112359744
26587010
36987522
24892432
925311044
20010173
777554
1299769218
378259736
289867747
34571893
219454090
45667380
25657401
113344276
18974089
106222753
61183568
293462442
19585213
339333191
733623021521522688
1108866118339444737
112684136
395794242
363823267
613469003
328634628
233344578
294003283
26460562
14830173
36883
28077313
229509740
522086935
262707709
47583917
33852508
2710385577
273375532
260211154
19883422
1908967394
243122371
20558053
24220836
916647574597177346
739845556495917056
293745380
19389800
19717923
174574850
16332914
351028649
44359302
4680629527
81186421
92583088
18630182
110521453
2665362149
109279209
111921807
865346401
18667799
20025352
22548614
213634439
33222598
326208966
46055710
6680762
601188656
19498091
300566557
123883572
1962899658
60394967
572343927
1858241983
316447224
190699396
365028027
368953049
1915470624
318424111
18966415
244698203
16747286
27934053
67771614
128935830
588694711
385466170
395039515
229592356
316540908
2997603362
313892658
61319739
50793235
4846809329
138079709
392884605
380973121
114603038
221582894
133439172
40187316
587600225
153559294
2362850690
395570164
36681745
36850591
436366250
32278753
21236680
59448690
23066771
141334064
15025625
38553529
19616327
55038792
121795745
188897569
1657406268
366889024
822191111414444034
2153449178
316647643
239974061
886972975
292020712
413139221
3020577838
991446697938042881
25339271
1081318716573470720
21215887
809893546899685376
88989763
983392178390085632
33588625
2157547602
1388361662
29801445
1047673616362614786
76348185
202235046
961373223010025473
1050901893180928000
301810064
573570993
935241619028180992
557646594
109363707
899313846
8209912
2518620799
608083622
22596232
1082070164
254925507
1487898889
2247969289
338237364
93378843
357352855
16146495
157423282
98546373
436886909
414344204
2796149230
704122685794750464
1129369243919630337
715681213223030784
23303713
1006191138645032963
22124212
480511588
26244407
735414969139892224
15561694
981728328
4852995585
15486485
95082964
1383180816
532222743
847161798
569762861
209263012
29979814
57039392
254873869
6974622
14981648
107820427
4099171
119972954
14982804
1431555540
2970076551
362697875
74130577
475802156
245963716
4607
683113
15109378
137734165
240932555
16317567
18818334
34614773
871433626453286913
467151515
4498185634
17572116
291970841
527613971
50687410
243337600
935148134505828353
79238164
74093449
1084890796648816641
17876489
21802625
132278386
282735852
1157614594204086273
98886301
208725869
24215395
293065451
246980471
1086357504
1262017122
331120729
172491865
273700859
368050288
33747810
267389046
63188873
24490456
43581352
103927659
19863164
14854961
872156132688711681
839226269627621376
947956236804337664
847098017274613761
17766477
22095410
15939771
122085859
417468264
254100244
1446707334
360743972
17881467
142721190
76611108
219718241
118747545
38496530
49986034
89887215
51462013
52260364
163995093
2375574151
24396850
41189107
3452679321
19679611
867492293304963074
35199446
25728193
43532023
25365536
14677751
1523704687
143264018
62515016
27978241
7861312
1352971002
40054423
100322679
178812809
3307359865
110189578
22260172
16268732
999293378
814304
544550324
65316869
25219709
180889575
244627772
188014222
47316108
40221971
1006232250
23818689
405482317
17177482
3066789401
14345566
20080284
7770342
6476742
330105456
2838145504
28565368
208643146
2707961760
52244750
84393244
196458749
266696379
897861037
34317032
46453032
33158877
18391846
110743000
322293052
20545055
66386087
12889162
5763262
271586770
17031374
15483390
282352687
423804754
20696334
294902433
117458291
16079505
106565465
119107959
44207541
21340188
114186459
2488324693
20471660
15765991
117189498
705706292
24484939
468770327
20659868
15741036
153198195
36128546
280253031
139738464
15893354
3245135844
21878732
34572451
757893380
27055034
308622993
196386313
41196210
37965812
203132018
389782388
23074513
753562266
21104257
3565248672
1449374646
38855868
52617468
93121635
17264476
82151660
165216051
48581849
3816062073
20168054
80937127
291888539
33653195
17647477
1025521
45265448
47848003
48325595
424511268
21334179
769641584
58908090
823693635564802048
1132012321
40303521
2788143529
221228044
239857777
90728139
22485748
85849661
417802349
116291841
32410378
637303482
106520446
18182408
287724263
293159149
97705675
824389632632778755
823577218748190724
627643516
2598231787
455585786
2167286587
162114001
31565351
23908154
390170244
1284917532
12654802
32676231
112627729
796532276171567104
278175882
19947114
147467535
22641165
48795600
137466464
527071710
14116915
100802089
383288767
26159450
76601805
150381292
117476073
27444772
257180565
2243030312
29885622
2892971
165505956
19188848
1289815244
16026967
48807945
3166131934
15726077
2314055840
27993391
316825646
308658903
106646130
206978050
1141039176
98736008
20419538
19654634
29546945
22666128
21414413
22517990
22055109
17611773
15501934
27685955
70449178
24980246
28061932
285282053
275451635
22676390
29840295
46627530
86613184
16072676
252763592
15354128
248837329
551433993
486911734
36264361
145745936
84194879
21351688
498343462
19196615
546264775
65626531
50660534
42212356
252668016
24816651
239883604
74501824
23690344
338970840
160889265
19060590
37361773
209622149
27178513
16394643
53419987
601355268
54156121
43910187
16456599
590262014
549565058
534494917
172414996
474193000
343432210
142339174
21083589
24372108
11947432
255747911
25321854
52070270
18478188
443262847
14688489
532488904
27085401
1465787221
18490856
191076340
284991184
36460096
14400523
244248340
76014441
596792665
379194587
16666909
170128697
17239947
22158078
858879240
23583214
277546050
303955090
2332354080
73132889
135130377
18966253
388478631
564855894
115536854
35094823
807891774
32761866
2353958539
40368131
183430084
426917520
2307675307
289080296
14444926
33550291
14401698
17632670
96665704
924282468
112396470
391763081
97594965
22017602
41842907
188061519
44539484
1375977096
1228329511
1327668368
426962696
20637067
1506102696
1431903050
33602679
1949721877
236429903
1447543141
21703499
194140922
8855582
43365602
28888320
512403075
199072462
261479621
19099373
22142670
974384082
14247135
21435168
1075031431
31194003
8912232
225571767
450697476
295159911
1973012293
21904990
21417353
1314153752
26376385
18349978
27179811
22756869
22845740
25953981
131320481
1278282558
165890254
266203300
203680765
384069833
176468814
21269694
902309286
130033510
8357192
192095257
385759326
2755277992
314809485
703394802
45129221
36220671
2510935759
35931016
455874730
34903365
43351561
40883407
136130378
325050734
312314261
64496398
25389194
224809313
94092217
12990312
3303293865
961282814
32125966
590256586
22213744
53252607
19339460
29980664
404532969
252734463
469282552
2693406407
861893730
365736403
1089695454
315014534
263685349
31557731
2315834142
192615461
42782322
177584156
224619282
92081462
3413335780
588352379
240355214
288922094
22822771
9866582
62513246
47722134
747441085
17399269
100517217
56383989
358426207
2895901100
97459853
79827261
29653748
274012228
21217428
153966123
42900861
35502786
185272205
235161193
590341674
52528214
78644388
197117628
20707966
68707062
1426265922
61263431
122226401
389643429
24440724
14134204
17991281
533061461
17655090
15816711
16428731
1641820296
16879936
761826344
67132107
293750778
26090319
106854950
31574317
499249531
17963783
577403888
72863115
615345219
1550792520
2421093038
294258287
3192390156
19915740
2949657250
14880616
19188993
365842002
7215082
544517731
15466121
283679833
27503151
84489711
20091703
54612322
6211972
3327720838
3237313411
80695131
222470048
14791044
17890550
18315879
216328260
240234721
23547436
53809358
38528836
388555493
33777803
296060169
45664779
191600166
64527114
2247970886
1119471194
34096476
34793128
16329199
202200137
29555251
396704627
40715253
44099900
23812401
512700138
121574367
45726250
15552221
262451662
235413722
16691049
96300991
153550317
27378998
7433772
719197087619895296
588889517
22760252
44960116
34738598
30249306
17232597
92057831
63335631
1222110308
2491915123
234176171
306129372
319256922
28130163
2375530778
1972063759
488846005
607333370
27908189
2243384155
913090649397833728
16336098
1416606595
24972610
711021873119813632
1198406491
18454831
117121713
63636627
740903
28109359
7999392
397786572
19084864
3241027472
1000634360
36491863
3845752462
477064682
960703016
46362787
39364684
2192979462
19028615
432655333
100091223
14909968
299790272
434634299
48432961
1038841076
113831577
458501070
2550569270
720710699283046400
381524363
17799686
339445941
1099438831
26344615
2984398530
67440106
153556557
1383059977
20097201
384910109
189987996
17091068
65522706
3932768472
18205761
123072510
41501555
151117498
21279256
15762819
25136110
15319555
28872567
93306677
17877451
1281894235
22852915
188104291
857002556
2223779880
2374251944
1596552528
16250744
461600673
49773771
734033185
43283406
30274144
265648349
327050260
1015821398365765632
289458334
1888149452
60124016
765922253129285636
21225519
16642424
21127543
22133515
36728196
302288855
843053708
16803519
60113766
171245428
1110475561
5760702
60680268
243470492
69933320
1628841380
358482180
1411683655
1905230346
430421961
44691385
152125097
294752166
169556588
38037202
23817772
322691031
772065556757417984
2504854829
32263266
921362287
39083209
96848782
32004130
587677581
47484141
80492127
32726973
549640269
516090027
26774590
135293064
743876056524808193
15678150
29073744
19722111
16103326
37344334
109579534
21526685
2967216531
2924378576
1472329272
202594712
2320382456
3115356166
525519832
8653962
14923268
487213790
29547807
14709355
1491595728
16456074
21306664
142671996
498955157
196766365
849411630
378112168
28231540
249398002
869336554900262914
522390654
224609803
184537455
409907712
2495246707
1084760216
233933608
2893212132
880456537474519040
3056320480
547762630
106973819
22862623
44562973
2417085025
959491613230796801
18839731
32602416
1320734600
2588596520
21894812
51087809
36412963
21324258
131204770
16031927
27311044
18812301
35474809
121208305
90405702
263758909
110445334
4923811
885149478
567523972
21434408
207717110
148653311
59145948
1135388684
15522797
17028306
15985607
59159771
29515247
36452050
75134365
2263438704
173925279
19568591
65691824
54900089
25429371
1530798872
154909422
599530439
108471631
125453969
14844867
218975278
115793956
855120710871732226
2330590446
823638938590085124
531627880
2790518743
25203361
180107694
82878406
63150856
42670638
5509762
167024520
70511174
89820928
17773367
33919343
561516853
1113140284345397249
56001656
1403129251
14135350
30699754
310892700
21702539
21774546
154893497
151444950
430368051
514002030
170699708
120170305
1428908562
347404913
145046142
50011708
153181367
561441123
166200173
174145542
347299985
48876524
553102260
188927965
212674482
169612620
25949845
193798243
58781542
36231074
23348842
2359557667
120853201
2818532994
97114302
120929251
389429056
24616657
585350900
29924446
637202933
485264415
20104539
448566152
2605558351
1099888301736165376
753042265778614276
7651862
1012339988321722368
1142510423285145600
329537908
2552512687
398371643
1132682585430040576
23330933
705184488536473600
203900074
1133160269503291392
348801125
1132407508302098432
326014059
858275924793450496
338165013
796858811222872064
93227776
724855864348266498
532114223
165766796
1123111738700849152
424773768
844766234897887236
810709910
1585169468
516657663
1131130928661581825
1085005912593453056
2896994208
549356235
176995826
2443647511
1686784561
23172617
338862906
1154895404
293781476
739753185548500992
19103608
2574603152
1327770578
3193291233
2912700930
795920472428847104
1340533380
4671055885
797394498
22898345
144786618
223352482
245684896
373287593
1135898307060912128
1137867854659719168
824308950
29843476
2615506884
923208116325552129
2857051404
173922797
20487480
3220224998
936920901567660039
3010292707
1135063008579706881
48531055
1130464745436450818
17055339
862770600565067776
531989832
735101035413446656
372594061
355491528
82494781
2916191629
3181739304
1135362137004470272
361001401
1282700563
974446116363292672
2716384573
282084154
252024035
1143819955252498433
245252335
488118602
51403576
572532001
437231551
924419321136160768
738209406
35170027
180557264
537023395
1143830999215661062
2853619592
22700035
32575348
48308991
756660289081188353
334636135
22096014
1083584278603157504
1018107645146759168
732048679570309120
129636844
617775308
114053391
1109992218259943425
586537140
729984638035206144
716195997626400768
385344053
373117591
75747803
2959357290
423828119
408885274
1149069003429539840
364658624
423867575
1148744487021117440
822818071
419448110
904752794
1153218869319704576
16846753
866542656171556864
1030250596366864387
1128782771000766464
1006680292986408960
2579073804
21264582
753809329984184325
1045428095497302016
2523688135
632482906
1150134812885127168
815808971726462976
1138293919836360704
955231425288028160
443568068
470540654
917805670459682816
16411851
349923620
13029192
67647597
60813091
4924419310
105227702
516003004
98077302
138166008
996094929733652481
310519790
23888081
3032109176
21030857
110775637
1206780888
267915933
436158763
33159514
581678551
1571456322
95485773
102179167
14270650
15976705
460470940
265705962
156306739
15907183
1723362865
28264799
950111395378597888
544378056
16018516
52494924
16721461
20660342
30683804
26558890
16547465
70144495
23371967
426962930
2367483481
1251314690
16369783
75340911
192970470
24752038
17746914
340466229
880404086
224099229
109493573
307982591
376882603
326773979
941974044
473564344
25533281
774510134
264025526
1011639290437259264
470792609
154985728
48038024
437838346
1499145156
15159913
28181835
227546632
17907987
47837269
108710418
37721714
309282144
177028305
263473924
7855062
139823781
137752344
20094409
573008688
38445467
22675606
884844257739190272
251397498
46118082
478855762
20607586
376453771
19268706
2467791
17513576
2422555142
792038436
75541946
107465462
91188463
1098615836
173269540
26160655
581895885
765255265503543296
597985484
73356181
2154718209
317385247
233638131
322217657
870453485984129028
220081296
1487846678
15996661
23912997
14202116
21786220
45033456
123406653
34116023
632704303
19733898
23875419
2175836343
29287606
487543112
30924507
32626129
25121410
17051641
937499232
113560280
240112167
18691746
21148783
46233559
186646579
47753898
17491498
334921581
37281592
23721478
567769553
67037606
19051864
1438651
498459134
80940214
942089577975697408
43277789
64229716
18000185
80676273
3056746427
494140744
26548315
76438819
20275773
15081340
289548939
22075727
56596677
18636694
235217829
154728787
16794766
844401067
59850640
237872656
790805545
522526229
1471542956
376777862
103576290
20245031
91010836
7702542
20852423
15976697
196168350
46681100
25101996
468646961
22956220
166990746
170861207
1687120508
34715823
295731821
203226736
2312893002
19822126
165586474
724266556268666882
34900333
138182116
23080711
831693852146806784
236541422
126629610
18018355
14873782
55369810
598601483
331753810
20118767
16101182
16145029
541142832
201066140
216506034
23176276
770619360062898176
15567770
25526853
5447242
70468535
16597389
248469208
25202268
18005085
26520948
695054484083470336
48459553
264361128
178999981
126384734
269794637
534881613
16391453
48644556
35760904
1398479138
14335880
77015676
192267295
255471924
217708411
15859912
1271025590
25235151
48534642
747807250819981312
12784712
18641695
16288136
252531143
67150863
2997387138
394797065
15433452
47936893
292931596
87775422
23544596
31080039
351034720
240014188
191469176
57770539
18482836
93876666
55896443
948430884
45399148
2251001292
570169435
506375545
47758416
45445240
42584840
31183389
16061946
1016597617
252773615
188857501
370491805
204599219
21495954
21333396
217550103
36776808
19371141
16635505
164412502
116341480
114050808
109446583
69181624
50073507
21215620
21111896
20109973
15891430
15537855
15507433
14049145
7848802
6904552
790202100
553840400
419198133
381664207
360080772
142359854
83462293
66768858
42142849
32995184
26520417
19627475
17396204
16228326
15924588
12926172
442319975
45371411
29244617
21797658
14630267
48043084
21027715
12354832
78397856
52774637
21878635
21461944
1736601720
65448844
41272328
122735017
774337933893636096
44177383
18061669
26350255
249791824
806862084277407744
472623389
253168159
18171703
595952528
2260619350
716564185
36596856
22107517
835541253601308672
1129901605443317760
104647040
20344826
3420477195
21357050
1069396688488595458
1069639477012955141
505805250
1080830346915209216
37000209
50769180
822665465424187392
173195708
722528529716383744
29458079
33627557
704391334128394240
202396203
564000560
65493023
18983793
434418589
520497278
3315658770
208155240
1933042237
848412300579155968
845689249
780927969321635840
124003770
1069295337083408385
98471035
105216684
1079776144524754944
878247600096509952
993706139501019136
275870482
375194919
883022923
258202120
827940897702584322
47459590
15576928
30364057
92182754
18125335
1426204802
21522338
100136358
1132650973
216787949
1597207039
34047021
1140648348
757303975
783792992
249348006
292990703
339852137
19674502
1027156464
15442036
1093090866
355906128
328679423
1281405877
80654397
164369297
16129920
803029068
23865382
22044727
1243902714
240812994
89460898
1080865917377097728
564069706
258900199
262691862
49204865
1079104563280527364
49698134
282695074
881222783170228224
81873759
900378331920703488
2968451607
1080569698536878081
47414934
1403424932
246939630
1076161611033968640
1060584809095925762
1052896620797460481
1081256295469068288
1080462532815532032
1079802482640019456
1075904377221722113
1080222360643485698
1079061579973439488
1078401427347857408
1078771401497161728
1083019402046513152
15727317
349296252
19425461
19008269
20776497
224320485
18224414
19575391
26637348
460376288
3145735852
87510313
378631423
357606935
20747881
4749863113
16160352
189129306
21307076
578734691
77032777
826065858548133888
471672239
818876014390603776
37666984
819992522109894658
828997388920619008
2353605901
56552341
294937652
132254964
12008602
822127086194348032
52544275
983348251972816896
262192574
6742412
259001548
19506790
413466731
1342861723
48269483
1707321486
104673756
805856929813663744
941000686275387392
965266179836252161
875029068223315968
548384458
18227519
30354991
613088225
20800328
19877186
50735431
2736215883
359601344
7860902
20783
586749256
172344569
18586983
822131894540083201
124763921
499073990
19519071
1507338108
17565514
1512021254
502281810
564814516
544506033
25535595
142905425
1080844782
605153786
1080516116395499522
950952511556538368
15939889
31013444
1079769536730140672
17329659
14298769
286476728
33235771
14364337
7884802
20196258
200846651
1080695666760929280
1081222837459996672
39133880
774407512598704128
382685028
212657985
180004522
435331179
820478922664067072
949367876074508288
936725761
2893230487
17928145
823641627407294464
25322431
1082086081238102018
1082334352711790593
3319089207
207243664
357162119
250912539
474974313
96675300
885548557
17375057
126722715
25545470
20459404
305577879
3404875323
78694788
19186003
21879831
17583309
60919240
18501487
2530478948
1967216306
216065430
2923976429
566806945
147666390
14544187
130945778
14949858
26006398
17770086
14870670
567508925
1080587263132733442
1080941062028447744
1017819745880543238
1082380458976051202
1075517806551154689
1067541214671577093
372536101
1080539438508400642
1080584229510172678
46447090
498549828
118245138
22302678
333026230
1068273911224094721
37190669
235251868
80612021
237763317
168502762
122174004
161411080
24913074
1061385474
312134473
224294785
119250381
16256269
14275291
248735463
15764644
36686040
63169388
17976923
110545675
21660348
14984637
38254095
381152398
221447516
267938462
161743731
317226055
193794406
516880804
24195214
234014087
242926427
278145569
558769636
92186819
239949176
479872233
1051446626
1077121945
28599820
1058717720
995193054
1064206014
293131808
158470209
109287731
20113797
1071402577
19726613
117501995
33537967
476256944
76456274
1061029050
52616719
19345264
19562368
1051127714
1065995022
1058520120
1074518754
72198806
970207298
432771620
581141508
294084341
1339931490
1531521632
1023020557
595515713
23201727
30999071
31573377
112869950
245954283
28049266
1364858569
2970279814
2964949642
2933760046
2293131060
1880674038
1074101017
115979444
38285038
17907578
2724095695
2970462034
2962813893
236279233
54300515
2916086925
2863006655
89549779
157570094
17066022
64321755
2856787757
108617810
946549322
796183515998068736
815733290955112448
3026622545
817050219007328258
818927131883356161
235373000
798973032362606600
816719802328715264
816833925456789505
811313565760163844
818554054309715969
803694179079458816
819744763020775425
372202760
30483590
137077864
155858628
40634644
31103332
42902999
23976247
96366187
380226093
570955082
19081326
250706532
557631184
59003
79988896
557734117
2220009464
2330516976
44849274
429881279
1886496385
189376144
155899869
19763877
61804151
2809960227
2438136788
1339835893
145496738
2163595959
978360092
420142829
56336288
304304981
788789144432545792
4727308805
41649286
1273233576
25073877
143594554
166993420
1365388369
1356343460
138203134
1006419421244678144
146003545
1110992663669624832
1069964831900483585
1697358968
766679030691160064
414397277
87902173
374740806
802330628
112721189
1339550364
23360308
