822641735423684608
1103708870642409479
1078746507397029888
368854255
941539501402460161
1161370335033384960
1159535962696736768
1159352632588324870
1157414180842029056
2390350452
998930718863523840
829178467077926912
1144038650474369025
317871841
1040074988127019009
234105238
705484111281045504
941850723700047872
1056611557512224768
1134581493454450688
400283092
16272008
709150329141596160
1056604903219621891
971531646091448320
1154443608025681920
1117832424786923527
127673910
4418171785
918242160037675008
906111132670328834
1150377885523480576
259909464
1160643411881398275
1107458071582986241
137286931
23388398
736405592156209152
791810292153851904
47336979
948041187356639232
3060857019
979072421411115008
1127677099819638784
1022117256413761536
822147709406773248
1094431488169390080
768476912347906048
763511958570229760
3536129835
1155912409577656324
1063620676534325256
1158287006973083648
1086713630765113345
3191536202
951442388509061120
2461813596
1153398865107804165
834907771262939137
1132739847658115072
1079935098722471936
1135273358977687552
2992338382
3016544160
14696743
1413104335
4033646375
1143584351776628736
28451496
1003117215405654016
3239363948
1082413649522839552
1029383826487816192
1024631464581910528
386789742
1051950655567486976
905906156106866689
914147780922417154
334941719
851668745936191489
966678148317417474
1134327324587974656
1135311442347880448
2573434596
4874121775
1129765703261851650
464275151
1083477169580449793
896518682066599936
1023359245096341505
4536173369
2805236131
826957404562550788
1154562016583008257
54910639
1151598663225004034
848575139772026881
186892425
1081434136492064768
1139856008136671234
50420890
2986390649
757571377205485568
1613358198
72637016
812852172060663808
260001408
32339364
945009599861596161
895119427292639237
1111636932247896071
1017572171667988480
266792410
1040458943607189504
1947514633
1053968672769871872
1076549579661852673
41771850
842327754301423616
1922513738
1080536504798232577
1160582373240688641
4172116660
2841380893
84489844
2588054465
839598176726286339
1113904805649506310
18584590
2535990214
837610093520777216
890217827076067328
194308330
1089345347070119938
908824943697080320
777722102870843392
1115735984904130560
717648564902608897
959055488431345664
1407971970
1149983535530434561
1130580839572692995
1156264540926963712
912848054
1136373669423472641
1131221378575851521
1144973858803335173
85589878
1087707202918469632
1093595311983996930
1145444192572907523
396334657
258417224
1142257519986954241
1148417045698158592
1115690423899447296
1114997454250885120
1127401429
715675647478108160
3081786572
597144666
19091037
1157097142722473986
877251565924622336
1005696830699638784
29840328
964364784572317697
834778368683937792
1147960369098477568
1425842558
2878633046
507062585
31193752
3388435095
852184437764870144
1060197360955908096
1508484404
1252935620
107274900
731536491302785024
989879569456025601
702880781065031680
1150055682059710465
1083007671161311233
590922676
1139956707508019202
505152884
882929624602128384
736360819
50689849
1110993627969257472
1098641715890536448
1061721647541932032
2622610563
901652072642338816
1006855131126788097
976690769443500032
10258082
309832096
1131319733750501378
1002468928579342336
549338983
20947928
1153858064547639296
347524167
16311646
303853335
127624661
895972470
716124546076512259
932221959529738245
739566820336799744
890754026731712512
987750605203488768
1033297784399704064
1116605828419608576
57223681
36181371
1109608684680896513
1140282275998736385
3167999745
768813889819582468
1090702301101207554
3383462506
961759720334913536
38619478
1147206019640152064
2986827017
41041409
899799784566829056
740553151862956032
1089491280386842630
86295643
718287639959486464
1101600510757486593
2492988530
852965522853343232
782735717051039744
968907752
2319836113
1159689316567621632
1074105773255471104
967916183398830080
611204233
973141523867947008
346505467
1088877639689998341
786014849918787584
1121791867497132032
1125889233816817667
3407724232
1152410207445667841
1150104026333286400
210045107
1157110003746000896
1112443195898716160
1105095145832230914
1499651070
865634393200644096
987273330976845824
884873964752953344
1090429234210893824
794185340940591104
153868551
1136417705098002432
554729526
921067315663392769
1107579340534046721
1121866735173492736
1130847191889797120
1138906550804799489
1083763329275813888
1128709147061575684
1954265731
2546513886
38590990
2855994220
1137341938108194816
3014591241
891149434586791939
1131194422979321857
1111478019321970688
743057601726808064
43043804
465878759
226171123
1145798356570181634
837851240000204800
1147228131687895040
15456356
3364631793
797497258988158978
1010959189831806978
1031762357951889408
1075815215822979073
1134216686125637632
811303760748310528
1090710429293297670
2942665834
2313902311
1096821108009951232
1157063426881019905
1077063794575077377
1156644678948839425
907884415967260673
1138298368705404928
1131945852677894150
976080537226850304
983489991140458497
241678840
1094309660151214080
817791282739367936
1136267222467436544
1122996501616021504
3796164853
1067625070300930048
970894527648157697
2595574862
971113955941756929
2811884665
4505596576
1691978748
907702667375411200
1156937077457608705
1058844786071887874
1140041097139359746
1152748949268250625
1923643033
1114560660992659457
1157987493272334336
927013036367413248
1016988816895369217
19862991
1092968752969203712
1155201040616251393
924279148436185090
1153468282126688256
1093172175648030721
893840529955315712
1150312993672060928
4394822123
827161917609357313
191503150
310615217
3145285575
745369152265789440
298369353
120103615
2486064938
814093748498038784
1150518802972577794
827524388161409024
1093672800626376705
14663917
108602558
113082270
708752636476981248
2941238754
209138309
1257645007
1134860375852105728
1006817146905812993
3198124329
1071705949
15640242
933613870756892673
876162984594202624
2338370780
871029026625699840
389214532
793449862155100161
1017500550273724416
318237597
38385999
1119336645411475456
1114951173537030144
1096503842802405376
1097230968275042304
992085786416820225
941824279301238784
617727843
2784252812
2753492855
1153207496657575938
1045402439615012865
1149852320571617280
774354811
988058454949539840
789824794145546240
192911969
723448124
17261066
2247766735
839149051253784579
97146266
3343391115
812029393455431680
1929624919
3032066188
983758059842555904
889589025316655105
947168013706334208
1075374933293682688
757259566010789888
1566412309
2581353332
1334390100
553396754
254276839
814750696897708032
1088476875675058176
1018869598681223169
1125715392066990081
225351770
2783787047
1105071376375967752
24788195
2200063299
816135405477171200
1153864890131668992
789879757773078528
970659767977783296
1005229155846443016
1156965528075939840
441240739
877601170860244992
1150277404130193408
767710736214790144
1078142418459910147
4342318953
1144156332330647552
1074422052659101696
477934247
102046003
1095225523767132160
414153036
822166238000517120
3300081569
2149615802
759201072397357056
1092107740246355968
560851043
1151411943682351105
2356367088
2665954495
843454710598307841
51220493
3350997699
826300694038667265
1050426191650410497
1015058192135606272
27927211
1148856864609841154
2324862474
1155576539347599370
755792094518611968
923479542601314304
2352139033
1035710430
1124251023596326915
1046785822698164226
1009812550601633795
1134862577434091520
925756376604925952
897632831702171649
1104528055064641536
222818613
1133742818290221057
1620702318
756589828653912065
164377858
1080923168133574658
1101306142783954945
1117690140183465984
1133479686066122754
1112798931610755080
1028222680980434944
1149591736122933253
856584191865233408
1113979923494883328
3087484501
19509912
1154617014545256448
626095261
3925438707
1119649231692795906
1146900456142200833
1136359430642159621
836578956
876797911459299329
2263241893
1152252074173829120
33500075
1107629383081254912
1156942993095561216
2425262045
3114520768
755830003993079808
1000937244994060288
438070138
1575565621
353366299
1091783914656546818
18651632
1150739063542046720
987056411904479234
855035156415082496
2461028821
121862080
908913451
1142093094080434177
1142121559613681665
1142933557247119366
1143379979045969920
1143739671685554178
1144685395726098434
1145101734878031872
1146137559241822208
1146383057362006016
1146808935640440834
1146969529290858496
1147269049967087618
1148342014452408320
1148744282699755520
1149364077442895872
1150024265045020674
1150469149996527616
1150780051895574528
1150784653772693505
1151064213156245504
1151625601461235713
1152702029569175553
1152854422915047425
1153079932626583553
1153489655519731712
1153646422106898432
1153729231660167168
1154456808200790016
1155124849716670465
1156238732141486080
310354606
17479016
354137263
1511099292
129700587
27074943
2806250830
1457620951
30565011
2536237147
2576271392
3301947914
1034207941338062849
1541779441
9035362
403823528
1157171023315271681
350931307
3309431548
996445292735102982
1123476631
1083496606106673152
23352679
4725221474
1125028465684598794
378259736
1112861385447358464
792392277243027456
1046058349052276736
374891275
955405335174533122
1133842432464965633
4394216542
637210078
1134637675577659393
4763866872
571224644
21097639
18353990
1242086654
3331319391
2593798338
914954734590496768
3302034628
2534024970
983952134851866624
86712827
992063191990587392
4729035448
1134211170322210816
4327675272
3928184954
1153668517553745922
1136317595727126528
1136498778486083584
1136985416740085761
1136990101119152129
1137314954476867584
1137651168560238592
1137661652436967424
1137680732757929984
1138490270889271299
1138771077692317697
1139093403583623169
1139518131272073218
1139528882690961408
1139590456113631232
1139620329876119552
1139909968210079744
1139930310798430209
1140363697468186625
1140752265709608962
1140800913335971840
1140955221201489923
1141139492214050816
1141141109650972673
1141201776751841280
1141530366068633601
1142083851457425408
1142795831449411585
1143181538621820929
1143581334767579136
1143699933905555456
1144264520715657216
1145612747754954752
1145751002789875716
1146651040655130624
1146845252105449472
1147358978051104768
1147673625673314304
1147914361245241345
1148806755356499968
1151575431562309632
1152613138736529408
1153928881558052864
298769861
1078676770612760578
2389732586
1139204597518655489
43784863
879337180245749761
2912819783
1140753986762317824
3007041
1166951606
64375125
16151835
18605897
6904792
1064589545923059713
234003744
806266270823878656
2293414982
1136660701756440582
1136930335034413057
921163701318766592
4275766340
53738738
25728391
1100606662744920067
47034934
14367333
1132661943624318976
36782769
895413989689118720
760738153
3103527143
70582223
257048770
157073086
755504
2291625474
1150067052469579777
1146479879317327874
1048743360993943552
883549345
30395567
1045022186623229952
1397843654
1091841545047887872
799468859627569152
3897991511
3252397347
842162962538217472
1042596200635981824
2957696678
15907183
18445903
17395444
1132682754477498378
2825549592
14246219
1088995536995180544
1146502774169001984
2952379337
83459750
2388444205
1128720706278252544
1077958487274147842
1014254533013360640
972669639141371904
1141844984792006656
492417449
14151723
1178438773
21831290
3050681125
1145716645266120704
4039110378
3305256894
166218605
14823538
634734888
16326882
206631462
1069742687191031808
905886416982351873
891859482560430080
2277532850
804433074591178752
971764227747799040
714539096920592384
32751755
18245880
1026313859114491904
38139057
1152000940469358592
30932150
95967521
1873891351
887725762865803264
22930417
1111688784943476736
873188174
139510761
2783367623
1002576471817375744
351815223
772095075308363777
112765296
182447964
3192867276
1144606430567325696
3286570736
2336323519
555405817
140643620
1040259906966900736
1042188652389064704
62029365
97975640
20609969
1065576411535151104
1070380331352485889
18364336
1575984870
1695159806
1133787068843343873
922495680190472192
4720797253
2199030559
857375624477818880
1062884089194176512
926971341000998913
3179679371
2848882245
1139993240399175680
432072785
983421430577713153
2913417998
856912273855488000
81478236
1343086021
1026114895803105280
141682840
1126423213553192965
765809102496866304
816504877094465537
1142967469507850241
1098310146919288832
4890654604
2339844480
538452742
2571728495
848447701570244613
60433977
233945318
822569803940556801
1070466562757419016
1131628972733882368
1687033218
729704331398684672
817949867674861568
11342242
1002278753643491330
990758868853571585
1427772518
764141241504260096
2994460293
1257600470
2872412806
996885589193641986
3294077713
721126098
902297989317668864
1058506534681014273
983367218498101248
215857794
2493110130
1081860739369906178
146077569
2890919870
3315788627
769870218923573248
984200401644871681
998244788318093313
1017759123637702657
536259158
973909421712728064
712264492642660353
910524783074439168
1583790529
1011398360446717952
965726090
1018922594383417345
3315320251
1001472516551004162
1130993948
959060456
152813591
1117120593219002373
1095498518872182784
953742267394678784
355427515
1143608476725317637
892305238455189504
4020277611
1043579917345202176
920418625667842048
1465875217
301556180
1080657989487476736
1032154728505856001
796861656538185733
1644150409
1132097918092173312
1094065563133853696
1016382099459334144
1072195432682545152
1075063711516233728
1133411456635080704
1134914522
17432751
31304970
912710794898321408
623717041
1152142957509849089
1102074585502109706
2425361034
4370580792
21465609
1113883459473297412
1148624475866509312
1154101544821723136
949059716923129856
1050480542997602304
1128550599014866945
36902972
1122912258684645376
328501755
376398880
17756275
2230106059
1141160312294596609
1140668020295131137
24189600
1106652044398596096
319727221
865958684920340481
45743399
44966342
1119267126538321921
1125813647815659520
838813978935590914
219105178
3325308742
2358336584
1436829577
14051882
1025034163152465920
48277807
802503211647205376
1002953188381687809
1079595878187495424
2429477413
4432402695
951533852438167552
1012681885380694016
2827250606
1001621842627612672
865940396840558592
981940040283504643
966104210927370240
3022065597
261431332
3277220611
3241737772
10753312
854565384413888513
887367947341225985
225231771
1144579431928913921
51128016
14202817
17974481
61838384
984116269552152576
36968571
532824281
67650218
63242060
15837189
17451841
1167130962
1103685894513545216
6498112
183749334
1138805055916859392
26045628
294784306
360473457
1142811427729625089
1110064932182081536
1087863021660033024
1113484791851171841
54730258
3066748589
1115714441759215616
1009995666125393931
1076010939365896193
18393773
15740502
507454698
4536948797
163925903
89898430
2440606436
816124187517579264
152118096
499076495
753257634
937499232
16347112
23295813
77883853
960230912188284928
9340912
115475917
781543634772557824
392476901
20492950
740136982261714944
867195857648660481
97652578
102174041
1275701432
84989108
2557037323
1239671
81783051
1434251
17057271
2233154425
