53512421
31196465
183873370
995990107793625095
1044677648096612353
1047382526078140417
168498361
3096476598
1150474647504375810
419185331
1006999735700357120
1143182302127763456
1056929747282718720
2991966889
1090958222855491586
87004405
113234048
89975589
1128557532
1123394514767339520
415551623
206104921
831534083700359168
2527391065
379613307
2370580680
860305813
897790934410301441
832048340078559232
1158801962026110976
1548676027
1058166202445545472
2485507898
867033343396900864
794337000530677760
3214134295
555826466
950596668
320723339
1111332581486874625
64941438
781982295863484456
259669649
308511976
3784214363
1006956313
946036297
473033627
20520810
409903803
730991888
561776651
45837004
995764610429960192
257664900
63243275
2913401560
56813162
1150435496688062464
2192287616
946276392
190417402
951161257561935872
3195806999
2323049089
508786448
300228259
17929934
569130639
515946434
295792623
384604410
560565468
259563620
1729929350
202367186
116313988
154276098
782944208965476353
22350307
171281973
4840028633
34657285
54105556
772878103
787623715
17620527
902491249
634848556
278072553
67333343
833915594554630145
3283579776
562048640
1165642526
225187195
907738862
113472113
378259736
8746882
76355615
19968812
122258041
2834671915
1225911012
285681923
64536500
2192503867
23626062
252614250
577443338
3318358069
844853682
7145112
16196381
15451591
110595656
558771887
55163672
256301157
17427842
40293516
18710600
15485304
289421382
19695231
4846182018
3265621872
33933259
14159148
37982264
532573662
4062130939
78401061
305259247
2314601964
720091040644878336
82142715
167072131
130365207
22784904
116983434
205098682
821941410
552747499
167912446
2839524145
305072119
42651647
365660500
1019513539
3190572635
3291805858
14876437
2491925030
767761251938119680
290292652
17882471
3346555161
27736758
36950455
89282669
16426177
50074068
36439166
105177172
8539242
205542402
38376214
17241148
20598058
14705744
29640656
17974012
87599437
147696582
94687040
38118014
302055329
35905121
14499829
407894169
18937779
16458563
224244250
410171526
281038224
32719028
102168953
317327268
16932581
281473578
104255811
43417019
46980855
2660373551
774090876
2293813368
172852599
335587459
1596312896
263518338
16852001
716700846
1262409050
1563349772
6482532
2474452891
4179854242
2329588050
