701764234217189376
1557926192
2467226497
166022406
378259736
712299509393580032
607381741
766647415076229120
394879847
36716594
1057469000341434369
711407910752878592
880160406332989440
936337718094725120
581031649
3314658447
2966418124
1279223695
753643249668071439
2275328769
4062662326
2821340152
725630238928019457
2740084885
2708242688
495660553
870080730
48990489
1393375963
576647642
47073443
2959273881
2791699206
17939037
37710752
19725644
15473958
19802879
14091091
11348282
50393960
34743251
44196397
974583583
2841884049
961237580829286401
259990583
870477290
3158695989
821974585
935332760
4685999960
717760732713127936
1388496048
4835399064
4696728842
16597324
864191974584307713
1445020782
16867101
46719689
18760893
87715935
285165232
98877698
96102210
487833518
32372834
786345790419578881
257778230
904800793
703260518820159488
986794331582365696
1066868172496740353
862037690597953537
786047748508221440
2967402199
16491676
74287341
2478729888
1358923406
303804147
559614467
742769911
636216638
1363206528
2944953687
636586551
77320674
291322320
399009974
113739104
95153920
776446521625698304
355036400
750022168675688449
