1029120261088526339
814304
19167465
31345277
3342789681
1061907164
2283779258
314014164
2279227387
234016104
15127834
15820660
235512810
2831217437
25273336
23959074
1133435618984259584
934281246435405824
948475538187878400
1158328972469559296
582872181
58757118
250111354
860158302
308995921
453347031
95869752
870324519788879872
116579971
2864381561
874310395875295232
51837775
808355323643731968
854840560749826049
482388629
1560875191
33856936
1083425426880503810
66573591
3025760200
1320333176
4436184792
877616433609318400
512905341
3123450271
33771109
2413225478
2814864900
23762056
169234690
287401534
326705209
273122333
355628898
295951631
17179406
365296200
352395807
610219779
1295896555
275534781
440482063
2918981880
104069930
1107389674161688577
83359373
1093324700
814392950
502278199
3255926772
909885804096348160
388345704
2796525812
184931891
2444425802
1110882355525439494
3186124933
964271428991254528
1065448454552346624
1073155726644776961
839081835464376320
1452505590
2308417944
1039262002160390145
905937495627583488
842797870663286784
119867076
1058949451
64397992
821714786144677888
2817513636
834928597
34516232
944122434554392576
1446781375
1105977935511449601
2588482844
822637812113690624
3433407383
592358235
20031296
1096078789
16867003
104962810
106823273
20565876
1636683380
151472659
94905311
548655682
142598281
488300738
2476987891
1115617370628710402
2240926171
2863102211
564853309
754781047456468992
42914038
398754763
2866476539
1134441123714338816
2784551088
2182993739
397161112
878226858235613188
2315357324
401939897
258847118
1156411939876044801
1138191892145942538
2857031384
456864723
16744473
34317032
384923143
14632294
88392301
1080242550135537664
289815544
2798139072
440985828
112696327
999564724403654656
2418230672
14662016
411076507
1146336729059799044
848816958221012992
303598509
114801345
713243126
287798579
17846546
29529509
242760728
3329891278
452080450
529571477
107225267
816291044325261312
859420197194653696
260211154
1052175298949734401
1885177736
11348282
2993230373
117662694
511402689
314171681
2925925542
42936819
113422725
784462687954735104
95092020
193863541
4135062982
2670271687
1030487265028595714
140137815
13671782
796564908389367812
2472576967
171012374
34018296
1074708625
46473066
2413216260
133483967
882598499958870021
318485472
1595392003
3404241393
41582030
131942721
22752860
722038699844734976
351566257
2580789216
52584039
1291199636
302769804
761257471952379904
923499540610736128
21595505
4332303855
1625218945
2417085025
189658688
194347664
34305774
806620844
18229868
1732428584
1452410996
111418046
938681
1601300684
3637166717
299798272
16878156
36711678
454313925
14342564
2314668625
158396623
833670940273819652
2791937658
709855299369246720
479226018
185112963
129193125
1136177328139177984
719817944
3168247662
194458329
1564412287
807224497375944705
40914713
78361556
19539716
19711765
39530187
14786217
1153995490452578305
127984917
726758167
460927732
206593448
4081991835
3557409493
1007565764264591360
1147482258162499584
1137516424610451456
482108339
603949213
28838219
978970980994469888
189868631
2599562040
93115683
1021308800144412672
766108924298850305
26530673
1301312670
20512439
822894547
27596259
115039678
2797948887
96102210
397317974
419544231
285165232
3061255931
59025555
169053175
13201312
247048493
117874971
24549680
597213953
861321521884737541
1092229413629054976
618069948
977213977
2892451389
1182695420
621924471
31977140
751442599
78040914
203714426
1143920610663378946
3235362313
2924865128
320268880
28567809
4025889539
94119095
917614105
2657739571
870463253331279872
1861185277
251233689
219070649
380298900
2360816491
83168134
379782243
19722699
23962323
15428397
39537053
19802879
17874544
17296792
32372834
1843791936
2734713482
2437806571
1614057440
19789439
234367247
86977818
559831317
41660586
1375729070
281093710
126664186
18896867
185497414
404285633
16630098
18689000
279663381
15949242
774356839765008384
2811503196
1051128098802941952
2967402199
1069502738332033024
282076470
50560474
416934863
17471979
1253264389
26222868
478370670
14630696
599631411
35001544
153488120
85915680
2279796104
200162045
62127399
355036400
1363206528
378259736
636586551
1604459690
441560048
66182591
211073619
19563103
166022406
4716205599
997873747267866624
561297215
14849816
98546373
1057027456765452293
831930390
15473958
19402238
2903470928
73880751
176822367
366129591
370101469
985752494117720064
923747567669739520
859431971247804417
36069225
108656502
55277015
38705010
35749264
14315537
63741872
2929224743
102413533
1904965034
5765002
21902103
44944668
25585110
1261637024
223560830
352650591
3255997940
3194584159
4855363466
625070495
1594021728
76708128
577132453
29726578
18000919
21113105
19725644
902986224
49519258
2227296871
973971049003003906
1562025330
772759927
949375901279637504
992153420164366336
1358923406
303804147
885554533
143364391
138737516
15143478
4831201225
1128791542175535104
19658826
487833518
14647570
15862891
18713552
490007236
738639850182610944
865946951988035584
1130601764925976579
800763156045832192
3101588527
866013050758934528
1138496613339553792
146712087
2243347640
547866955
1174012429
3126403725
1201340646
3629607613
1723517599
3411337576
