900767482088235008
616597193
713046500054446080
2729421215
783732620135849984
2319500724
738478808722989056
10828932
806257453088305152
14729597
378259736
2192702018
1493847024
300906854
1123342450536280064
7541842
1089987432831991808
28499847
236935142
117802716
2511553729
2341183440
3311328981
12787442
995221144629317638
515629507
998924746979856389
156491180
34928830
250824657
846137120209190912
568825492
4196983835
31445431
975726628008550401
748638513814507520
246391569
38034789
3638853196
866426699193491459
19296815
3070066318
15521075
1891806212
801452167450230784
3496722194
1006015254873112577
183854047
791333384307879938
1045815027314425858
808667499046768640
1684229749
3279005954
2278003890
410476444
929777340351119362
3201530313
1316567281
2925246128
3828522267
2713681855
588770591
111836749
1406502908
1080191866509901826
4915733086
793476872097107968
699970558205763585
786926307565309952
252521025
1144650461892550657
900438218100944896
934876976392933376
4541542216
885349339878621186
2293940731
635887611
890969452103258114
180219675
188550511
216268054
237851354
997780603
2251694917
3309129566
128234153
976849314692632577
3260469565
730951655894585345
19560046
18481646
4096146742
829493788477255682
2770613724
41412650
718870503667146752
1053474446827286528
2608570804
921426704094044160
1397047028
1062019034818895872
490951655
3111061885
999826737373396992
2832871342
976563734670860289
