1002264925878865921
1137759450926845952
1103439364569346051
714635611085389824
797846135113187328
1003550288018460672
64054704
2460086384
420902840
631311756
19767193
7494482
1041662479930077184
18426460
873886842
953573644122447877
1009085451120984065
849308830060212224
1076550831506366464
4835399064
775312296285319168
264162545
27847455
829273975264002048
15806750
1100123299168899072
602287612
1095270190592548865
2467878368
57616146
574789569
879041854641254400
1146948311875821569
1525876519
437990430
707234133286756352
3070386906
378259736
2533683200
26067312
575539173
16044192
4275177621
2882979183
1139207859185553409
2883127067
3884207477
278782436
798218115763081216
970947346744868864
1136048129755746310
34571857
7322852
146777237
895622984190181378
1523876396
1076612647305519104
1065093092389335040
993265090571812864
978276629414842368
108957508
771301994
2896220777
25067168
141376289
3436070188
4707448240
292075529
20706001
1141367900764364800
17251889
1089088827614932993
856122123022217216
258035977
15581820
1147822231
164409011
163184166
235107122
409660106
81093833
312600634
780723246
1002510467934257154
48380841
768662545452392448
473200996
739091572524875778
2804736223
2329825940
113210990
3133060425
1102856944132542464
793661894
120821245
4830091875
2833453303
2387887782
2279227387
3525001769
842156192797356032
1126019182125047808
252791434
139990721
1133435618984259584
2701073637
15000857
21611239
1247375072
702500321772359680
3018372989
902785071580463104
38022409
403040278
497406692
431719095
384923143
344395626
1105490226984747010
42950393
778897235140612096
2725955462
3178146507
2773375055
1120414532222976002
1060224919697448960
884142454580142082
3664494917
1480091238
200640690
2276785489
1127225047540744192
16491676
74287341
16867101
139525231
3260532039
1259245651
3881601261
933742994100051969
1072511245
983987145936384001
100754570
121706921
42831213
301328674
103879670
92271166
1440391434
176207343
1317549655
1159936590
2191264278
4502964433
14281853
117777690
3131144855
3002625037
18301311
3380961148
1735608703
206717989
24150634
818522094845722627
716598241
818150114
157981564
4241374534
516708506
954305179528155136
1949350753
2646467292
992757055642578946
842828987667795969
788780731036266496
568967091
1119189168649908224
832037101
4123030753
442061349
824683392172249088
1116903100885770242
3158695989
1897500619
100020077
65596331
3129375263
1019974187975430144
818843607637655552
473351805
953793862547509253
104980886
150203641
75789828
707281696941445120
961638333016346624
151650579
2573209357
274063094
131653588
3760953441
846816237493653504
941818426355466241
973970863442739201
3046932255
2844569713
318485472
3904908882
3321498646
623168304
1004293736250204160
1117239146488025088
835348317248724992
573822117
481089037
824728665191841793
22413152
1105946041243725824
898853954
849797646038556672
996132346268020736
26969345
769694005
790476923923271680
1106176123380158466
996213937937891328
803702790488866816
1603380337
600817781
2615430558
2706443228
19183987
3429832145
2338203704
2842512807
297480401
963565038605881345
1033992485842956288
3105515123
1110050402743934976
1729768980
3060489838
943238593333682178
215869259
2537867839
1052881452176687106
880191564206747649
1361599351
927850333
988544489965879296
352650591
2740728222
19722699
1515098382
315922638
827205419642785792
1379662802
119027663
278506592
398754763
1144518236
862047959608954883
754781047456468992
2280115880
2930216239
18456821
1097651882443460608
38684725
994648665057910785
2926611779
724207936818548737
2884531282
829782841634361344
3105903298
4272591080
138203134
45553060
1361913858
832089734990163968
761905718
867509145414619142
892152221953019905
17471979
331550951
40658112
810979391048130561
2161027910
506427879
75292378
47985362
4182226637
287602676
3019836917
41582030
1552643484
22885414
39561001
242491181
13073662
100276047
23149114
304692929
143227787
492653344
30364057
130922325
16302651
312860399
187486308
3150900694
112797735
1039845737436196864
819233706
800459756292882432
2639906392
869556850429177856
942149528618139648
2442015493
969713480897937408
917503866094149632
520754079
4231095412
35960211
2885849897
236339483
1096787563220819969
2348497939
1494557286
866318760185143296
90549534
865613814733176834
29360785
268192461
108029164
1067903097727578112
1060968143936516097
217387365
2295261175
473011877
4620451
49508220
754587
50122046
1026053171024736258
984068281752580096
983506326138613761
787980163
1026737092611567616
1004043007551791104
1005035166513991681
1016080057083858945
1044582346400264193
760467218140389376
946159921527246849
1058332724489060353
839144535808749569
865337146147835906
982034861895704578
35338431
76987524
3650183657
29823416
2598955820
1378591387
1024751680825516038
358464377
201638879
480683579
1526939724
39946349
108367842
3318251458
357304767
799754988276678657
593931776
3514497333
2902182458
1130791052
79271706
1126627279
1025906006344327168
17903982
1005162711821451264
786598069156446208
3032848567
326296603
123209835
1858407997
801312346522157056
281480151
85601716
3387798939
827079090091991040
1886223925
29462444
1615876674
90866211
1014161469641056256
220265157
906541205046956033
807707809
2291540036
724958787392667648
21445587
250307159
766647415076229120
243046720
101759189
52828287
1045893552901955585
70029935
1070125987134754816
40089769
298031144
994815421114191873
71293793
2450651006
612440288
1105277533
368021013
808427171127627776
3235809778
1413246174
2448077035
3355345034
14782635
405138792
479632817
768946078024667136
408649356
56127246
2743399096
1399640347
22530708
22752860
61818339
950698043493552128
16298298
103578045
1850915184
830935416
2205643255
10492052
91977628
2447509903
1712383135
854460896147640320
2542945868
3499141463
171227474
113864848
2885769319
22609121
436557622
506987893
104768601
987994432229269509
3161736324
3101761315
187880099
90345811
29694209
168607383
144809872
793008812982734850
762333290468634624
847685321454006272
169670184
265029238
39967289
2905498349
2897491036
431943910
67100149
4163017529
21281282
19139533
916661183561764866
283141117
223231159
1894231788
86292908
23244246
1024349676487815173
795539197
3603381
763302411343568898
186240203
293992039
2491121731
845407595233992707
728603116615159810
20749575
799655145109909506
22319285
3130805974
1367110530
718052415
14281466
1197037934
893213172534005761
1053632750798938112
850354008
747140810
863935786202406912
1010185429105238017
91302733
758871130392236032
851845841446981632
42715919
314014164
349324792
489209507
277401500
15362595
129526938
204261944
8802602
19496411
250454232
24750136
636417987
2305728356
18588537
251918778
720998241073029120
71387352
941608520700612608
4616367554
2497586942
975068215
876719893327912961
4918164698
882134034620481536
1446760243
1544016012
31792400
2204778019
19697415
158414847
1010108645596651520
431352436
978559479561277441
1086752611
46335511
266897769
883353569730211841
32282074
3097105723
716366162
3417953188
764941116412047360
962496206
2354256084
3156531065
28661590
347567295
2396596650
3003453120
701983068
3187019135
1015636616528814081
57957675
748996779664896001
1017109274068180993
1037712727001653249
991097761905954816
123148608
1038704737959333889
3231983912
34589579
838798444466688002
1592920573
2574379359
4645992083
99255535
850435474774786049
572978562
76592468
624274203
7078182
941291979283095554
2978874587
124288407
948006556267884544
4473193108
949322336972374018
309126590
1027092418464608256
984682786471776256
277527001
301241677
877111034007441408
1359153973
1543949588
175423518
240280762
2239542362
109895940
16133555
2229681793
362889650
2507111502
880653814826663936
1538651298
1099040623
114562472
351257621
2277671516
2414036778
3006339765
797229459803926528
297746003
1004963141610950656
134713663
210131899
867702795419385857
843919730964545536
198689528
920971676
2864340789
890102445417926657
1010298429745041409
708288695300976640
881726381041655808
914309798513930241
912800882688901120
393025058
78442404
2435509679
28827974
844888072957374464
1014799523661668352
2772599858
550933279
909344536463372288
996020192
2875482557
30799310
245129452
2413952194
909986696837554176
3940281513
933087470786367488
2154127088
23080085
86791252
908256826160009216
249410049
47091019
2989938675
3343835692
2770637025
21367240
415075929
966348094475513856
898172506191867905
2148009361
1177423436
14849850
2188294226
2232053359
16436508
877647286817271809
2269271584
1608035658
27260996
874257324
9035532
68844282
16434234
429497144
154100833
1340495059
1209764052
60783724
738825010786095106
70784139
112475924
1060545835
159586213
633470323
2841795280
795887454062514176
191583687
475074109
2340718668
1442598824
989314650478186496
1485837702
885146651001794560
2195946740
150022755
827505248839270400
778912981304369152
2969599002
21454187
2163323475
59247302
816231167146000385
3897768639
384953560
3072565471
1414983972
322550592
840513419333763073
994950385650556929
131914189
2976436354
766227007873118208
576676539
2423851014
897514144362106880
1315439827
445811947
15842692
18147943
92104413
12915562
18129652
15762276
1006195230
2815540876
2430204001
3385408209
1160929572
14078433
1874319986
254044495
973543978632208384
14538808
206284625
799320422139367424
776921947678670848
905271709187674113
931591571149152257
347219414
472906654
19141076
4120752795
29446871
553193807
1262137098
1289304482
1599491311
1892420460
852816733492527105
497290210
983583812696371200
95661007
834081571493785600
174110843
2922928743
14529929
340613443
4047783497
2920695376
777435871654141952
3042626745
808756552257732608
975218674314362881
926856054859862016
22425840
949327621724110849
14671775
763613209
442319762
57216469
1859194130
41108047
784983817
97957904
586648614
45116516
4854017014
734439405797052417
2466123505
102417054
727951102822486016
2719746470
64456502
2726549994
831480998823129088
983151167369867264
10328012
707262406469115904
100091791
798544956566618112
149978325
814589791
2348918876
1054236732
17803000
61977994
146779498
4114811
2420185711
2633757415
2945546626
1410204828
1032327331
252692398
602317143
2807863171
12773182
827902748364533762
748181777219465217
285357691
717313
4888338591
960790126531153920
3000299467
847991712467214336
80903194
769846998
453892183
774928853856817152
2810140122
760310961752281088
939291692783431680
612382284
700432586720595969
2962943326
2209884625
367112646
262365030
118796851
1949101381
2355580346
1129483681
2727371792
389024573
25728193
952014681815728128
2436477775
41626377
782682097827713024
323854120
488300738
880386847049785344
2908841007
89832215
37846749
27837098
6113342
919245950
741296557757239296
965266179836252161
937050321951580160
719403787
15496407
102684711
839784722125455361
559775228
4833621828
246490920
3141728759
162038703
2676311906
776764893940813824
148361614
99501583
298785229
2704857546
4513025417
521509156
967503330066010112
239020865
2513022817
967677244985544704
2201328306
2990609868
161745890
173968705
2584513873
342734279
2572126866
2460047754
29993687
120867457
2273590184
16546810
34078677
280610715
2555122579
1458320232
317998035
626579491
980333048
2154359485
878296356678508544
843298514713030656
4032367415
3903137779
3294187659
736179924684406785
3069907708
3730727661
469979850
709624702981935104
907325264329310209
2801054017
2865001744
2563532985
3028722405
470412567
270880724
252131430
1595392003
864476174994595840
879459623136309248
4635947242
2903539719
919631184363220994
948701284097560577
218558093
104726185
949228573889564672
728148187186241538
2887301980
3420716327
2987147081
4014924015
701757350143795201
707877153724092416
2809757067
3071757008
11131302
829751770431762433
160346651
124920374
15801989
3280973646
2884771
2891062673
882598499958870021
221510878
3865895534
15406575
798250674081398784
466405855
785856547616415745
3130712691
2685263664
1930342326
3893982629
38585886
623107700
928364310602100736
800311469703188480
2240588022
1006393130
15848241
497849712
28847795
1305940272
736987672242212865
90603656
4895991351
3300369237
874625268
3016051375
753984763115950081
21364021
512837961
400979653
17159131
20989764
68740055
147971244
54986585
906577476179988480
730737482153795584
15820771
894091213506215937
839354378242916352
3299751849
157948011
2968583529
2493655928
95474966
214582995
87010223
227621614
2861734654
2163424327
3164132867
343278658
4003985357
788386297459118081
163977629
1270142414
2479806668
365170269
799313980971958276
2970005608
2610900790
806843953077166080
2635493904
532305069
35749264
16630098
1569639446
2473852754
857758706519334912
875978175154704384
736177607713132544
818227731548766209
18071520
1271253811
2285329064
811453057
2318888798
2281889335
2364530516
2904939628
1950158414
2165233802
333955003
16897352
75975649
34032998
895823787123511297
1545431030
614222177
852131275188166656
60894045
786510960819367936
887977031983648768
2802059139
2508611354
2372290033
481247854
40202517
434030422
3109700947
119087670
111615811
22926862
2305188457
255559955
2936327050
2739273604
2327867466
380482596
847851963773460481
312180705
2439206280
2394054552
2923914401
415494767
70815345
785227005532839936
738068723752394752
1506671
38640485
729662700280786944
4898994316
250109184
868700782371233792
3060702492
368031901
843670425771024385
3424368447
1670109403
279638885
814824506
50128998
130663251
36105937
275503168
247476364
2956817649
1548829004
3415502505
756145106986602497
3300346259
1242143478
3805958297
861053147304873985
3180794185
192886701
361219333
84358002
516757783
243670251
1966844096
186058003
390304979
37114199
1203353934
3180862182
3404241393
3840387132
326665662
2675526282
14819353
16207623
1074708625
2750978743
2370480205
330202630
3555758293
3531982873
790740631060484096
2362447844
1403214757
2300987912
38902796
611278121
13257922
42588489
2317351705
4444196479
744573838080548865
3366316354
790901946777559040
803920678999261185
316389142
327397089
2213975605
827897229377671168
824720523904978944
307005530
107013345
939091
823565852922576897
824190260338954240
824320219866923018
3240143771
475005710
3545405603
815455218687152128
3519587539
19532745
19529939
376147835
19016842
20927633
2843766103
73616209
14169582
19663706
318454172
27835507
44313027
50978084
70349754
27006700
65327371
408362345
26267038
41409222
21846056
69569976
82037156
207894887
21743231
20660262
65871906
43300886
26198882
40205867
24183388
705113652471439361
1101660865
107238136
32147629
34324846
1172795293
1496181608
798168879293956096
755113
742143
1652541
5402612
2863102211
3091478176
118840830
18622869
16129920
16017475
251618916
2962666024
78689305
605960106
1061800501
273070528
545035192
47886347
3815082155
3574765035
14973281
262379696
263842573
223666145
224495471
22891420
15862891
18153969
564853309
42914038
32372834
769624199430148096
750842969247232000
15439395
62513246
17160178
1449382200
14085070
31443503
764648847532433409
16486812
557367443
1965026335
1640220067
3121598449
2584511594
2283779258
4869777261
239061610
251312236
726805952134045697
17093617
130649891
17814938
89859520
23427457
544326384
411150622
92144604
569998290
1407125396
321660017
187465149
15156713
617031055
12640312
389838644
175223476
3175749089
398113217
90258002
2418137769
100578077
295750001
20646711
121594838
2775522686
1345516656
135441822
242334946
111316874
147989108
1261637024
710863666925666304
720299894401961987
3297827174
2164788541
91070492
2807630479
1513311216
2203310322
3103329608
582872181
17251787
1938608077
231648944
112756074
2901324041
58155571
3067378301
3946696229
1548091962
2223120637
748323677574311937
81133226
37710752
407060259
2270776861
3063852513
3300107436
1289263501
1689062472
994511898
20077270
701990484378390528
2958971370
17179492
17541761
14746356
2188984665
14163722
29461062
29442313
1339835893
824000078
19513912
468535521
765529571353649152
4836527590
2291202578
3123438521
2846839096
534736640
75865329
1288966735
737637373
701827811267506176
755593600218517504
4635937883
2655603848
3248654827
726552444625408000
15127834
6778812
191723833
16110508
133562519
154395962
14862794
15926727
16661704
17053944
20104025
17383073
34464407
3028083683
58389760
4269829273
43808407
3434360525
2931018067
730579765195743234
3580848253
702439689165393921
36681781
204267284
735873370340904960
4887535545
3033423069
300589753
699830713118433280
4775979051
204890149
3063953174
2999238655
20506953
95539262
250490720
4012262675
1084434638
727478256719396864
76403984
197643894
61443344
777940302
4448037073
3351698086
2851146208
565584994
25806561
3320853763
3055893523
2590309640
3270644749
573790523
282014422
14163748
10505322
2444744929
2472576967
813860534
2590259335
710350225
728399812643655680
727958814771793920
14858158
319584442
4880926819
17906632
15295015
15309804
279628950
164811233
32433037
3973130589
2569988300
3361996102
589238832
22194330
17971635
16845415
351401071
1271271362
548932152
2469632780
14333910
241043978
576539861
803160384
244157742
70397472
3285684163
41977845
1036029061
14726826
34696235
137717878
832183933
301684241
171598736
3170508838
2838834782
3906125718
2743087192
255231962
395355737
19915743
384098957
260921934
19984919
3353126193
2574369601
21912985
17544803
17897698
77463667
74244916
20677866
3816163461
78208471
153146297
933586766
24961156
348831995
17695896
1673769362
457717503
1491569616
1645133150
2916372074
2916305152
249863341
3395566961
2678260008
2786737188
508881409
2254399340
213575812
720526598
61474773
1727942791
469374741
426021164
19019494
20422158
19890160
2855965952
1523704687
865611229
3429972256
56276182
37920691
21301376
6292582
187518287
1154430229
2884686261
571797201
234309722
61354111
88697946
18042754
925000609
363747144
3217913176
23908767
1863412862
2512172539
312050234
12843922
156948063
2771323126
569076010
295750089
634963861
18424685
315718949
17781165
3271154827
47310417
448476934
3272477743
66680000
953582562
537063573
2412776845
1912983091
271944994
733817095
335676354
3280266987
615254281
432745197
3235696903
14627674
100762997
2424605941
2485606016
830854369
2778399668
1536791610
105918870
2748969402
1137997981
436785722
2200713675
31879200
2503494842
207346985
1851517538
3166870696
1421480034
18365948
7058332
565017227
20674145
1386073879
15265755
21830279
2901889723
43537421
2820515594
3074604035
127014504
1318889275
170686930
2901842726
999945822
1733713946
716506154
3014667034
2166868020
26708737
401836590
9255292
19725644
838464523
1144882621
19445183
815977902
1069071836
94680511
98061754
292927415
50606131
97314708
18918939
20002004
171012374
84185133
15384042
213704558
185676339
2913085740
372697970
285138528
2288705358
55548410
849958543
131144285
246887236
2896475038
196716573
2897875280
935916278
1582735422
15617140
62109149
2481170239
2976859817
1453911992
2172319926
2891441782
351566257
458733840
241298036
93579404
50956665
2939052189
636586551
141991931
587636171
58535054
2291340440
1051281300
590937452
1165593398
478547469
504405282
2427179792
91585149
19808176
102318483
346614733
388903679
2903766497
1687550846
150127193
2799983923
28379556
28642247
21581503
123352680
192511759
1138643479
192728769
2491445959
16428124
2859170098
1519997904
39384517
18403447
15647676
2413640736
366678689
268465336
9624742
256186289
21436960
253536357
884609418
2526921716
19157193
270451177
131942721
282494045
24301040
117241409
52584039
1400404514
133483967
1291199636
2783181097
2753663966
2804597766
49628454
53395898
594452704
2836964160
16923365
195371102
2602365288
15521075
2717694091
512070841
21052317
1017982092
1447077272
2808465462
274585771
2811887156
33773592
18601220
232392210
201880198
47414032
2528597780
104984131
2737908654
5069361
2277472249
330105456
498334862
2317952330
713443910
556016471
300850672
45669384
2419147453
424067771
2451528924
260211154
2240055518
415472140
171617558
328952757
2296089198
2424010784
2688416814
2574241122
365192857
270107533
2645602164
160404393
1400856698
25677991
8716142
176283062
2190629353
2437510260
20299026
1722429451
237563847
2423992873
188809568
22467092
275307479
981127062
1002332748
963401670
346422598
46836666
66527379
1675764126
517229241
462984010
129051309
227359328
255547743
34592271
704508369
1140049158
244294530
14803372
20457080
46151273
177264696
759068652
36972997
391595922
22156926
2317202599
1891806212
193103650
2440698198
2413242894
185066639
325656563
99529322
603845143
53184098
16340952
176334875
7152572
101802390
17998609
18169053
17366486
88957553
15092914
703758876
14207863
113150236
436095587
46473066
21654801
52800906
2270467808
14315537
1108203074
2234877140
1653960295
711042579
2228403800
276425677
15871746
1853707680
20550261
14987172
2279848578
229900664
22398045
259859342
352191599
319814250
112873288
919050728
1015711885
15703590
61437197
1902764287
628968903
18503976
59641483
24117297
319237128
220442196
1865005904
1882445300
87281493
111357462
517176926
221805929
376106268
19646605
19066345
126447573
26334835
608585731
1555211396
166156882
109708046
14448779
17413770
191923114
14469397
11275742
18542382
184128926
20651770
12877652
104894644
158351911
368199610
569711724
291399359
505520372
1431496981
1474354076
35171476
87451926
199793997
307307031
1029069799
1039769065
452244618
29724519
466082799
56380971
76279636
77058003
524633269
46410209
945116965
50060588
17057271
149402237
25699393
333963862
14199378
871766546
615262221
774087918
18208629
328360543
271209877
574888357
551469578
75253301
253949403
39394901
336669010
25782677
580450929
1217907806
396313111
295903124
19246321
370689863
939729882
469142475
516160864
32201814
2576461
15601251
21820958
14353392
16303106
813286
90420314
19397785
15846407
