294149729
103820903
102352147
415075929
168508631
784397947374964736
944345845
1149942961
378259736
3016632889
741168305864593408
147311980
55259925
2412380929
17386885
215952307
133198267
10810102
15253147
23151437
46345843
17336417
223992727
567267674
96743719
17340546
1384810968
289096030
580089228
229466877
74394857
295705264
767471222410080273
14266714
1143551
34316513
3381052115
2676268562
49585215
21356261
406900550
78292395
81816303
150246405
3083740683
1245699895
111299363
314232256
21472051
2236822342
326846152
312697419
2911925638
211144964
2798520698
108568373
1564447939
40136877
28225587
15485441
95800416
40357305
345418632
410724193
196569877
171410407
2576745360
1480052792
329182777
67016598
304716340
56512819
580798263
245888465
900413377
841481748
163923655
1386419676
262243376
366267825
450686676
171448160
217025909
523842509
199650710
568825492
15115986
1689419970
14810827
113447429
17310915
23617610
32959253
25365536
616616825
18948541
17441447
374873146
500266034
23585776
74231747
208019751
470937613
438580683
288221671
211346617
268783568
19562228
85452649
69838723
342964940
413487212
259379883
81556396
104192882
17260575
62513246
30182158
15846407
44874400
126382440
337560434
8973062
17208934
16376714
91334232
211816157
280070623
123348297
387178086
239572787
15439395
21506437
19397785
19299909
