91370239
34011166
20626452
16129526
245627114
180535644
529452973
392977409
22012341
823646
3037897611
2370991351
1122857336387833867
229005889
14817316
408902268
20508720
260478229
324217903
333729390
783792992
230601023
612733725
16547325
17967925
885161597358022657
2793306987
19402584
18594777
14118112
1919381532
786223489036320769
229623319
16648505
484049990
215676092
2576588101
59585128
482409671
15760637
1128234618421948421
104271823
800713486229614597
862037690597953537
3060489838
983747998432878593
1392580502
126496303
721049610
204198911
5478002
16138845
4109157312
139935350
2494206019
29187401
106467385
931799356793085952
163196078
1359749336
2457229634
2881264591
15250756
73273051
16176894
141376289
481655487
27878674
137703483
5424522
20652930
378259736
3321839466
22211818
1523537569
19515495
2279227387
33737115
33097589
260377391
742590636877058048
2828262943
3279061502
976029015667630080
90439325
975277964
1560456343
4487760737
999293378
248343882
1566623210
49720903
57295824
29171457
241150623
1904823872
2184682700
282578833
16469647
186154646
195031706
284053719
181568568
2246165587
523225435
80245884
16434310
20779255
572036038
621070937
989955583
138428447
229509740
14521505
399615834
5389672
1076804809
3667534521
43104516
259871223
459872442
24889586
90004929
804283950
129321224
30279765
16729309
1728419371
19537551
2254973755
14914631
102182099
2161027910
331825073
946965716
135238365
1673685936
738366479142424576
4055737749
217093521
426649551
1911086456
33024361
961589635
14868992
48370227
584989149
2288619874
94818435
902242046
3153541647
52053878
17234452
118983660
14315063
402664998
2191095179
234527654
43753057
15013234
137471526
2773249237
881609187343695873
53082555
824157
771583225466531840
1039248084205756423
935129527
1620556356
1858811
2255340865
45144224
2970400421
2777783276
2896671
54638897
4784804942
612614693
237061993
100827659
17832548
1713118033
1006490087985696773
204054046
5763262
23825058
2258670030
815229078
16699282
1229454871
198459994
16313292
9888872
3094068711
21704017
54204367
198584761
713496340941168641
112053784
722609858
365438535
8904302
103490744
3303031570
49129289
4797585994
17209277
185292147
22876564
809864
501915518
176906206
2664177324
244539931
3353512041
2903979971
748682285134774273
2764811815
1248369446
531297921
278626264
860158302
50590118
22496235
200514238
758094541
586960773
810129
19182316
40983194
27357824
2904905002
3198264237
138203134
179334563
7198542
100076513
4514678199
253114424
16212525
2545175612
64808900
943542191099727873
18502702
707666185907732481
1608317947
15764644
7352832
1556664198
2364979436
959183621893574656
553780392
32871086
49961669
117913137
581313337
3308389667
123096209
459421616
46530078
254865613
14328463
15610183
392355134
2723963928
18714213
52381876
91844423
19450429
1854373320
27578946
241272537
890722850
17445514
15019821
18804364
17852602
71180562
1683435492
17782234
17260513
2414863285
199327139
612911073
42591290
377000825
19724884
145003604
163966591
1686739147
6549332
230025585
347359247
127833910
38191352
16999284
27657665
340560379
317249504
42937492
914662699631554561
161973640
829415362647187456
1694661403
169007637
102000803
330951630
479824005
20716480
24075855
14911886
244276540
214622133
61237387
262295914
372698065
122111410
357123456
386036963
809304700252143616
43773537
973591240242614274
59215987
21731008
91277453
3525992655
274609987
36623
570702713
2218124766
2351374033
739217560810475520
863663918002167808
736184665732751360
804133009
2329051782
542591255
20904490
3285737706
580097412
583303660
20100312
3199125603
18165124
14095344
1033087389953089536
1524146288
470991619
1935231600
349199931
16812463
80203745
2422385298
875029068223315968
4625037762
154016912
15091614
1479684535
2387414858
316592192
237753770
432518468
260961978
238748713
24249432
14331395
20619326
127646809
41123
1370387143
1161442118
893306560168026112
74521671
21789052
20696261
20539747
24001758
260294096
778902430985641984
2876742314
847502245134389248
700794782164111362
568712194
713006165697892352
780934633
59129325
13893712
4383380472
266409664
25966541
1608984937
49656209
461230285
532241456
231679323
33212040
389562551
29658481
82657346
399099961
826462425067175937
180329021
16245840
156265400
2364445033
15299882
72913473
223236465
132883862
979669761301807104
15439395
31533881
514564994
807893046
2394680197
6825792
325448885
15290966
16268732
235735524
264542169
252791434
1202760024
355665348
26788424
209262555
93579404
12267642
2377407248
83130849
1676666635
15127834
282245928
18842242
42903521
95468980
127718157
18911432
19902330
519313067
1461580177
3256486623
14238165
188793260
905831441652703233
4833293404
321698644
1166647200
215843989
18227814
1645490090
8236132
290889405
15014328
234136347
18730967
351579402
339791868
287703379
2579449220
1475708924
466096296
64219646
705345198042259456
23410776
9963832
14254846
6466252
2493
97874285
3584163256
128042269
20742000
1184647243
4816
14707266
2481850001
17534607
85583894
12904702
803694179079458816
1206557256
134915139
185877122
104070525
155748301
276259528
14496034
339847475
49666871
149797759
249310580
104786280
79024978
762246638
2176211192
2805856351
17015268
18152276
65045121
19166519
277482283
4827338892
15220768
478988995
5528822
2409084909
19123229
2881236430
357661916
860624892
3384739324
36182463
979372391620141057
961231092
254201259
2443194158
7352592
118729639
143344335
2847895081
93476253
897861037
4509741
2185095184
603877056
4484386293
44996395
36025571
47485643
138201697
146896811
481943972
485102889
610659001
10716292
58431280
269860808
726206425
19546153
1673602298
182227772
1732246500
543905029
103036020
876502412525260803
49075627
2864213462
24223629
164358556
1342515757
1173648253
855240223432769538
191569482
982561082
356859949
127414067
85669294
11778512
605012771
3081982205
194347664
120457236
72761519
3082998820
3214527323
566398384
15378754
561955921
17356547
4697951509
778660230502686720
208008927
2469879564
400923094
22961751
386218654
2157294906
94384796
450228160
19803953
2346178098
74123630
4878119211
21441341
20643592
34339828
59107017
55188769
619207034
874813531
70478255
15500367
583212987
27185621
26118912
31339831
15730530
359831209
19700387
20343694
252397899
933084565895286786
405482317
2228644813
2549031829
822558913757347842
59081330
14129415
20309837
171674815
2316100129
61355172
309820044
1581522368
16289499
53691381
110465562
52344237
21394506
44856252
19606755
399412477
14096666
790559641310793728
744607053033930753
458556867
486799450
57391561
3044631213
60190930
1732829419
337964652
460187847
20663265
46166658
749011943223164928
200121937
608208042
207439375
21820958
487990723
3242016790
3201724023
16330659
122014550
2829383458
545076013
215835540
38221064
1146902431
53600743
207534677
33252613
47647819
17374940
45463
192959546
1453001239
1266281
280811825
782934
7436592
126062547
6753702
184304801
9342312
17581606
15903378
2262028567
16231396
16147557
19648979
15358348
1884938714
370492381
14245341
115516446
12565032
22525751
103413137
267955046
17580275
357916553
201654004
2497242884
798235470450692096
365145609
2354013972
1872698360
2306579816
521673915
603985978
2188366238
366216711
383653122
433747438
300920314
4872229024
187512368
77475538
22389244
17013577
1489691
782325
14329394
198664836
21088417
2828562864
307150900
369273877
2896114272
21995812
774138440
38493103
6168682
840618056678293504
336199283
6069772
385312232
1262564713
212292139
22448780
22461446
480793302
14253694
567756902
15084361
16602052
129903093
313799973
2423861950
259616505
133893663
5415182
144153507
7615572
5388852
100728306
236445685
27978241
256513537
820077362
3240770711
10834752
17065569
182636444
88060423
19270171
322090294
251609632
14048901
176645444
45891623
512612639
12169762
307826617
1523704687
15178265
749680201
21832095
83237493
14046504
3184574881
310118042
2913133712
2707961760
5273561
2316383071
16059332
144004358
20067695
21933005
411835780
362129961
12160482
2878555464
230264349
2523903076
242762574
3325959395
258905072
19926454
311722501
236896035
39108132
49976458
30432780
41079443
135192835
130177606
380390554
87656389
87657446
109379148
18049298
477336353
445153884
525436671
794996398030721024
1630612242
3697013177
122071447
2645602164
16494374
131144285
135324199
563819203
1286506417
320268880
334969657
259763847
757243555
22315090
241991724
15428800
581459578
5708292
80944765
471258123
10043482
96049182
566401400
1934401110
34126745
23845320
177629185
3355450545
310348569
78723806
412362937
85804357
56318966
26947239
47954623
20718252
14660532
14352487
427822284
44134773
88813014
46501372
1976143068
219630686
15644999
18710668
668423
203025714
395501428
14860076
14597239
4645368641
5854882
3716851
782874766462054400
865878804983623680
27914459
194377912
23451153
235650678
4373891
1694040764
426483128
65491933
21439405
19117046
17891072
4894095909
2289770467
19416598
17047208
17221246
930876176
945831283
1872519374
1879424604
68746721
56135375
3432728963
529126022
102008040
920491754
14221013
13598262
18194162
10492052
14773649
103620582
15486485
108094234
20184945
7130372
14179278
16007812
19285268
47878738
29983256
65774480
82268641
102930967
125194682
130956351
150873176
177565966
182883886
221186059
222865265
236849252
928227192
1452973226
1554184434
1623006648
1898509974
2170762054
3313565855
703772584811307008
796050568536014849
800689191780687872
805735968632438784
822568986902667264
841360903333396484
294251699
40006535
109025212
299578411
15741036
1113156853
1029063553
54290504
115763683
22883652
23792365
2492917412
14762674
21035409
2731703689
963723824
172227116
292027515
65569424
14244544
16159320
80430086
21257538
1876001052
2330499302
188884667
297144842
582516747
19979495
829840788
260366049
16222904
3160317770
275057065
16077147
14534135
248937236
1009691502
20745130
37149113
130822628
26476281
273940910
2329694598
820354372827758592
423109364
326195345
20772763
19158981
2384327556
17552387
17768559
499073990
27834920
209743834
388513351
23556252
831708190513446912
19053113
19167105
1371686708
23894619
19984919
570260898
148192924
304932002
23188724
716489377
13393052
48235522
597938053
2472398521
7614292
18052661
1037321378
272694177
108943700
133343254
366323045
2294984438
232602648
2199541
58681382
612966000
770683214524477440
822517901294845953
6974622
3825877354
3240143771
382961853
3131259647
21265797
15461733
26230354
455696231
13432592
33021437
42176166
252531143
2263279483
48906364
35341530
30331417
23445717
2793222855
12096202
29450962
47726356
376991410
24977216
15808765
272047105
36712233
93879982
316505966
600404163
634734888
75209239
800109657406590976
20308111
47881149
2591960906
9207632
87215923
1894231788
1614057440
20406724
148116121
137673734
10247762
20476151
23665730
707957357003857920
69419787
16287595
25484126
125423182
40299503
47509268
34029756
1452706213
1175221
113061485
526454217
32509562
440519278
930040429
14335498
498448861
239885144
1320998672
17240950
16221443
150078976
2434556916
135441822
23128654
71256932
20065936
163028965
11582012
636586551
322658299
714954288691339265
970207298
3497941
29417304
3183721
134610558
278030604
148593548
283129017
2717269334
254873869
23141473
21238335
216140356
16789970
19608297
18916728
158731030
42624389
720799154
1093090866
1330457336
813286
19568591
912478531
16170860
140519774
257048400
23600122
419306339
42058161
361274861
2419565479
2184648704
2580789216
315243415
814459075
89007245
367462683
2750780156
16404688
939622147
1855959806
401773648
1362683066
2966688885
14181097
18023887
44445546
50757820
49731927
2849269861
17057271
70100659
1563164448
21667057
17844977
1897955869
2450008915
2919151
2811737190
581121677
71684631
3296728478
11435642
350633389
93782410
17715245
39428536
78807415
45511008
6965942
1051171
16327532
2367431
47654804
2788582668
44804087
334107188
1482845252
23446659
17364155
26733226
84351660
240478658
17851886
47438273
101770339
1927815332
48378321
89709482
9954032
2184943214
2827559975
170877963
21408610
21218554
156121420
46613255
21397708
22850003
20710330
776081886477164545
88621782
2292128732
2481485252
2841630070
57047586
3181030812
207332190
55587423
33773592
154286132
22553032
14704444
3044860852
15930616
44327285
152058900
89477148
201518147
15588657
423924980
233671382
31417996
230197427
137018973
22592873
420117089
1912681
112426862
14074498
778219513
342891545
380619311
14848946
223638472
136756365
242844365
406408758
3094891
1655747041
32944660
18875750
323902085
2962250933
8271262
19662154
81381560
18202677
25864331
21012557
1965677712
820247347
62515016
169344116
28565521
477295249
2427244933
23117374
52332354
9172102
17789751
41622742
16313982
1098998388
1112305879
80730160
8753442
40513047
2494473072
814881
44123487
4212430005
165848423
28160998
1769551
13787352
22708797
14592723
24236494
16002085
44177383
1339835893
207256884
96602314
1399921668
1086423054
1711281463
23187207
37714344
13787402
22552162
16957321
17472317
2316224708
2193137689
146105775
368216568
330743859
71051575
184931891
96102210
27596259
487833518
32372834
17089636
3290364847
3883416257
30059550
15111030
579299426
1247375072
19551341
17698956
2153043369
85920828
1009310292
708096751161311232
265509803
12366502
566897621
14897210
85482759
20605481
3070799896
348082699
40794966
417646596
1862212345
264101497
174251966
20917156
97383997
125195753
95442951
5644762
720984172773384192
14191640
213169226
62513246
234868986
165749514
13053492
2198329626
14325188
7593552
29731124
58752423
1568186179
14201924
14729597
15949242
16486812
17091847
17175139
17396170
19596074
40385166
44903491
56722075
77907514
238286255
267788953
280354655
132341976
28305525
1256741
66025575
238703930
5988062
130670283
428333
759251
2467791
9300262
16955991
35761106
1947301
16935292
84351228
400524509
18393773
13862172
18639239
31030273
1719941
241272963
323291576
4332311735
1423911258
1960664785
18102259
260868087
14645160
312176262
4173784822
17462723
17997789
11388132
14706139
1039531
14174091
14228078
2416252063
32973
14702822
1002014071
14518129
14528795
10666172
556151596
594666501
230492604
16785742
573918122
214055102
38433861
25462961
332993870
1241258612
213917132
27247475
110772878
63463974
14297863
1362466212
2550737749
332606200
194218160
846776534
144853604
235269670
3430093433
144946246
2214949710
31227243
3402139175
21918310
14856348
14437914
2202342829
18198603
145725636
136643096
16404772
18676162
20715956
19692478
14792079
15463610
2530748826
130273820
18749311
38236362
41260871
16313140
331803536
1586501
23153051
2323501513
59268383
9964362
196465635
371017223
1232021550
28108594
17912982
252248299
563059312
38205414
366754757
1666493227
6981492
56812711
2804188298
275686563
13566872
12043242
12876812
14839926
128196131
1666171729
1688883667
15125585
83424009
589535421
1485600931
747836472
50766695
259224297
20180244
48722921
23803664
21634600
497649301
151496658
89277718
1636590253
70744433
314180537
34719119
193544658
593968257
618002113
361173087
2590144724
180000404
49647270
186585181
22546003
216080074
1564558489
2437806571
298653600
19614356
136733323
122481454
186529934
12456402
43393305
2978522857
16017753
21115142
212275098
40228619
17106313
111365089
26264811
864690348
19638479
34720331
284307946
353991437
1109333233
382876665
67358314
1451963052
963235472
263691535
17949344
47884267
20930490
139137645
803576528
152972996
1952132426
15674190
5465562
109414786
363954839
722059704
493537182
743586001
2784903045
39353201
543628583
84166662
718959541
95205463
16354025
16193888
28633376
34402084
55195053
2815396412
21457798
14073862
17650832
1398921602
14174897
455377020
88082364
5749002
152143
437479436
9286242
50183754
245603564
74474794
331346957
746255401
29628889
384923143
118747545
228223882
146123790
846187382
922238588
81644488
576457087
18700629
19918988
74611358
86757283
90584000
1656420734
38899275
24290838
21311177
312734537
79001416
86964484
63339242
17871109
274365008
1135009316
1921499384
20783041
2388761256
44416854
39800314
15489945
21495286
749483
1726872962
257029897
140167725
338452958
2817546806
16313602
1228295864
7940532
256581915
22115590
618273814
52810317
38962530
20960162
1084015224
220403886
485109912
2490247722
374269334
10102562
1963504951
27546319
381914380
363358863
21733924
2724596964
260004667
35823843
321438668
8684552
2165443592
1378496857
104855882
83421765
273725649
22539078
2517993510
70515156
15917869
182839127
194562818
55236002
241079136
261324356
2303751216
16017475
18622869
16843817
259716070
22939842
49317210
17296792
33251918
6458982
18189130
2677826335
360900255
42950013
1228972188
65375759
1118033420
14938294
214444784
17503180
826053468
20
1290351
19968025
26099938
571202103
819440022
132916189
174847568
130095851
183707859
534701258
119591085
20582958
16079276
17808045
104246788
23556677
59460397
322886464
86079083
1628193542
38691250
17156053
29179882
14211121
506382311
16630098
100266394
187718921
302662239
212643684
214212539
12819112
2729061
784078
37409669
1281175074
16188864
47115983
15235602
20032617
177318783
97020002
143645842
56913642
1357867981
1285451
15921173
691353
300735398
633
38365159
42072420
897811
19211710
145784826
20570290
122480588
600803781
18131748
67976245
17449143
391214052
6141832
17042078
60709500
405157471
59580688
118975084
14050550
41676300
17030680
31443503
19808176
166022406
208687668
16063891
212278229
15684633
29780473
16892481
19420947
292920223
51204600
14442119
22931893
402398415
373359021
228404317
247672062
206025368
15473958
12844732
374164136
79836272
26024010
92522167
30034124
21217790
83277772
19766166
15020933
1833561
62631989
278190555
3630501
17251787
30429590
15853251
14089370
202466411
211004186
14372486
66021490
18739693
283203990
17371549
49164309
211520261
28333365
100590302
229083793
17222002
13212502
20543509
41078332
101858307
172419122
151753441
178363987
33972693
15005795
204416862
15188575
18737944
11150092
18843227
18336512
44090154
26074603
22054220
16623719
18274904
14343392
21428058
185345185
14410756
11180212
20457323
14154684
19593954
201831911
13693032
20246015
16725824
151974449
36203015
21912364
20536103
27871697
20774514
15235258
18788629
19802879
17905977
20806880
71654283
16869849
135316691
17471979
20542737
22147593
91312237
15159630
18955413
128628061
233336165
40054423
63157272
21576334
16110819
42004666
23260914
252340304
19658162
20381147
251268856
108418043
30946003
16866617
145613468
4503491
233364902
14514411
15137538
15747741
19722699
16891507
17968721
58489734
174740894
33997538
21119658
18985501
16629477
28583197
15164565
94667476
15120110
17595439
18089292
19614344
20342875
198996855
17567533
17159804
14834340
122716308
15169635
84710680
7494482
16186112
15825547
14171070
50778320
19269120
11178672
21611239
16869873
19178857
14323791
13746792
79570653
56564230
12798822
128292609
18899176
18032774
2139671
8653962
20849273
72842277
171221404
50219804
18655567
48564118
26858764
33249457
19084034
15859033
41358714
23760311
37710752
14601208
19767193
85613206
817268
21004897
144928784
33648424
11317392
27699224
116360467
18495936
55997704
122973878
3108351
15237501
14074474
22568014
38762773
79997785
17374092
56901370
29342640
15377836
15227791
18396070
90420314
23636306
26254626
56424171
16399045
109848011
27512951
54730258
15828654
1769191
35304791
107225267
25458129
18994661
143571157
858051
12
50393960
12831
9534522
28123862
4641021
36823
816653
10350
2384071
20536157
42226885
82282572
790205
93957809
1305941
13
39822897
28521141
19512493
1046661
21581503
19725644
17939037
15661871
6705042
7093352
11107172
15234407
4620451
19402238
16895274
15084855
15165493
14199378
48799978
15862891
18736652
85891683
14801264
18393501
12649792
45516390
42301087
38245723
19780393
7215512
7348612
51241574
104201057
51542338
16407870
18425780
5971922
2890961
58838415
35812233
29903215
35762369
1344951
11518842
15208246
66369206
717313
15633626
19816859
11178902
1434251
14677919
15309288
621573
23962323
14647570
16817883
14085070
19658826
11348282
15912113
8963722
1435461
17842366
17248121
15110431
16245822
