18283693
189104818
126430767
722891044187025410
1102327962
778650279680114688
787573471932919808
1128295781499375621
193621070
860862599407296512
382968137
794981505504161793
636216638
1785189960
2377691435
25359188
30317827
2154127088
632652795
409695919
187763403
21277023
85165134
25728193
330105456
1042461264595873792
3433407383
1183907521
1121050695917035520
16711778
298293085
255545898
3142752415
3066542901
783701638729109504
1097047651709865984
1534801405
716812878
203340868
1978650674
1835701
4871029499
734187658449199104
4763866872
1736490572
708156661
25960019
416776965
1533844754
192656464
1658180250
3154147845
349658423
226632165
18359687
856595886234796032
14452237
839225654172401664
913576979919704064
854383811047641093
827374489067462656
1024022349572648960
246854312
994739682712801280
21910354
2231789863
423693990
76146283
279418921
633711980
908174054
2431419187
837306570014932992
1059757666266963970
2257075495
24550615
917037934401982465
18198832
189364778
44552918
86243183
21792950
421495587
977050269492985856
1648901436
3150595932
725148630026440704
136186969
1014940385498431488
720504404
146894920
23574562
378259736
2701073637
4174030107
2408619673
184982466
189272114
1114003890675040256
323599188
2358302612
919432405307584512
87070315
960860563
609812032
453452233
78622751
487969958
262797432
2660384088
1108228174293299202
323911025
3438974954
11176902
38125898
3353055616
882904916888616960
753045673080135680
2731351379
715688938338275330
717763439825846272
954811099324583936
159515129
98576802
26044686
110189578
87853386
14807898
27978241
946957234059300866
820020014858272768
11640472
12418482
1037701
50219768
117157321
22803302
14794913
32232539
2448077035
825569108649340928
1244622433
831626356278562818
349377696
24709845
2986396217
2482957835
3002651606
24852465
70280965
199990263
490932793
1090671791683469312
213689248
206240244
2803398871
4079975169
1016686651194650625
800459756292882432
1458320232
520754079
969713480897937408
942149528618139648
2442015493
795887454062514176
869556850429177856
22162854
986956174301032449
205129701
231952307
1385861262
1155497149
16491676
3214533497
310026299
2537867839
4430502617
989452274
278035184
1065503705557073921
4914473558
834454986
239360410
904948448264204288
905791825549582336
85728309
1066868172496740353
862037690597953537
1487898889
194087055
51771477
187518287
14981648
789292674
7132602
196458749
786047748508221440
174847568
2428796856
1656176780
623672023
2852447341
923643522
794608689013542912
20904490
2358929910
841284281691459585
350597282
44903491
706962914477903872
817092432693108736
879253561
2729061
29090322
1216664720
23546560
1056631267
138943104
8953122
9300262
21344507
14294848
24793165
897098149822472194
42921639
711272149168877568
303048028
17967925
16547325
7115872
556120254
16336440
515712990
29774570
2275066136
47405431
442158750
21798627
105285811
911735797971345411
918559665323233280
922136745122193409
962913198058950656
2988584925
1029024535058808833
1088522163894681601
190426393
1085562581908144129
3077585861
924836857988313088
263872234
604416116
885953601067208705
804955748090478592
2704715387
978671691965583361
2713681855
253339566
995323105571680256
1963206578
74287341
829881163472916481
22591543
805973508736094208
1038689885933068288
1032807857203294210
1083972697791610881
1004280193354088450
959567318295687169
729375922663657474
15387622
18846955
1040048927565787137
1710365881
138203134
3701125272
1090026433
18396070
210619467
67799200
802301495781691392
723578732917719040
152400439
1010983588156846080
15814350
780104972
600045926
2435607234
69671186
71256932
2903979971
4516255048
1020367103948451840
266307214
439732044
426092732
821839908088250368
955988804116078592
87318558
35990109
35031708
22203756
25073877
2436389418
824400401797619712
824405906486026240
824417651560681473
824693026127646725
824547060749922305
824481247300685824
824619671785709569
824386163439841281
824343328837791744
824294442097967104
824283253901103104
824135739512385536
824057746366545920
824338843327361024
824342512844222464
824157441248153600
824116562768621568
824137712286441472
824315778866417664
824126001936474113
214622133
824190260338954240
824028553067032576
824332206952714240
824270573203292160
824320219866923018
3240143771
774337933893636096
1169521
1906307736
730599199251668993
107556834
23544268
28099187
490039192
15235235
233336165
97082147
386056280
30699754
1513248086
14230524
15335123
39364684
597387713
540812894
107132882
44381332
81480697
897861037
625389918
29912873
307548363
186154646
4202701
14563376
2283620132
20298154
2289172406
16955991
87818409
35773039
18713254
6480682
15439395
87359651
14416124
822215679726100480
1536791610
1345110602
14173930
6974622
16265742
3070326495
15932715
103075451
34743251
13298072
24939978
508614812
38485467
223633827
62187218
611298457
224358731
32238490
171613435
5885862
15007149
166739404
62513246
18055737
22084427
1615463502
69389879
28521141
52146755
143244854
60101131
19881931
378171907
20609518
21329745
185043343
2249392444
8732012
682463
6519522
11695472
19277186
14345566
7383122
4519121
568247551
130762663
123035831
19826509
18576537
1058117666
2241643639
316389142
2317351705
21303235
46003622
185682857
104277809
146620155
93835044
19649135
44031134
30889727
260928758
38751529
17463923
105231326
24274948
14499829
38146999
17137628
20646711
27860681
20596281
27830610
22679783
209085327
14361155
33933259
1269837428
335760943
69231187
18213483
14700316
19697415
16153562
14677919
45577446
14266598
10340482
3459051
1929453306
5360012
13201312
3554721
17793878
16029780
34113439
17596622
20068053
18713552
15355482
1967216306
78361556
760170673
559783111
54037690
19603790
352145373
15473958
66055723
1546937388
380736860
301063766
25137361
1739783287
177661775
497659124
16580226
15661871
26924027
24231531
88002204
226922556
901099104
1122192223
510770821
225174443
352947624
428377485
550521377
620142261
1507797152
48078391
66666549
27313494
16685316
18396706
20942084
47219026
12513472
44190928
93733494
45266183
31019764
13496142
89003506
16452939
16212952
524396430
1603426344
26788472
534675241
5392522
75069067
48802204
16789970
15918353
55355654
16686144
19674502
4207961
1877831
86141342
2097571
51241574
18700629
32372834
19658826
19515424
22692199
117662694
244655353
17471979
1485024692
37710752
166655653
612473
1652541
5402612
37680340
1046924162
223554780
742143
7334402
807095
428333
43166813
159588456
18164420
44177383
11348282
140093395
15463671
70771229
54208274
1452332516
33998183
18393773
818876014390603776
1093090866
939091
409486555
6761682
36767299
36251564
72198806
538761714
225184887
66496839
252740978
409456907
313091751
14348594
15764644
15808765
16228479
757303975
91180720
441938188
1339835893
196638484
31331740
14194479
43376485
498327393
171755402
90420314
37087391
96354656
845659364
221952074
176468263
30313925
822215673812119553
18320606
92204251
68999404
25119699
1286312880
88512930
70711952
158414847
16303106
813286
1330457336
224895687
174958347
36047289
17919972
737947807
