1052016663162474496
849569988
451824268
84194889
293745380
22151193
110453483
509452275
2314055840
437468529
720504404
2612653424
937766083439792128
181596436
1157065653976780806
68813782
1102327962
19277165
22879254
73542180
20729689
171690173
18510860
180535644
744194874199539712
1116011266135547904
129379583
2678120936
1691619343
234951672
19500405
67848306
14226882
14086367
177995084
805080175876722688
834857274711670785
17986995
2644697608
175180732
3154147845
1338333294
3052970689
455204484
61802282
3102273547
52966454
757362706664067073
872616304833953793
153944899
45155495
2239473572
773890978839166977
38287431
81207088
58945187
1006666126514847744
1663145407
861321521884737541
86081688
190988249
1258895358
288309667
13250642
234309722
130834299
2154127088
2306896992
337318821
602893393
320376718
38359576
102417054
18513101
3760488922
17791015
322658299
547397219
7093352
378259736
524501086
38798614
187518287
265056090
2192592792
248495200
25178603
102179167
292400876
312450106
467823431
40302336
1104071624645623809
297406574
330105456
109974187
16727935
19724858
2704184796
821689781771968512
7786612
342017441
2391843012
48150548
3545038337
983636840732332034
1004042562154516482
3525224535
1147616622577954816
61083773
1327333886
872286864291516416
1005197442
46220856
1122878095663321088
4806793637
1107386765915099136
144396811
824876295607554050
829881163472916481
978671691965583361
942245670
2746341887
1017119179449643008
3412969648
978362227647541249
1132365866312642561
1066995239209091072
739778339582431232
228845659
141376289
3433407383
248735463
815733290955112448
435331179
1082334352711790593
17529831
250908761
938424931230060544
19409508
451131659
963631905878036482
1061501879233011712
178193641
967027984426242053
2371819602
1127767198062252032
259925559
1337785291
19066345
69281446
299484105
19347347
1029137064489508864
1220572866
856307153019092992
79945197
23281108
2439177534
765113714
2310553124
122130797
2786149299
2431587622
3092329422
315754544
856852362278948864
3893195542
44656386
8487622
985251416456531968
586291040
104040220
1133435618984259584
424688012
1022650545788596226
36873657
2562214286
513415057
1209691398
46919059
856434000
73310442
1061986960741449730
845063461
372308763
7662542
126832610
44359898
45623629
876927877358403584
971195134716112897
73648642
2186967120
389792979
1053746492878606336
1276194966
898108740
430303289
759316812
2664177324
811169443
35071201
318821694
2237952289
42451620
57169865
2266761008
124642404
52921907
32488919
3236881817
3239218283
1115191038
39633585
758484549408088064
739855488
260759782
2377859661
2421211809
1138511480507326467
1139189085241794562
1128656531392622592
3256291969
76296654
38779513
210684204
1596620473
1039378237137158144
170315030
12800862
936404372698800128
25300308
44397881
1131879518
4885784592
14652942
1032675473137037313
1026542192578494465
2450725273
974700701942104064
974702110003507200
1024744004666175488
3459960676
73436353
16204801
124075079
2157772823
36144714
128884885
834770064
42637316
110337247
450951085
4763866872
533384047
37338773
80135530
713078376
3317539911
323417384
776446521625698304
355036400
750022168675688449
786047748508221440
36232805
1112795218099757057
16867101
74287341
986794331582365696
225620696
39861433
3033880873
18680775
3016531054
15576928
576188032
800936305
137195253
751067676227895296
719490689
4877050065
1000903912726163457
3228954905
857332375923064836
19471651
616437115
1877831
382056710
2729784259
24024778
4746141673
919017847
1587519074
78366205
47459590
1010106141823721472
276688330
18533219
761346493374664705
3074175954
45731216
481566373
37149113
813380860326146048
33051111
8363752
3784517893
804480641505095684
73754019
702645828096303104
1113788945018519552
59199012
998984419787575302
931622654959906822
884484006489620483
961646015672545281
3176992006
3084277517
2377958781
23950468
21733692
1015779123728470017
324659908
22786508
859225763907854336
1108234840577593344
36252186
3240983561
1641065208
783023817123885065
85443098
975695343164772352
1106913309440131072
32496040
94111457
565715071
742714949668114432
21295267
1084920159800823808
50074068
730991888
826807895153065984
28023025
48821708
1006293707988066304
1677560443
233842454
169586297
233906161
633175973
809162092460666880
51178084
106722362
857055061553414144
122125066
3169083391
509625835
708269259613405187
969055368352542721
4661658012
2901830894
2774484540
1037383689041326080
311012565
307156792
37353309
870473605473198080
1012434956750974976
112072726
471248196
278916110
1052571889007251458
769276958542737408
1111681693872619520
795138728218021889
95815519
3618639139
2516391974
2683931742
2232352123
3070730913
988159596987650048
1100782664146190340
187034119
52567604
50778320
1716403723
1057605132639223808
469609215
503478184
249712302
1243503134
36848474
488860731
193018310
773612131619106816
747896048631242752
716265963373596672
46500458
40771235
924000427
886267546869125120
868901135012302850
74027399
983753797745819648
1143331458
721137409283338240
133448051
824297141967396865
1639367168
372640275
4293717252
1039609266951344128
704320143824953344
18236230
876111462351200257
1082065082450919424
152886047
589186464
586412092
14936610
49731308
40302738
353541134
853993920
8653962
750073625915559936
829057979345428481
187162317
1644297583
16987359
3858254015
3021460584
63004470
749551099351302144
3816567737
1087821072479805444
301160470
735533007302496257
882036168694448128
16345878
1021212766793846785
4663965974
1036769249979711488
912873753234874368
839907314
2909713155
771736105
28872567
1116663784385515520
1116958949083877377
1242606990
4735244833
962715468686594050
1558283664
3053471691
864926050035400705
2257921153
136862815
216453098
2280527178
521889265
1635862676
870715082061168640
941829517273944064
1024852347036422145
439404718
707638303194013696
1041241244943282177
1067412891115098118
1000100364581003266
306742502
85813671
38005276
305530017
410380828
930946432831541248
958475205936115712
432780043
398965893
2400349098
33400961
858684761988100096
1413911040
2387236202
784165874957709312
263199398
2478729888
233336165
193483797
2555273731
4562173852
904869467238174720
37304995
16435797
2977720848
15184835
253810773
1098667082307330051
14397399
2364685249
630332078
985523859179925504
751815820817403904
1143673459
1872381703
21452789
15635604
23827692
287750859
15531793
808774010716700672
2446325366
152411579
843085150120558593
889863008243113985
248343882
1177718582
2742999670
998965917647278080
322603418
2466123505
1104435212837158912
564225194
1046444798
408677931
4319369056
965284369
495505896
1152407832
2872516546
125966823
22959763
1514653040
4537529127
2902841915
3067167046
223331992
849421
4301940134
2731415903
2424932089
937137978765463553
40686318
948770736
1663276626
2585677127
520754079
1027550631387643905
3294836466
1104228390272413697
32575348
195213426
876673567
178316031
840567618792771585
32098869
1169962206
1477921363
2901045794
61118465
955890676939542528
794981505504161793
265582167
892275857779118080
1093575024248799232
378249100
224715866
788433085910151168
839300143681843200
187966792
316671079
757009786168807428
115050842
1100077674
2859448331
156259269
3068732411
1076178992036790272
1081222837459996672
572947229
3166645871
3327720838
102278356
25172250
398244481
3057309262
197470016
1084547636974284800
187374837
123040155
87853386
3379658705
74755679
827586441077219328
730096808
3045472560
462958397
216404532
78635812
2701073637
347299985
200514238
626357965
1071146552
713844500
161883628
1054610989587554304
299405039
2251623492
1102960501158486016
40156330
435232010
611438425
22536315
185684821
101797394
998208585636237312
279588627
78525538
2573480784
14982804
2271638589
136846352
941782988819521536
1052618467684302850
3246477052
1924414555
2724095695
930266846938398720
1062087389416484864
1100423496813998081
470708968
16918095
1242034844
30909155
877937741048270848
449451142
23410776
917726744525922305
1048317193933508609
961191994935590912
3035237425
2584449696
898329323177996288
7860902
435503179
629633635
27716826
781982295863484456
3096865030
926575690992029698
20862793
1067544397930213376
63136498
2589717313
27578677
894028710
713575674741567489
965644026446626816
63506775
337886919
356434261
302763118
221146505
21280975
958435057
223643668
33913156
30966728
327206584
938050035366887424
172485348
16232185
814502650200944640
3403678191
822729547560824832
788056334
710179663281319938
48370227
3321354337
414869859
2559192704
1028007222981222400
1723800812
1079104563280527364
431860563
768742140
23408258
379158635
197662233
1089950347613925376
3408099730
20772763
287275303
1089540312656166912
2950206855
961710034269782016
2425741798
46296304
3036733723
987642085
880621545705676802
7410792
749465595482083332
414164102
3303448116
820585
88357443
2535641100
2558372837
174285518
2902039637
37965160
18052474
580272018
149249831
71539010
1080462532815532032
868469821
1511360216
55024445
23578176
532779460
763841070698463232
24252027
3402231622
2378809674
784098753888346112
14235543
216065430
465046121
128275616
993913676850782208
196458749
3243578581
33537967
38551116
292634416
910938360461611008
825832497539723264
30395567
37590426
225970038
782999929425915905
3162459391
14238795
1074420157823549445
4097641334
64632139
1066856173826174977
1069405516076445697
471677441
953863534852505600
1033526246305607680
122006125
20074569
777897787509747716
89115813
3351684539
18495854
21148293
190904713
125505919
1707427058
752967707277029376
4883932245
799501267122917376
2963560426
64092459
268416076
2832054442
4493173634
1013196270452838400
16636795
914336683117694976
817165422
125181345
3033069428
2422556306
50953088
334731322
3126939143
3074930241
31013444
1416500532
14095344
19304217
16491676
386513
3230388598
2944953687
8935052
2448077035
430645155
3154709373
1018962877
2491467212
52964652
1944922561
416947047
2309381012
2436250248
196360360
50520435
939663075417972736
995667457317666816
429112362
529379667
277983442
2306416567
871660501
829262462
2397018791
900942314
20854735
634734888
211288693
1126859785
493714995
918829268372635648
21966695
3180426910
262914522
3393011595
1041433668538060800
45499837
54934283
1445211775
1068301265015382016
37014494
189868631
299448712
4772484080
1933265119
56879674
324140951
1372879957
798296326203183104
4874981512
780537730379812865
883446431658385412
382717053
623672023
4034982269
396109746
3303457302
914081662430011392
767
889773630
715587973719449600
24460731
992855363669168128
2774822168
501845170
860696028
836226687272632320
16930378
209085327
191797566
1286654618
17651596
22679783
466578596
633815721
473232166
23791417
16026940
169081913
44491318
2253654474
7335652
69500375
917006397501517824
972371490640465921
911577610261549056
88987445
130557513
339455443
43914724
2450857478
2789795462
1548252848
70171401
103595977
758430193853734912
452545583
768852799
2888753069
21753847
331600457
133362643
4388591362
1031625049642622976
1426785120
266759959
466856651
36972997
3343996599
85583894
1607352380
382813654
55522161
1729657387
153258015
764962305578786816
1061436534673543168
598776348
312871265
126722715
88581667
753672654607953921
3157347383
15207042
971072018480328705
4914971914
16525751
977543749499785217
1193872682
372800551
816792347803533316
84671632
536610418
224158424
846421622277861376
2869380198
411194625
2400016656
2330488477
916348529056124928
2613485677
18296850
106059177
862393019173003264
207879825
930518986172911616
966747277242109952
795632302336471040
855429208281165824
3430043139
927921477122514944
16629919
3342452651
113516847
705894218443661312
1227571489
901732499440766977
4328222895
264676652
392547375
123376452
260388777
806517962635116544
917605051752890368
1557584240
2162548866
776902884
1378571413
1884657720
2432497952
877547420
1023988889759961089
783792992
3240269412
195789396
743454771269427202
1343154588
852945811826757632
2557241102
1588185559
3430388903
1267191636
2339538282
58410481
29772811
73619495
415303395
47123127
971120654132137984
629471203
34007866
14892264
3193643953
529030462
55834494
2864824660
776959712856117248
915679654962331648
1894663538
1396105537
89887215
18230926
710105948963147776
744489924188049408
815964647950077953
2477017982
1857589902
929641526866731008
715302869436473344
811292290484408320
60325975
594241833
817896004041117696
843843577306341381
950966751155630080
749657702880583680
3230575412
4647699743
119332722
37045017
785468486424338433
554203140
916400750934220801
4440748756
397749650
2599797763
3034285955
24169451
966235409041821696
492736486
840250929962192896
2851725279
63514682
286613167
2783025822
526624220
3091256457
846396121513709569
246961837
33497071
264356595
1489998516
469458209
867407493126860800
4887779955
738285194571026432
2498027605
1913956435
263423358
14359728
282565648
2243752123
294155891
1962962911
2934256214
906554365
2289244944
1011502768362868742
14204925
2432487156
874302262121725952
2154720088
234187077
335853053
1432962660
4242926164
16231168
904767890460737536
321141599
521728194
3604985243
1323214644
1623034315
2825591395
223904974
404246410
72082730
816748626231836675
421275603
797456892452859904
2670271687
916010177677201414
974191998969106432
813600807442583552
19984919
993738031
942166634789208065
33457364
917498007406473216
813381939398787072
974301368549888000
26778374
23665730
3096712727
2611485241
59198929
804341450221748224
482308311
714936456
850455051965431808
357653452
1039170528119062529
583233410
361908844
2559212453
2962527299
568825492
18812572
961518221890289664
22030045
13524182
428750186
1017595957297414147
2905618032
937071079
884235729248931842
2232071217
943169294690549760
2860807838
1479876691
3192463742
100802089
16465385
19866236
865254690073837569
2354013972
3406403592
716038469454159872
2586417224
182545611
785479612851773440
256363817
32542150
22109106
16342328
902524963499986945
2433526788
2549031829
580312540
922433934339735558
1176895076
4296301
263586461
894770103316758529
47089168
255503856
2839749065
748996749814067201
1728300487
52326747
3114152345
157972979
985820315522650113
957939547014422529
40474997
1468276472
15220768
14715552
933634171
3401649569
1516296066
40065170
580247650
17291463
561516853
2461944768
1375137366
2696202582
746079643153891328
520138835
1646242405
933490535813320705
613713582
18677951
316134826
839582841470140417
609236337
2746506742
783726731718975488
14304298
71820047
30794345
4266675880
96623653
2807944908
451192624
624216351
214500164
58885955
564099543
2192340964
373662227
109310784
1040011262942474243
109112036
45004996
291654599
1277216334
511799796
3201301714
918236712643411968
4700018071
829690837806219264
1881515299
23032599
131643073
998508785869213696
27124266
14780086
20751764
510931552
52065430
626085184
60937680
70771821
722547938
2383987016
27147634
17392219
2462035045
295919484
2584918693
20913840
2305475995
3245182208
2973651119
2571917833
273266803
2798240586
2572810058
1523327042
1436447238
87513599
819636030668152833
40469340
74409745
1927091557
633335229
3172309668
880242023135150085
826374091
863222886466809857
1686834367
2784083631
776642080546299904
233346119
328501132
3608331325
22250517
1134879895
3016632889
32123458
54794904
874430435325083648
786372374237097985
32608975
516718132
2422306021
1332147463
315208765
1365020696
84072624
91641460
272590034
732570175162179585
38247661
22885624
297999996
175148528
859096172648165376
177319291
113818837
1568126336
75890868
545636794
984806114217914368
1891806212
385494289
47975262
1357494109
3982345443
1094044202
827206955756298241
876743658
1645648154
26940368
445879553
302916920
2184931273
436745289
925127013198893056
4363527621
4865550052
308775675
876892868
31136821
809817392486322176
3020397631
3386188753
3622017978
935301052068388864
32652569
25407681
1537423350
997218538933829632
398763127
46581007
789292674
62124435
66096893
15690771
68177768
920031203066920960
973611764167430144
960218275308298241
3097763151
103724791
923893094810079232
49751210
722025589222166529
18506826
4749154583
800459756292882432
864560037821370369
709246674
815728954413842432
830075400982126592
2896150108
1028541488454664193
415813292
952820307122769920
1976143068
914351051050020864
1006608612117004288
714431419376930816
412409300
849220904425066496
201124924
4775584878
1134292500
2313950822
3301201215
211957547
341105589
69467719
14942612
14942684
14942701
3383159573
1017052640331563008
1098985442
4744822349
859833833717411840
1135254649
847154816593752064
2209778173
24402047
24171052
2872693514
760276209158586368
878077672290758656
19052570
885030049027674116
1219628612
1193947381
1244622433
195947776
2557459130
16921953
3241227984
3015273807
22091213
859954714624098304
25463679
3131151689
21646269
2573158085
1058760164
846487751578939392
2999889829
44294604
796745155
24274948
82151660
15201979
299877078
52789743
12811862
250211424
545361165
365939318
243563201
252104045
411405379
217147972
285392925
893409742130950144
174982958
291490752
1024487991417495552
3537013289
804126724049014784
11317392
4626790702
117104937
1226686370
56788628
14334591
1695206947
712076822662479872
384108301
67196459
59843197
196748174
209239434
798372097085108228
505888450
922006978225950721
808196048963280896
139185341
1017242034636144640
15419357
4427488159
1026186810676801536
4274399599
1025186063604756481
924836857988313088
539335310
342794853
909923193799839750
991761343739973633
319466162
65447696
3145297905
712361886176714752
19405603
703019884213624832
19384258
876691570292031488
1153113132
820129486972665856
856216862178365440
182489436
2852181336
826972521828343808
20104651
215016096
824118679931617281
908699904255696897
23083404
803928945280356352
2530645093
634837879
2530689979
3328012943
19788027
942156122
17873356
1154232481
2923287444
1526321732
20746400
937116781768003590
232495669
169775701
229509740
189658688
2919736723
806731591
1451596640
15432179
235971053
577372511
169426475
1106501
2537867839
31443503
164481132
2665916707
2872080741
14276135
2911520575
21232953
157517507
277546050
3233891354
862458075130859521
1410099223
3037152581
64205340
833352869873057792
716612270143512577
4828199649
856131648785707008
856262897118433280
1023492055
858374618666729472
2172706225
742156106156412928
861635087653158912
2722646211
989075401
1406611710
534967401
574599745
1262498653
633255857
2468835818
207179435
4872645292
20898564
2970258111
170877963
65679482
3219852696
2291478097
102877149
2681284021
50071404
96066397
863162805008056320
1018946156854956035
1573873243
1668303476
214324844
1008537542155595776
1490802564
14540264
35328942
8953122
4924987672
835038944
113439399
16295946
290009041
22750673
234947344
397280193
805835101
1253835739
172389358
42995067
191651923
4175759465
378408290
18171994
1137161258
51028602
91656434
1004804740105035777
970697205148463104
41101985
816047324002717696
53145373
701469868856635393
798920671770382336
35830238
88961864
1275209472
37935680
252794509
38125898
3889710142
22893635
110396781
291395296
780117082339840001
1908051618
454099919
2215499786
19867003
2379518905
7824172
23406730
162436508
732739976354467840
962046472857382912
948207049426513921
562734189
1949657214
408024390
34202118
173954394
31939688
3333055535
85131054
373569862
1018897773515722752
846585830747652096
21148783
1730703458
721028592159723522
857589911511281664
2809118824
46521556
1203096414
906330153592246272
350916749
224589396
282168818
7097602
1169649678
101254662
944583750
1249676965
13329732
420753148
813808692
1230979592
119844526
259325103
54745552
899718992549601280
823017492897550337
918204174122156032
877316278469394436
34708125
949060267874422784
1002175038848516096
20660342
26589987
41013626
809356103150485504
1005698756036186112
3396877942
52561604
956594831211479041
872819870756462594
15099133
2990451728
133078440
78417631
32780218
887493054
1553104580
9432632
750728611
2779030333
254719698
25893353
58544404
24472847
1006191138645032963
23493471
866426699193491459
3044723941
846518452584173569
1640608412
18622869
97605716
14687985
25811031
781359379211628544
897861037
380268462
35469905
14922786
38372614
1183050062
2829766659
430254116
374813847
755193613907324928
908831888189640704
2705061031
2712966692
921432523
3893905395
342802864
67369336
391403694
3411047353
852562432430153728
415507521
549881550
2230827516
613592334
944356710
2156138308
896386334394380289
3248319877
547894757
1194962714
23789628
18084746
873314053
2182994245
2190581461
1972958851
1552074888
2590782420
1921878530
94524376
390994254
2885239252
1851469771
572624518
173415920
2741335327
43600441
952787329
208153889
787737762
757992265
995064909011607552
781577200361435138
2895218638
363022538
1617927480
410572471
1631903526
1634147804
836833110
1004927923
47964602
2418383227
291487723
959074945144967169
1424621288
746745695198056449
14787019
4919719797
594180245
630713215
496399535
14298769
101283878
609519827
982656792399437825
282743074
3060489838
947477209119379456
2288611836
870053473638854656
970777527055564800
976604963743842304
866953267
50483609
373424571
36959894
1308357487
108617810
71294756
22799750
56223278
2836421
41148474
2988629109
757735684471861248
2903251004
309124612
737362108397060096
925215412073066501
912757619651117056
364560137
574777171
988170200972312576
808429874
57232198
230792524
1679503752
19719380
840095393891282944
464076088
973389919501672450
1160416669
36737269
2443841928
91137301
991548360
64031011
21873714
36365736
144881159
85728309
991866325
842550390818201600
138203134
25406573
1692335287
51547100
81788356
2249531
110326494
55619626
1183907521
2876132069
1633058688
2329252147
31522489
3290164498
981303075909619715
128109346
20990898
547860279
171753658
331854460
278072553
82612443
289427962
264121073
188730957
2798659231
75249298
3334787337
44162011
34957602
912402069335805954
1623455917
868907881
213689248
16265742
897505907914846209
838207103852396544
2621582513
590120366
2846688817
786309892990574592
510674822
992511595543711744
225265639
15359578
19186003
12354832
60932386
807337182
970726839625900032
221135570
4353234441
15446531
608233160
545674125
34020042
23101387
29328876
784351656355897344
23964682
20071031
48357870
378399779
132496568
1655755214
799795171231531008
299273962
798521388671913984
1006510384373624832
200434844
938407993670098944
149842156
952646567500099585
797229459803926528
41764193
734493
199421791
174873393
907409376465575938
2239871952
4726534534
2317757035
196725788
3146597892
20627081
2768358977
978796226425520129
872156132688711681
755469425999044610
1053539486
569365462
21344507
95531683
759249
4068853097
936011619804442624
169203819
1098592368
38710152
38438830
21517816
112475924
74051281
35810531
46671396
1963312058
111416652
28164923
23125257
806862084277407744
965600564930400256
611561853
2319848340
4179902601
21343176
36439939
48028397
17810254
7573792
16191793
284155407
18687463
43379787
190454130
16933064
29636186
45579282
6705042
1694040764
505977295
1371044154
212486373
3520752864
18408457
931232586726301696
827389458303447040
65285551
33235771
340613443
998329325404545030
929399289436147713
2592749814
3218244202
17292623
16245822
2293415520
16564324
334080316
17385685
23295813
47440498
56844337
82181174
344297228
607721548
930625431488946177
16074627
2244694079
945678252005146624
4186747753
138451153
720674433556459521
949981713932824576
1716565650
888444092727865344
943666402120159232
15951681
2387065697
981259709356404737
182805661
2530740480
146185885
346773201
997863425089982464
3057896238
554468819
158196735
899483327563833344
25757561
21923235
38029388
31939866
1032290077
1148468052
964481775606140928
587536673
965015705123930114
250386727
968934574318407680
19910041
2312760900
15656860
862430017430618112
43586068
1880454828
392929395
861402877679611906
862032581050613760
169682153
2395655937
1397071789
215386146
760144436
14839109
1291868311
885799700
3225693646
14243046
54506896
10215212
41822696
551426814
85555796
861174421
770898367601844224
809412593970462720
866668014221000704
3400840175
14720029
34169085
45401325
831989801373007873
735186394289561603
3345859270
1055432244
954052696780177408
915570059199774720
310613608
48922462
738012617080459264
2385585709
3199883021
828420746624061442
796893974661365760
134953741
291849321
91397808
1381967082
2709890984
594655984
449588356
2316383071
2717254872
110189578
867208823567785984
2985048561
2421272533
3178611553
2452452098
78889274
267856525
19084896
19394188
181678947
2332800709
599897463
811484982
285658645
1048472533
2968399947
1868925908
90755137
2851146208
567753741
3351698086
928997281
3518864172
278693248
2549047974
954503852740427776
707609043578257410
545630206
168508680
17634365
16378093
4099171
201280692
55066571
2396153558
292511934
1315543220
115984753
780876822493835264
28138951
1438036123
14981648
1078402566
2419289419
410496447
749419922179125249
709422267365609473
3280215522
3370423150
726767006905573376
3994919662
427059715
408036857
2751578697
2992161319
2294656926
1911833982
97994375
392512609
2903955513
950377876586663936
3019492255
15204082
30974896
54886540
3098604529
15842700
1362748880
830216014545707008
740242236135202816
799047255378391040
2849102111
26790251
474994498
4565478914
977294048
3293009217
1859053430
520043192
233788247
722884683722153985
738796494
392857316
1915033663
864690601874337793
856317849886892033
859149503978500096
874738552671686656
829800068358213632
852559533411115008
775374000868495360
4497788532
828316551824695297
910492003359760384
246939630
84653850
183767243
23031094
493041761
398707219
2291753834
2544481915
3290212456
3044804499
11492
91940596
522410721
768837891099242500
3236330351
976761196379541504
165944767
62594204
24792733
20094138
95687597
34358191
21487709
767374634534576128
973627600848367616
25319770
954476010082316288
575905433
907382738
45671898
787373558
91180720
208643146
2831710385
462092022
52037007
961231092
15727317
39000115
31455711
36712233
32327208
864626940938002437
14135350
560523300
156019120
48511236
481655487
28339843
30699754
16922291
15275677
18453535
2375155327
334868934
2799465957
217294690
98509211
239509917
262768583
15387664
351632633
15588104
126406217
552077627
19825173
88846611
39668527
956163518
29417304
1661058883
857037949
78182168
580942452
18337740
112764405
310172617
537434396
132646498
40100270
3300876766
3224063257
604416116
118689933
980046830
313140358
38630406
15521075
2645602164
2701850850
595085706
3415423175
29403387
186755547
186667011
372536101
830908366377611266
1965420800
2863996955
15907183
965266179836252161
200646027
20609518
1098569960
2458256605
750751206427860992
2151416029
2847028078
701625379
140906400
718495181914316801
605153786
261234528
4882842069
27978179
33256849
1240034964
41569365
953691495361662976
183334236
169229045
1604444052
846137120209190912
63746842
87719246
22181253
52822839
39266756
57086029
629474079
1237109474
958128750960566272
24236494
461720085
247334603
1055907624
327577091
1716581
23986097
16442379
101566422
35586563
41761325
3075731173
1364747888
1117836660
2588689812
2342335329
25728193
195409453
11744152
407395156
2210297191
869124259
17394304
158426909
9855382
913903348759367680
217183011
359104448
164448571
828640738065805312
247217109
188793260
27860702
791077327
543576297
835172863502082048
19983050
907986408018767872
430744802
1888149452
1290082680
17565514
3064976818
753842447176699904
4246911826
57652432
586992955
37825157
3415235193
32945275
820988930829021184
821387408
839188838593540097
3222812347
119972954
16582131
14939981
95610041
473179284
225193809
104047681
915735000120647680
16863340
875029068223315968
218975278
24165761
3350556934
47367803
20108560
49986034
13850422
63421565
353225544
304679484
21619519
104615577
223166587
15575800
16686673
61083476
194697604
225612870
598506805
163589845
33083079
19616219
70878776
20485710
17131042
28454994
17900130
701667727
65289126
492399548
57097104
33452466
27136199
177997836
16947313
15464697
480819245
4669412971
460470940
2434051392
277880167
386244525
34738598
14920785
1198406491
229219088
91390383
255747911
15888142
1507338108
20508720
14515799
176491336
15808765
19519252
109080285
11757522
453930077
16684243
1660468830
350718556
1323379315
11274452
18478452
17749086
239548513
26548315
731132367058968576
21059255
29501253
16929600
476907667
813929797
62606201
48419177
27538577
22558898
1487846678
851211
394724132
2811232844
870698472957132800
140002708
9549022
185390750
23995748
2467073754
1460716231
369602017
516203749
2195925000
3353269433
15952856
3980516359
892527927778267136
342863309
12378512
29484644
15220473
67418441
43192807
36947388
14497313
14840869
203162990
15291335
21904217
20255162
18173624
15687962
393852070
824071140498952192
861328042882285568
772962677350141952
852220194885967880
832135572713910272
786645098243223553
839131594640211968
838534205357309957
809980977409835008
845246310622134273
16051471
42971403
472587261
704881118000971777
46186400
61734492
215207998
1634248890
850483359474081792
82455213
29769998
71349174
2334193741
1017637447
65707359
2912422271
91386979
19166519
95463107
2593708296
28406270
56449211
32871086
95731075
716564185
254873869
27187343
203060129
4670947874
156370763
166669818
2297143668
20269254
845303293576462336
467924781
2729822635
2822916180
20718719
483974396
39536308
41038352
178088940
20926233
519072324
978908012
1969630836
14692289
21988901
35738491
47191725
95427261
126002546
476256944
30354991
249150179
24740039
27022632
22692199
35206553
234270825
189315742
4207961
244655353
397507908
14856348
94391895
818277212348674048
16513335
2436087616
323777090
72843097
369990692
601888277
120995738
906132327214055425
703035107116863488
486844089
105242077
32062804
35749264
15987295
50101725
61372319
45055696
17235511
19119809
27713918
716145348
91945009
778158494813917184
2353289144
768419446184611840
3222346069
740481624731684864
738390654066294784
102051912
197444578
2860845731
427541176
63805993
353178813
23128066
833820320
18047319
80052851
18909757
138047264
45674198
128586415
16129851
18491026
3192319248
34651221
3163284887
2195671183
18446082
37916418
333561131
39773339
256440168
62572984
111349290
65150447
53096584
19277186
105328660
19177501
34889448
1277588364
2711977532
62465691
325497645
56488059
19679189
16936463
1137271452
44891232
115477344
21048741
119166713
1451773004
65647594
3073871212
3266848870
58560480
327994582
22187085
3146772031
518601549
22835920
83675581
562996358
16630904
12831902
16728666
1895564660
741328843542171652
793874103614570497
822298712991035393
883713965817303041
4882743003
868256238240321536
21095229
1708283317
48100887
375837200
2317921
103095255
3308352436
3119449389
454313925
594911608
36711678
14342564
619247259
537555179
112508240
24447643
15633626
24886025
14360757
14123751
22001973
15898172
1434251
11178902
71256932
17369005
6974622
15162136
485083111
522828682
878739731219189761
26138276
64591392
1087859256
898728379817512960
210238655
1854971202
416937657
279390084
167518667
87964393
1405023733
41220928
97476334
96102210
26810542
27596259
106895787
67324224
41164651
27648427
53039176
120165462
78060290
16892009
54938798
34779489
12819112
88914175
25552666
120206023
55266192
266507266
402274600
54949696
54327995
24674124
540812894
858924511
930620467
14869615
3987339979
20000421
854654466
3890940315
1001136686
2883950140
2742059136
2483300371
931157516
562924158
593098125
1417466654
362431944
1567821758
1478091554
3028083112
357324995
3256441055
494078074
1095378210
2492975006
561854645
1516307762
2233435387
4261657332
289903831
2576688980
22309411
4734130581
3056861951
2546496716
338531211
1578820207
2286072553
342142203
602317143
80700514
39364684
25521487
19777398
44039298
28221296
564069706
278124059
4561302798
766149895334035456
1320735186
802333405358735360
2800581040
4248211
1051396218
57034964
705215780
49110693
15166316
56481539
32981735
127431090
23737582
75206471
48672487
32985158
38934368
18653078
189963921
1246504897
338727056
104937383
1250191058
1228516999
142157505
277595625
152801977
26020351
2779243826
1130102132
15175368
480930665
287874817
227837742
214622133
22771961
40684090
427505253
21128179
15515858
877403265683656704
2448817453
3315182226
21927612
92186819
3013788055
66409312
54617733
14772775
74501824
824699415030071296
824623107759542273
825169722538852352
607147530
65174274
16726035
16439117
61875147
219370252
432698027
26293436
177260879
89043072
901005840
275584723
15466379
254111927
2235331556
785520949105950724
7855062
937499232
4356430036
74625926
11183312
196280212
557068003
129193125
519596463
3145127635
860555190
55748107
590644170
21001599
1604931252
148593548
2163869204
877996767249395713
2438808708
19879313
243835805
15670515
74286565
20793816
15033883
577403888
23605048
4101221
40255499
724266556268666882
169279319
1915012974
19568591
110213431
34741870
52851337
108951921
55592470
62590306
48121478
563190439
124344304
2838118517
222336970
35011605
152003835
108457870
83667313
21146733
24883537
2375562552
2375643853
2596163306
2596297298
50265238
2811548749
17806010
364840896
251076912
71626061
357482854
2772223039
329431141
2168430452
110397757
138740126
143397297
4179822201
200118526
21849222
2851124289
505985020
556244326
19669838
115105973
16228479
456910776
31031011
221230182
117759812
15859268
849339150000152580
820378690920058880
1020383864
562400616
1289469362
17954404
18333304
1097028008
4196983835
774172273221640192
19397942
4724959268
35031708
864141871752368128
500713106
15443890
22811937
6476742
468669904
757636428683550721
15976705
19734832
17442457
1383272101
13678962
431640134
1084305312
150078976
2327097218
2155649270
124237063
25950355
734696150406553601
3233958930
35814608
3290364847
331247043
171923367
97040343
33783928
165763251
94103877
2165500806
1433879214
5695632
14511951
19927627
26053643
59145948
427475002
46696817
16581604
59157393
18812301
7212562
22685200
1183041
21982720
20109973
4119741
972651
20065936
15439395
21035409
1526458003
185257296
18018355
36686040
237845487
15143478
22700817
54275319
18997933
773934035458457600
921657434
31449123
1876968744
1225655270
3010780784
15492359
41814169
935594107
108619944
80628196
87059766
19918005
443033172
46822887
19670226
126062842
26657119
19608297
2881242614
803354883416006661
2911191940
375662595
21867341
834081571493785600
748565396563832832
14749606
32468665
31311757
38679388
56505125
243381107
382267114
20536157
783214
10228272
14230524
14790966
300506276
980146992
1629991219
1265037055
196522106
1435089132
221699966
314822704
568340155
1585680637
2352297356
1566920246
1292362568
15675138
151444950
14888467
23112236
48144950
14437914
738806820689436672
17006157
824726751209066496
824119137031094273
824797212425191425
824422730162405376
824450140131975168
824467746436120576
824028553067032576
824264707641057281
824270573203292160
824137712286441472
15639774
16303211
1827901
19355561
95729076
285203010
7334402
43963249
2480272471
80061320
37666984
161372707
267171658
23771696
621543
15134240
27013292
38489678
27922157
233364902
21696279
828997388920619008
2530872908
50515656
16008484
94215989
820354372827758592
66369206
73181712
115749048
875580120
812269908
1257914742
165158960
124335068
329746058
133880286
274649460
284602545
139823781
80612021
37099282
1897337852
479014920
15234407
344955115
414304780
63302020
130922325
14652182
26604904
30065770
381565337
19089165
20060293
104201057
24919888
159588456
18164420
43166813
15473958
14529929
44177383
9695312
14780915
85452649
15155074
18863815
19081001
297047872
180821354
234053160
74712538
24745957
603025587
29450962
4797361833
414069419
3215032688
14353392
27025414
138845026
28436760
16150688
18723114
20815041
22623663
20457806
5383942
17226612
34010976
28851521
17291550
40943943
30993607
20382707
16229651
16621190
16029470
16122915
19249328
17094323
18870078
63004444
151730349
104691452
831567731820527618
191969406
723185462022565888
227026265
174151902
2239350253
21104257
19412785
807454483
47288005
44409004
24190981
33530012
233783568
248424137
22784904
819922480018157568
707550421997346816
65201417
271406481
201421060
4714779324
1160708892
63339242
129907525
14464390
803694179079458816
18620659
65416867
326698989
58913261
103821088
69060064
137253079
26110930
18936161
2649991
2773244558
154280902
204688509
213478296
63112528
377946810
19292609
168755504
365094368
272278343
14750983
23396440
3226351612
16929282
15347020
15650816
25525507
17505511
35764757
1094298674
34381878
54404911
256881576
24967668
24621955
49573859
53153263
18222378
3004231
207923746
338084918
145499533
85603854
17919972
40908929
27673684
24278900
19330043
17696167
50826280
19248106
54951973
28897926
128990079
18278629
30279060
30782495
27406401
18395177
80096621
18228898
17169320
110827653
82939583
24795163
35094637
62591681
33990291
138600717
75974281
79293791
23151437
238319766
205302299
228794007
24807616
2893511188
92946050
1706042856
2835886194
2266531910
824332206952714240
104299103
115113945
90084099
1058520120
35773039
2347049341
800942537083068416
2293315159
3301029022
4662969794
102154232
19950500
1645711686
807689196
3154252605
35369214
178812809
101798589
100322679
131482972
1345393938
180463340
2305049443
191733878
1110190452
170998795
871686942
22479281
2715115656
3063032281
47285504
47786101
580097412
90202078
391037985
1128461923
512603747
552121630
164242095
25343191
586892658
2538115178
47216804
16573941
53269717
342770193
31080039
155823836
502281810
23027237
20196258
28644174
586136477
2863488598
79923701
78071252
625022363
53297035
89503894
74669397
544517731
44215023
3179977818
31641658
468896332
163755960
71469543
499073990
1192231830
41602160
7744592
26077026
22650211
267921808
48110818
100601004
14606079
20710809
30278532
1775731
23518723
29201047
153558139
15174710
31418514
14764240
50310311
17011177
402957663
22162854
17006036
17789578
16967845
76042810
17004618
224806422
92717138
1249982359
1955598475
46335511
2317351705
271725689
10012122
33884545
525264466
49698134
19697415
915726438
3420477195
515868922
51462013
198686176
16789970
2951101482
2480110710
3050233040
50325797
20608910
72198806
17074440
17494010
172858784
139162440
527526077
92727851
52344859
243662948
57084769
165511377
939091
56927595
435878875
97464922
472993981
599279600
36774033
20186316
1262257472
68987936
59769395
70837868
23999515
15235829
49992096
17837184
139832064
175495448
40271841
118828764
1262167370
538456752
2873912921
585109648
414263937
115472158
960868651
4909411917
4909499993
3174224061
4212625811
3816017770
3956178154
4795460069
2411159000
1395282313
2881949410
1168624142
2340884810
1314082928
71939396
704416831558148097
15638615
15753057
13783772
47658459
301750247
15764644
20474813
22685638
48071844
14985228
104673756
14589511
248820522
19923887
149180925
56847039
11621822
171171584
15180898
57741304
95573246
30013010
26326911
20245775
555198400
13784322
34739408
13784532
161715155
76715323
293303534
31448660
14062180
15483390
61285110
21918310
20150502
115710058
37999041
211972989
207536512
252614250
20236206
47503130
158015774
1086590550
34947683
14647570
1071205484
16651871
351049789
16912739
1115569892
32470142
88957094
138189751
712012252904185856
36403603
18645444
194643654
740969456
69091913
46664272
50403804
17494918
22461427
194132774
61555491
199665899
824066331167199232
824057746366545920
824135739512385536
824294442097967104
824283253901103104
824343328837791744
824342512844222464
824153054731759617
101790067
36078825
41380057
95753389
119061808
148477475
38530021
43909630
158396052
111354912
31331628
143435027
95718881
1615300742
22171612
39993739
400069436
15881875
225395414
281472162
211915504
1731769650
50071849
127957967
2985905750
1653840655
23272561
19726161
14534174
58636516
1277614400
27916865
1640509020
2190933757
20732710
104526382
18225966
11859822
14086764
7400692
15821039
11695602
20602394
23967554
21931192
374320362
22931363
8161232
14506253
17220934
27457788
250831586
12044602
2915836895
2803954134
39986021
21213276
15113565
952293073
134887156
17409240
158129535
31310158
386507775
106597684
700979618
16129106
1050374730
10126672
858091345
54885400
39301597
432772955
19611483
1427797710
8775672
76479832
28576135
415531692
374541137
301573771
281686244
224507816
45564482
3149176301
1447003896
194140922
599674030
529536140
34286487
347363150
189427881
55483850
208221645
26553971
40948604
35857899
65772461
87291990
17327944
66399514
242292351
14607413
39876885
369615224
298047906
271060845
57339949
44984439
23799310
41675868
45854669
18726942
32887168
44991932
44992488
17787705
38516217
36771809
76348185
822127086194348032
818927131883356161
4509393426
2342698921
3284541673
3311794034
2727555645
3060267187
717437338167672833
37303117
112899475
19682187
231510077
102792727
15021918
44513878
355906128
29249435
16317840
919233492
14500190
26903206
27295244
14062554
73136543
34923877
32431468
31205448
19666958
24219192
16322617
18742667
48098677
41461173
23006082
33662052
73444381
19559031
55657699
16115979
27151668
48715988
19916680
36377520
40927068
17877730
605824568
434253404
108973166
1482219607
1655039822
110739746
319079037
20990717
21587917
3194297892
965398848
13218102
18906561
17582355
19291441
21622232
18648926
45840174
1074480192
90651198
1421951876
15923199
85136701
75485244
82476570
19747261
8204342
333284872
18446314
8261932
25127355
14260960
2732661793
704828058021146624
1477282057
54961149
7996082
35785401
40924038
36026024
15823722
20230015
490126636
1994321
70385068
18814998
357412940
81109905
19976004
20224969
364513528
92564226
8460572
13353862
21313364
19341180
16097522
14140057
36383320
34867057
38395124
34294667
34570323
18396319
133663801
338985020
38142665
8350912
68440549
2914442873
778671623746490368
481647908
23375172
68219213
1198663765
19312820
54096130
245347370
17347283
15443718
18648378
13393052
18949452
26538229
102700680
169963553
83466368
25390350
43860973
426909329
69255043
3759932955
44098174
17817214
44937057
31444568
1070877486
25048816
94356101
23424509
32861321
114704955
24744541
15661871
312254799
282282694
85227160
93115683
34115195
807391130
1208577175
357647590
268925053
76117833
14235279
8940342
27648752
76355615
152866991
97699036
140852532
21676073
16686144
2896833554
2566357753
13493302
17376893
29770501
65698096
44988185
4847609213
32869049
22019070
16949344
464236147
2232803826
479379270
2785820287
880883612
394445840
55198079
71873770
64795125
83870947
135522601
175150751
205670342
172528986
1917731
34713362
949774842
2801959208
831281748
586521942
5120691
19673700
39511166
17137628
280966368
2767297209
370209860
47635420
567523972
592369274
2725521271
2860340529
2492117930
1377714433
3534871696
34299110
18149266
6751882
18306921
44957814
109049944
27461078
76417139
73238146
1537428901
2303751216
16583846
107546283
17293897
1689591
2382674964
16017475
5741722
2884771
9300262
3304652322
1385602255
209538227
1933558350
15109516
147316823
14377605
28785486
16129920
14462358
32469289
61206610
10880202
29562655
38518844
14275261
119049214
336218991
12609292
275132657
28165419
64473644
61731614
2906666380
70985635
2785785023
56723973
515838635
46003622
356334842
104277809
569075497
148517828
164263382
21303235
16025112
56838279
85289376
117439544
14755492
2248872301
16834046
2359926157
14055301
17629860
161801527
15647676
17899109
66369181
68999404
9624742
75069067
15007149
757303975
100220864
58528137
28706024
23690344
24886570
185314895
27042513
184910040
46475424
218021772
304185486
198830228
58545637
22548403
2233154425
29330577
23464695
62513246
3905055434
14348594
171968009
30973
88749392
55117855
15514266
31312972
104969057
16900536
816653
1344951
13298072
34743251
16580226
50115087
18194898
25565646
19802879
52758395
15461733
27583598
16247383
15791186
74486139
131948686
18336787
71027475
248886124
14924128
201890105
1496453262
5402612
14173315
15012486
2097571
612473
110445334
50393960
471672239
18916432
22203756
23022687
15282064
14619247
829323654
25146372
19408552
330195221
50423560
337785530
884658332
43010499
362139458
502135911
17844280
66561957
500042487
56405314
62290422
50374439
824433789699026944
1652541
3108351
91478624
11348282
822215673812119553
325830217
357606935
970207298
428333
813286
1330457336
1339835893
824315778866417664
824326864407822336
823565852922576897
3235184395
473501690
297564170
226320142
17372204
141350942
6539592
14592723
1769551
47691210
51241574
2467791
14293310
742143
5988062
17463923
38146999
34113439
3554721
17596622
16029780
13201312
3459051
19781974
63488455
599536551
14434063
253112531
52364557
371055795
2506114921
17842366
4620451
17471979
37710752
19725644
20520810
409903803
20429156
146569971
357648167
48269483
453856179
277666248
2559531679
297019278
468655659
304909941
25098482
27860681
20596281
27830610
14361155
11695472
16153562
14700316
18213483
69231187
14159148
159249403
33933259
160534735
16348549
502278199
44763075
97219875
75322835
106517342
593289567
166739404
443215941
121626258
59949396
562381032
241382835
6480682
20630639
19877186
21447363
30364057
26565946
90420314
19637934
23544596
19397785
15846407
15485441
18948541
158414847
316389142
759251
30313925
409486555
1093090866
1536791610
3240143771
824320219866923018
32217281
1334491519
898011888
63763077
71783170
2417571
36806754
24198769
608499479
19033547
15393700
18945029
18728980
16365305
82803917
77226727
14363353
15649433
15066760
13385612
14237001
14282672
18170896
20436059
8082302
15368404
19658936
14499829
6519522
16616061
13787352
6794502
15587500
14882900
22708797
6450322
18058609
44783853
12133382
4970411
15224867
807095
69181624
14677919
20015311
14075928
14824849
18713254
336116660
115485051
10810102
490761156
151508346
34648965
40972132
21787270
15905103
8559342
468731306
22019881
237670274
16303106
41271217
90556897
5392522
500704345
