415075929
288737320
3260970042
942220232306802688
81757043
800981369283190785
9027462
2959138484
708056688876605440
2702329087
2447816565
737286416372207616
702500321772359680
345248870
798250674081398784
1859194244
2909691652
469574965
908190880447700992
1685414546
3751660805
66757780
182839127
3910958534
736908744890548225
724908010724843520
56380971
78847590
281999519
1022005239287885825
21966695
1042049728148660232
1005329815547805696
45964106
101709634
1662785467
116198116
1154646429068959744
975218674314362881
1153071312778272768
821896221983903745
270880724
975823892
3130866292
2200305589
201221473
2976859817
4445753837
55206990
54945724
86898109
3689795235
20105978
42334728
954066962329624577
169445636
1146336729059799044
2349443505
512070841
913118846155976704
909344536463372288
2248771461
211150943
334620499
41582030
1118073060509257729
1140036703379435525
2532759444
700432586720595969
524352891
548655682
354515115
4533480619
2903470928
627292749
3666172755
270368422
2977077309
59307520
394646206
30798211
2270776861
195820818
90309257
1895019607
254806092
97878006
3060249641
1151501143639547904
331415518
481199291
869685230
283699278
885146651001794560
45326281
732240358411780096
2243958600
326296603
345778764
1047742713079054336
537906290
544091917
112992385
262136636
1143920610663378946
719321280
213575812
165094284
384213142
1058339268790308864
37622784
757362706664067073
551112681
35693823
1688456228
4854573447
3171117133
989314650478186496
253016368
432027373
125603760
195642037
55277015
1195528902
307519579
3430537048
264356466
2467878368
160858057
1703773728
1069907880441192448
248557341
14942612
14942684
14949475
1043176769510166528
3751784176
730579765195743234
277163406
1000034186856558593
1068491003777216513
452080450
2779663985
538508885
323447842
2864234133
1123942487129841664
1851517538
295750089
389838644
203714426
34234002
62477895
2863634585
2354219515
347923415
715949840610562049
43133378
15640723
937050321951580160
294419565
89166165
34668337
2355580346
3417953188
2728819065
39019650
1141870268
769624199430148096
36906324
71281076
1092340399086039041
35796621
77174683
100564440
993873728063922177
1491587575
4811145973
3391398021
2191873495
1018386356135813121
809758186479566848
753041497109528578
224584281
37385881
598563728
57009530
1102406092586311680
2863880869
3317577288
185639687
498496042
41284868
2484673278
378259736
213642488
15660329
97163422
887412848669982720
1619325942
2281924184
52421617
32298848
193664022
792141591037087744
244024012
989242436747776003
38968646
2384693246
1114754584155578368
825922255083352064
137792636
102554935
1285248164
169557296
2879399915
597801827
2327022092
1067294858056880129
821434719975903233
1084859290060378120
4564565058
60523814
32449768
270868526
963260988261912576
517902068
95319372
2389543064
17037908
114562472
3948479302
978365150444118018
251312236
1098640773669683202
20570871
2876817113
350880390
256849517
2811503196
626579491
781653795004518400
1002816720787132416
102413533
4560569361
142814974
1010834703816056832
1087045832023687169
3313697554
88641045
2913085740
791914904894763008
3342291731
118937932
2811770483
131942721
898172506191867905
242189933
2324212868
859809662312603649
58410342
480377397
33826996
919913340595572738
1053387372975538178
968859633606709248
955487534913638401
521509156
2887301980
748247415254298624
754781047456468992
18456821
3156531065
17905977
168508631
247610675
800078610652536832
1064448500
760467218140389376
566226913
733650125235585025
33977598
3315238329
77128543
1237303849
2148009361
137198796
933087470786367488
351401071
1595392003
8916792
346324846
941812616631951360
249410049
3434086750
25238641
141991931
787815981267640320
505250544
1018065401840852992
42595215
17791015
2290388396
38284120
2240228881
37951775
715601250146856960
1050112401201397761
1097986856
1291199636
710172733649383424
2823188904
4271904372
208217524
789290381326319617
1070207959303503872
576356219
43810001
883353569730211841
189283341
982733233552023553
4885277053
817530096
834318048383209473
153608362
745153900995444736
346568888
325411601
3033423069
175639984
347016667
187737193
4706504066
64124672
1850475144
70109295
43049184
426842469
54104424
85724199
14199378
16630098
14207863
938249834238115841
486266675
71529987
272875524
383825319
4838506977
1949689806
979046528600936449
279579958
2821109242
722038699844734976
134092996
207476343
29293133
322172298
1513644979
799655145109909506
806195977120055296
2218872146
26970305
22476555
607460994
891900882
834452256
1049927605518909441
83197029
621519592
3024398960
252024332
728152958
63065042
125608895
49889849
59823199
107278608
962066325026689026
418676026
243284052
961671092
821859629034409985
20158485
2461082029
529464057
833544588614709248
824109142503661568
252882579
2573209357
182261760
17959104
723381601686589440
704560477196521475
115286138
226879325
133483967
153814910
982967154004733952
439164730
106273939
355985700
1079759438
64586729
346303384
85677380
1023209112
108861863
245129452
706859600700678144
53595008
214680621
243670251
381870160
70176620
1729768980
2472576967
714939972000808960
827205419642785792
384098957
775284709203054592
207346985
706489310275624960
318485472
3020214970
2238707561
994648665057910785
1562022511
1446923364
58582465
270451177
60165542
34934712
986049200
2195643157
886934161
3425881216
186801139
588253850
462491290
976043193073508352
56391072
85549939
2493957026
3295663412
939735264859062273
269278719
64346359
7195422
611508384
69218314
59980041
178657941
106780531
172012193
570206598
993061318335782912
3852225934
75865329
764941116412047360
49042836
2591695369
624056226
880977866434859010
404009082
871103989
153940638
338971342
3171918894
499732180
28747261
389024573
994407132
44629346
2652891278
285357691
2580789216
260669728
1262137098
1128132072
942748020
42914038
87281493
1615876674
1322712355
1548841759
46473066
813860534
48799978
102417054
46648553
962496206
1352315581
1074708625
1513800884
68963008
59300777
829320087664365569
2486394344
103521467
1108941234
54186705
2192592792
30407767
182843687
217477505
3656836876
2258903513
2197366339
2786005027
2244306120
86256689
19341622
20803965
1594580336
44534961
43327987
828195157241626625
955965238859329536
37860990
48643087
74990653
59935876
4187275698
159737853
43469395
384827376
294390844
155504835
518695058
2916994278
831050085534363648
713047252734836736
357881322
173677727
2444744929
246887236
302769804
424461303
3404241393
169362285
821672371
95539262
19066345
31304026
1581289837
937499232
145830934
234525371
18803554
39822897
11696212
41731944
55108943
71489748
102827582
465486090
136166050
264004803
38181134
1261097130
816307300616941569
463631115
100806141
131740758
51729643
17523128
33900336
234825536
49484883
739843970
419290603
321100873
3182443680
260765311
210712111
70162801
361713765
222632291
65851653
204199350
17667239
246659779
115969352
67985498
22085132
147891732
61385367
146141435
425651668
343261756
4444965916
9689852
86243982
251996502
20745490
5641772
807095
159537317
82855589
31955985
22908049
2521161427
3063032281
810979391048130561
131903463
30646271
23772644
365745957
34871573
51388235
296007216
201135461
1103556234
606316318
727383480091418625
215878449
50696331
479675302
511716833
199607955
102324031
81039090
57517177
92934628
16809396
564853309
4880926819
16753151
133693041
18598424
18862596
33818937
2645602164
17471979
24113137
213448752
934763961811009537
168024010
293711629
148332642
140480993
2435077105
459262257
335791320
203740486
177848697
146781710
269280936
705807268835672064
118366830
79921163
48239979
154445883
316901513
2536565516
85796078
76298119
463894800
172750034
104727826
914013816341512193
819262382
108505795
411958406
165436155
60206274
911451161848274944
1294675118
823404426
253062406
2612986567
188662275
122921217
47094694
102215394
14567197
784719479854858240
916031611
570722200
867054215868198913
77466927
108543358
43312378
208785451
34252697
102015279
256410521
393852070
19961629
49650895
341987176
3112786468
224971088
147137991
62854120
53014538
38394524
504405282
41699268
2160262890
2655603848
2893684442
72277910
8860472
19799211
69353163
3226282347
198544486
459936912
3178160455
311483005
848614550
131476314
69554061
4780649298
3019479130
281684057
126345423
150596700
828754122115395584
211480994
89326335
1321990194
2606229566
2989211223
2432845784
14305560
16882261
136883379
384265379
631701837
3231968808
35571310
196282680
368194171
56785548
765149955396734976
53572354
235492030
60472240
236223834
147133288
12450932
90363665
116423149
330343309
1521159020
701674911664738304
21726758
149030789
2317159362
715069484650737666
891627528590204928
42129960
127758174
38770841
198898768
65604255
3099316873
516165629
94805910
66617415
949184846
497538434
70606425
1727937169
3259539990
2390881465
75760625
198557598
16942848
433148241
27785985
162993355
41333530
251389789
138353391
78226378
2293931976
990199543
137358476
706684717
72274016
42582927
3026681478
35429123
807261675292413952
37614480
59427618
418608728
182189888
56745793
2731306225
719142188941074432
515375796
3256543033
3522129133
38470852
25343613
84268282
487360263
97251840
36627231
3180178579
42840034
368783910
50998995
161482772
47279525
1527305923
150769736
901745527
79237556
454647489
2223858462
176122232
255827164
873265616
43654913
504083571
50369927
2457445682
217391337
378202186
4820942125
17834607
22573758
368367210
147876008
564877560
366987179
80236807
144089440
622434157
600244924
188193573
13201312
3282701431
616209749
327432411
7300962
49209486
32926997
136930988
476724057
322035340
20766580
27740227
2264050037
1422951168
69203712
1110709339
59741259
54741308
65845153
47363197
36904795
76247765
109850499
210786827
178955452
71127662
60868321
100712680
39677695
159860981
102633537
337673963
236442231
523295774
58459142
155481251
399297232
