838910660469735424
182700027
48417486
43712315
30706856
11778512
373682248
553085228
1364565409
1043568558029062145
1039636207645417473
409289714
974955120
632671915
1029488205886832640
2980189013
977510596492124160
867870262527643649
960707459110158336
1924484352
1141165122
3797818101
71716844
25728193
1152687926888869889
1114505439943827456
2569284780
904864244830806016
61347785
702500321772359680
1067908431959519233
83923033
751511541539823616
2811770483
2245900212
606499506
1160485554
2663936396
893749717
14212399
308726945
45592548
175038255
19351669
18804737
2693000023
2324669974
1382647662
188553712
799273216334143488
1235425207
819658055369498626
1140799609737891840
572280042
1103807968695455745
30395567
862037690597953537
2148009361
864863922
1178258929
263218420
1089767801047343104
45393802
2815871901
1004432097593974784
2196676495
839470391420674048
881709969183170560
833955213610450945
1065389350848933888
1104807808791265281
1094704174577668103
1295436643
951833580430397441
359096733
3332703767
884535352890978310
1130825233320034305
785284589757489153
786391146490568704
930288735169720320
348741198
992342437900283904
960625028499779584
999632424857423872
1010579432577355776
16029156
1126544287070654464
714831732
838562152248049664
741028510182047744
2562590438
1671296839
3393080925
1690761806
299580552
1538749286
779321207250382848
1151390853430202368
47433923
556986491
1034458657105371137
1157011828867776513
871535497012695040
1142896280601079808
183357205
1032505424359120896
750693456327172096
720322848288473088
723496008
738557790675931137
4443610175
3247291619
28819037
1131270807043207168
4849461383
2837035063
1152683341017169920
2905440476
3182854863
1085491075408687104
745896495489159169
930853377528938496
1153822822843727872
130476966
712172447223717888
954335153723183104
1616455784
15683940
3226303103
4186680867
838913751730417665
1153323844716912642
1089395271648403456
1073256860617203714
2889475271
953411091177947136
1108423360696983552
2506774887
1153393621191876608
4187716153
701533980160462848
740044065954275328
2345674622
1364473326
304209847
766219050183712768
848097780950331393
2925246128
1071792462216204289
922546872090316800
1037040956422451202
825569108649340928
986612849018458112
809535740208119808
1148729469881896962
981885857874501633
60443605
13015332
102638826
823518894182846464
698130389483831296
93903950
1138442433904238592
4026281769
52636700
3171095994
1345385060
2715668881
2980458689
1136156100145876994
3786166515
806948457076273152
359637109
2616191454
770322318635728896
855144394512400384
1041784735201030144
786272869093212160
2286027433
59306029
87948656
764084924295081984
1138900649230213120
912885842540154880
47153491
1005584257207717888
2465169253
252204344
16053049
941560036349829120
863454034564460545
3245493350
1087815627710984192
1024807088277475328
268802145
4501798349
2460047754
2587806958
1083022297357791233
1144596998332518401
24239110
468520528
252935997
136911542
999300733790052352
291343029
91368841
2788942091
986663645101862919
3064566970
3313625063
983580965543952384
378259736
569277843
17548673
852176147286814721
47321924
230142097
2760974530
473633317
1259867821
745272255412854784
879765866463744000
4852189571
2755348927
887485980386746368
4757945249
1921454156
900060926
1079756803427180546
18477869
4798820361
1129067720388038656
880818638315339776
988859932832301058
2299711583
1026165853757300741
1043195153907888129
14066035
131999950
234059290
586255829
2571258440
1716121
1008104470968819712
1016806174056828928
781616452537290752
1073286882493124617
122377371
2282572382
1143287755075674113
887888514502713345
4092684319
453892183
83057074
751268724477272064
78970944
581145322
505066697
214365171
185631499
85906238
1098627917121085442
379212448
151482403
906563681785348096
4716168934
394879847
3172371673
777682522553671680
573458575
750778829220696064
250691008
941080541750640641
1050572741261348864
180681534
28628202
222295722
462021312
484633081
3262310014
608296794
872145614016065536
55460632
34169085
1129372031890411521
1879984172
1905234432
1035790963568828416
109487723
1108003942288580608
944657395363479552
2416787444
559777282
1138893772933292032
1931947436
449571141
452741197
753058630719705088
269019889
1095784817441026074
2896246666
492449299
1137821175873060865
883975817616924672
95292805
3956807836
1021915018814734336
204972500
3171193864
1003759141934981120
3303796053
934979538018324481
831760860
1089230560713617408
885104533533315072
1014550863438737408
92325738
802511191
1031319082732269570
2921865446
25903172
1009126442381148161
390606852
535212326
918280912512651265
551821524
2957273387
1365207007
2701073637
718870503667146752
15496407
1107842708675137536
965016922462048256
229842212
768288171800920066
2151173239
3063115834
3239849307
864946202508492800
1023497210334511105
15045412
1423168416
2358872550
2298806846
908226487928594432
909963743714529280
401834734
273518820
1007202654
2646722849
58463084
958649520
4874981512
97073884
920450547983011841
928639449680039936
2278267597
4437212549
1347597626
1043887601655205889
980090107880525825
2588243774
1118800570863816709
244200123
1104522234
128332639
2192702018
807642637939318784
860400248
934069254697168897
1721075600
1128672351678234624
862727385212485632
4026259319
552828946
1020420630871793664
182725815
874821199
1029016831200243715
3141664361
2432951472
862693911659249664
1033721274734977025
471283932
802302308226736128
1051455593003831296
1105222966713991168
2557432021
1115659160568254465
800936305
407476898
894923559704735745
971575792953159680
778517155
920402310479732737
1070159355251752960
1106201422356348928
1085493741379567616
305015198
1115419783
989730501710655488
542096547
2287843452
856377975645720576
68672430
1087332050
212299083
36735108
1123264431264280576
363018246
998941656
969896803838676993
763019806832418818
82238919
863236280242647041
100676498
1166363509
995392411537817600
2986382194
1905311407
1083876014059446272
794301386964041730
4793051933
2587401287
4078445134
906738632446418946
1383770383
371630799
891001140464066561
1084603219299336194
1101604571095416832
959455607588884480
828305228780953600
829463415621955584
824452151564963840
1109193493606526976
20646544
2190081608
984350170644172800
1106528861590880257
793075485832048641
754437636392099840
1082452969868668930
348708946
31936449
1128880776706236416
225486750
2414788774
781643782152331264
3131358718
1062019034818895872
918636606717698048
964010064
1030130551171117056
2173249993
1006419421244678144
871372158685114370
542371242
51266764
986334078155804672
3434585392
14505019
1055129004133490688
996240998840741890
773410395310678016
886373023716192256
1067568299087552512
1340168582
2456462943
1968860750
740655883
3171068246
3231831854
2729450030
1010405614365892608
188520661
1110739365431595008
56074763
823627055086571522
741539533
1071059584821927937
29516854
2822926504
395170559
2547742987
3407527917
3630851177
751885664283602944
320249632
570281570
200976290
972070225
393621632
909001995050156032
4388336188
1103287293434097664
2284078148
900189188
2904264497
2786669582
179500154
269903510
794470108391477248
3439096667
35434723
744557034222325760
1495218738
928793841372680192
43939434
463403746
169058413
2342823916
21577255
46008041
2831287761
896873443592994816
798692583824232448
101853185
1082132685651410944
744431959
4585984993
473751106
1866154200
288398125
192574681
986973114377519104
190420376
1008736639252918274
3070294496
27599519
76529364
3735244692
2705157156
834216195150712834
1092798526185242624
926555191649775621
379815706
839226582686380039
147295417
1082231085193461760
2593945944
20847314
138203134
4835486489
23378273
306929586
1082360326090194944
1082366359185571841
132238178
10402052
581879189
27665527
897414912204566528
1630184659
3350581221
701764234217189376
1045813291455565824
43631962
386836654
955654814070816768
55495233
1011739032676589568
92067825
739914215582892032
2743268854
1425644274
1689900517
59545959
860931673579544578
195352591
811252828547284992
899091662391005184
397591697
41412650
488894226
101975731
1059930329119633408
1027444478666104832
22674756
17563527
1075810241932083200
1472515375
854419417282871297
1064200254885687296
51337333
908052521876418560
1003648185682792448
3233565023
804787323640680448
723998394285477888
41114541
291085537
2272389534
718173795010396160
42994048
1023904124239265792
631167884
2729350038
3019070114
236111241
996421879123628032
3195651138
63315485
1017060577712201729
778799912389443584
487010746
1033522965025935361
2307172794
1673602226
834921601
1011443835803664384
21242028
4920859096
1492807728
1029810817389289472
798650193457586176
969615644428849152
463414713
635593684
94234819
1039938734467080193
1650692492
131013187
85214700
937079866859462656
153324320
27176304
402157926
858077903870939136
2469798932
913855698953490432
215420646
347931190
725869517721718784
1613140376
967470389277294592
1491276024
808729317693935616
22034941
384654420
890855676167286784
1383009344
1037761640442339334
24029894
58385606
2844787146
182530815
1034035027028455425
3245215168
847453468352577536
957996209452482561
1613250103
362129059
2493224911
770277998750789632
120636331
57520497
821092608298643458
2427351685
120675962
1031626644262404096
739766428308525056
2685425786
953802629284380672
751828490329137153
307586460
1597067594
2467226497
718403766228295680
88950512
167057437
217175728
326149890
432314719
1030524133187178497
980867665
767749589931667456
467924781
1040758742
939960653497884672
785569057
905516040226050048
518069371
818903275
87711176
895343034
104927538
1006645125198512128
1219751742
910545221368340480
3409149436
312813089
1018920164882972672
2257558088
225968641
886370248278016000
2704715387
826880755972374528
4854269554
4068304883
38063766
153056427
96182101
636335550
1608458202
322722220
329302679
366912804
746376337552736256
875008292593991681
870042941611528193
767460611282173952
526551505
2415174337
14269598
968516430504382466
2597371946
955538162897620992
2688407349
1013493502699765760
2266145328
1610119555
958111010937860096
706638501962510336
710476342777634820
2844260161
943513483886424067
3305451926
819976669263822848
1245200575
2837425971
25049022
319393041
198309120
875793066212438016
2832244510
77961319
3294419867
3045094519
2511553729
772807006549925889
404120737
2436181867
402996114
16196443
778713354835636224
80528307
3125800171
3064052632
87524646
2956708162
4157113479
716607655725428736
3082056599
19132606
602893393
234678931
808310940701704192
978965780678225921
776744255649906688
3070959165
188761979
1270081225
854770880190312448
903400356805132288
147786817
4857165905
2608570804
4558576752
925824896
986185758
2628704402
3267654218
17074186
392157134
962596542
2893302277
797540616758403073
956753199892803589
113948820
888857593199943681
956699847834267648
702149989997350912
181649872
192784099
4343810721
777687972565098496
897154181760524293
34043908
275019578
3307430155
868027066079490048
82956922
139259740
164048766
14740434
1252121240
4164614415
296624994
710510197836529665
25234294
986318679070658561
2693632718
196379217
762714009502187520
359644842
3119526559
2833154284
2342706505
3256651025
2373108599
1286506417
325755704
3064857862
125188179
2874187354
71210524
737386986797998081
516769926
901921546125672452
3227761789
2155857791
2314239865
628791644
2565662474
820410188247212032
474088050
743264883370786816
4924149613
879038350010830848
781283446190698496
909885804096348160
739351075
3120134283
3314031424
329052457
897902311804215300
703623850693537792
794992162509377537
2317048194
933669283657338883
215593059
22923874
4769110712
895049171346092034
1692248610
260211154
4018599494
3245626133
4005605284
211120245
320268880
4917922363
2496362888
323519359
3401761023
3164778395
534634874
826348762666635264
21166230
362904303
372027462
541811858
1158733934
430870586
28023025
701161137447030786
879453947714572289
2458935014
2254095043
850884797614481412
297719472
315284663
37781348
3696565696
609365987
487305450
23751934
3932191647
916311362376216576
848991558422679553
371706404
763357146822090757
836350213
3181988029
804793476005195776
922542269797937152
20675960
1389857089
166262103
2389386044
1285780982
554732226
755035384095047680
3311077710
366173107
46291805
716107310129680385
2774186330
61502457
985759850
821714293418758144
139823781
949106575276498944
1222850683
795764466487017473
1601984551
101528520
16852067
775176664032485376
860472270183116800
710549511664508928
2561393840
234111875
705701769
1575333583
542747432
504828722
338941467
5392522
941055967990566914
2728502044
18857501
373479785
3292965756
527706284
301506975
36363027
115245884
44196397
86626845
2395444820
228586748
907134727
243176157
1416155486
892049121560940544
217183011
34019041
22107372
720338782130561025
243176522
25171385
823153539665039360
314158631
29717083
756510547131105280
3913922535
3406300552
364560137
178812809
2868724575
3334394225
2342928961
22648402
3241746469
85728309
186445709
224028123
2233154425
855826908457697281
3871205470
50933459
14800651
546017714
2678043187
800459756292882432
456361953
863369521595392001
3420620885
897861037
735421006756478976
2829660295
717838981958877184
358855743
2542824828
320058226
172774474
839895566180040706
17946592
2361083388
276643081
920356078617092096
879823840691572737
14062485
482500305
916351065066557440
4091755695
321933
95233492
806563088564633600
54335557
916047559893843968
536904437
545349755
388411785
35306978
56564230
19843630
318053222
548081370
2257452161
846137120209190912
234478932
1551017384
2327612520
143086518
17998609
979617913
43199901
2330701658
894770695904808960
54510506
16629477
2925079279
61219657
762637207853293568
892855325082083329
21639121
763190936746680320
3722445443
37722615
755501524474789888
3405965835
626622567
1431348835
15143478
2165131938
356407124
361738798
172496840
2990976982
1153066634
826127071499972608
867686359347200000
833376066966167552
252630616
756625804151230464
4196983835
2990169645
792029730090414080
2910350817
188572111
526226529
16129920
735482903916777472
2787289605
1059653390
732924006559580160
1927388096
3378865505
354011930
3406480941
16240525
16404723
480037192
4893076005
13232722
3561566772
4914079708
322915622
824292426961408000
217963801
3001365088
3063269063
1011125372
811998124541493248
312336645
1119939240
278767501
333169883
2359840826
309928283
220359576
1480476380
1132627946
3403219133
333184469
709212688543518720
2684802320
720736629653045248
33773592
23866628
2597044345
634071799
778657650623995908
3398633772
91203273
38892114
108509284
752530439013863424
9905342
2842255839
987489931
380816062
1109082601
788368639
1447857390
82629048
16227629
1623895800
1072003388
17471979
63145035
3261777894
312749052
533567165
123664603
166739404
62513246
248757518
18244244
14729597
1559036856
117937857
15492359
356390675
25178222
26138276
388345704
1144882621
1335460934
1115784079
1607703990
2389153848
2756647203
1663793432
33977598
58792891
130241862
34222024
123582098
17047208
15154811
183548902
529126022
16630098
1594225147
333466240
1891806212
2717694091
15862891
394694753
131266867
460480841
369621708
12946892
478691430
1490348881
428694938
1689420002
38530021
966700147
136406719
16473271
1072269104
31742031
106833334
122227560
16817883
13787402
74474794
12819112
16245822
518540989
309720542
454977993
773556150
24280870
4207961
91180720
15521075
18622869
17430728
71061891
15134240
124237063
306501674
26072066
886930694
