776073726668320768
1149532902570356738
55945363
751290541707390976
86229215
2905684994
28187205
234208814
125264130
3311268169
443115734
75747803
1527339204
25728193
2390159292
910576754925953025
96126176
2155453626
976909617816096768
1139686335097253888
976506023040180225
1086785830558068736
491821358
744194874199539712
1058692278875815936
1736490572
32378628
23377444
19515424
829881163472916481
3390055271
2753003748
104068477
625070495
195996866
179214664
2410983630
2702329087
2903470928
2537867839
787718609313214464
50578347
597213953
739855488
3316501680
2388484242
2156007288
226011566
4888338591
930946432831541248
19563103
755279675450986500
195500610
11161852
576356219
4776695254
871430514556665856
839886353068359682
720632954666377216
2192592792
392987060
82321731
34032998
1370512346
958321164048191490
1096058449
378259736
628698139
742769911
3266258420
158445476
10328012
1633496226
45255968
385192397
1522917078
392463691
4696728842
74287341
51111863
636216638
112475924
1620556356
16491676
14981648
1325951616
2764811815
752967707277029376
16031984
118975084
986794331582365696
1480385228
16435797
1923959160
2828796622
3290762269
842550390818201600
355036400
750022168675688449
203714426
1066868172496740353
786047748508221440
387796860
234951672
17974481
12418482
151022557
19530289
253463599
20565970
854894438950223872
878136902129401856
18709437
342501856
22733175
1006419421244678144
8942382
333517999
405125975
150447722
1042667212081750018
774376631100182528
749027450466689024
7670202
532824281
9172102
75187941
1110280824
219183946
188545143
348249083
1217604847
33771434
123100871
2576461
16714896
273789541
857504317
82741600
218738090
987997987
877370585071865858
3146692362
265035731
1214379566
3433578813
2237030016
2789100114
56741338
351399313
143211739
2646617678
2369561143
20952726
466080387
561115297
91143133
106777707
18170569
153875560
2717207443
2800410859
3059003376
369697263
14904098
347339057
54680395
14277135
389355442
17959388
2185228976
1056875929970991104
212122601
854859921933783040
960617327304691712
191413731
250584475
2967402199
16936674
87356212
732055199309692928
920466028076834816
1398876810
2820003021
386056280
2182862052
844347079
8086472
517476825
554888478
169457671
352754946
881433840
753339490614206464
20308111
93711247
39364684
132961448
15887585
9507862
106895787
319387069
24606602
48617638
15231584
910293949998186496
96049182
883430334108385284
2887923126
59949396
456230845
1535284770
28512755
1184469222
1859495642
14740721
17506128
19129719
1967889907
866426699193491459
5402612
2294733114
4385491
2217099931
791748099936890880
14257642
2321216928
2584383295
214232849
28417043
44116121
193581199
210957932
388516406
347441004
14202817
15231287
304067888
95610041
1668100142
78012548
2390925985
19137574
15237481
65375759
35863655
366309158
15642820
1858403732
110396781
85583894
20512260
4633262262
379971072
39080437
83151567
121140906
182236262
225018970
485457073
239649193
2843211979
24242375
26419427
216945930
39650175
41097666
23711301
221884289
91024371
104969057
602317143
794322654115180545
879279309789184002
224495471
26029878
16305370
467035507
15970050
891468736242135040
1138478190
313140358
3024611718
28547650
20994006
1340533380
876668117551677440
2542375742
14982804
762799939395158016
3040920553
6974622
280500432
258747765
79582917
706075452
14939913
17937213
1529827615
551433993
492399548
452572767
1694040764
937499232
156959224
193483797
33773592
1056717649
321680981
415117357
304679484
30686649
916031611
53303554
813286
1226896070
26579715
49852870
317805102
36686040
773795797
3320478908
1192151078
481943972
10451462
183501414
21656773
38426147
22607555
2523217088
183032427
163378491
2458049239
768018880870559744
341218443
3178563726
234016104
91815273
34960648
83836041
216019134
353096992
733318954374979586
82784726
24915458
21266692
247336430
2991467535
3255069953
16627240
315291021
4196983835
187764550
177536523
2814360613
21147300
174083824
275979908
187804799
19658826
14647570
54122239
14726590
11740902
171782897
2154461958
3425143394
2248381364
89266393
185280748
83330531
17129326
20536157
3080761
5387212
8550312
2244295130
8474512
150185852
19245426
14187403
3235513572
17454341
848945026822414336
2255831916
14113079
533539874
37975275
43158225
27737672
118034379
1151726070
294855357
15573498
309978842
171753220
46299743
75014036
377777180
197337714
72804450
75041771
15339875
337886919
38254620
47980351
18139026
18214541
34599797
2504584669
110525851
274793711
13904152
8470842
415209332
3078492542
399156475
959018846
279421096
22740588
2586644240
34174918
774617955095105536
2167434860
162977836
49312021
452909578
15129185
1952831192
129112379
399121514
16447990
1919612864
18821039
478754220
29346292
369261529
33220460
3067614175
19425022
2418046262
26458304
16728918
397906756
9446832
384198613
2429872063
44897207
22355229
52016156
168398420
66944727
346400805
318093688
21066137
4465521
393847292
444240428
173195708
109080285
703941620
48839054
9182012
29208101
788884074035343360
774180818
470708968
14243030
11781162
2903075738
14317621
262422224
326765076
172652106
25390350
115097756
2166950473
16129920
3865085596
17841257
1661801028
16045268
12413032
14235543
166141514
1279994761
18955776
32305202
150507745
116586841
121597205
239005785
129722106
28955326
20975165
76322882
1310248862
1424681796
223880738
17899109
15982558
20268832
20596281
16145473
2384354214
46820458
52838996
256908321
28529512
583233410
25326285
15932715
14075928
187700165
18080969
49831398
16730420
50393960
816653
2280591313
81660658
17615521
18249263
719658991
17180288
50981136
6532522
1891806212
38630406
464620194
64092459
97040343
126002546
15432179
3351698086
11702102
62513246
23602600
41210876
18829580
1344951
56510427
11791512
22790881
18476766
151921927
2251623492
24257941
285428413
6603532
22161956
722
271516623
27546319
18060279
17633960
37959591
20639941
149590738
56768257
35406821
228624732
14852199
15442853
25333981
6114112
128264038
115724548
143205574
12377822
14424551
14471007
204844522
9768582
14335160
15524875
17523331
24298886
115510072
353737617
20440614
22997862
31320681
33057171
42914933
17264476
292020434
15116482
17178315
118752197
82728574
123733200
15204082
18496432
215007822
110714992
681813
2924211636
18372260
246531241
14146300
520031877
98905235
168939370
135032000
57172253
19130153
19080399
19042148
79365337
22477940
301982599
22826877
15927311
2691267504
30628550
822922172
14280826
4519121
705579883569684481
11348282
546495817
411873818
304836469
73107903
74177226
508340744
85498021
54270862
191723833
189436647
586514313
2599276280
249008372
54846313
7861312
321747720
194387132
850107536
170210054
1632193579
354847710
567360618
110770469
35402769
273709564
508563953
24862954
19941919
817062
37710752
61306578
172171861
72423061
37368509
706636448
305059327
1663740919
15687962
4400681
28471046
300117707
10798802
12611642
18538532
190949289
17949898
19265477
69448996
15169290
15473958
57797429
33750225
21232519
120431591
81735198
717284725
25402390
9318942
21237898
86175618
527271843
567038233
253742656
20032100
15492359
740109097
16393822
15309288
286703
42502538
85688038
234144062
149041424
40619398
4641021
14378391
64854508
15114189
13239532
1589381
15340614
17505966
194402757
39238755
8261692
64599123
24891250
18393773
18509815
19633066
42752152
25459124
40414824
114294419
17456542
25224275
22028935
33525062
19853322
26916677
2068501
391037985
168452202
152563755
93568965
7063192
11556332
14873796
797209
776741
2479661
35353586
316605521
147984711
14412275
4783081
18811687
38365159
13677372
75387859
110594043
280434019
14539932
243661516
821369
30222754
120184545
23084231
1178901
65433609
883581
111579405
15046342
15273607
5063691
14862701
14851385
31914221
20632170
14129326
24209471
22972227
5769262
15698353
36185156
15247056
6721192
1813571
789599
20600313
7547842
18887491
200849532
478988626
303851827
466179211
36099188
8653692
22485328
19706061
5144161
16220212
16458411
5003641
13043432
5579202
10204562
11744662
18129652
151997291
25471626
17266801
78013278
8412392
23568186
29463555
27805613
20375273
14772091
18708228
25146307
44315541
16296409
20829578
19734254
35435937
15848765
68963
54212906
14461610
22427399
32120576
16422415
15806908
15125371
8220022
14127810
89477148
5473692
16747522
15464106
9358932
21451216
10001
5371562
15436415
2503061
836681
31678945
4935331
4603991
36869997
4922591
4876921
2177051
6621172
6769572
94360076
23845859
15327353
47611549
16800866
15746456
9832392
6066292
18036820
9409732
16885539
5531822
14797399
16676422
16589509
10667732
10876312
23176419
1092091
2497691
796983
33536589
19736677
14147695
14254447
25496079
129217085
150770880
19584706
15334423
102080846
23147599
21910403
148498736
704563
38270145
14268074
15196090
9727922
5917472
5062491
14205481
816201
1661521
15376267
102987396
18973809
3570491
1659941
2224941
54063
18847429
18223968
11274832
20283441
14983646
237479976
16970274
6496432
350653
2670661
56628763
5032331
21218422
61878718
823621
12995612
7152572
5552402
1024691
1436001
14297476
5567962
7954322
22097835
794124
75913
129129249
6587722
93372895
5921152
17600533
821913
199117749
9417752
18299613
15172643
5372792
43796164
119219640
14090740
13991752
31100040
1200241
42354375
14360757
22161417
145158838
35081124
6850322
17980291
173372619
18134756
260637558
257251006
169020475
298477793
508212932
467232635
266469769
4456981
22736510
17074680
508545024
19803286
61460576
15233135
46277952
15843075
