385010273
1136984254565535744
1151517211795886080
2704715387
1150072897538613249
2154127088
3760488922
378259736
187518287
986496712435875840
1136156100145876994
18477428
114276080
2972541035
1124325660741263366
864928799603011591
833376066966167552
1544468570
41509348
829881163472916481
2844546531
2902368230
1558749709
703449628792979456
1089023613888577537
1511938453
2395444820
1057311235132346368
2590470936
3193015206
3991112135
1021915018814734336
1001910020697550852
86478915
959161966030766080
955998041491886080
17230461
3676917916
3197501
22200760
74287341
3413909759
1083497833641189377
78248613
359712021
86626845
3408257061
993913676850782208
33158877
1024451425
15862891
859573288535638016
256793538
3910127533
973582574059687937
176690037
14647570
770019990
180927157
31443503
14085070
19767193
1011075440151232512
21801907
95558966
57040381
204832963
45439259
201857425
2941610871
816059473676496896
2748559290
4005605284
872145614016065536
825704030806634501
900279350834188288
1035402590048186368
52051193
834656347
3332890245
369471878
847921285065842690
602893393
405212879
613491958
2354013972
955838339168587776
360179603
2851146208
356248286
717890694107402240
3405866518
63077245
892073538953367552
39610702
48343043
280958324
822801485557854208
974048028859527168
953369089833041921
524501086
24001758
320301501
2547700101
898563136092897281
1376188058
37703511
1949132852
124237063
778208387754582018
18602271
158198443
97407893
985105696495751170
2180384447
2980458689
780942759859523584
14345441
632481703
848976111912591361
26728221
212299083
923319453445697536
2847565678
1662709862
438349365
24213326
832640982780751872
44196397
15143478
4002598402
3233646986
3180033032
32372834
959478539375595520
798685402932592641
855763091170238464
89421328
32302688
316327930
1080753187
943910285928292352
864560037821370369
984285411802415104
927108483434143744
3342636627
247405896
235600318
1700462113
179500154
3271545186
4001272947
60739511
2335424113
265416359
621583
30411509
95023423
14499829
816653
7144422
15492359
19658826
17471979
74020449
99892194
301120393
296441287
431930266
189591533
373289126
5520952
370512955
191196130
232592670
103575629
175883705
281614690
974489509
737563344
787764740
447367971
246586039
426584599
358577779
200285359
626796930
249073200
615866968
241690264
299558018
152227279
595535961
440695493
178420869
423046730
296549735
591269773
310400118
592944628
397459090
381466907
17919972
47403496
428608076
417489159
348989355
390820199
268307372
379071279
436594318
490533399
235737190
205754376
258307818
366006667
50323634
358713628
97232128
80886145
327722701
105654296
553910031
285888784
356339345
261636064
322582805
279039141
103591569
66959303
325833975
162248086
269225854
266093898
190691105
142827393
192644305
168722677
342217297
248558310
331369876
377704275
350503978
315837511
59755260
151819608
181343179
2467791
43192807
74694859
110681593
34430135
4970411
155659213
46247180
184199520
247267376
18863815
119509520
74580436
21447363
77888423
14159148
22708797
16561884
312286426
106801692
19426551
22240612
56355963
351613496
72149466
47763245
25421094
262299947
341618973
26354659
61479700
188194727
49300565
165901642
70906442
160817572
26787673
230288829
38531995
268332700
30513062
20536157
284463432
119360445
33512799
26219294
36636494
169274239
109970442
145261913
163921184
278155227
68558635
145251518
243408704
256930044
16589206
50393960
111953555
108718152
259962724
1046661
9300262
275174583
295379761
176047874
19397785
45236165
147481751
234715992
220750895
282265730
269017497
78582606
