784397947374964736
1149942961
378259736
3016632889
750344739430555648
55259925
245551982
1064901114548625413
35369214
346878074
1003781510711988224
942882995572297730
1002321561234403329
823839877
187373798
443328404
3355706668
28270097
25073877
4860417315
38118014
288309667
15888142
168317678
121866474
2507751643
502135911
55117855
6480682
443215941
577403888
3974178974
31221694
2446401600
2317783266
256573865
402072672
1329702721
1339835893
110365072
180463340
122765125
193757722
715035306
1126785391
500042487
23544596
20196258
89503894
13784592
15485441
59949396
31080039
21362105
2329066872
2319108198
310551157
524631622
20783
188730957
22784904
36223606
34002780
34657285
205542402
37982264
24651758
1345702333
19695231
105177172
6482532
87599437
255773815
66561957
40100421
558810910
87754597
258916078
19708968
50515656
284560419
14620853
297074078
32562190
14791044
21305757
125128420
96915603
267850381
507762718
130997057
35865630
23839835
1143931254
1421669460
15846407
23617610
16935292
14930580
42343110
50074068
17919972
309249823
1000262514
204832963
29525723
5392522
336116660
19637934
54682125
71876190
352466166
363760149
20009770
