138203134
2553075912
1049359682337497088
3250828722
48522369
499396922
888890201673580548
1378590138
164345736
190396625
215894456
25345561
1050820381127393280
597924995
1915514191
174847568
183226171
1099000798426660864
378259736
49042836
326381450
22555739
916647574597177346
334811425
22581339
336124836
14717311
49114382
67647597
2436140142
23690344
3070386906
24287329
50374439
813286
807095
17471979
711753743264587776
15492359
846137120209190912
1550930486
144674337
742798658
793750172853530624
1522917078
838887334410092546
28840059
746758072333283330
320316891
4894047674
20900209
1018962877
28061932
28708146
36171004
20351289
15751301
12709722
22860921
57047586
9207632
11866582
30364057
37710752
15846407
31080039
371069402
393887721
4634656755
2556936956
780104972
322658299
2290129004
158414847
22811188
186826724
213517642
3198510252
24261232
28976901
600803781
330055239
320154349
2252850199
1891806212
2851146208
373129771
2567700169
540007987
159951505
279663381
63598257
26786596
333766716
185345185
31443503
19489341
83883736
19697415
40676783
20065936
19299909
21965607
16181399
19745335
14199508
