505332002
1022591012961742848
820681010438246401
40306315
29251447
2319062221
895595520
1104546850273603584
2188144670
957501313369096192
58274052
16643805
1083425426880503810
180535644
1162733725
21789463
18648536
3266258420
742769911
628698139
378259736
1096058449
958321164048191490
158445476
10328012
385192397
1633496226
45255968
392463691
51111863
636216638
112475924
16031984
752967707277029376
14981648
1620556356
986794331582365696
904869467238174720
16491676
2828796622
3290762269
355036400
750022168675688449
203714426
1066868172496740353
786047748508221440
2967402199
1130300363624423426
39668527
36517491
174285518
42256596
16339870
2175251041
45629254
191309250
84966500
532824281
45155495
60751303
1555645147
18851248
531885082
1064989180579774465
15814350
789536590565511168
292438708
2427166182
2434352924
1092178449467408386
2607163646
15907183
2355096816
576461561
2987147081
934003727559569409
341218443
4726534534
2825077411
18396070
46220856
61306578
15289061
23985504
49540613
79923701
1079769536730140672
387186414
391531863
435331179
31013444
117537175
2615789766
24960841
223528746
834914185699995648
447090672
262283643
16431751
2825591395
470708968
16364357
24127752
108160235
5062341
3438212593
22159846
16987571
74878213
19624836
242883110
67402357
30987870
11342242
1030582347840860160
262856460
298785229
1876042597
475287878
465126656
1533844754
817083
842550390818201600
35442343
1482525343
33823446
410680007
798654622361669632
2248389990
134876979
1139607716941500417
210619467
21615586
1263540390
22477940
3511430425
872102340639281153
24904623
3307428808
623352774
282143568
2312288130
852269288
55157442
27686902
18832563
1116663784385515520
65260792
257591704
925566884698783744
39253470
3253224984
814304
1607352380
819174269481615361
104969057
2397010364
14317438
2896099018
1105769770555715585
958436534922989568
27938182
372905321
372897535
5943942
16705752
109628138
893074394465136640
798671427952111616
803453875709767680
757362706664067073
118809150
785631337021571072
708872800052719617
2497242884
1859321100
32547753
24129206
1266281
15402623
18278296
12267642
1665542942
18644734
15127834
343148690
61802282
1485304172
1607596051
998241286103732224
545863995
3948971
70287435
759786534
78768913
4257056233
474154291
26308865
743987773
47646735
889249980527116289
14924965
2892261
7670202
155984714
21967441
72915446
2232352123
1028532780
2426
752271236340838400
30409200
463176714
113124565
761898688251850752
4773561918
19234329
19394186
19739420
2419729850
75065396
2570696651
1006419421244678144
192589318
870443165852905472
181114595
1436973182
15009735
138725262
849797646038556672
12415722
11161852
884452435414134785
16957321
34035826
757701254
1053002191538216966
4505521640
2355808260
14247998
909202518
141376289
11640472
329115426
14707266
7786612
14619211
806954845
14230524
3109012835
30183567
1063112497367007232
923583440
936680877697970177
2833177377
3291481093
274547379
1967600708
853092074048147456
1170256471
595245502
799047255378391040
26703602
822253489
842029626608123904
2869819060
4139264054
18805188
3139491480
3016092673
254636756
1115627442
3830097076
1081222837459996672
895317268900585474
21364433
48945625
4010618585
1042091675638812672
422353054
40283581
225096034
2360816491
1100331458512777216
756475
16356796
249298399
2778878838
183500264
56518446
340433481
2756181708
765787310743052288
1097671882214498304
1880725393
17375057
823335064679436288
711417662606168064
803877035693264897
2663717791
427505253
6974622
1370822334
502234075
1648883304
2366290260
2401962878
2415450253
2281750346
80342633
355696940
200514238
144384375
2780874870
15837189
879473839
872535841641345025
840219827335811073
880497450904985600
818252965727248385
3321926062
255747911
793490709642776576
216065430
1070916217215434755
748548034691239936
24889586
26072386
1069129814
63242060
12418482
29797333
50735431
741788332250791937
1007913241685757952
800902261664686080
10798802
834103266
2375155327
1275701432
2916067454
81122803
887323107475718144
35531175
73251301
219630686
4878236248
326509833
5976992
1079104563280527364
85583894
172432205
15764644
887486357718929410
994660953680527363
1032309975656226816
30917386
2610136244
580977217
419688400
1633343066
293549404
466301187
1206190081
3121723243
1922731916
2587623618
2289423037
21753847
755504
482466516
863405239
817640476685795328
731517694353281024
712718404839464960
1080765013
29307829
2389177840
19450761
87223940
390706048
743827984252018689
140954823
947195567645569025
16024323
1055165680151085056
478786048
16874875
19844987
16421419
131976246
472203721
233979612
382813654
273375532
3564127636
735184839452692482
206631462
25829845
2583618781
2499871320
485222097
2836679475
2875814628
604840570
41433
306011360
19992041
1044641006065537024
34317032
629067977
18164420
14091091
1061995156390494209
407387443
947956236804337664
14751849
94741751
2923007800
16623719
827990528151072768
2800121770
2386262630
29979814
2783025822
15279698
18894613
764467125973057537
304639639
840234824535293954
355591226
942566438019231744
382763253
989633635
79309628
756331316
3769438815
731162666639581184
384923143
60082284
43372222
314055370
2863821095
775706849077329921
62468343
2274777314
1482779976
16939270
58386544
929399289436147713
25893353
26029878
2926010169
4027925992
85259796
26347170
52437361
568582923
3294810090
263345878
17974481
1891806212
1620651050
9549022
378885620
3001253601
1025519911932768256
783792992
67650218
1025906006344327168
793946314665033728
27532670
56065323
928949262
2595080719
10098362
2279227387
237753770
12266442
140233086
15467700
535849334
864901208879710209
16028268
17023380
1323187164
561754773
325832193
2580825446
4749465977
180509355
1033011642
440519278
1646217288
291199456
314643139
7842902
815733290955112448
3148611379
1722644383
228624732
743899112517472256
2793450234
20904490
16435797
126210634
476523041
490587864
104574264
24630350
8935432
887704019296276482
357606935
11183312
3009721555
15201021
871471238421643265
16504032
1551337104
56449211
519596463
14627400
1854917058
949147897458642945
28257421
810288746209968128
12354832
978546222033260544
138203134
999293378
332781782
1009557697765597184
736366300931313664
1384684488
2255182597
40720689
13493302
17376893
468669904
29133
29212999
293135502
25264982
22012028
2488077338
3099552964
840543822
36247903
208064959
207972915
887442528990932993
2354013972
1003781510711988224
20245054
354306240
65399201
4853334681
105918870
63136435
4912746792
14593090
200249685
2693104332
7414772
897861037
45840709
363924887
2789614097
1002997262727839744
390167291
712424196706607104
4765513777
1498750680
17482498
324290036
978224667164110849
378171907
45323315
222064690
3289086944
780015530010873857
20323663
2764811815
8295072
304679484
29961971
2377958781
1144882621
187518287
4620451
942462017100812289
971286833542959104
563553870
16144702
9799222
402743498
6603532
949040844425891840
11178902
38993997
271599635
630750125
15978244
115485051
244368081
4409571
331435768
17333065
15624805
60101131
28521141
143244854
267856525
965266179836252161
14075928
141002960
87276535
112002754
422240116
43183984
55957781
36833548
122462263
18460846
7324212
17974731
25181690
35895900
13917842
22499272
66737076
64352782
734661602
2590626690
45285833
65770439
79979435
711367366756720640
27978241
981941405823139842
875107572197597189
312296368
135441822
312860399
50393960
14130366
1636590253
20571756
839225654172401664
14917056
734010048712675329
14246556
72922368
355769089
878300143157739520
3127512208
1382640403
15187703
24829782
23125257
18883012
61777424
12609292
946595410793164805
569894001
372732847
419891844
2370912601
75354109
360926693
31417996
441212571
2494246519
121860173
116511372
2195722898
461176448
132191265
627331618
123555587
566273875
586051809
137206854
142740272
22555984
85497712
1428034866
25835734
320134516
200306618
702432070644146177
2337520975
864548241882324992
962087570908774401
918979317119381505
2433466590
714915515857256448
3099996117
1630533924
4830298757
481425334
87075439
18444530
3251176207
3462119981
385266097
120412341
807821228190953477
19910041
3159148494
773629095473246209
29472803
186667011
823038130299146240
32279670
2305351020
547114168
22756947
350424184
16580226
15165502
15284488
54999357
19952246
322764946
40867079
19117213
35421350
36548519
71349845
780454154959523840
3731105413
62127399
17985093
7860902
2645602164
879035984758919171
3271230410
766293436475510784
121489431
1576529215
36809340
950580958524203008
611568619
52087269
383337199
68577152
897112521978544129
5874122
590093556
182236262
21744554
28631761
4727899720
32034051
351287640
21982663
23747279
26105371
14546414
4816
50115087
1451773004
19802879
301931359
31069486
3038964031
25219709
239608835
83608468
72198806
4174030107
481376604
340613443
728712271325761536
424531484
16076032
21862217
48847011
135060958
2601418286
1130149501
1638287604
33276161
16935292
17301707
21414576
2496436669
14188985
3075856310
4455481185
30354991
36686040
143104075
81692128
19656482
249393823
16160352
393588826
429227921
23865382
14957147
40252336
3559557437
2980415453
2907512438
29000377
63302020
866426699193491459
795385578
27679489
3233444469
16287595
2774157674
95610041
555984374
2417649446
237032163
2412919458
37350044
35827777
24115438
1197037934
1334664505
2696503964
100136358
16205716
9083222
2895414379
4697047753
230025585
2236640820
19166136
19952303
3984681
2285825876
15049113
130647946
932764448
145812805
962337583
25877105
2928224473
627643923
144003355
33096011
113516574
19638752
579006169
163802435
18549385
7081402
788717257937547264
262543492
738080573365702657
637338906
16171898
625070495
324747907
1851004154
276540738
419854605
29450962
787373558
29501253
19029137
803694179079458816
382685028
16378486
16444291
89509442
17643283
2233154425
62513246
139823781
972878876
508120623
110884175
149795006
23213536
14064187
19695734
18789021
890681
144245702
24747105
19056607
93951099
16424094
17112248
353695674
12743612
18690329
55330379
79553188
44774618
316389142
21502768
836281614
3315658770
63168789
931468093
288944899
372537855
198511304
14307648
15120464
14335262
15773009
1663327039
180560224
17910183
27711685
249547283
179588204
15877416
48075372
19107878
208361818
711073938
729238747
508192094
362286999
45186316
378178323
39363176
954179018
80119321
111456823
23641580
2907774137
893185297755844608
330127972
78492615
42583325
3067785970
77933274
29794794
17059535
73353134
189259899
2546258378
917639928
17553095
1332630685
246394886
196346560
16504257
59031230
1106501
1694040764
2999158160
3689114435
835181263199825920
124003770
257356599
134372101
91293793
37736234
33951140
242595221
5827292
17808932
113707249
800001264356622336
142818316
38271276
385570796
17051356
308901252
14173097
17283244
16618332
531750633
108382988
20011858
18396706
14790966
15966494
1081032308
71028123
28136539
91180720
238253819
18055737
55895924
27179932
15586554
18622869
1947933320
904865420
17006157
30272162
160563197
155843073
167142337
1100736776
3305543216
1002415759
167421762
8892822
33773592
56617026
129947794
3062073965
20322986
14681605
18177317
185752781
37732404
257199215
524920756
218330520
39000115
39472543
21733692
1454315358
5827392
709513372497158144
22116933
2963753967
18907022
14312841
15280053
20001490
172858784
1339835893
970207298
216776631
29442313
705542072334307329
586136477
21689701
47216804
373416209
110075039
28049003
2694452875
86196231
225232485
67507170
65120103
22184631
317275675
2209187592
552031662
389076225
35990109
64219788
2991362456
134206307
25578377
2153132779
16129920
2931833274
93341477
625022363
242481334
930040429
468249929
330105456
17383707
14421746
2426310678
107225267
997629601
183300976
8954292
435172484
353214374
49698134
475286355
55334133
16173592
3563351
28755726
4875035645
14174572
17769258
204057155
65647594
3701125272
24334874
10481072
97810580
403991138
186154646
14996376
40139016
93257460
26130127
18548221
201419073
45724110
55024445
23578176
2176527421
152411615
31455711
66637408
291792912
4196983835
13298072
326658079
408847389
995848285
18055613
19430456
60520655
1418745782
394216985
3231054427
3988113192
2393515028
39804874
23664560
576284108
2285051
20555376
1311349182
728257993
596547650
266400754
22508364
302666251
1118451
10191
39157744
1148644417
3237568136
2729061
816214
43170475
9275742
1149846326
203781901
17939037
1041346340
3265372914
2916305152
11348282
4519121
169015850
242645565
35169879
497230978
35128237
15661871
14865059
14464369
14326533
965091
755431
15752204
204832963
23090019
91333167
22279603
937698624
111551994
29518899
21013483
23046181
164008557
53457858
898124258
637198267
14202817
448476934
37710752
18101713
18651145
16959296
16793840
19826509
3179977818
86977818
17060015
164549584
9639502
15703753
195906608
209225771
10803212
187064795
243905905
741770449
30109507
25179560
150802319
17369528
52758588
7235452
36292086
17521340
88974843
304185486
7861312
35305735
3029301963
2989227864
915726438
31135007
16799897
8752222
160960125
964487197
93465778
28074588
98882438
15500649
19063323
20320183
8073492
481230628
20197768
19618421
19903509
16876983
37387336
16060397
52875381
52702323
10567552
48462490
20458588
328867779
24447643
22493307
1391451
9695312
14780915
14089195
18518096
16870853
17494392
158467611
5135521
110573670
2564082606
238349071
70100100
61408528
14166096
8236062
110509537
24893196
2827016433
14478260
54730258
2432477816
554331348
1137700339
27724771
5971922
17264476
382221144
1364683548
23122597
2321519970
17732153
188483468
2709152000
974735124
56768257
1596718267
408029256
1016378941
16305330
767
107650489
17484680
2605027879
189238523
362391461
18159189
2172922045
348998306
17017636
2285662423
1391259187
1524213558
62862758
28399797
1586601326
759003
20196258
17133173
11757522
2423478840
52613032
14506253
16956955
89257543
26604904
1334806249
15829688
602317143
26582656
21131816
41073372
14258196
219205278
19402238
21436960
15234407
34554134
194347664
14807898
242429286
66162716
19637579
234270825
15962096
30488144
14348594
21755824
20664366
421944319
20012063
333430027
862483279
19698910
28412100
921245191
142157505
562381032
82789484
500042487
29344169
146290693
241382835
23027237
502135911
16900536
49423975
12579252
206989433
14403076
19198198
14706299
2480951
8633582
24253645
17928315
14749606
6539592
44039298
8200072
245486402
80937511
66263785
126439764
114669858
16303106
15746556
25708031
461421839
930625267
18009781
833336318
56436152
4207961
15846407
19758072
23680913
6480682
765030906
16500004
190172686
57084769
121849647
15693493
740109097
74669397
17158189
6480652
19793752
156411211
1183041
15473958
30364057
57435204
27479039
38588152
7334402
14247122
21193261
91637390
38526545
15473574
26264758
23086453
478252759
6124142
44570946
57702578
74231747
213350034
16848539
17728424
38975663
15644999
18393773
20726007
248595702
307259829
14133970
17293897
62290422
55117855
181428877
173965448
132434300
15666380
23544596
16302651
21215371
105250713
25725698
6480732
18637160
18720595
36686415
66434859
22461427
88749392
28406270
90420314
21718006
31206614
398490298
262799542
172933437
130922325
139162440
22811937
273779916
34793170
32261433
346134498
20978103
22084427
30981586
22090361
18997933
15108422
263292498
126406217
35659391
13240222
7478612
14773506
313680757
97576151
39097715
165511377
26535267
41825972
44759834
15485915
68810491
100882501
32581388
22080646
78194111
28161405
35206553
61224722
28061513
97518322
76741852
79797834
38611183
62298898
34559099
72423061
15439395
28061932
21035409
16187851
18169589
22222761
23473068
14336349
639643
21125133
35097545
206506117
17396190
117560949
196917975
14824849
7093352
14148063
256573865
15147397
29396753
112508240
64712745
