30409200
929641526866731008
15825085
372666323
991122979
223499743
2871627629
2882893927
4751030832
226838202
2572028306
3719860939
711804123646005248
3923714249
1012442279255126016
830908366377611266
705144542270353408
296425157
186474344
1119913352887721984
834452256
595964475
378259736
315789136
2844569713
759091027491823616
357606935
860358240709754880
564099543
2154127088
589535421
21789463
1114235491589791744
424265815
1025789988334706688
24691376
1880725393
2789884296
1054919559193509888
280500432
69123273
146215177
77314692
3277695930
1006015254873112577
17939037
26329195
2713681855
588770591
3861433641
74288138
348332740
276575042
2831773406
71229689
25613925
97040343
884340618494959617
173195708
3130710477
1008170187785302016
61372349
2525593442
30862829
16949344
230769694
34388092
1428104798
30352096
21434307
15795750
297315854
2706539706
2345774226
23631859
773280684173463552
189658688
14154231
451131659
15638615
14248315
7235452
1011679992827338754
115185313
17367856
826166181459488768
30855079
17975184
78400475
966575364
65688291
300792487
25950355
251918778
22207520
811314449722142720
275911548
776055350906716160
23578176
19016842
2501296444
14352556
840450648
131162723
931468093
64118931
34386656
48760392
40079154
1931266802
14173334
1915033663
2334193741
11744152
965015705123930114
493594946
23613581
1339835893
227837742
30364057
855493139188076548
45577730
482708367
4099171
73206956
587201050
2980999175
50665110
24725678
41476705
1342104169
87795485
364369195
2711949744
726767006905573376
3044723941
18686907
225265639
20776190
842678483557978113
20015311
509212441
1416622795
774295855
721518038122541057
79923701
340613443
2958354993
732443937835757568
109387470
263292498
15967225
54730258
17271699
24236494
11791512
14414286
17178812
18807671
17057271
35749264
5225991
271398203
442389917
15126599
603025587
15164565
8192222
1605693206
8350382
721451881
2229211183
4744822349
232704306
1682177671
3759855018
195419597
15859033
344749524
863405239
3249228729
478782624
346276932
24223641
14353392
813286
2506732236
166573653
2244053923
3291461487
629892954
259208425
126697381
25369931
93964716
4493173634
17889970
17905618
21216066
24167314
45290188
37024843
270332278
14430086
1526458003
16410165
39416218
1396105537
197901148
25728193
19695741
227429355
473179284
18478452
74669397
702534014415085568
125249726
437807543
611093492
148924219
191704476
2428007966
30354991
3895658954
856863175
1961881735
6430182
2277709116
19059014
3687721995
23125257
16954081
70517715
46480087
186094017
88756857
316742293
3111736843
62000400
251430035
458024347
523836049
621554179
3152186729
162535413
600075796
143947826
4873954813
139823781
4892304123
16721886
2766300718
1665595760
537752650
221068393
711919166337511424
259925559
344634424
1337785291
255470657
42906957
495243729
69198064
2535228434
75389796
65402526
964227314
1305941
14120215
546657547
14916910
102105819
19978107
17825445
244956140
19925839
176434844
3035261422
617596237
3290364847
43499515
782287100
51360810
20429156
362742545
334019045
15564815
17573273
908693395
409903803
18291099
2281512459
570745370
27847455
347885744
47999622
245499504
104753494
20054581
46342393
199624978
526589681
299638999
96741105
30196565
27035508
236960317
3189001238
989138972
237700394
2770350111
549402213
557966132
145217542
757870687
602871835
2670886729
234428224
120153772
29442313
2612623532
193030139
20778387
205913596
189189118
500704345
2735591
19407053
91478624
14800270
39522692
3092359565
189065376
15545122
3557059218
2974194495
47376709
175763225
2916068690
26613480
1667014177
259823055
2559354637
2654996719
501104379
71485153
24288217
10748252
2336739216
921759169
25616151
126353864
304625265
3276577412
3160280250
377844134
250229423
15221598
36217340
2472145231
2176243680
3182932848
17116782
105734250
2279699079
168130525
3130906425
25245773
1553546712
183876837
38735404
3300628436
104688573
16132791
2526135134
945824732
3652533256
3775677449
3234974414
224765197
2215713913
3337815881
2250677264
75639425
262790491
124539509
2506794330
89631469
3781804456
3600122532
289437330
256900512
2700559879
222112598
35307545
203595552
437651186
239445130
3321532260
3290776021
505629680
2910910677
80012715
3760314616
14351460
2286920017
857689873
776085678
3498340333
69250260
3254874349
191498091
2918352165
601367957
26222044
3319404729
19321222
113342694
13346492
495439448
503384728
27860681
5120691
3160344543
17224076
23642374
57762596
235414297
20177506
34178213
149617103
125913045
21076610
1309450322
2582534934
42034114
240968515
2291048060
270354554
2414709972
3177341286
1279694353
47555864
1535940872
20942550
211773940
2454035058
2281130636
3094818536
102808318
121985350
33292864
16519380
17425484
280261048
2260150651
3280764260
153388461
20308068
403668569
29052853
748909267
17784836
237018893
629537782
34879802
16148602
62514177
117376676
1488798955
278022226
1099628502
38804737
16248319
18539631
2199307722
35767916
1239521989
1520628320
2396551453
1104501
53017384
35203319
1200487274
224966769
49413866
2187401519
21454523
347096957
1946971004
1193378816
1597473476
41077147
368724112
545969664
2526257174
8387312
3050054594
873200750
2896307818
1319616440
1694729995
2391062042
430616971
142235924
2190906684
2831243034
58822766
249703395
63135089
3365431274
2592025530
37600861
17471979
55117855
16798917
323053423
109670689
1426208336
1081068456
1927412454
259040938
340597005
20479813
18583722
15962096
