14495463
381717370
1901546563
120534622
62849730
1206398228
1589628800
1375736322
213478296
801311472
255773815
390386108
250831586
937499232
323417384
342863309
40288846
999293378
330105456
14852707
2841795280
2377958781
23521469
499327665
66182591
2887301980
2148009361
624048317
430645155
787765068
260211154
2882506048
16867101
4771841175
70784139
36232805
541637104
28918647
484415967
4691188537
829881163472916481
975918325
132148992
193625274
2944953687
94298843
2923130370
405212879
3107789363
224715866
389529702
20458261
4009593327
162534844
636586551
2967402199
842550390818201600
355036400
750022168675688449
203714426
786047748508221440
1066868172496740353
1620556356
16491676
14981648
33773592
2764811815
118975084
986794331582365696
1480385228
16435797
1923959160
2828796622
3290762269
958321164048191490
1096058449
378259736
628698139
742769911
1633496226
385192397
1522917078
392463691
4696728842
74287341
51111863
112475924
636216638
1068648789118877696
1928214643
824264707641057281
824137712286441472
824315778866417664
824338843327361024
824116562768621568
824190260338954240
824126001936474113
25917171
957102900798509057
54786075
1633950216
1279399273
819248203958775808
938883809172512768
204688509
63112528
768852799
452545583
35071201
2664177324
42451620
1103351392285147136
51547100
74669397
79923701
784647
22174560
3263932585
455373409
16031984
143922679
33041426
1152323598322847744
304679484
91279573
16150457
2754981748
4196983835
28072238
71815227
929399289436147713
1023170093591748608
130232138
25097242
702280889972105218
90472293
3793310234
389898091
30987732
6974622
952168128733171713
4709232802
732663963494813698
23921599
21411216
2155649270
2263153417
967146890054832128
1013932204135596032
835697256
875175576033673216
1486285009
17901138
24516804
22067198
300932757
59048820
59959530
41302071
2862508295
233386754
34175976
28680544
1029773294134804481
815566510303440896
1039044256768421888
3769514241
21356261
2423478840
52087269
234428224
65626784
2911520575
1103385330424532992
1038567318144540673
44562973
233047346
879861593483296768
21059255
938424931230060544
19409508
1512446430
757695091
39364684
963631905878036482
451131659
331588308
1377808236
3327720838
63302020
27711685
28644174
26020351
277595625
25178436
17569807
915828472655732736
42771172
22959763
14260960
87371781
912867206685446149
824123782520537088
19562228
179255183
845392971381927936
266697434
120995738
758050879354175488
148946699
821839908088250368
27784905
963190805438513152
18228263
14982804
17565514
830520331655720960
861985471106355200
1948068859
30395567
16305370
16863340
101889204
141029919
15679753
758430193853734912
3314486832
21753847
32443514
1381088924
527590256
834024326
716432228
1093090866
1536791610
357606935
224221596
1002595894162644993
409486555
813286
1330457336
1339835893
9300262
16129920
138203134
20926233
1052844384893333504
846137120209190912
1355429886
20630639
19879313
152801977
1130102132
2779243826
287874817
480930665
134668186
130600864
43745306
3863606953
1067859239945687040
1715051
19197186
57995617
20273211
27079708
196013643
24300583
21825670
23548407
703407865529131009
604212214
47285504
2715115656
3063032281
27042513
580097412
4130604275
2838907948
3007585489
45607170
17452154
50537131
905158651165401088
507762718
30368017
16531768
981050955436347392
3258406777
33442941
124012818
14581454
13393052
4823705386
1596486997
2529194850
2898355198
4803705924
341871198
142415166
1032026290436689920
740597986846203904
3078942992
67801509
23694473
971505595533746176
2740939937
456982125
5907272
970207298
29442313
139162440
216776631
2983295300
994353336718708736
22333048
327169355
759237422630768640
951869238012207104
947328111548416001
2707896139
310316864
162452290
27754737
11866582
179732982
1345580348
778933753150251008
24206645
1333219885
819659689122140160
833139026194468864
2308134236
137717002
860424006851231744
3282859598
801219876320907264
1272791238
343801639
816873447338819586
133018001
836669043499134976
769743613597061120
768477736117698561
768112986292498432
761018862707945476
146026891
21064165
470301179
255638996
3550698262
4909739252
2654975484
2214622820
4003280969
131769661
35815786
42921496
4878851512
1864743595
4692280350
415669221
3446884335
3091152139
27369752
1122676346
233101626
2853159029
2334627287
154902068
2957732800
778228910
705537951552266241
959167543
2818322000
2893511188
23544268
275215221
1924364738
570218986
2180168234
2180170945
3739891106
595825990
80151062
515442062
2300629838
1706564233
401643632
2337780138
2892938872
378346670
426451104
1903415040
2810296578
35961134
3246076649
3028101068
2961021129
197151803
7768402
110453487
577671489
2280838598
740895416
755113
2507275886
291668096
633164783
743097644
54140780
51474876
2413197645
417546292
590642502
2249909509
27957497
18067720
498961017
15846407
339456429
2372041149
596055277
838741771
1418900947
2713219340
20720530
190324565
2310597071
223535630
137468639
199125530
14586850
19426551
33955888
225394044
241382835
334841811
35272731
237845487
1183041
19663706
330921167
957296576
402456428
15951855
242792300
14849562
26516984
42389136
14090948
471232039
501637514
113647797
58945187
33325867
16145763
43284232
18228898
386056280
556127392
2270580793
14159148
562049551
2517117270
2359926157
18544393
1944660204
450385865
47786101
391037985
59949396
6539592
359676821
134554277
2301996782
14511951
7429102
1910771
34747631
23544596
17844280
30614676
562381032
78175148
31312972
23464695
466844819
341748128
46475424
158414847
390241102
19697415
768058494
331706777
82903744
344408759
53297035
17797344
21506437
304185486
19725644
59703952
25382170
11348282
334321077
6480682
39689218
443215941
310687757
928481
424450965
327011831
515724024
598628269
2229160716
52484614
586671909
112589714
807786798
169608244
104868688
14215322
182982092
325076723
1622088762
393762348
1852626470
120118721
228531431
225235528
214205356
373157754
279390084
540812894
487107103
21665313
165552004
1432067149
1895722698
225634187
198830228
62513246
166739404
58545637
22548403
62396008
14599470
20609518
502135911
149590738
22716297
707623188
362104034
348627249
160817572
294817270
44249255
214732244
54236582
502348764
15175368
66561957
13201312
36686415
297724739
28521141
15661871
378171907
60101131
143244854
142157505
217158161
84447226
19637934
57084769
500042487
380693698
259379883
437259747
270577377
391670099
24606439
17496972
14345566
334173371
125128420
130997057
35865630
246055470
244498663
14393151
15347312
31571539
28716146
14311749
31353077
13007812
90712880
68917497
7861312
32367739
110365072
38169457
