882229832658112512
763341358102872064
1105093727117299712
625534459
967048169027760130
1088842735824617478
1523643422
22651854
847484522115375105
415075929
44562973
2731825797
1261637024
965380067131092992
810867306670817280
1093288162544119808
2252850199
1450723008
1574470142
992523275291918336
558148770
311052101
778902430985641984
98576802
4902880520
2577500251
17887762
568407670
779413849757802496
1352628000
949425586778312704
250024481
945992815
18895192
720510080806993920
1128132072
2990515071
3433828276
893311599641022464
1062543897732222976
756908935315984384
1123050821787078656
736387273374109696
3129620171
1122497183444537344
2176032600
184230763
935230030237589504
316808548
976560396151730176
4777767515
874292555411795968
879040650175369217
143844341
74287341
2375889626
415822027
2830270511
1673396222
1526117282
1016698991533285377
53921077
1110153836
3257266611
25345561
3324037438
2553075912
742798658
16435797
838887334410092546
942037746197172224
174847568
2432088217
220675687
1155653510
378259736
1604362668
925722082486509568
786257259936436224
49449948
1141445744026460160
2309595541
842186308252454912
2279695242
1053387372975538178
538812369
3091760069
156838892
28807930
805687450320465920
712321440180248577
3290735741
2312724552
721317432162299904
2960060288
2957273387
392463691
937295801486860288
1121886098668621824
2728819065
990183854618103810
1017717884703911936
814457108292915200
2479861125
3311242761
751454653011951616
1028620936176656384
718923847655776256
15060141
709725904998699008
61916086
909450024
4785198913
19341683
578991574
377784881
93183907
1378590138
2574942223
397535840
1614209437
963467166
1446201360
1584276012
1377268357
1107989608657231873
1025076859049000962
799943096096079873
609761583
745772680977088513
203332874
3092381638
715949840610562049
17289888
145091749
4032045973
1112849269281746944
3244396765
8916792
91070492
298522857
22419487
102417054
1969110846
64456502
3916481005
982862016980365312
28827974
920676712488361984
3161655128
937050321951580160
2270776861
1105148401828671489
18456821
2440099128
2841795280
2374920458
36976313
3393737009
3366316354
1047719798
251908666
3165631810
48441151
194836141
15989138
705950848765992960
332967893
340602009
1541278975
919913340595572738
852816733492527105
2983897735
2543113237
15521075
14315537
1090804489
3434086750
2364530516
735120608762187780
853004182340718593
333884287
47983577
2980458689
69914884
3290156986
1001390960
1370684718
2319375978
762890235864723459
3146348407
153110329
133396911
171056830
793421046556848128
35749264
1949689806
69133574
442866144
153814910
10328012
426041590
831470472
1265726480
1929959580
2709392930
779130031
122103537
21237486
824760123516190720
2530913857
18692844
433967859
543700209
297719472
123582098
20971256
1949132852
630307037
459036285
746546963655467008
216776631
342863309
138203134
275307479
2290024064
196458024
1851517538
1901872572
2353475894
3016622395
486114641
978671691965583361
843212917864648704
187283701
22421578
937783134
562817107
713648564
54979788
3342291731
493276617
1286506417
444927395
2678236062
794236920339582978
1064337290162593792
406414765
2704715387
636493935
868469821
824000078
517902068
747781485042737153
3045094519
346324846
1568606814
19767193
799344805738323972
2208259747
730097100344659972
809980906404454401
1513800884
800459756292882432
1074708625
3373430932
1116587995
78473551
138528069
21054053
2872313750
11553392
785833591599226881
937478005
3189451747
466626618
4846106736
19108922
1687831542
2829966844
2587477463
14383251
348388285
626004090
885906079439347712
231825349
15762445
54099335
1322712355
2324212868
2735207551
2835435691
18551963
743837870155145216
500372750
2904312361
1729768980
3296557139
3064440370
93038048
1768365013
772131308
589975555
1468452505
887145739306106881
198350602
1666438212
708873112968945665
16735484
22029897
23237339
2582409974
114498321
3033423069
1873079593
347666787
1328622408
481943972
1960664785
3115915388
754781047456468992
813860534
402875257
380816062
24259734
1895019607
800078610652536832
3795281
124673539
832089734990163968
889084732641878017
3331561660
2902146804
4888419450
133483967
68784981
20609518
148529707
526610679
761970320198688768
920933881066422272
3092770061
102801301
2351827339
91206387
302769804
41582030
40631172
62805883
1135204698
44294961
2516897582
1542662550
255220185
3281653903
330055239
3166937110
3199079085
3012773575
759326539
199360809
418168554
66678157
18601589
3090382647
23941036
45447020
3317555339
398754763
52584039
14207863
46473066
14897792
39822897
48799978
715037516009709568
730129093
273418969
1663172653
111339670
22642788
17071048
2473109654
2811770483
67007817
118937932
844620700568702976
2163374389
86150791
14262678
736172947551977472
1087183776
2557441026
3311840922
14682928
295391903
211554263
1689420002
1072269104
22026168
2401716482
3039043528
3396160997
577195140
426901288
2907030545
2347049341
407770579
38790549
2280115880
2923139699
743871667865194496
2813347952
64319270
2830773097
339722887
106485919
170739813
30798211
2811455581
746758072333283330
93494670
254791849
17292623
102478586
1548841759
487833518
15862891
32372834
1680944431
3072094782
724700668645265414
2746457079
3266928769
17471979
19854974
2735246778
2535473617
183661891
904623444
21333228
2878501992
953540744
1937907350
17995712
4329998356
125181345
36741457
28567809
3044940267
1040672821
41425651
1891806212
17089636
2353378981
103887642
69063653
2876817113
2591604565
2844569713
154915461
2687999594
14507726
2842267954
49119383
2370495894
2841884049
114566919
964744488
109928811
2544598020
521448718
2784123889
2836555564
3095140583
523433085
49042836
2338474649
14819353
14199378
628765360
198193321
534255106
16245822
17290922
441002248
130570965
2360241721
16143105
150592308
567335368
1942405884
14085070
246639380
183500264
218330520
21681783
15324912
6826692
22058884
120454738
2778878838
102450427
2479224200
718656198
618086579
24876034
141991931
25704704
95740548
71613541
12819112
43290742
109379148
320268880
87706747
19402238
23638544
342250615
241278137
156989502
56202639
88764812
151688561
462220933
635150645
30054271
84341029
28605392
540812894
44449830
55321710
85857432
88425861
1414183850
47281168
257199215
17465506
24241923
2498885006
42629261
622993275
72831048
858924511
2303342598
952134710
58951368
2397976856
21169583
16682832
1429533679
56487453
1444661448
182573469
19725644
45870897
47739030
807095
36210597
13769472
17877597
27626692
550612446
952682910
18036233
14754376
129947794
112498734
14840606
1540034828
147633912
14776696
19722029
29797333
740529408
600803781
11340982
28097924
448906114
18853002
70725281
31986700
56566321
74763991
36823059
147330330
782255953
102738853
17871562
57763444
34586817
133011199
391870418
209175738
462765628
163924021
320520452
92084429
67688966
1048204976
1241736810
1354298209
701587681
26634057
48381061
61865738
30117765
16809947
17086009
113746177
15518054
71108717
14125476
206222507
495422515
234398308
14329880
617605633
1433882124
363801092
14749606
344956335
47373122
16630098
600288813
21094745
405033226
131498466
56768257
16276984
176294602
801666176
42399225
14302851
14904614
515045616
111123176
446246330
16632084
46214903
131574396
58668131
354095556
156723116
