73851177
503484846
787709936
1001115820578095104
1159925788482953216
158121515
1686675601
146640442
1135786992958967808
28910390
1015981146335825920
93692734
897120810984517633
828237714768007168
2869819060
90694787
400469021
1128392083386052609
60034595
847112657228480512
1156942141203144705
1134169572574208000
1133397591197020162
319339723
2897862553
1152729440591458304
237457901
1051032951708889088
1142000389367066624
849831010782990336
86736133
769564715940839424
963150872137084928
966839465359503360
1043868838645911552
25275163
980945264826601477
1146104643887534081
1124054322894057489
1150096193931882499
842524649552457728
989112904812302338
823466267709493248
1150704287959244801
958729147408310272
108663002
196737171
1154730915614081025
965361295661793280
1129923538452979712
1152879673963143168
2614377043
956264363849142278
1522327446
2660134164
180535644
155629096
3045203078
16291990
1154254917558767616
1099781779337211905
1111078651796185088
554453391
341115691
58149130
65988265
884811868682022912
1052405206661652481
1011580472709787648
1097823840858787840
898598398185656320
1126094043287576576
1098209666402865152
4832679413
2412051054
974962208223481856
750626106256953344
783615615680516096
1143070479407812608
56310176
1147881680453156868
1147905552124657665
762175643396165632
20696498
53220544
221816183
1078532307043184642
1116818869702807553
116699010
958899800589635584
3952800973
1070451
954021692426407936
34497014
3033420920
3305353047
796440631254122501
996733316660387845
3385068466
23836781
1388656794
800837245695500288
2773942059
19764337
122475762
1098334530983858177
20243337
957553808992821248
960437852
61621978
1127844860172488704
1057649529040846848
1141712465979465729
423566032
930448849595981824
1124531242907521024
1687920350
1088900095947558913
424302750
1019463049525198848
2176980906
1591584116
1099473839485001728
889533774802845696
15842984
1148327701473824768
860604739
35899928
855169002582167552
2984719740
1030964408594251776
816509286264152064
187879693
831305353
927712304367652865
48269483
101857528
818502645463674880
1422024450
1689419970
4885277053
754006735468261376
15473958
3096594021
117853833
484415967
390377012
14919080
17735424
868611134227587072
1089910773277577218
38213768
29312780
1083804500979257344
1511386590
1081387491373002759
14061954
28180659
891711281543094272
27903259
25507417
215715205
3226778767
550415486
706120381
348068728
487770873
1265637114
1145713657369780224
1043730887404343296
235305857
1122673435472216065
1365974822
856006915633147904
951778886437822464
23746510
865732111
1136648380262879233
379927084
182559944
1131230740249600001
18043616
1075153372062334976
967478361789485056
17110049
54232040
2862911501
1549416624
868249787195301888
84327529
1138891516284481536
1114688037152145408
423649785
970413340068638720
1026822583101083649
1082926629003935744
579838398
828351972528967681
51785311
546135580
863072300027064321
19602965
900278580
3115924437
736207971882029056
2370375421
891766048374091777
2389797475
293558246
49029489
1129094331602571264
1087714890356326400
1917373038
1361872532
52899018
462465455
1030203939034198019
925324272742141952
1094998261918769152
1041712294059696129
897647218731220994
818477497956397058
976205652849807362
38650550
40858493
1240236799
22034898
1611568286
966669824939167744
170020913
1139641323122765824
1143154136566943744
1144685252922740736
833423741287809024
18601303
3957554421
95265822
301398322
2500119126
203714426
122130797
2315512764
982784978000883712
855113510531026944
2842698131
209512953
900900728792784896
2981474357
2909439197
79031518
1139537525876363264
933534846
2345766519
3237986926
119445082
1101242872525930496
1111208157190254592
955755708838014976
3145662545
1018877621172621312
216605214
41083577
3339613143
1019058892242898945
22980725
1137449126927450112
1139166046869491713
22773313
976021587391598592
10890782
222829353
906524290601943040
1038133212776673282
415917219
524689513
220471229
1049343925662752768
711276316725792768
108276780
36636454
1068499949703364608
711031364
509185272
59889100
1102696862950264837
2866526829
769201334054707201
293120146
4727015294
4866375989
1019484541
18397585
1071097486230601728
924024728112844803
87780277
909344536463372288
3064143615
28651828
468868233
1101465008293191680
1051274445812305921
1009716150895341568
848251237745217536
258426678
333615851
19867571
89006119
1492485228
1013884736777936901
705443391887286272
2703744551
1110250534320123904
712317698202603520
998887098877964289
76794868
179525956
56585175
1048721290046013440
2316867836
947028178555559937
829882414763753472
1155354499
18839937
1068692267152506880
2246300845
48008938
341075360
394027182
1078134162618494976
374823636
879771304316071938
20632004
1122431732228198400
851061515721617409
1066550580569665536
1890570247
29184911
50796982
58219589
754285068001087488
1103955330398973952
785980989428248576
779278984290922496
1065272999367061505
1088560491197333505
989665362
48642739
190585630
1011839925887623168
9730472
1109023634235027457
754103565648596992
19447065
1019323044756688896
1136263094777339904
787080343245291520
2279687701
1038464827218386946
918101437262921728
1114553769147150337
3259242054
1113921460408651777
395519272
1013084786250977281
4096026441
56236975
1119938737352343553
519866130
20079975
872059208
96866620
3293178390
229552128
3850427354
1045596326556311552
1364401086
1027244006
1117125157427056641
994614419664572416
2417675114
22535914
47187909
2223604478
205873490
3314715548
3322993172
937340863591657472
20859707
1052607621813817346
442174347
2602350786
4179780382
570676314
718414606054649856
215899949
239885144
234231415
1061970200277463040
1067486060970598400
153810216
1104626899483934720
834618305843335168
4665265835
731580821971165184
271916022
193655659
2808862312
1009898349078560774
1737686702
753317888560214016
1092837523003449346
826511732935901184
34975388
4359795621
2183292648
1135194919079940098
2759233129
4441052619
1088157715187318785
292565344
85346709
804754307686010883
108140114
137865227
15472044
637236578
994063587328045056
166966715
750316775338901504
21066164
91067167
1046693507807760385
1126543724195061767
1057732559508045824
3984270913
27252562
1126045925405863937
1088782840001687553
1112293071373459456
18533219
897636166371082242
1009509720019886081
1002602929
890946475320127489
185066639
3956703892
2892451389
1289564132
997682274
2210712186
955856282984112128
488300738
890016244685914112
849879078295412737
1084037007737843717
120499199
1414256335
837250432149905408
1130934887475765248
847097971476959232
287128496
3950928695
1105460532327268352
612582994
1077241113210208257
140763379
1126185425331269633
1448867052
1045626432402182145
326697802
1084087994229899266
29011916
2173007079
28330348
1132670524298092545
994576815418036224
20725994
887361699954794496
1606290440
1129131959194652673
1025304903114211329
1036632217907281921
47696862
1101633849723899907
26115541
2226569588
2399687505
938008456824541184
47608522
449849732
901874434994266116
4487378954
1130359684999704576
1009698966982877186
3309545478
878772504
836618143350956032
3250908110
734411522898812928
1001639897588002816
438264672
452013942
1120388784993001472
1450167320
23814899
317356725
159394307
902286313516400641
634704431
863809793882021888
1865806128
2263276539
32245365
2972541035
14393872
120515571
1081291169055821828
302769804
701446520483278850
29530348
3438870793
877959081344073729
952624597416886272
1037436639423942656
2763551163
50337169
112523436
17524863
1576276220
18558348
721349646363291648
3283632710
131595669
102745381
1109217775631978498
2799162526
1658104904
713582080291172352
16944571
11072852
1088761072163516417
3156529819
189100457
1054693219399806979
81032076
2578913078
1011726480534056960
30288559
223857857
3299308534
35949716
51508270
810709142
2209122547
998792310
367873443
2872961599
361910269
221021194
780472047529029632
37990581
403062688
1060232166221770752
1027774189678223360
423767074
1103424042911105035
1004830145620971520
905899959865688064
707330252658360321
547866955
52949830
835525519252807680
411436304
750847031388889088
1050967704365088768
39291808
2724510362
586117648
2477786920
1104749521
557519684
1290689852
13554792
2374836343
158848744
969612369159651330
83522853
845392971381927936
742769911
703559772675510272
1240034964
1044241
103019546
887434135
21766730
1436093042
1125438016137375744
267260783
702544283547668480
1008278253579264000
55901777
31355529
1113811840243511299
58500446
1116696725861875715
2292992148
8711912
53369324
15502749
29221344
182037512
1031990770197311489
378259736
77852581
1066868172496740353
922574134185545729
322674792
251056368
2397225926
1890578203
54507994
21593647
961271455945240576
1089277019433721856
1115250937902374914
16249297
1878576403
563010838
896162791568101376
740754727
369548102
66182591
70784139
28356911
3316281604
20058088
890578929093939200
473177084
1027000898
2256439578
1067677561088442368
1019989938950017024
2199824920
913425131657101317
709804717455634432
1129733288627769344
613469003
961237580829286401
907916234511044608
1035199465878159362
730592490
102728963
946084788
1319554081
11191652
2815093208
1054568522993418241
606902925
583607102
14145879
299804123
1070206716229246977
976383546003787776
1697117114
66342631
499744771
1395462032
234411459
941692219
407861033
4793659523
592696448
2660219592
1058043791972667392
3434507669
72583738
161665079
506429053
19881112
3033775655
1070473973236822016
1104149740105674754
975918325
438909724
729343938952302593
2626376017
3157888318
33971407
186384496
455204484
897127675868790784
2950730994
879026787833053187
1855158884
824794776633430016
1104470190031540225
61515778
385522168
788162397689249792
147762262
1113123756795420672
811154382
50412264
1056595084337135618
309705905
1128740696909856770
24679530
1112151347657428992
736249556111884288
2561560609
1093988846126149632
1584056473
2400284491
1069252827669831681
20997098
947227051525918721
914103731511287809
17971422
187835686
1090146679695626241
803221140
4847277973
4885147707
119675335
270112321
302751140
17520547
775380594293411841
819687446
407315537
1008722580684115968
377406784
2187045013
765157000418304001
1070367417283555329
1196911314
761727152429666307
1117874513008627722
3843643522
1115952726117163009
826862145438507009
381159708
21326076
281254967
486629332
18909939
1110968069470326784
198584761
2450624369
14431987
3197770658
974045755928449024
742702270001844224
1415130157
1003305218350690306
921033470712918016
870324519788879872
107658551
19341389
786208636057944066
955627951994933248
1127186477853630465
2364531623
30396273
818256380779823104
897863408422408192
1120131046085992449
4828347449
1110105054
1115858561660329984
876888048340021251
217228590
20785944
41550430
1105173100159733761
1127575409917333504
838527976539041793
50310311
724037074110783492
889116794618863617
902264561872588800
1121850712047149056
400792849
60972923
983489505524056064
1637624197
2859448331
3242905686
1103370596791058432
1042053769570250754
27031193
3173913645
2509041714
1004422965272854529
1036724344083365888
757473350
1006419421244678144
897719424828026881
1118300544202711041
2818938573
801481330055901184
29614886
3601828755
305175578
314700035
2872347382
1005583726690988032
373640680
1054373789914554370
20649575
1059266605
219722453
963063807558995968
80974717
1080413843199688704
1886472224
983487333843562497
360761430
2193829069
23389509
470915931
144586651
24223691
2418230672
28005774
1124482366066626562
381373122
863320472641044481
2774038580
966320907332485120
1094963766834405376
393935734
403032269
996510839216762880
419133954
17233386
822769805111357440
2693272268
25859388
1017277256442339328
2880447465
255903064
2955919048
45349074
4069413434
4167213255
940646007582412804
2884344475
1021229501198602247
102789020
54550492
37626960
131162213
762348104943300609
657733
1091128744809504768
853356725482782721
716818400
1047334909751087104
763150775098814464
364761398
2414145318
936694678094798850
1063950764345835521
1105917731369570305
20411245
91729248
1473587414
34354747
53577731
263928436
1668942228
955928899665387520
3086255520
1096690842427891714
1201304340
1622178896
968734055457001473
885224729417625604
156705421
21631041
14348594
395921909
794924857339351040
83237964
1038689885933068288
31013444
1096339774959480836
1551442879
246087285
898575243308015618
84358002
930946432831541248
1059262590457667584
225796043
3306654832
3770207661
909743718575611905
46220856
1607408977
955523229875081221
823311256316571648
829604282752045057
711039938779881472
792017765544693760
953911102127079424
2788193211
978043796544991232
153426223
1052356658750480384
836736591007645696
83248743
15525694
14869615
3124092129
553997760
987377276621910017
410381776
311056176
864191974584307713
3356265076
3295466058
135676296
776446521625698304
112684136
24946505
802516065217609728
1564883162
60610778
332874461
25904748
41148474
556306180
4855363466
1094846866758483968
950481067
2591695369
2762542684
2507820115
813240626410037248
32519908
53085435
1970799990
922678242
16138845
3385021240
38617821
3345331894
25503371
922869448691740672
11178672
269958757
899906451732406272
508117193
888496150344384512
896421869892579338
625022363
1400978286
1402716434
774478041976156160
1064539572095184896
1088065122659115009
971137561749000192
990502533171888129
2361711285
22200760
1073642905489817601
1074670965009903622
304639639
2724095695
41582030
955919774952943616
241201438
242823273
4189054053
965800146587013120
1475827646
188019606
359188534
524247848
275192498
609333375
26794596
87246229
2799485912
293922864
3364005454
163423981
1581379867
1019639768810999813
2157714449
41870949
625964220
2289160027
3114535492
806200927493337088
750022168675688449
101037449
862037690597953537
960756196457070592
4870567010
1091928882716991497
1032809706757259273
163299688
828302764371542016
223923582
17732153
1092140968688697345
104597875
3303761749
242961311
1070884482096480256
953632490
164679813
503148049
3235901261
59122234
17057271
3247889701
977613964732456962
1009985101143236609
982785638272520193
425266921
964571907801735174
280354655
3193556054
1022522898999848960
3453169642
996670904523423744
993517303781306369
1000180145011949573
35045698
234224995
241747976
112475924
219882888
1083073242988871680
935260995123073025
196270126
17974381
1602242094
820834683378245632
913222391416934402
529594591
2581167577
41105978
24992984
18810443
144827236
279185593
872930870
1736490572
23609856
21465550
174788610
923596684000718848
1021284132
212404689
25138194
61108354
2225913155
921819460641722368
35440377
848440530472058880
859604492328648706
1071510578190053381
57680862
16753151
888181838677655552
876070302786215937
1059520534248071169
771144922737020929
427069627
50317699
1073777869791191040
763471889289187328
33377088
2363624352
229509740
1404714128
803957129690419201
2753019951
91015189
2502466327
4804278919
925118121215709184
573446755
1629970141
753245081541472256
789232424194572288
28112312
15519128
599503354
1027000439752073216
19533512
35945852
1017771166323347456
1020333655934324737
67196459
859795745372651526
898601898483134464
968538611443384320
93248626
577560369
743856512
1633058688
14649254
1051625869918261248
835676407665602560
3229223055
16383523
85193539
16210723
16113072
2236770295
11757522
47216804
706265599702233089
2820250640
73754019
482561614
751625977084702724
16914019
128918944
489995654
1089216303351529472
934056643159035904
2220181616
3078134492
883056782
129009523
283499967
494586351
1081182577682251783
2984872862
3048907680
125744575
27294328
1923959160
986005382131744769
755279675450986500
111708739
456374925
14189507
21634933
1702997276
21929320
1030694461490323456
1076615148318658560
1284854737
955850495075192835
938393245406543872
862340782618968064
23414584
17818562
19569440
38900539
1036721927061004288
881426413
100049980
20961868
35934245
1036251037340983296
237862379
63622376
1273760552
897795178211274752
21238384
42863597
95934223
474959779
2752355256
514589092
20413674
1015054196494647297
248989086
3034600670
112970794
723550753705615360
4737617123
1087837206675304449
10062662
93536726
22313958
116896611
259088872
1084919847262273541
74644988
53794847
277129001
825784269016530944
1075766952
21427110
55940286
3093102268
824670348410966016
2600194308
2555122579
196753919
67416437
178335736
1027376362787622912
578779146
1468138003
2233944943
14377605
10855372
829773470
314316222
464094384
864302516162277376
703648327322247168
4872955493
15188770
392987060
4823335694
50239585
2215067640
14576675
393758608
3433028235
2398365646
779436730923581440
824395857625808896
890323775849418752
24127413
709439459390046208
2241314820
960724063210500096
1002243273681973249
372877216
786047748508221440
789469958526951425
2923926574
758376925354000384
1010589209860755456
17951716
375976443
2573493463
943899730945257477
183442184
879160346
830331988506767362
47706202
186890814
823204144160784386
824143773701730304
1039148001619529728
3128898925
1045758147736952832
472879503
556329153
279663381
728416512063750145
15384720
918963003801907200
47578715
732611818951151616
41813716
226216800
834918932469395456
707598818456395777
238507280
360028079
829463993555103745
1080198683713507335
89023784
165896536
2651325366
2249045294
20716593
239140810
3433187174
19217033
1078802969510985728
775797708376436736
2696127175
1060784466749140997
51654515
24524990
1063196455626788864
2519718397
168772982
900701406755028992
1012599186632724481
490771934
14536866
953084952954003462
956295153169334276
266807228
3392619585
818246053468262401
712968647
1143288666
4868865833
491821358
1026392222592364544
17966333
1293731605
50084102
2447612839
624048317
247426491
3158695989
283185031
2580789216
34032998
999293378
636216638
903019028695961601
935332760
4815216689
1210753170
45869342
403450037
2902039637
2201394067
964942568608874496
590068644
3036755888
222713387
288576967
2719697636
847729381
1014288219356237824
1056068879787614208
3798271
347678760
462604063
955298004822454273
117553796
723563182657171456
269108215
840278264576798720
721761735342891009
1433498906
3437988887
964761966
2288757866
2798873679
967445062194888704
4685999960
2286068431
35813397
958321164048191490
821831819813392384
16867101
16491676
7076492
282741553
22879305
55019563
18943556
484963255
48645494
32509562
166022406
165622311
105973401
900970848
24301442
23344937
4835399064
74820061
16597324
3192303453
1113439933
14723614
125453969
25925262
1069074299435212800
2763680981
1020965907785441280
3346177221
31177433
3052543558
885996451859443712
2477795362
796261392
2457298716
55588824
972532512
632350531
263870677
825506518413881344
1051128098802941952
276036259
798821168
430645155
92124471
148070687
618480916
731732366
1574470142
1623326396
449781771
311956171
3256347019
1063133607043129344
4862901427
487782382
110441210
1259839165
11348282
15113584
2829428812
778405018512814080
912606348
103934196
3673300992
341190477
2952549380
63075324
1599050970
658383
934693663137062912
24802436
47353664
38737217
165169062
154656988
333162427
922047036
884477326334885890
16615224
143556525
1051568161022078977
1002309134316908544
3941225429
739117556137611264
468652016
362687208
862510568917413888
759435974527115264
3731709797
3720191712
1317098449
995311391744712704
704477895511691265
2381380914
176372472
124340706
2234963018
307589282
2863634585
471404161
761545599653187585
253352289
140166872
1087860428
14255404
733977199
888101791497408512
3217734328
70725281
269824191
2851562422
5562702
21010243
809273
369363401
112696327
16684243
180200031
74956497
34185615
23791096
826448581
22059180
443163755
14175886
496503680
981691454962749440
104894644
88978022
17196294
220863206
835172863502082048
14464767
805659250668294144
4533480619
2702329087
2446104253
4076656275
53547251
468468051
1051001049006395392
36327224
3081301976
267512876
2881086479
723098881
1489703012
312683083
2992517678
2823033751
998336153831944192
2800257844
250380319
838429738112671744
440519278
548912412
1059322478156279810
1710232142
2271596911
1035192699287228416
1029035349752930305
823272834776506372
757118699212009472
1581626762
957024441338417154
794674561069420545
1030175044515889153
195446653
226301883
20002004
16619904
16031679
17217414
15762845
739033106
14948068
19898829
15737554
14750983
249724351
2950535441
1014267901237448707
52368160
999470034
22068478
959370636677271552
102413533
831720146091716608
467900016
736172947551977472
3058700361
472119021
484960899
874133152666669057
312620697
2733320850
3389685965
928355066
255556598
1370512346
587931264
824971199960776705
933024459455377408
409944293
71963113
1493625235
809133464255610880
3137189595
956358436882546688
14512716
17558699
4901338995
3604985243
14271572
1042479128149020673
807519188856274944
3058713120
917429448672186370
204411787
274147291
355036400
623817347
1720891502
972189158377709568
525699053
2362962776
34720331
3279644865
985539742510075905
747878086683824128
583879671
101287486
510455186
769892090738270208
1002037823145295877
302132220
3048900145
3166396524
846737774564790274
986033099149471744
3121242237
82002791
820498311706710016
18927439
29472982
515529284
2881605801
296330095
14801599
1451773004
740013514283192320
1051583671327707142
21126842
14184607
2903470928
3093398650
1018527671054041088
1053396521490755585
3435192275
2722479865
17548459
304808702
2234185186
129612906
860654211733868545
18816166
19698910
865946951988035584
2294964246
1003830290983346176
1057135439524519936
164748756
65638857
3497941
4123240444
3144818436
14713705
4840831788
33830638
857387768065818624
34383891
989618692823666694
1365365498
55841597
768263033743441920
709646672066797569
798565807059935232
1585761
709064504009568257
783124042228174848
16702176
838063344967888897
720523873
216065430
715689949354397697
168911431
26543704
22082536
139813871
744792077305683968
42724842
164554364
338084918
588638369
3131585530
3301804141
3116080693
975788214936989697
57519161
1035303450433794048
34873893
219145409
280812875
817029343734071297
13173612
791756757664051201
522787036
876981488369242114
776217173572194304
785978517569712128
1607197399
112764405
2355808260
1022513048836337664
3472594037
11178902
57043553
32423136
2573480784
80650058
74976053
103069320
511402689
2821296533
1651208408
45994634
142452696
19337283
494589153
2347028554
816687528782790656
98024326
1529551105
821974585
1021950430048280576
897218253826555905
957097543669661696
48414199
1688
327167018
275828417
22001348
3194584159
2465869068
1045348761751490561
25403956
767503544144498690
17749086
27628334
281712287
14693499
827687665793241089
932085767131758592
755306597124042752
15957417
22734457
783965273913069568
334358857
97938025
933839184422424576
842458919544991744
2301628435
823186812978032646
2404905984
245107956
1092979962
4553309892
950009931339522048
822987360447168513
84734907
30109507
22001973
71256932
2615939816
2665941920
726597219969716225
2258363032
1901311490
117564531
17946424
22572858
1250885239
903527143367376897
803000919218679808
887749730192703488
707644957121650688
914487734844235779
1400875652
938062316221984768
87930566
1030455913033781249
1033699521279287296
758597687860076544
37738073
15686757
15656663
478753329
867875622
2922417406
322430128
42780235
3835337419
765697666630111234
1005949301388963841
2717254872
376570418
895426242345873408
82259256
894596201286438912
17410254
25876156
919993894141603840
918249445292158976
4207731253
18653078
2236640820
177101260
757947989616766978
991923698
920024697802248192
978605715358183424
22018221
264867500
235374125
747531480436400128
2546326947
941377335835574272
4913060685
26559241
468657693
15790762
1007764269922996224
975036728888188928
532901442
396518706
56776998
606698715
797535492753555456
18780533
20601355
15943733
788200771
33888973
839664921029771264
795346623396253705
921399386
3300809506
2192253985
209283390
811671556434915329
1030593623870427136
896502773054713857
3161509231
700452852049825793
267549691
18531516
1668517784
4020339914
3564127636
2410749170
2261261
1243503134
225096034
623019847
774445533008191488
455585786
1004693420424609794
822987116254756864
3086742156
54693903
908398027
866426699193491459
190403384
18228898
267856525
414834355
14939981
3265372914
1032309975656226816
36032320
2889907054
887805524225302531
1030126585993547776
434283501
433653851
1005368016958304256
118096957
2814246031
25611518
2962848455
3568411
852971548512182272
744466273849982976
3060489838
17376893
17027632
3097182965
428930907
1548961394
32671625
222760645
2364110628
1106501
22313347
2489808488
64206076
14297863
823558302290341888
1001603567617232897
1398759560
341560822
308779730
19502995
26792275
930907344615149568
137003602
732599970688208900
1009577803304656896
123422038
275619304
1033142532136415232
1731223328
4823705386
1290162984
430048955
47285504
358464377
11104872
1061029050
6698022
2441141750
1020952663
3107715639
611318385
442776907
303804147
768261838622556160
81333564
163911037
980525742
54617733
945791880943476736
29397194
829718612357246978
35267832
175409819
2363630702
2295012080
25375836
834843827013816320
23230387
1025408290312933376
756903193901162496
730145028815851521
26029878
19086859
2173228424
3350556934
28406270
15952856
334178844
2337668663
977590404974391296
798587989463076864
934266630200102915
27668977
311542894
15280299
197201057
87868586
20321703
1567457438
409486555
4707066250
970207298
371413088
174604638
965266179836252161
2728002146
2161027910
20788157
1171109054
2766993342
243324920
40375110
818277212348674048
3300876766
26978098
1917262008
24709830
16087273
798918201107251201
28185163
776260
16863340
36463054
53282102
17225485
850883628636659712
4749191209
606441611
20511477
829454875918491649
2439497160
786309892990574592
755935838081548288
4012140459
130607739
228144288
944771214
81482674
819982427691085824
300642262
18018355
472587261
50698579
536777262
3554671
917511276036853765
21266548
1122192223
222140985
2780085337
23998585
514863071
718193927136759809
853807456190840832
29597667
47951511
2391637674
170792959
83351227
1235723251
773308401933627392
423977954
21688646
3950419047
935409102
1045752627978539009
696013834994188288
971435303608123392
9840392
838351435595149312
47529271
21785215
1240397868
16539957
27834920
752782331149029376
890226606509260800
787721792555188225
1553007097
628765360
108493356
2313699698
784380014657736704
20179537
44381332
81480697
2508912530
62940362
115485051
3253611277
138203134
39397234
2328421
23014234
913203265466257408
2181999885
18887526
25087909
2723713757
1263540390
393375910
66421149
21193261
20473902
19394186
49616464
411491744
17059535
977845985392041984
64717523
131596986
747141249094787072
149626057
898533348
825058654776762368
106161438
1030993601428434944
1115148079
18184205
16619832
288429742
22049293
266742607
21279256
175106550
2201051015
3349300152
972918058728669184
14049890
2813475878
1067260903
37190669
384982986
254201259
161754197
1735442838
780221828711100416
122557484
722972322
2539595697
31015297
1034083232730505217
17006157
16196031
66213051
14155907
3395925914
2158601123
803724073725546498
2928209793
30364057
14075928
582307923
13162152
65551087
200733955
189161704
107209918
2237808535
776208346026086402
386056280
37270422
56925356
760080250617335808
20730268
70815515
89339383
200196151
47786101
1732534783
75974281
456007423
805889570
270729511
754827018403971077
15523080
32297981
22187085
1965420800
22803302
27055034
324940379
18509818
1038567318144540673
239728303
2174753124
804123357662814209
767
746937759630237696
884619434035490834
980163436532334592
106276830
836726973024120832
139574576
132636209
225265639
17248121
17916617
964082591300276224
2496335227
49081135
1867596428
455995278
1028042510835363843
510580195
1030319807852359682
53838985
312153262
340613443
2199541
2197365898
1358923406
868980474
68547548
448476934
30248806
1663327039
279489248
864674587518287872
281390561
822069638
926140441
2959057805
2960021176
24027558
242491181
703029384618254336
17235315
876257323026722817
1037156492636348416
947487602386653189
316449565
819326829580337152
820585
764576076391743488
2289770467
949339174808707072
159543437
27491578
406339426
820681010438246401
107374967
557438892
110721961
4886114183
739348314613633024
721146966671908866
992399004116901888
4235379015
134444913
3212418857
1115076320
2473843680
433439383
136706317
3168247662
1579158895
835147727948361728
928011320057892865
774407512598704128
26670829
25738964
32303435
120995738
760513107185860609
991902208458481664
864926050035400705
1012043633095135232
4541535439
13073662
491716291
245486402
17212474
4783690002
3166120541
39279821
997138743160025088
819401952
1035967085476601857
834078524277456897
376178894
18964950
342863309
1017781116663730177
14475268
545235190
459269265
2890961
38812659
4478958561
70111948
16906137
344896371
65663400
781767266
67175124
825494473580826625
35488956
73251301
13493302
749684466700865536
14718835
33276161
204449709
20655790
745997921154269184
781526400918495232
16723868
2432416417
165511377
16525528
1292764998
8119452
25929101
900826280081358848
1017189740020490240
352548417
1137158311
84965991
726995707
745120946726404096
3682895958
29383647
791077327
15935383
2973526873
711258630574596096
46365884
2297143668
889519715080712192
164147896
934517509440536576
781216901858942976
1232240220
365838520
722232355163807744
1019708296976949248
510464011
465046121
186755547
12882542
631533912
15149546
1002216797402263553
15676413
916031611
3243006365
402888514
702878571312738305
798534375084322816
1875053966
3706759098
800667343114248192
932903090
25071402
840184028
4706132723
829576179464101889
341196291
765216874531581952
21709475
19820188
22207520
798620985620566016
719902068782342144
132496568
470357978
21105586
19865053
17939037
3315693572
80143193
752026111
18278629
12266442
516735853
160010755
541637104
845743333
830499530093256705
1032698975781044224
716473178089000961
362391461
388876702
97040343
362111287
933128688
167113443
158426909
16619988
46213956
1210104972
36686040
846137120209190912
739803626454061056
352012368
939632750537199616
86129724
875029068223315968
834081571493785600
14137346
1103850667
981259709356404737
491876943
781978864499163136
153861055
162452290
4237015845
30354991
813286
929399289436147713
910492003359760384
23758430
821782476515409920
4213853774
825518870421180416
1107558848
14307648
39813162
278222169
304679484
1482779976
492070009
14248784
625760052
63302020
49986034
27140905
4771944505
19910041
858924511
2999158160
824981114834018305
398490298
1915033663
233464339
27075032
21059255
18532371
14239043
801159713035612160
288277167
14166235
847705464
36735522
800704496246484992
4196983835
198511304
47461824
34556109
15773009
14335262
15120464
799047255378391040
3519312377
16298441
