863972252840116224
48491083
501705472
112317404
784397947374964736
944345845
1149942961
378259736
3016632889
750344739430555648
55259925
419586692
2489103890
1339776601
14868699
25728193
16896485
452522603
2194669896
848366745572134912
796355216375447552
2473821354
224495471
2733320850
1241258612
23465125
16453846
34113439
2445839840
24248663
1969534376
2614089672
4725821855
2496408438
78767466
304679484
785739140
3220881440
2496469717
3302783815
86330674
962197608
555129716
2377837022
2365943066
2496440941
882838615
2365950774
2372164754
2589428133
721717052269006848
4835471192
260845720
86265802
87786110
824010746090704900
824320219866923018
3240143771
61268528
3050133938
20079975
29450962
357606935
729564354
76449921
109025212
3403068221
46577618
11107172
1023685129
117491110
38118014
337175613
411703839
415849512
1867824955
15368879
558054129
205739989
19951607
36771809
76348185
289340418
615159419
353181616
314357925
436953278
1201454916
14326669
16823388
20566928
807283314
21655638
251138214
534696700
568444562
36414055
89300403
2308825819
21882601
121648992
19726431
129893198
23717737
631544431
14579189
200280481
1563593863
575946381
21789369
739521512
59862422
954040350
36719281
32486097
81757671
34056462
68233373
38357403
42551213
75565775
16561129
1659963601
1201842397
36994504
15827505
67406787
28549214
462311851
93682754
240308479
739250370
17266725
26649493
1107851270
921964392
18979460
29748269
27305067
162200924
277573737
21670283
227440819
148872947
14882900
89032358
22056585
189878928
36467845
27635362
186217314
60504530
154959970
387690334
37746503
135186754
129511686
297923101
5775622
774611972
559103031
15244875
163177484
714249878
176609040
79581485
624843037
569221937
451101736
34000178
818002940
19264146
91483538
29274025
13058232
12925072
53184816
571719480
288316394
14238142
33594674
15630589
481943750
437176698
17845789
233940849
14513666
17781673
17486629
29548378
17506358
14289835
18713552
127712992
36801473
14165865
25393674
14592008
117533371
35667496
18645458
19982260
15620557
24212723
43464948
32206359
17573212
42692214
78266120
75112448
24117550
156486409
56552341
73023768
84630407
148857281
9867582
29442313
17918663
15588657
17002395
21522338
568247551
42504574
133799147
398975047
434246250
324469339
20306034
289418899
4872281
501414395
67971478
210289260
20916837
28872954
14813320
15859268
21756763
352626542
52257104
26831501
164409722
44928190
28035278
28794516
108733434
404272541
66216155
14289923
112236789
565453249
16031914
41411097
154540553
31140464
57234649
59674920
111113061
156270012
161775383
66435090
117908104
67060591
83358969
47369772
18938912
2521881
14345759
30293332
19413449
23389946
61000414
351352058
168601857
190095232
243233036
338793215
242887222
121908982
302237696
70557242
453644522
250166667
416673561
524747252
17539497
555103714
43680030
21387627
468924881
48522031
150197018
75001179
73318516
421355787
185914115
49486849
101291839
262975570
41690431
24832628
22868930
36219435
14190321
23668934
38848985
448560458
28702365
7830812
12293292
14346303
14194833
15483296
46280634
19250414
400923488
3459051
16396588
1769551
22845566
28493776
41698282
252887310
244124950
95480765
121158404
122180796
188624471
22977590
7824172
123469765
93660159
27008916
49741764
246320664
3372141
26303602
115424256
271462777
43044110
144877109
14860429
21832907
39876885
16870682
123053518
356185101
174016943
89605714
169629403
101651464
241629612
205729885
50457743
166008006
18677637
35121067
62594694
85861197
259873788
54707774
16023201
27006224
17773720
30462758
108323887
14848513
14207863
17825445
17873464
6773482
116139202
13493302
77220986
9069922
250305553
59621576
99229076
15836734
17875591
194826916
249358412
98486965
169518898
49401950
52260078
249361887
56992994
198310159
40167471
44940615
250225369
61231184
249362485
15925208
249631973
15912036
36198442
14443616
66265749
14706004
119749482
15080283
8039442
24223641
83883736
40892277
15750214
147511311
17004618
15295015
127635526
17258260
14818333
30778339
8408982
15490438
57826735
14439793
11521812
8226872
15046916
70838105
18729095
14859705
88063625
84445191
168799491
5879112
15726306
18510860
14697700
21875834
14609388
20582958
63805035
21793304
24554901
107521734
20216868
178192119
44898070
19046413
5031151
15725628
145753059
20609518
11348282
19624331
48110328
65402398
44159763
57711960
15309804
7235292
1435461
64281528
32905708
56268409
64254791
16313934
15587879
14647570
16614348
17596622
30251851
20016088
24369443
15068258
57013319
82970997
9803572
11816982
17388861
17381367
14026452
26914368
15476258
20269254
2495611
68855625
18867453
15549293
14058059
17251657
19403408
15129613
15487858
17182288
23819676
17880985
50780188
43827482
17044730
42915601
62630311
69156783
60777394
28737303
16782103
14155739
15507433
18929090
16346079
17735453
15554922
41375153
12726792
15483031
10336
16703461
48110818
15905103
11053512
13526442
6145372
45577446
15960725
10817442
15118833
46674638
42079015
17056770
12025412
7352282
53439259
16305745
17884028
21834922
29628889
16427734
4769331
20633239
13032212
34317032
18622869
15032300
6926112
16721621
22737278
13101902
41502287
20517132
22071093
35871832
21353287
36533633
14089370
15446531
21406834
14837054
35898963
41197349
15934978
18313204
11465732
19364820
15042574
17093617
15828276
14753323
14756755
15770837
14270650
16010744
13233742
7218842
7581582
15199818
22277278
8532592
14412888
13563742
12309692
17514354
15952509
14309006
10373972
1976611
15458181
24753774
17194296
8007552
6634482
19171302
18498684
17045060
14951093
10297
12380282
17068185
31128730
9653432
20068053
18666525
13224472
17220934
14834340
15071040
20242996
19100811
16212988
14335604
12875062
18932935
13759952
15048198
14634720
15065169
11244662
10101462
14109075
20536755
14516110
21523251
9058502
16038990
14603016
14742328
14638851
14266598
16495567
16830825
16459760
18052726
14583624
20558259
19656381
15478750
6976892
9480572
6753582
1067271
3554721
2196321
5360012
11143872
7215512
813286
10421232
14629262
14493552
9973512
17474531
16062247
19691191
24421943
12340942
14296053
6655632
856331
17001242
18049298
1143031
1305941
12912882
15174710
16534193
1262051
15300520
