378259736
775007550982852609
2854679862
2343688554
15492359
1700304109
1201455877
2781945747
1075664250
596357559
51976592
1064384992019570689
3013036969
2287623966
852010573294325761
138203134
174240425
1214619198
1968210373
21247989
950539386097082369
198596758
2931737170
556104839
1947795680
718162168760303617
1227046644
40567390
2322865250
65806351
1194945330
2883675784
1700466914
1478616769
2400421723
293624877
2490488029
598774537
2936806890
879983515483361281
4710934981
1279009074
36683668
929399289436147713
380397922
2786780285
4848219028
538562602
547050742
956221084264615936
2655408724
2671098498
1252726802
2624504085
2364539239
2762479372
2322890335
888357530711105536
927030969273499648
917241791853686784
240472156
3706846513
605880021
1619797428
1158740952
1464007832
1155469285
626257847
2474962014
469926711
3182224939
897575126056673280
49510152
3182262918
1594432790
1605413431
765191665
2385938924
3014522966
889811736
1439192066
4267881074
2918205012
2998838304
1250639130
2313037136
998224776
2995617931
855304601280552960
1361166397
617404166
2279469084
2794521570
3177165920
865322364954738688
886085718
321708016
1644141181
178461985
1007486809
1447918861
1651430276
860865336488345603
2165516672
794205278208040960
859445267770343424
721338572607885312
3267434017
2269456277
3276736567
622467500
2371353468
375731795
844069810950430720
3231370904
863917086
2184032631
2886542146
736377547823276032
2190963955
2215114153
2808488427
2352404419
2191685053
4195896312
599932448
1421910158
22162854
606827576
1639323834
3042081218
2358618907
2968258949
734135319998533632
1273506948
2483098813
3795922574
3032085886
2788177053
765042507130351616
3280943240
3226626300
1470708380
1892911975
2212013550
2239208268
632444654
2434585272
4833751236
4623794954
195756148
911609132
763093290166083584
1081610904
2299405160
2510698489
1391035392
4533838165
2457527102
1613865630
2411829062
3271054274
1951112960
759106702645993473
2471761344
707801929
874994767
1671817021
2334178958
3230431050
2279432910
2332168862
3150961399
2544038828
2902977289
4115768532
1856166390
1375594879
701461947330367488
1034999378
286199875
1700496152
2921954347
9721292
984201174
2229025734
3553960152
2453722910
200596204
3328007521
3310854386
147292215
619725672
1343495749
2936558954
626676505
3163272104
991942849
2722350573
1393549500
2748039048
1881233587
2297318568
2392137481
2293483050
1390987597
2833246038
2326125080
475416731
1086669066
1890601639
1476071545
2319817998
1631469218
1045605176
441413626
2191544798
2191251524
1648804519
2577446445
868935145
2481310112
593468186
215870436
1684319125
975051925
2262337016
2272427538
2349174374
981065192
826724880
395775784
1380977862
865815042
2255879600
2181416666
721378142
1965729606
1621542812
879482990
1217186636
1064794038
596063157
599660255
637114470
1414593043
191717056
383298520
487100979
599382989
613040084
1102826010
1378691299
605221835
1549064672
1442117928
