17000457
2254014308
21753847
53791901
12143922
3390055271
829881163472916481
625070495
104068477
179214664
195996866
2410983630
2903470928
2537867839
787718609313214464
597213953
739855488
3316501680
958321164048191490
1096058449
378259736
628698139
742769911
158445476
3266258420
1633496226
10328012
45255968
385192397
1522917078
4696728842
636216638
112475924
1620556356
14981648
1325951616
2764811815
33773592
752967707277029376
1480385228
16435797
2828796622
355036400
750022168675688449
786047748508221440
265821564
803133209177272321
605643
15656207
1138848569836941312
3285680335
400286802
812021257
593837736
992541822122582016
14501043
801080366
1400808354
377264079
728794869498556416
121626837
15294787
24840714
1187955571
1157784678
1114137105918308353
4686835494
101798589
1081222837459996672
146689102
113282006
2433733866
2560569758
1030215637791137799
45036289
1088519482895749120
37866154
76699143
79033767
24824125
1920166861
798620985620566016
41820999
174342233
19772827
627643923
774407512598704128
454071012
872460123125448704
548384458
1095145587073118209
975399387034611713
1923959160
842550390818201600
74287341
2388484242
986794331582365696
1066868172496740353
203714426
2967402199
862037690597953537
16031984
2798873679
16491676
1621691942
3070216592
29501253
147271446
25858695
892275857779118080
18769769
52392666
1416260550
894711028927184896
357606935
19916171
15676413
561516853
245821992
1069622647816884225
200514238
1080969936032346112
14230524
2923244393
158414847
255747911
996921171428823040
1846244977
2835276183
23135066
87692351
3044993235
701850474
1011324657587445764
18839937
22151193
1062864467753463808
923442175450365953
810590628727914496
2959230593
1339835893
924836857988313088
1038689885933068288
52146755
68760841
16031897
966223929261031424
14459351
39449480
2439889542
336116660
832002458859761665
12354832
17582486
1343152698
20193270
28162211
849819936511766529
58274052
51848919
420694593
16298441
72290565
25728193
3223426134
738538436
408676321
165290994
60506242
784575415457308672
113963
964544716669845504
1062396245187031040
2318109872
4519121
407387443
19383407
21204696
138203134
35981445
87077721
3031177421
894088577063280640
1045744787142463488
311640744
892911973
14075928
28969022
874296814123536386
6425702
19261479
860076704
15740491
2827037867
785764172
1602746592
80797684
15267898
232783642
2602262088
68539526
2460368252
919240970
1576732638
31455711
75974281
1616031284
516047986
925005316055621632
14645160
9381512
162337124
848449020
862406714066432004
739857437272989696
390287262
47920914
7334402
714973967853879296
993738031
13502732
861702441569361920
601129251
875280010877296640
3708275903
10809412
3352635559
2355808260
2351609883
24257941
257356599
598540507
742566629104615424
4538045747
429265758
550270216
832276149636042752
975464734781792256
529540495
380617006
280461866
18838558
19879313
907499111837990912
146569971
60813201
191587334
1112722104
1006212877471150081
11374142
14340150
4040664734
113419064
1424909737
29450962
92699184
987787096181092352
714768601
49223858
8845232
3420477195
3404632912
811605410293645313
2294733114
2904188491
958940397996204032
12387972
14689054
46335511
853151395351937024
340613443
999384792650072064
772738277648588800
418213412
2336573456
268060605
366010246
960845466
46113
3307359865
37586090
90488576
8276812
3108163641
65289126
27758112
3994994410
910691431567765504
57371662
809887021
267856525
744927347099344897
782973815496192000
898197346508525570
14985228
77037390
3167734591
879696238953865217
116730408
980819940415426560
1094968022
15029296
2316383071
973013079796649984
34488596
976964088201822208
57047586
715578798284996613
875882643614814208
761589870
818923596852690944
7100202
14686291
2887837801
4705255233
188975706
2999876456
82257794
960563855108734976
965266179836252161
502135911
144430321
62149656
386001751
14640565
19530289
290900886
369817064
4646152947
4602456380
4894076828
950580958524203008
102861379
7861312
561812790
1183041
823518894182846464
6152112
415095474
13680362
22081220
606083
1088921
877991878242828288
2813398537
862510568917413888
821658816613937154
881288227
3169228892
571241517
894125475345436672
835740314006511618
3320478908
2941119764
20711189
907678102008057857
38204383
43773961
15489291
24160034
2660613438
3068594637
3562121415
52499246
4672249254
273418969
293176680
4008390743
405680372
765305590746722304
61698439
36183
30206599
5853572
78767466
502281810
10368262
799316732280274944
710563
895247402277494784
2356560984
592822293
3108426954
84512601
911345743499337728
394747028
4517565515
1663172653
12803032
298541778
6603532
3289306996
38682272
588765008
818278200228937728
226346115
16024323
1583404022
17341895
22207520
27015600
435119060
803694179079458816
400807621
750787865483681792
4144443129
916031611
866426699193491459
3173809816
44949890
797422391953657856
1048819082
29995782
14292762
67441255
19026149
2317351705
19465732
55206008
2516836940
848917636876521472
123238672
285428413
605618210
71295086
14989163
545128509
1094922224
59839834
14453232
145992071
862224750
14136236
20011163
316389142
970207298
286311652
19310618
97114171
342264512
2204296196
2237808535
36771809
3240143771
822517901294845953
1608140029
813286
24881388
234490332
709162455822237696
752499373989326849
732315323462877184
20479813
790305186
18246129
59911425
18980932
163154809
6141832
797554412810108930
7385562
14815608
139162440
951961711
53297035
860237030
3010753502
2191981764
532824281
809510
4625037762
817083
15235235
512356467
776198324747575297
304679484
759123604269248512
727195336574390272
1002497348
706910608663453698
44900235
14169916
1540335980
12503922
145715186
27953501
2295990810
2232827756
56776016
195129672
625022363
46220856
4671504080
89260471
3258316237
28493007
115114287
5438882
4114363451
232327308
3942597494
14521617
182972598
12144922
13682312
573210513
263630795
14197644
4738303715
16289896
292384203
104549588
1184647243
14260960
2201496073
16280333
1305940272
2100521
1473520346
14412937
113696373
18236716
46233559
15638687
17597355
3008599101
17484680
36970647
2227275901
4703792372
186661311
550247610
9040592
2309802265
3687721995
17220934
487977202
16151835
9340912
596547650
1969100407
3230052541
376305976
14414286
59282163
948444535
14520699
35083292
16303106
1090766228
43278598
40101262
159822053
1959556592
17431654
18518096
29212352
2597497098
220547461
3242850763
2542409346
14989961
95297638
3222724788
1176330954
51373
3625091
19758072
8021722
53775123
403991138
13334762
3065754449
67298272
93688013
2436389418
1636583322
44235359
223764959
817268
5355142
212018296
300378623
643443
6346782
7125712
11835742
2375883012
1686700256
19197186
51018910
22856697
1235521
14589511
88037090
11348282
16158636
132853743
2575131108
46160155
2883425457
208442526
899902687
46779754
310480930
8479062
2299414470
1424721133
29309619
38728327
1118451
378345129
1004348347
90992943
19560107
508473905
16155205
363210621
13857342
16437419
126030998
6031
7291532
2215067640
1176
763549
308201097
2552785597
2559224706
60177086
20494984
41770504
5943622
8259712
332316989
40273
777908
12255082
1673763672
14083368
162441059
597673798
17885184
6186692
18194778
19711547
103602549
248414574
245282361
15495627
12229772
2374780429
19395453
2526229286
2543588034
2557037323
2542021621
11201752
84351228
18247541
19002473
90503269
261046022
15759583
17498659
979497402
17985080
15155454
111504791
15630026
381007605
14336120
28321706
89477148
2376272935
596841936
146910949
53310693
24963961
64523032
180509355
909017503
81458523
1582853809
14202817
128328599
784912
46800814
14364049
38939335
170783148
15099606
10921742
110520327
121366459
302173
2233154425
114039039
801765180
83820762
718782080
204489416
1689419970
920104904
15696107
15970050
19000747
373416209
456862468
64565898
228925627
397285066
44957164
813315091
124002307
502088521
15439395
23694473
221236430
770304714
47494539
1636590253
34243252
104969057
602317143
1855570387
555634365
1019188722
28889460
17843184
18765848
55523893
565373746
1571802415
15016547
24957062
25178436
85364226
1566661
14550396
624972226
215456428
7650202
220175420
770117712
1253355925
29419280
15644999
14608260
166033145
52437361
1272530941
798408
1120626926
220145170
652293
41527538
16942925
2911221
116568685
7858982
19826509
12819682
2730941
97229903
11219992
134372101
18664182
45573701
1268501
33423
186154646
80703
10798802
14182768
20904050
57203
954229010
21367513
16337443
221682708
44104818
130922325
37710752
917321
7081402
19703746
727935384
14268006
14586723
5817672
87403396
862483279
253142541
1010711
25734277
190021508
34175976
487412249
18953308
35005086
45478814
14231571
15666380
165395256
636923
235044014
431861858
14403366
12217962
765
10697232
15473958
90072587
14650563
105836355
8276742
38962746
510938502
15592342
30923
14246782
546105611
30855079
703873
421944319
14621493
73375191
4816
297556877
96685776
7548842
11864262
16346529
29119932
9887162
20436059
16158916
20477733
302666251
10919792
18393773
282392576
14345566
103130238
24166202
335369838
6743802
378171907
55525953
647633
695933
343869700
76099746
71876190
33051095
15181796
14630375
19805003
14305530
16143712
778057
5562792
18476766
12986172
20554910
14453057
10919222
91333167
246481013
7872542
116528946
31353077
20690398
20690989
12221552
14353392
793926
30364057
152768531
231617011
14247756
226819061
223552668
15165589
165511377
8984102
2006841
195814782
32552385
15196120
5637652
6821102
14824849
21455509
37892604
14375294
175624200
328203
12235812
14830620
37137714
173630577
66432490
752133
22461427
172978717
17161645
41842768
17058169
15916481
7190742
67618264
17144130
15962096
127641024
93764795
66263785
749863
779113
697453
1835411
809760
930061
43166813
44570946
14749383
91293793
14274132
28049003
26964458
20865431
115485051
20609518
112508240
6032272
15661871
46473263
41263827
15901190
10810102
18381547
5950412
