87222505
572349473
821537904639905792
792415921352478720
1026053171024736258
447172772
958321164048191490
378259736
628698139
742769911
3266258420
158445476
10328012
45255968
385192397
392463691
4696728842
51111863
636216638
14981648
1325951616
16031984
118975084
986794331582365696
16435797
1923959160
2828796622
3290762269
842550390818201600
203714426
112764405
865946951988035584
739486325267562498
1170256471
195493231
3301860092
453501256
742453163098296320
2417085025
1143659386147090434
31013444
2746460880
231510077
1145796984793522176
178510929
3295866697
1626638168
3060730444
4795903582
178065733
15290233
787628592616407044
2820250640
861674142029959168
3433407383
21774410
125719207
399009974
22587230
17793878
250238186
18696996
40271144
3376304224
829874711102357505
16491676
715396021
750022168675688449
786047748508221440
410380828
752967707277029376
36232805
1522917078
252250951
56532853
455204484
27563151
978671691965583361
4696552878
18327000
1105238883606790144
188444270
67099172
47437967
1118568996373090305
937867388229263360
849797646038556672
5880462
16029780
26287962
2537867839
722831458310553600
7494482
1620556356
319953336
3098548550
759571358548369408
27025052
1049752972761096192
941039437055778816
451236001
937015483219546115
975164629071441920
50222237
837677833816276992
871797983125397505
847311241030717440
708003265363976196
2802160100
183333374
921149972699140098
22053641
23103488
32547381
191911117
1110191038382161927
3238448948
776446521625698304
1014709682399862784
2260975982
307677499
18560524
2859964241
2784808373
964882683280150528
4039057513
1002992554059685889
3321353271
1885205864
915734410691059712
3437712287
14199378
14207863
1016418876521885697
952442351905058816
514680359
7215512
1426544976
1736490572
172417789
855495283521794048
135537626
15862891
2293415520
74474794
861964141531193344
30082420
28901346
17292623
2586522110
1068202390937989120
470357978
246560945
589635417
1060545835
2722594750
33773592
206001945
1550933552
320316891
904054897246519296
763073412
913825204912103424
1728757632
1729768980
862037690597953537
2833024980
2420858653
787855427753025536
28918647
821974585
636884268
1060940813209866241
353551116
4779863874
1363508408
1951014025
111359139
1040665284485541889
1951518644
1732534783
482338695
17831464
3095415508
155748301
247494367
1328467646
1145550002
24173809
66314130
967331084
2999152763
230830050
3168191250
74287341
130955221
814509463881269248
727007094
62547887
786094058112425984
1317129865
2355477620
47360165
242613664
17130351
636586551
3096635838
1004804740105035777
806323523702525952
2424645324
3041912426
2836274771
787959907312103424
355036400
2462314478
164867293
157238495
93974840
166786882
1020399050
2858188550
2426201628
2347831572
1342716972
138203134
112475924
2288578040
784790210349502464
2402135329
575905433
1149146202
2891202517
27550111
91234403
3233488970
2967402199
539869410
3993360678
3554721
885882167557009408
282980773
210514107
781482565307949056
34421793
772825388
965858163302981632
965015705123930114
39885375
704799523
925738696695074818
309743396
884455567988858884
19608697
800760858204770304
522848757
3488471
1077214808
117501995
293131808
824265743575306243
742548444774965248
1537013378
472225379
910316246440173568
19685868
386239885
864269019406147584
2316435961
19918988
897622997082583040
2448690416
3079374313
76780096
791899141
121903307
1453246430
855500785
292377485
839929271686684672
2954017344
14603515
3417980110
278289089
14342564
70432831
2359777668
823565852922576897
16227629
750331049020952577
809500736455344128
14615871
18713552
34317032
1079355888
378643551
76348185
192942213
38146999
375902075
105529826
3344513249
2505359724
1006223725
1435461
39530187
24919888
16619709
4910799154
306854368
25865459
2657168149
2651763620
32372834
308613286
910793808
19918353
17596622
430995737
14505838
15933632
13787402
54546430
151115195
2249637792
2216330389
221834911
16245822
338545569
79923701
253114974
1691810982
36108406
136682570
1018360718
19711765
65647594
316389142
11348282
19725644
16742806
813286
1339835893
16967846
15763818
