152325528
378259736
996928780366041088
992198453898948609
135371236
149991703
148595282
2467791
340372523
30870308
44168607
63506866
316508410
393564568
49639717
66788149
92061882
16297945
30354991
381187236
110918964
712087752540610563
1061108300350193664
992404271252557824
2718098820
403860889
2797737019
246466778
2174393978
1927089876
799737272732176384
874070375281328128
365491116
42004512
3209001100
38356387
150979891
190476940
147791121
139953366
916292866460307457
831491606909968386
753988340081364997
1726204459
4197799457
27596259
1713039841
200267797
779065527037812736
322172045
795990537610424320
1265459840
1250577332
293910627
3598242382
711961112196071424
221565358
34305774
97701898
2546332920
4113078004
50406560
1262282887
3428151381
8963722
16895274
19402238
32372834
487833518
35733038
3305807722
789856765
2976872849
2996859689
42495061
7827962
14230524
79293791
4101221
21447363
85603854
292503770
3804566363
33884545
2431963490
56393726
475890874
590579081
113104487
477764907
834702151
2852060128
110187964
266860373
806006180
19658826
14647570
17471979
15862891
563862082
720593398600765440
119789021
379887747
295742624
84729763
2180922097
4033797682
166722572
593189095
773752728
426843970
704507843370729473
707991478
1151279131
327684884
66816631
632985981
161734463
59454940
567649022
2276917970
526891032
168254017
51849184
151598585
7684742
788186046
146958601
199572356
1617578467
964605500
253176236
2168674566
205040314
1864359570
262200245
133334402
239112449
258564228
128688878
3914308240
22324918
341782541
3416786853
3369990903
3210578472
1011399480
1265260098
2313525880
1563353653
128202841
277011508
451180221
900833238
3087821086
3148798427
227352286
180505807
1483621513
176429522
421667035
384502623
72470078
2566011937
2600469590
137376602
1035771139
563217781
246992610
2845787498
716750858
74615519
145002309
183348302
284757197
2495199115
505915529
458395836
351921957
313913938
205011496
189850197
152765559
273023405
87045000
39203045
27675235
95715393
43152482
270483362
111598182
17549677
130194455
124587104
56505125
28706024
516656211
194394147
149372176
100376563
101341289
196362385
101895924
143689068
326807652
128637475
31133330
144307376
144929758
67334466
131574396
119998164
77009449
150372271
137810514
24900072
272089245
140538938
118509623
984584695
127996896
54343277
8180702
36391714
33989170
82403377
77207659
807095
142684449
138814032
128958788
8105922
177729824
86219321
139092348
205312782
146710910
74622617
44409004
69416519
204486806
613508372
272452986
179356623
285866736
1104118411
273198805
193809293
16550433
248629119
912594242
461752671
1039696832
761756828
770968856
208612518
621504906
138843574
33936362
141711645
99549959
391688219
151228517
114915925
328747494
166675183
254869180
178867236
214942749
902495521
291356337
156430095
145087051
153619589
280542227
175824869
1511418080
127895424
123260305
146234589
50184597
56892019
231222291
1416912774
159917376
155698993
617130278
155396001
325652787
32867314
5520952
182923335
501755254
256288808
813286
138072143
40255499
25992212
42461137
90933327
149679027
174734513
203116623
532546965
416205169
155434166
211977538
183052795
260700966
267024642
153900887
70724306
137486112
1308559987
169163946
1613292079
144800186
1220424288
129814252
175115442
278461430
237828788
117251043
312706045
91361327
144712423
124779370
156791186
38741679
174368061
160308387
126519467
85692592
338401744
572032066
217632031
