798412486911422466
1050452854551523329
2748457381
24768909
4212172761
920698328043712514
16491676
335604609
323592731
264485753
1008400462855450626
315917351
1046532254242140160
1056174061523533826
239499378
969241635031781376
355036400
776446521625698304
3708080054
920717249765355520
707598818456395777
2581353332
38212717
1011718803254804480
116024425
918235875678416897
46888286
702192539135254528
3385735959
243324920
854045574
806526020
1130500425269088256
14177909
46693500
996080367336542208
1107892051541032960
1726276399
726555320978305025
1062410517296246784
872550355
272741965
24750136
34938405
179103742
839819096686530560
22105603
626111072
1629064268
29279826
742548444774965248
384374911
17949485
28073151
1013594412423602176
925132650817318912
810555350944464896
948387885308370949
84005674
797509403515621376
14420462
946782628807618561
989007343856697345
3156965084
2918204743
3380961148
20458261
731153458351513600
933088924955705345
1221377785
376790816
579390379
927189231784603648
4038367365
1148907962368483329
830319314221740032
402209787
335860079
1698309751
138472326
1103672502872670209
293292589
271031399
705065941
3442130053
23780055
1242726577
27329396
143023692
1045398820077465600
506451323
947942891028070400
982683375415808000
1074064387281956865
867082143968575488
2803944613
2802213211
702314033479819265
792856714827665409
2222363314
3769229833
4855062418
310923837
136904142
1449885890
18625932
190893537
570561735
2240980873
523717467
904931740669677568
274896407
721071312437911552
128686906
984754486584532993
1105929792589914112
995020435
1145798500485144582
1148688952980905984
1139118177642786816
1364441462
935985200508612608
19486007
303364154
398620004
19815171
1539815330
723959263
18430829
1112392060529790976
3331255443
3005312787
4205006781
27507261
2651752460
1150550082376237056
721108159
914445443597262848
447168203
1132589747715682305
1156229943292043265
270627293
1140444219494080517
3009665851
281646297
1030440818581155840
2223777012
19310221
2912390335
13476772
27559863
256212391
591649033
581145322
291099255
474052193
707896682214625280
770220817372372996
613469003
1335445184
14550673
540796903
1070540422416494593
895182276
2774076584
246752795
243803327
28716692
350652534
337344503
28145061
2701073637
752967707277029376
2764811815
20635230
1045348761751490561
2439405176
274156446
971856645872549888
1497804745
3171008707
2446608421
3133647120
1014452188519845888
1511250390
4210783047
1875854796
1150394154524057601
556788930
1013261788555694080
4027159709
2584318730
3932191647
2740654439
2350177447
250777659
1079428893159895040
744036976442118145
1095830668574162944
772701896
816719379962494976
3411996280
141328091
2270376266
625070495
1436382126
547397219
434377253
309244674
1053608204662398976
740758825
825784681723478018
3919434753
2740728222
2551758512
821880866586689537
3645858808
1406635220
24261232
4124233307
292109513
904948448264204288
320316891
750022168675688449
516769926
74937883
1043477813444128768
1133435618984259584
82697426
74138037
1148726515925954560
200730355
30975251
827086493705502720
900568542
740549837372948480
1121098090742779905
1148864443
3186124933
905871654030643201
1051442378203164672
74666759
2478819098
54647696
913696369
3128492555
1107300953290625024
1138035753668292608
236580415
965693786184716289
3355345034
392463691
367200890
19025024
247610675
89826452
964349364
513335069
882884455098200064
14981648
168304507
19183987
226934096
2356733881
800311469703188480
311439292
721902098733010947
841024958742581249
70641783
766387657
1007744990
19990065
1007284936720740352
126751955
12542672
482068008
1035172455466164224
726550880
29760796
1094622918041133059
2983747137
873544791858040832
66632028
580222336
796347738287964160
1034362070098161664
41236173
214269455
1215926336
322526669
3347850231
3430417011
2192617994
1071960170
2905126848
114789096
851874811659919360
974695919227727872
393505632
3040607747
3860696122
744545727615995904
181198166
210136992
832987072415797249
2545913924
2822005244
231952307
1170015523
241434237
545459567
265224460
4785478036
781617508478513152
1070125463580958720
1111813598488203265
1323116192
17194031
1136964071368978438
2812204325
24443976
377546511
2382793933
17243554
245627114
23433823
55944271
520881022
378259736
27234566
1051863806119485446
263747020
750657893649752064
454418461
357740459
158198443
219752489
948167443880513536
1066868172496740353
55476487
834914117173526529
805352604
994915214905622528
162948984
502129378
1019541260443451392
3579993075
20904490
101561070
2335217159
858754526
1069680520051724288
999472716188143616
173316279
33095132
988853149527171073
111994178
900482680143446016
2935849331
119557737
2271501529
1939403276
2817756925
1151979121
279205276
1182897894
1052903030536978432
2742777703
98403373
998468676
755596678934040580
1282221205
526028204
4099171
785461610
22833044
830100978615644161
3089524283
807226325710831616
977199270
239318276
1126981581850202114
873986442082623488
1541456366
3089397742
46447322
36195821
1322655098
906609598932701185
2344919890
2978656803
1066361009877733380
1139439720
1105902326
94076386
1131447939367411712
1021731947222052866
1135276953928384514
1124756446988701696
1091265148772384768
1034483435392458752
531685854
1046103441720979456
1258445984
17813516
7591042
987688513264148481
2482176590
340277194
4047396549
4853154910
308430029
3996441111
1014322618227306496
1011758140906524672
1127762089290936320
29986507
1227360276
224240811
2928402885
20964599
843088623234834432
2201561838
39400226
865316901676822529
1060587167792148483
1067139134869970944
1114411252258705408
1117519613942800389
1114586763106889728
756155815719899136
879613009127145473
3199497634
2895917669
2888014120
1243478749
524340343
267795256
134807977
74504934
53153818
1130182882822107136
2453636952
847440021573349379
1088173977401548801
1081173978415353856
1058347671461748737
416338360
195710994
1094790043
921979939347251200
1255418052
221555967
20349490
116180400
1126022291849142277
398047426
919351651105951744
231961213
977714627969613824
1131287185540485125
724616634879610880
14133626
1126406636648660992
910860797513027584
1144105627
945977419151921152
800243302704349184
932604901
887656218252242944
2919063154
944619875728838656
920350596963733504
22504906
1127376845463281665
2697922768
2848171473
890251168051589120
1117655575
29709307
934696173042061312
551974058
1033702584694067200
756260053913526272
825569108649340928
843835083731562496
563222856
1101384425391181825
914234178929090563
15768141
237884675
4028105829
19563103
1065620700264828930
915661636379267073
1092796996094738438
1096051554283646978
3598556895
982347095616249857
325636745
33179198
943428299413475328
50616339
21928557
860903087283867648
2171333902
294776655
409945289
77528766
1034471057099579392
900328628881428480
1038127146953310208
1056192895814983680
75206490
1669415892
755058670795448320
912664542349451264
3067918989
818912910311297025
856202741735202816
842114756236480514
814860050086895616
2990062300
1420969987
477173409
972440117053882368
1091694724891602944
2415625000
1091388256565059586
941753216257216513
1086613734183878656
1129410233477095425
1038466797798916096
263315862
920600128066551808
975465112583720960
18650845
4864118986
1114818593655590912
520201437
19689480
20237027
946780283268976640
463807253
7250682
45937133
629492940
2448046778
931587210268368897
1119947749494013953
851159953800916992
899923168156143616
504294041
835483569703292930
2680707150
1018537784682795008
37957498
15039770
920943710254313472
1125806846332297216
1216910952
1579783608
1093294396215361536
740997137232728064
2322597105
923989895105990656
1023614524111241216
937078756132511745
959363348889571329
820354499072106496
2906452577
1970728549
730405656809852929
2196475435
2985792143
4746202096
365725552
57904731
923686037746077696
512604060
2704724967
1081532174426431489
2447678068
1024971930
1592713362
79274417
2256162225
1102559951254376448
20279117
1898160470
410380828
1366085766
783621388728950785
712990586
288718365
784943566590136320
1654222519
562454558
235782999
2205314772
234208814
844888072957374464
815496014
312262737
1202387341
322023853
1054919559193509888
575568280
927597307708796928
1959378614
17449143
1052642916223483904
1030621147652599810
897784084549824513
1732534783
3150595932
978711829202505729
3236029966
861964141531193344
393931165
826869315219525635
2388484242
46290257
3171039090
61210238
276470314
3584743283
1155497149
1490346848
3053047152
3311706530
815536767302504449
741185730605682688
2377958781
884471983
888027091
963846465239044097
217427120
47656261
344722786
1182375378
184248210
1001277996785860608
2153403650
3174625709
842136512
15409625
168508631
6434632
939883204844154880
2727517511
45693195
1021379240229523458
1057954444560740353
981608840566312960
309005035
27557706
2586997621
135845824
32889516
526010396
1017843857088708609
2882893927
28023025
2856287556
942956663807541248
949841690776371200
3042107132
2840591308
211868703
1043186876948070400
841288536787734528
542591255
787090836311904257
1054087169789386755
461281139
632652795
323519359
1491276024
14777313
394879847
2848911323
1146851509
829841698565939200
4843027694
2505797272
3402500367
338286354
792512531336011776
365627981
1048138493535428608
708823987921367040
1184194147
151844056
1007233728236740609
1037491575075561473
986287095743418369
314700035
80135530
3410915860
53968860
3978566486
21833815
851493814539874305
342784124
105060568
707553683723128832
558732416
1006015254873112577
752113298544422912
843008461432635397
14852707
44427667
16188864
2713681855
588770591
1426045309
17175139
913477421722144768
488929910
824969935021539328
68471639
856046773646839810
859431872358739968
3267654218
4219118463
978760479764922369
29044133
770831659
1266936613
3343972444
3513003015
874254086966738945
1058745314
577121538
573569536
489374719
947111547742117888
36431184
3166490651
3003768341
369683021
1544468570
1544469410
30906337
16307712
15178265
767104070280630272
925442648323878918
974604899089559553
819616352256323584
2179499404
949061769435271168
911406776506998787
2228587872
2608078273
412240503
25861408
2233341246
1310285179
28724621
209397605
314877706
4189247542
828305228780953600
1340231496
2720612986
309538756
1060010336
155690477
3272986743
276089000
205129701
1670813678
359582014
274596885
2789884296
1522917078
575905433
27618701
806100263937474560
2887301980
198574548
470200612
468816706
540812894
45618045
219855077
2343668113
4783015236
286649628
2848355199
17903982
602313443
776682573401501696
978893164504285184
889908565791604737
236308320
1530953521
63876273
528177366
61593294
50077483
726904148
3235362313
53435986
180130665
978417967816781824
18341453
586811242
926572931693424642
48753815
15154811
887715145119649794
516625895
888006973
801479863
51764930
28197197
143312240
4051118260
882990906
3342925558
859039874258743296
133819989
31573775
16479677
2980599472
1921314902
2382250778
379495794
1941316520
2897232433
4092356026
464207361
4113026123
14157231
1183313700
775677631
149593681
37837824
731447307745538048
132353247
579995560
889424083687022592
468589873
1599211716
516290944
91889703
476822799
392328306
831370955700260869
1480331647
305541831
822072792124366848
995149070
52892627
464901588
3029596498
83164076
11873432
187240774
3235392757
296423878
121143317
92670790
885957661648449536
718370867898621952
799132440325484545
3289959269
1710024288
2872267479
862959273155993601
849743877624004608
8185
92619755
107168391
14324350
418127872
21632806
23176419
808263294083629056
129026706
208626435
9302972
2936644681
830006850938662912
722038699844734976
826826462992932864
1255105849
77089104
80094083
827141837982924800
1144882621
733387428220833793
2794294964
41796718
2842522372
710131079852662785
886025352
2882277423
2800121770
304912475
491472800
45655397
15738974
8341772
1632870468
382514545
24499107
3188684011
2246546296
99935772
1935278066
2756894500
247794386
801356947
4891197481
461075104
4140778173
495519949
4833924899
14349862
575792221
15521075
3346692621
3437429547
3250634324
2273599771
16946286
739293
847979820
1249676186
37714344
165912243
105810697
21876874
308623046
2180231890
433411285
1069418820
915914701
1355893424
1115784079
246947976
33820558
933127350
1710636852
252489922
398078840
520825474
432521017
352454066
91826870
874355659
67003972
590054097
192441960
550171685
545068162
1167744925
17677126
324651381
221568800
556992335
56415648
234067037
915918685
17048664
16063891
11180642
11425292
236635893
19356064
222302211
58963156
14525236
28768921
233278341
61871846
75633116
284071322
116329256
10663512
165744197
16662170
897766328
870249500
319713049
519084084
80996887
400086007
81429771
18544610
46921087
15156925
733322844
14268570
346745966
14721676
210061532
632432872
234367247
355053826
28339290
15807502
280693341
380010278
22095865
25857532
186585181
61039930
163086733
15943690
407794672
283273730
83424009
414059165
364373340
14583866
28066607
44438256
261656806
151115195
385480801
408063839
14740239
219435818
398931571
11317392
60500886
612135859
19889143
138857652
716257903
34937778
41364272
66021490
47876842
134161434
206071884
21825174
234428228
145784826
48564118
247357875
26638858
399788089
581772524
384506006
15876686
588503933
235376301
197600663
68514270
10104432
30955794
531665259
258199882
17374481
93648309
14125679
308847871
19270954
13182042
509636970
328492223
44333604
357419905
462416469
531432337
528570824
303804147
30080131
52426895
46743752
426389014
21184213
342710270
174847568
33856511
135431733
283349262
291269407
17678351
70805883
211193933
38899275
138615382
15464564
274000727
33277722
237009159
128539655
7806602
19739479
10143432
14891411
424691485
29093157
19927012
213917132
121869155
129526938
372990017
473421184
166845078
82255869
250668447
16983297
6073502
420123345
15747245
17869040
10314482
286187087
51713776
89859520
347144307
36723796
186708516
277219019
17783298
15490973
182588169
389750863
73118103
88425861
115547625
77281326
7314232
300735398
101524916
116296811
179895357
11798602
15133268
55158470
17360570
18461686
14752987
16623845
317512851
193978625
381792918
241787677
226338595
30294892
8821662
86538102
39582797
226571427
305162302
69441614
16896880
330753409
221219217
4095951
87333218
66435342
14360431
22526542
2902901
48325976
236414313
335397166
178566085
241564525
314283699
18180700
196458749
254146197
18194162
74732805
12026062
14808167
308742692
280354655
246767297
237719540
197258209
111515023
27313788
276259528
223261481
21377103
21654739
82503888
2937811
254376998
21828867
291164555
39490419
295976695
15163872
14793881
266663992
18693357
23799349
19808176
101830311
214099847
12294612
10378262
17396170
191004758
144369837
195145265
97299927
182812925
241278137
7687322
46505636
193483797
40720843
48900286
17030680
51204600
41365514
178363987
9310122
17450354
238261568
18327427
5120231
40319648
47831584
14740434
18476076
8855422
18494242
14748817
49127323
16322024
155646703
213284755
53469840
198521475
15565076
28475071
14741192
86145760
16224723
128863223
27844415
81196592
12037452
55611914
215441635
45107854
17136713
152072103
225575009
217251069
25871992
12450802
94562237
142955142
36938886
17089319
9323952
27320089
62391440
97985949
19537431
190206677
19230701
236629722
243567676
15150453
67529128
19059395
81148195
143571157
236590586
16716425
20056392
20983246
142320786
14801264
145773640
10012402
29179882
21217790
112976779
35914348
75940051
182476013
5687992
225842610
6322692
86493795
13873612
185910976
105973401
7108702
14482242
20342875
8510252
136406719
17843175
212826676
211889184
211887318
14704544
118975084
14729597
25897297
29804165
15577562
74533094
157391632
7434272
24939473
40385166
160877807
60751537
111072713
24214614
128251768
6752712
14327715
14560417
71654283
67654029
15410510
41260670
18337101
119564381
14724645
104070525
100573148
31013411
22883622
21722382
18777269
12671472
16530641
108493356
111100448
22946999
1665531
81138450
17981537
38557800
28654709
7010142
16731348
20721006
105807581
14960059
21917716
12877252
16612478
14887370
58480099
113654240
15458958
19767193
15632680
54332822
17293337
89545649
17593700
20181696
81092283
104389117
16247224
17057122
16024156
103633920
27143494
18414364
7429892
59842124
78476929
15418852
17085009
19460725
84653539
22441381
25094098
65053003
26534249
29324226
48435442
15364604
15429550
15237501
67976245
29578815
41308320
43883532
27159349
14151532
17755776
16469964
18481646
29342640
17529842
19633805
15383651
36265397
15757880
17053603
46694445
13567932
9572932
19924068
10942952
17156053
20038221
24488250
29234911
16185878
17911946
4039321
26748889
14324284
20491064
22729930
9955212
7014112
15496407
19718035
25529500
17051344
16687596
15422800
17681054
18119242
18569484
15223163
19571835
21664633
16005270
10649692
16817883
17643901
17690747
18804081
12432262
14831976
14207863
12756922
17045933
19202541
18223968
14162706
15933429
12506972
17385903
15859033
15668356
10271002
15348616
16530660
5550062
12819112
14310068
15279844
14091545
9233562
7395762
17567533
15279192
12422592
6713152
14372604
12143902
7960182
4556021
16259229
12956342
2224271
