49961669
161111597
518714482
1026599899331059712
1650973358
735596178478223360
19328543
32530883
82533074
518104241
3024967823
1142448093591478272
19670350
2612653424
2835276183
379629857
1014968197362184193
920710705740906497
51392360
476149149
993320165029875712
1170498764
1696155554
554004751
2182994245
316348903
3293662986
73251301
118719917
3082135889
18515250
987798415
19682187
161883628
171754508
907473433340137472
1022650545788596226
398146813
706190891678113792
19255955
588035789
1931414497
14148579
82238919
1075773583220244480
76837768
305963303
177995084
4806793637
260404103
819724929251889153
3294836466
1090772419877449730
1053620679634010114
758383008
2750147389
117873319
906672440
222622640
50425768
716360506521550848
2216707649
25676011
896869799959068672
2953885195
1054909714880970752
24550615
175065805
1242580045
16269197
911255960609546242
860454468445392896
445047234
52015220
997040168
48067174
4388591362
160941377
958076462652903424
1102960501158486016
723908123325386752
21737425
521812772
809786839242444801
3221187341
1064746012416258048
2692020311
371895528
1045329854613180417
567745819
48098677
917605051752890368
611976261
20959178
2741335327
3238975893
2547320374
1036794794398367744
376540540
2383441052
1030692654634467333
370859141
733790401342152705
120206023
1115301033796829185
1095015312959918080
1655755214
949398705399975936
256271629
4097641334
324140951
44656386
898224970953887744
76417139
54619276
2968451607
109563971
2746506742
1013519271136120832
398182574
50701663
2881253852
2233350361
1074286231834558464
110739746
867208823567785984
864520694134132736
2466875766
968663176458964992
21280975
958284511
488645353
123705763
761697643
1875790782
25598396
1347122202
327015297
1125399106824724480
813600807442583552
1116380852798337024
1948274756
925175738634063872
16034381
743918219124080641
423482811
57362322
2526241154
193882731
955264336217321472
11271382
48910467
3215574362
1327333886
2445659761
2842609085
20919626
862458075130859521
3099901028
1058914687
921539510
2611985550
2613711787
1526203267
439404718
2896150108
53839518
744962021121089538
2789982448
216065430
396167073
2976560380
317385383
94010830
767454232060502020
327373018
757362706664067073
872156132688711681
2798240586
3189228578
1129555466323804160
2316580195
3122455498
796900988917420032
516213781
93272464
1062103620
42290542
2796832546
414164102
2280820021
12170042
178193641
787007756003844096
2216445470
19166519
773612131619106816
951913647235792896
1644297583
345667117
814559392771244032
2460694867
997286900795871233
739602678
284695423
135532631
43469833
88215673
1020405030791319552
746115648
931882614
4763866872
2542764390
1005467382729584643
19053598
151053627
2974819961
425299106
250295256
707366260913213440
1858733304
1065037846912868352
1001581010671362048
502056178
18052474
1129331450
15165409
20025025
988583414809931776
557483649
885227247992541196
54886540
1109791969977528321
31762628
18680775
248084192
910333105759834112
430108836
846864706069549056
856434000
916010177677201414
14937189
145832541
890408781544378368
355697093
2326027771
18655567
1088418258670239745
232217983
3375743081
85136701
287750859
13393052
20344826
4560874282
4851881868
800192940593119232
969781208321331201
743797986019409920
28566908
1912748378
826330940
2440319112
23527142
516718132
950717498126753792
3013490412
21834922
824294821309349888
914502765707132928
3511138520
257010511
46500458
17900051
45961660
4282193834
2509461094
728329431534739456
1017843857088708609
991555513
61662547
433569195
767
325698693
507547763
1109068098118840322
604969770
890216977
1679503752
2776647432
917503866094149632
2251158180
1155636624
134915139
37072899
46521556
2273152536
2704692122
410380828
341244862
987321611329130496
3994919662
1553104580
1001674657530105859
2793808754
571128119
57134276
2262029220
463059217
1864924758
97262677
890555455751290880
13740292
21212152
16788288
2549031829
1114566933976760320
486268016
145389356
910131392037756928
378259736
415075929
951925479983890432
827339176479748096
17686095
2618339704
1681347510
2906764318
700175624
832048340078559232
2796370400
807337182
757992265
1592431957
57396107
1886914682
449451142
565715071
154173735
164718384
22030045
768905915546292224
938520239918137344
344546580
1057647391271194624
939622147
161715155
896099047
85185123
709752463830683648
2563408783
197036907
15440286
812661234210394113
1344412860
52431629
49634218
16187223
15204082
2307896654
28943421
543593433
355518255
926814150944161793
298692812
105336659
829699041084719106
260646282
767477616
15831521
15464697
50933757
188924633
858036984794763265
1130184742056415232
37769574
175222900
1025096445760876545
974621803430797312
218283493
3588011
3866227874
4857715749
2192287616
191508951
55857688
3044186809
1677560443
376613938
2962757247
3192463742
101927334
1708045944
205129701
777590146854039552
2994173273
865592744231682048
1090838164766220288
189759304
7848802
2436422378
264851886
855372288455311360
2678120936
1132902079
45826690
21753847
3420633676
938779359543951360
15552773
16306183
1103328700219707392
80944765
24660850
906606090393186304
142937787
244184972
785915888364990464
2758904427
20707070
24728011
333457608
2294997709
2573079415
47713836
1091922533337554944
2307032509
961078726388690944
78373210
267812051
19119809
706206338922053632
1671805423
22891564
964554175769067520
522282462
435331179
190683381
2610581396
50045465
4794418649
17302588
800936305
243800816
248023936
1410410712
2275030518
28653731
4027541980
2905685946
442342283
2745553385
3253217376
1037443655752183814
74560879
828743673974173696
187374837
235159978
21822587
20121960
319373889
917037934401982465
785931090544300033
39619445
607752311
384480388
1216490502
714053450
514588559
2765700285
795705885511258113
148277948
844165669289648129
19624836
297406574
14619361
2683931742
335916599
43848512
468535828
1552074888
509625835
483057333
3081856324
16057997
262797432
47884521
21451195
15391827
436922149
2595574616
541338391
32542150
1355105846
913607658
261045341
2263279483
323417384
2982925174
1117085901270781953
831289567554609152
17212343
1370847067
710143916511666176
1946902086
1083096227825238017
1102291064193511424
700677812504522752
897641778073018368
985188278176501761
1013830233697411072
1002063656194949120
1482943596
234704846
707609043578257410
151236328
2174803177
1544076942
106625425
973251105441439744
2190880423
246939630
3526377929
807968504
1644991
52167522
2881587732
959282688
389723251
1434421279
204599219
989509216414109696
480208524
953723078680502272
825772125847953409
4105532853
1496502829
462958397
39559584
316134826
144396811
1403424932
1080539438508400642
2458449612
1638886706
4059931
138858107
1541576065
14188527
16910582
819953887
21348967
20627081
14304298
806731591
1122978986462777345
615455540
275065851
64066329
624416037
408722462
65672919
885238782651502592
1342691604
989601176483135489
979744921056768000
2480893500
1064322804017975297
1093419238843449346
14500190
995064909011607552
1034499779768803328
831223079833460736
195082560
370297419
14842501
910928810060677122
57024348
18411867
242169247
1276194966
2435934499
2237868823
273820928
9535262
47155232
916020323908284417
1029797944185085952
956229660081205248
425287856
1496079968
505940493
911541660
1569290335
285681923
46836865
156130653
458009539
2301928861
859061152415961090
1067293117
1085968110719549440
788056334
2516391974
95483754
1113630857808556034
29733083
17537826
3449790197
713575674741567489
868901135012302850
74027399
912716690202529793
391510140
968916818302676993
410572471
517776030
2710255183
796175602046750720
1596620473
1704646470
37960310
923950075
2321669628
7855062
2436250248
285439517
806149173816852480
2717607301
47813279
1024442763016847360
243011895
1062512647076118528
3202372174
64606405
273237365
75743427
17929529
817151267541815296
896386334394380289
747926688605036544
926167041475858432
822036119244173312
972884821683863552
1278493644
877918493701804036
2955242988
1062013004676587520
1019331884298448903
893299494992965632
973309465733758976
16490443
63004470
64593436
2781092388
930603690
17441822
917304822201696256
769276958542737408
104322677
812361923304034304
1007312913676189696
464056843
512044366
4705568781
4467459913
19505960
274706003
3687490461
1179021450
3003131
1120387332
40156330
747896048631242752
1969622664
1249676965
422320591
3234829756
1413911040
831531096844169218
1947427110
1427467734
975031022
1345318477
289399771
2838275391
2872420784
351260120
3721797136
2822835892
1001571118292094976
249767924
201124924
3248319877
17794636
85227160
2987599687
770657840138690561
1650637086
1917775741
916213143096971264
56210742
3033947925
2448273466
2594042089
856852362278948864
16594160
1581543026
860295035518152705
1113782559194984448
4724881167
3016636608
822953187447541761
482582009
21164844
2149996640
48821708
1011298819991113730
23696533
111633130
436050901
395013299
2752311600
1333125751
79321771
1029820423876341760
14787019
372767060
617174350
1620885366
143313988
562850836
4432698252
892140697
270627293
1268649606
356614013
19196684
1015380195166040064
750728611
2216944376
731195364313845760
58813772
67698991
17172301
1375670666
37461656
87371781
564511791
2457573019
303604001
2872516546
920106283344175104
1892222006
25754471
739493768475213824
987506112
151515662
4223982994
1968962180
3671138595
777987234914004993
941782988819521536
954476389184438273
587828596
32452291
1099559232
795402912151244800
603883536
25947085
1017446827715592194
333646231
360344197
16018332
893285196543479809
1104228390272413697
785722848534867969
752547853395001344
736913491639046144
230792524
1275209472
45607805
804480641505095684
839582841470140417
1247549077
154882253
101283878
991869639180406789
478610727
155558014
964220316686979072
1573873243
3010780784
2683582382
14193053
38287431
987477208594821120
2962835055
941366390430187520
903679244773072896
782260139155873792
781982295863484456
49431723
88357443
76847960
779104138521182211
828257007400390657
3305399233
911245351994003456
1146216962
27029742
744563209869266944
2798863333
113502611
2850594607
2610378102
4840796884
112072726
3000268447
3618639139
149522272
929071797026410496
382665518
1037771319478288384
121799974
871523909257973760
725885681021513728
951436646163058689
460737707
840567618792771585
245915147
2227333411
1072670415103741952
900490988027867136
994782893074472960
15084418
257068777
785461610
1148229170
591569976
1035014870230618112
42782011
1182761232
42705672
6168682
1131879518
997225344024244224
907986408018767872
16800335
1074420157823549445
983753797745819648
237810343
896377540914315265
24472847
914469791431147520
2903955513
3415423175
2312760900
85583894
277959406
14084476
886267546869125120
828079032201670656
42989735
926086939698188288
197470016
23653823
1002820640670470144
3164372653
320154349
1054134897676177408
705065836097216512
335274365
66660156
3269123869
988159596987650048
611910786
1707210650
4612856479
252398916
31140165
846396121513709569
928680668854235136
105249990
1069626285280976897
101534369
4315490310
56789780
716593279
804782487578755074
226222147
471706157
299405039
19052570
290544031
1558406653
984890390129008640
899103602
1044372663584473088
60336134
1100768574640189440
425347261
2817344965
10617212
21452789
330105456
66373370
65641153
1061989750515646464
73446651
327896983
1075501437113688065
965620992101044229
4362809482
922574134185545729
431034252
3062064501
309124612
21634627
20915124
146290693
134953741
25173982
563738551
933634171
713366242200043520
4168638995
935301052068388864
129194391
1052618467684302850
908088383070552066
1090545879646273536
237496820
151617922
226760865
88101055
519818299
613469003
24224397
1001734520
1445211775
384108301
28617997
926575690992029698
1067544397930213376
34890162
1543867182
3321382634
2172706225
999054718818312192
820781644281942016
16456243
20297092
859138271930134528
2851283846
20371543
916348529056124928
1050806910239141888
179255183
1426949389
900638314176290816
870473605473198080
85562303
906129074594172933
73000376
588770591
1037742687393341440
943933218
14336970
398125457
443297726
947956236804337664
731916601705041920
783792992
31013444
25737779
65019636
590120366
1695206947
141154440
811292290484408320
205299497
191898033
821124691230388225
1090688265534009345
351034720
15620046
36086407
231574318
360415118
2293415520
124237063
3218244202
835126262641410050
725576392537067520
116780132
81412512
456034260
306544158
190718997
291849321
1017819745880543238
880025598881546240
132236753
24252027
1729924585
14384907
138203134
14676022
1225911012
765591457101123584
206341859
21104257
148950275
109660422
942166634789208065
735317522300448768
148199050
795138728218021889
2872693514
849220904425066496
722884683722153985
1583319019
538375441
1030665432808615936
17013288
40012051
27927246
918593224419217408
768285730237849600
847378097510899712
167486422
313525999
16684243
1447876650
233630180
205044620
866343028339986432
749577684
1002736372225069056
3191079887
2279456088
18586983
1425179976
991548360
788342200421740544
128918944
780606002
861976361853964288
15640456
850455051965431808
925317299032264704
1473942589
570040649
2676487332
534967401
487531221
3334787337
289427962
365638185
825832497539723264
23453489
380816062
17292623
248486101
865713718667161600
22635889
14982804
50543087
2828796622
102748132
809505942186455041
17574329
1326024084
2329621
904767890460737536
1194659460
41444712
2343470749
445586377
992258071811391490
971153708842074112
627934074
3236330351
1424621288
851623242942959616
1597064766
855510558392582144
1144964718
2588490114
4301940134
2768714972
77093372
2218264916
785968989092446209
4842325334
21906952
30395567
242769512
16309025
970658893364912129
1096875997
77962682
70659481
193054053
780589757931790336
358408974
1459232030
2244424632
1160416669
2599855538
111648072
3281920219
17785640
18818473
2191079995
1316862882
1563480841
282761637
39843214
59833843
3545298676
957000900005969921
2776917840
425126788
48177931
37014494
3079199416
2816651552
907998795098726401
201993032
1197019909
872615687931518978
84734907
1607352380
4011750928
862430017430618112
71785045
28717473
1851469771
913649383
87853386
23626407
452218563
495206031
14769495
2901324041
14981648
958743894
188846865
58228296
80855730
249467777
3435652594
1004826108716601344
19597578
707984910796136448
543882769
780206406024691712
66692395
42097308
583142768
14955882
738242649300307968
602721749
2191120380
2426184194
250908761
1548252848
152502698
233788247
784165874957709312
51779785
72638170
194663999
212804285
4536152777
1935975073
183467878
3320765708
564099543
1003383605169676288
3234116877
2720129885
839552956559212551
870641708
567307348
1143331458
41728525
1535017550
735200801480527873
17452271
1894231788
2432818104
578252814
548384458
2822012692
611438425
436854072
52567604
1507336795
776857194767581184
403381795
115765887
89115813
855918131495219204
1005102163113201665
377699781
2530872908
712627679258939393
96068432
738796494
24131366
17553320
967882588118450182
13347372
728756978
31245615
325124713
348482702
311454817
1115308358
64092459
11757522
928920257984716801
912716989386326016
1039224729360588800
2674967108
1028532780
3324802096
156440145
378740424
952787329
24792733
24644366
2502632125
2891467105
1022868178844753920
311060809
1617927480
26560702
2246336202
865254690073837569
954115875061338120
2805321906
15163166
801335869
15764644
17011177
406758089
31420782
820378690920058880
18061669
42886287
68693478
123762633
4919719797
973326736845889536
31455711
195503811
82683644
42995067
39111982
2409346507
1410099223
345789237
1034441894384816128
3136297572
2501259470
243473029
914851352525893633
826285384262774784
22084427
95483764
2905591256
3035183724
22104276
2804139216
3904230072
2151314696
164477618
3169083391
986169133
61533120
1496117827
573873973
66354293
2770076934
337535026
16592952
404162119
277715788
378272434
16477728
710085685546450945
170877963
385335216
791273134208999425
3197437163
17116809
838389180484898816
86970530
43051682
50265238
27645777
2811548749
836298809605046278
343141724
2444542774
4875331720
735980819873988608
3033257761
605456876
229000762
1637624197
29442313
970207298
36686040
803694179079458816
1086768469
827183953438240769
3183193171
580312540
884120651702730752
1882805042
926539337533149184
3214390049
236153428
1516825897
231546220
1030256155526877185
508591081
554545635
2683176804
2796941191
1456075993
1645759994
61248952
2158885644
1329771661
2699092074
19497065
2466224587
1241317842
757605705620881410
204371837
3261795635
372791160
856951508
342863309
2549047974
3128094399
24730343
105618618
492705317
19474491
1653477433
312229664
458643150
2602147586
728141901161865216
1088435976
34388092
257203642
1194962714
957095557935325185
762106937207091200
952156134
620667947
916028868343009280
959074945144967169
1024255556977090560
25924156
397518511
498427213
21826764
764104375119773696
208120290
376234071
38317061
1102019810
196186298
370113964
52379394
84614572
2458563254
920035992073064450
70837868
2904169317
956283913835614208
2831207368
2835466358
4046716767
979166942
1007689660460564481
118538128
780846327173308416
52065430
3016632889
3111268847
23410776
41523428
712076822662479872
2613485677
536610418
577443338
156783075
2397896161
707914604597387266
2303646050
25313206
778108679434407936
1929198750
401773648
595085706
2809118824
4054263935
1881515299
2275227062
564698061
2239871952
76112159
31540540
766142092791910400
1586732287
2609637089
924321817
558062715
922854873401577472
21914415
1375165814
26669622
708269259613405187
2735301402
128109346
822158582644736000
1186766666
854144860009504769
3314882055
706582772895379457
806557622371426304
857055061553414144
15521222
415507521
2289832950
95531683
18478452
743063990646018048
810213348100935685
3307189963
2860593312
984525902225727488
3145115341
589372520
950375313686630400
346605991
973389919501672450
950032616606060544
2277841680
503222806
467681164
101344552
46814232
833830937083260928
16564324
829181435730866178
16745935
17206739
2253654474
4779259275
218373098
18181895
25107150
143149375
553878978
743139149180461056
518601549
2964972556
208643146
156279636
256199675
41884711
1468916214
91375542
141152082
2464740169
1278619243
2617591590
2176882478
151201617
624712647
580806048
3057309262
23006082
1928871523
4838903643
502135911
2458159069
362815988
965266179836252161
965015705123930114
905058838566625280
192606233
964531745893863425
30409200
1883800568
2880813537
3891887193
743631735552901124
82953204
50810344
2420755236
835788253
851106744
2388392782
1659091470
2766496247
176896548
788525440239480832
2799173464
20005394
1045806661
20651511
835902428822253568
795968781084401670
4872007379
55386075
930181225402138624
3031427915
14215322
224363120
956594831211479041
95108733
2727954204
753039545143353349
3481581857
815665293993328641
33982105
248747209
2424115159
2869858725
3301449473
438584384
90330648
242084771
34003796
1145995969
847538080387129344
385642004
2460564014
187966792
16582131
48741071
66456288
746283487271981059
769165441440837633
272202041
378074937
804391177713614848
767014174694092800
2884042637
1134879895
30656264
43943549
2188849249
874047603800985603
2300407633
875724262782496768
1955381816
761263128197926912
335456293
765550000889737216
3107571723
4219327827
795302761407639552
531703765
86129983
476238744
4084621713
1583760222
117318947
43412697
3414994726
3784643967
603688493
385494289
3400840175
86626845
594688914
48807945
738649078410665985
311878188
1244002999
339883576
2860982817
2775900683
232285407
854722698852917249
2474761752
103656564
406567381
381831634
1101896563
2657710069
762685048462143488
751616292
768920906651439104
798372097085108228
15371215
2802062719
1458176120
855493139188076548
20878291
1908129546
847551657869275138
1364423010
875449890431655936
873147336364609536
2830400714
1408505041
70135494
100102221
816792347803533316
254264547
207952026
1128557532
135232929
1548676027
357704860
18926455
760203578841718784
45055696
92308073
850080079661150210
2617846409
49979511
819248203958775808
112839669
539690212
1119403267
15587635
72601033
335400708
303245315
474154291
472587261
71150575
4421977275
707621369673031680
587956209
180785426
65153264
25125555
2316383071
179236369
2969656456
364427442
20331615
2589717313
88826456
346082172
817379592310767616
20414216
2979324645
2849102111
21662996
28569546
266260272
15515858
46530078
2168583079
4839598647
700992272
299901270
775142
20688251
2870058663
20492950
3099549208
3243776332
3803353817
2798118547
37062669
168508631
100136358
563466981
11175222
86454370
2462443380
402957663
22162854
17789578
2305281787
161372707
2499172488
19151125
19788027
2804182182
2541747541
1665095208
331036671
821782476515409920
31833190
818647748844978176
47475039
262131093
4400697677
334838072
1511299686
280757212
772806841
66409312
260011059
108828289
126406217
842501287
512225400
29372259
824270573203292160
1323214644
27187343
3085573180
823565852922576897
3240143771
391550077
800942537083068416
743478630970437632
14619600
47678782
17303935
2962867564
1170326779
80053171
1383272101
2903912279
105966714
66768858
1263255792
133545597
107163055
96366316
4563866433
13785542
111425542
339791868
825243374
798399508602306560
139186916
42914038
130496027
18494510
30354991
16265742
519896282
28023025
299961304
574796987
3108473865
16429603
406154806
80913997
28708146
574020783
347219414
1128541832
2207558760
294745488
15162136
835942058
511480872
2379438679
42644454
729344862
14652942
1275539336
22255197
2753253552
2787730078
735279034356011008
49986034
2291706296
119097749
152886047
816653
2477130991
209754358
760104389256314880
1973545453
2715822396
2834756998
718888154
567651069
8699032
714867740658503680
177100939
2195885540
716145348
1631562900
3152048245
560764298
73512491
3156809209
2592246487
3158121926
1358368884
361937077
1735686132
250722404
2293005577
1283063366
36651871
548820917
2377128488
115675512
3111129022
101496998
59639769
496385648
140011683
954601741
125892216
540628749
1061385474
131976246
3091857806
334019045
23475952
3413184119
605824568
316653252
1151796660
194245430
3029144992
65927238
232602648
2264914572
26044686
79923701
10750532
22656408
16254381
82689705
757980198046359552
4169772553
59158860
981632276
154286132
252596278
157306826
2284373224
18698517
166393547
3101783073
1931153653
1151865259
3008297016
14955353
27022632
23544596
19879313
26115117
189965200
949961492
15558882
2172860034
16046375
134109842
148593548
768679872
74537529
153488664
14053433
261234528
1526458003
167219982
417526634
582897918
368930508
15059667
487166580
32667582
3069881890
18138767
7465852
1635862676
71082732
198858209
911081689
3031349486
25567910
2835267689
2346348684
915726438
112762991
93915276
483206664
885594949
97040343
156973952
265180740
296425157
97019270
8736252
24470814
410231787
15899765
472710990
2209742392
63899736
23964682
1342100251
2825057697
19913027
126686146
245071650
3239769415
179566751
34359976
323599188
2645602164
60957598
17450672
593289567
3059708026
6141832
16668573
2968635633
400479746
235396676
3335310965
239509917
269935803
88192949
214582688
197295463
213689248
279588627
168374159
980509838
3118559184
1540988420
276688330
2238578048
26423890
1114227883
1954348754
69642330
26548315
425599572
97250234
21308157
44988185
126062842
280552762
564978691
20074569
404298678
16444412
6482532
2800090814
6974622
3418972445
427505253
14169740
188481590
4722315829
30602016
10820222
16714443
3165704400
4783961427
296368158
93665600
17156129
235333481
3347696057
721778281947602944
9507172
160226076
584797578
277191527
61802282
15434541
9963832
321679446
14074498
81124540
161729123
3894229432
3166060478
4170981773
18169053
117160142
188042891
2573088570
375951975
65476823
2531019153
1631608512
19864877
27935002
78033842
16955091
21230785
108638625
735636576890408960
217592441
2187641492
128288521
2239473572
52392666
357074010
463003262
2573345130
38074608
64705787
401393432
2559244141
289421382
31537026
369132045
3308049715
9128522
66270848
44143505
32146628
94068362
25129996
26672045
2886039251
436730263
53398275
1961735106
4165130349
3312824046
4635533712
529541498
35796853
19779457
20290668
279925161
1862121894
62168471
1180921304
57195772
28838219
82509878
340997626
327449246
418934617
368158573
3290364847
558997164
130365207
2332653321
356358223
196839134
3375555539
1561418018
289028745
2726482005
1009135861
3340398172
734723420
427932725
73845366
28925770
722212354222456832
42703163
260627938
232452461
20862793
62847580
2812768561
247977797
24211409
45928858
62631989
2359425668
206034748
224664331
2732485668
15564815
461434530
629633635
3280215522
26225549
2655321690
594824361
1344168552
245742024
214170798
17279281
4812934833
40040214
45290188
712789553740976128
3159488757
717327929823399937
16987359
28824136
132032784
2795647511
59834704
14327715
34689060
2617943688
296928157
70447611
187940782
367246767
71591784
15669384
6794502
16906308
288846246
36823
241191600
16868756
47433923
1201817683
547837199
588554500
197901148
709753237444775937
2709152000
139832064
123888583
72946284
19106530
24254537
27502088
4495380556
2352250933
404819771
3145371488
85025700
1947100116
27578677
43300047
419746049
212278192
26755188
1864643574
1270238612
381545209
283155422
360761430
49866984
3346555161
2588205097
107225267
58371677
2672931
14465456
2233075224
2896307818
30203264
3093676856
377769988
14502744
302618317
177715099
1517278106
16938795
1010505727
2776986237
27928235
590162979
112317404
2458329361
2350618921
208379261
48160604
15859033
14912281
185723399
319945643
409830641
1938177602
211004186
144408677
26165922
2575870005
17104403
114670081
272063709
1666134386
26028780
97532053
132179273
700310598
2258911
178316031
19070961
34169085
2330488477
283293732
109943168
26016100
14211946
2391992653
28836361
1101965100
1101887827
122716308
267915933
1093174824
2620769102
4789784655
76141068
18117833
2762517896
46817554
362227925
2606415048
764257615
924553015
396270279
505785981
1283481277
276755688
818759040
3083035641
24477339
25292791
2375784856
2996107952
429528371
322658299
1051625720
226257343
404350052
1140811723
2312645298
1961166432
20202123
2322411559
16228479
76715323
4780860313
441538884
226595533
41911585
2347398241
948523525
50379080
479102892
20571597
630745077
403709075
3056850071
54664757
1455790448
155620016
37727867
251637435
16016705
16172894
234309722
2550350642
2913401560
532573662
65411080
1410245676
53030208
4719209856
3384433330
58931233
518058847
712746481
2498167272
2305652936
22247127
1040545562
15965323
291490752
139045245
184277019
100421516
815939072
2535563772
29804053
14535004
167072131
4123854508
3900917235
23427407
3030955936
473179284
143571157
1372375970
3200587911
16947313
22750673
2163076560
47285504
188732763
3237206384
3972430431
3986826261
287703379
2419740271
18103725
796745155
34697304
2746763725
573764891
2380896774
2746560410
2767660632
428750186
581143344
473523232
2239541713
108094234
3266848870
35315865
19881665
15201021
2444335140
24133371
52426212
3910941861
3246437283
221497951
122177942
1898282022
330743859
2424512820
1209269348
14614615
86613184
14154231
14705744
283247473
55583123
2275168969
30154269
82654319
30859805
308216176
517445951
114216255
500704345
318518392
409561918
114957217
580177935
851425314
123148608
15842160
18775850
27026371
110189578
20865979
18372260
169249504
20678850
19921572
2461821548
73932910
3583264572
333556704
3611560828
42067255
292650956
785739140
35830238
229509740
34781412
827951310
1896095874
2815093208
155754034
25511316
391594178
12343872
235623177
2189503302
17516620
123015364
78071252
18481646
241382835
22931050
259800426
21187896
14755273
59574994
5986922
18507199
16783619
919310282
28044895
16189405
67319718
20861943
258135801
14764240
13215382
43171684
333732170
413703158
257664900
284287181
836531154
3008933396
447695542
2176483669
61218761
142072310
432797602
243330354
232869373
141239896
2269596002
61411526
26917714
790209924
202288425
82693283
555327308
1708406868
23731824
3321017075
1248350874
19866236
2153827669
264382869
1542211308
290619641
119774316
121955100
110326494
377697474
1905230346
2402548327
18061386
15957636
1357846262
516774257
2172240938
7845342
3271268546
11274452
289164727
192571883
32575348
1160929572
1601896260
1456518156
82612443
264121073
103039345
26042726
22260641
20461216
879010003
386056280
1240034964
172819835
15937405
1425643500
2555544679
3166493565
820807148
854013349
6021982
2394654007
259843545
2190467131
2513867635
3116072605
2353519842
306116656
80127034
1020244080
2798659231
399779038
448476934
219855077
28624800
24011702
2571930788
2355474475
313184896
257796122
112573938
3089798559
14235041
113250460
6705042
1355682828
250692210
266022818
2178279359
245447208
1343206465
435368535
1507338108
25110374
77828007
78931218
2764391221
1703299680
17749086
30861631
335886903
29417304
1516479518
2798555951
305454915
1115191038
383645165
186663800
379243051
274754192
26006411
14217967
434278256
1176076956
2572351642
2273299381
477672712
206440878
16632227
3131473336
15245706
482074070
337880987
313595873
457592991
483040073
113439399
197181270
436826287
20654177
102094857
18021517
93889008
16248719
16783012
432134884
158444753
22107711
233693811
246966663
121471957
585301458
547894757
39416218
606007329
246379144
1158197540
2212979137
1435873069
2148024696
4519121
19715972
778252686
43522569
136417827
50885824
47126140
2885196672
2493503586
71403835
292354083
7243102
16313751
14786204
423460567
496219354
637241319
993738031
1090026433
174526877
18886228
2719697160
470708968
17034979
2161481935
2364508579
6757432
1601155082
234145522
1234915518
591920938
268078146
70509102
19530289
12096202
16931273
143340598
130221366
546307108
2393751056
16933716
27525915
546448342
2182617428
2502499914
2168245703
468086323
200176600
17843236
705287821
17995402
778355522
21416358
19185441
463208406
15458277
1923940904
116748080
56488059
632128064
343531163
2483800141
1881729596
26138276
37501003
32431468
31197824
17123836
14334591
195409453
98151005
31620237
195605737
45989114
193797587
2458115778
65042444
2409467569
2530861
2432594924
861408991
64591392
63886736
814950823
907738862
430254116
1292189412
359745498
2371832174
1437141199
1347873091
2293285892
112177253
61766785
176434844
1279354572
404291307
67333343
415551623
56119312
562048640
24351795
18686907
264235891
18781641
1546352292
177969600
452568163
10343562
124075079
303999561
630171793
1868925908
1644023690
14578312
942801348
215063312
18318642
1395033860
1394936845
303827856
49129289
117873637
983200230
162269168
2232352123
14266637
524501254
168508680
74307325
211785295
255132317
111649514
10748252
1548470281
2192503867
1004941927
16225440
1938585510
24212723
20739133
130354914
1904475302
18237313
19032249
467924781
932243887
263001256
166305751
18560957
41409969
1924216836
259962488
15812846
27013292
113390411
137885468
1251815599
460799974
360996731
101954532
367681573
14717311
365346812
16239007
26258561
479766417
34126745
16613230
255100029
20281919
12284942
154979698
1884046142
45582904
1345689391
14217992
932367882
84887343
1646369120
35084980
82259563
121922208
100400859
23646321
264180341
168003156
200989722
91656434
411194625
1729553142
38479588
1559083190
41939243
33181744
204555114
197169410
634647708
1052369611
17175139
1117836660
1098381492
15614366
1580694002
17928221
419218243
12267642
1344622844
27886978
116081364
36439166
8746882
1608122600
1578702800
8653962
73506120
534353822
14397361
26873123
188164477
1038871219
1600201987
357634573
1390564399
1561256954
1599518108
1363417663
26509652
162436508
72265518
88298857
74256759
1547381972
275714700
47509268
14262217
6859912
633021053
5796172
1317967837
26993825
410355590
15407632
355906128
520760335
185694352
234629125
292473661
159322143
475393715
376523854
1390186333
21967879
16281874
51305926
404798967
214980875
72351863
19255793
609266574
774090876
554211660
76821419
1223134141
252537701
1339835893
243234255
59474452
18248403
18834912
541727390
518047664
23672100
15860016
22278303
204334260
61004770
520862707
195955047
63343939
17881343
162040500
13630522
34821968
388684856
30597520
389792979
18327007
781361846
217155437
357606935
95273513
330036521
812015563
735010254
16280566
257085579
33668645
23330343
14617444
36078825
19495715
223409412
38118014
1115151380
784680356
17243077
975273829
17047208
83987145
593295967
1395542143
17425679
21874196
17164449
15415604
422893220
264983377
14062221
18524353
386538619
558676338
54356934
19245146
554954877
18002296
256203071
223993479
115183975
44961269
18623794
88313866
21204391
36450346
56828301
1112775090
15662910
167426475
185390750
830082806
38455108
35084338
1297452990
15147397
712429963
8690902
19694637
245985364
574802120
785773386
14679080
163283674
743585142
146064333
1247801509
130906331
1007933370
80956909
772878103
2923281
163707905
153270097
505888450
315431424
29450425
486997945
551112681
208163898
127091266
14714760
219872606
76779886
14587342
1160501227
35488045
18027434
804957066
94352635
16335052
32178047
19418200
595174213
22159757
75249298
245349682
21777950
25006455
145764048
15434252
730991888
15567729
25663510
80124042
20193926
15634952
49185855
742053030
373520095
23389575
16900536
44438256
858344456
19626693
294899034
42954933
54730258
14345566
501760892
105965228
149208285
25062806
16377639
385115734
7860902
25388412
169335840
1101533827
460617401
85913172
122168678
218151990
14606079
20429156
14348594
29280436
34724369
1000666867
33680433
23878088
29727480
57917441
113234048
14881307
267087994
597118197
14522546
20052728
17573273
552483586
14971572
407395156
166845078
14075844
59518694
121912051
22684529
15497622
392962247
20198534
115478596
430597447
25950355
39244570
38804101
370489880
279738791
434215196
607664292
47369957
47724438
735624769
13250642
21980219
15634728
21669123
46470015
81702177
424765349
598947276
36814136
1064733193
16404520
65633843
14263277
787623715
16457829
115740215
889915963
169235589
14379895
1093090866
818876014390603776
1458461
865559875
21125133
274253450
43532023
27078553
17837285
214164173
820260818
128574773
14852216
22523091
124056386
389974502
188730957
415001805
14389031
18598365
176845219
991418946
268815203
161025692
14270650
409442354
898915556
620425177
621542574
362710077
961231092
177758937
281274238
14555631
29979814
278670629
22189887
19345139
20062066
155585042
39515894
48110818
80414970
16211356
381654262
16149614
47136338
54584188
17610715
231213851
326238916
256124810
292432955
461788638
119828783
237845487
16906137
44957814
256263311
16019108
108441652
226639961
605153786
594464231
183071579
294939300
37219294
569302640
218535509
492159108
98613252
212657985
313091751
15275677
745797770
16482656
950158873
11268442
6940532
19193740
41986240
24741441
1106501
598541812
154639081
16222904
39639913
15702715
15808765
16495665
751187245
46822887
175278274
11388132
25375836
15309804
20153725
273055608
7824172
211676629
36083751
95661007
21506437
568247551
24236494
152149495
80700514
40270176
158414847
384384545
100037838
66163894
15164565
106230935
80325429
121899513
35773039
271725689
625706132
8912232
545308786
774303163
633856847
19695231
460452894
14185317
79275123
18285850
170379726
261964462
48788453
6480682
588543835
35097545
192354884
35206553
245521460
20094105
611640025
21313053
24296023
88007912
431238631
21852127
24514461
18938912
104576097
236550946
416475476
78599720
316832974
30907711
156670960
19463464
315018736
50128405
30927658
457183381
88740365
388497152
515931365
162895251
14212360
14709355
15906218
16118004
384706045
55601168
550453386
90420314
27221778
307409976
17171235
234521889
18298986
115979444
76780096
140514522
11640472
231453194
17612289
49352532
76986874
26659619
94435112
272549702
141615806
254097373
71286609
17452305
52437205
20862448
544517731
449622855
22549966
130922325
66526659
64536500
111621227
248011687
140852532
141947171
486117104
6868162
550328470
146185363
34657285
388475520
16445753
382303450
15097615
5940622
17922632
22797378
374129770
125469208
17767011
546365022
318732189
172869874
473033627
146590429
68101908
546297907
17824871
26533257
112802669
49427560
44162011
398244481
496473840
22104932
172482948
17634116
416567293
539256464
23402738
159472349
103151669
116833234
279092869
138530516
424534503
14065571
17398753
491396568
33591540
300228259
23648179
278072553
170547167
29241472
26794093
122686886
186186424
205542402
73181712
39596365
40488911
409434919
94151265
205098682
527948300
67215899
21873955
104255811
72227167
262420093
325136956
39199935
15416736
479872233
88694080
14984637
35567751
117501995
274254635
467137800
16519462
336071136
14245443
8309282
214044740
782010
14796279
122402146
9109242
197990994
501030055
18947618
159501309
28803009
23999515
225634187
59186725
509567773
293465818
14344784
232863368
475286355
513415057
370969483
16250158
65416742
255554024
94645295
499808062
486035392
494583213
103124377
19777749
317283413
80366991
15960540
71691476
56864092
77852581
115149062
22946355
31122582
93967439
479899108
14163789
489852992
20689236
242433840
4209511
33537967
33727952
118287007
159249403
214933219
15146463
16314021
34425259
35849263
139162440
128961883
885361
14353392
16303106
39311638
241591923
18028518
59843197
409486555
44783853
122146853
44917949
283785130
12919082
33154454
40771235
55259925
343669020
20800328
2467791
84671632
214732244
65044189
191007417
15096075
31289431
100551513
49521135
334327442
410134578
77315885
16485177
1769551
15235829
1917731
17837184
15586341
22280445
9548232
16185661
19927900
17456370
18622869
42051556
14435376
183351903
19734832
44791431
73603285
260959284
19086859
432033162
306336521
15345873
18821711
14610645
15165858
95989131
246030797
17316314
15099539
17757642
21862217
22986148
14539244
19968812
313680757
107479374
20269254
16434589
54096130
37568811
14177942
17467089
37925920
161338306
113146149
45979577
19354340
14729597
25108518
45934467
25916697
30000912
21879831
43000688
147993143
82446083
42080417
119436782
393799738
24223641
16674443
41822495
90714198
282790319
242431682
15935383
365236872
254613706
95959122
348801985
322709785
16378267
35013862
228476783
217172722
74045398
330760725
123685638
59003
283082825
255747911
399628240
16305330
19022544
17870903
16232710
195777767
361432880
14799650
17329132
38354090
15174079
244164115
17902320
31196465
16703461
39775404
44485555
63768980
105236238
15505175
17899109
16834046
14886176
13787352
36683668
23967554
46664272
27648752
44763075
194643654
160534735
17494918
50403804
76355615
194132774
320852499
161801527
47800807
11973662
102422809
283238589
18224609
18489148
56233475
225187890
363529473
17928145
125496285
185293144
46769640
47449806
15855331
8813602
14188985
14075928
16129920
162100652
383174516
252614250
211200283
125453969
19166607
61118465
59599207
39270820
238753359
44238517
89560236
33358465
19629551
72883569
182963514
37315985
20947467
178920410
326982330
360745274
14095549
53929374
144881159
36070003
400307692
18906650
14139584
96922874
292990703
116986352
133038331
17944671
17975769
58087257
56788628
31418514
36950455
55958321
87599437
76402530
15443890
56694282
122258041
184254351
20420945
15964580
17467699
48269483
22513140
6450322
8539242
115104145
40293516
109166936
32725036
20284860
78709708
58951876
72999626
21293089
68221305
38271046
18094552
72884238
17604772
183001284
109663580
16210522
56681659
362049016
383470039
63056059
32488919
47851982
28145061
16807404
25583846
333082440
78082975
40069846
235258971
14125563
68986188
17121393
17171111
15554922
201062063
46545805
18690831
129252801
813286
35919628
102592901
20489393
15485304
105177172
130239693
24291804
76354105
27716826
19508784
50074068
18533670
41204222
22019881
151312807
42651647
196748174
49992096
70131863
50699175
364342993
50772075
367347921
16008348
22358921
19608297
146099226
176588226
63136498
331131880
55158039
49868993
21029229
57544663
321744435
123309839
32719028
58056088
17427842
22786516
15174710
56733392
27008270
27006975
16967845
23472996
30744756
52847289
17004368
110595656
50310311
16170115
79538107
25728193
142818316
135897307
63276649
107463885
16223542
184590758
22784904
95332681
17006036
153558139
35097912
209239434
14227897
233364902
74365468
211994651
16878206
246634949
211938976
42524102
109678492
11317392
279217847
302055329
310939683
284855756
348694897
234200119
370303619
395077774
220229148
