46822887
410380828
2967402199
958321164048191490
1096058449
378259736
628698139
742769911
3266258420
158445476
10328012
1633496226
45255968
385192397
1522917078
392463691
74287341
51111863
636216638
112475924
1620556356
16491676
14981648
1325951616
2764811815
33773592
752967707277029376
16031984
118975084
986794331582365696
1480385228
16435797
1923959160
2828796622
3290762269
355036400
750022168675688449
203714426
1066868172496740353
786047748508221440
20772763
250211424
121795745
853036056979030016
738538436
14800583
145344704
21933769
548073010
108338399
130496027
15446531
1093174824
47747074
278672242
1050115918347419648
119663882
994544231048921090
118273476
2835276183
19750159
166469690
2783231383
349247026
21212087
419487011
541162159
337532391
396081957
21268897
11744152
26548315
28416309
34701524
489475164
18396070
634734888
76038071
1079769536730140672
31013444
435331179
121626180
15907183
115556805
1080584229510172678
716458790229581824
1082334352711790593
304679484
13524182
784575415457308672
57162282
357606935
617266600
1615645123
2510992134
66860472
839226269627621376
20742461
130557513
14855994
15795750
20725994
595245502
884578187392544769
104271823
892275857779118080
23985504
1009577803304656896
246939630
17898529
2842680557
445153884
1345185876
2477854855
43931576
2218461564
1897487082
393413410
20919626
39769631
4207731253
149249831
16406877
200514238
15764644
2461810448
65497475
15576928
474154291
15931637
297532865
803694179079458816
216065430
19692478
41569866
798168879293956096
17261066
6480682
249841515
386513
2329066872
435571397
40080478
4786602860
17006157
4794418649
16935292
783792992
824317598414340102
25466022
14173315
30354991
15012486
458643150
900889888656171008
2835662498
804599232
1856999190
565017526
611406897
1028532780
315552553
15620046
1031403523
814152277
133028836
29501253
48255275
714540346617761792
15419357
3452948117
288039780
56687115
497406692
108094234
799452120
30989089
2497449176
3582502395
3634484662
33400961
3188804153
939622147
510455186
143991014
294500046
23410776
3119059065
312142469
433566338
3046883766
2165512340
291932617
533528017
177688732
281792021
17302588
1954348754
377766775
18246638
1685849892
1426557763
174880041
2563408783
17136680
14155907
24210309
234977061
133343254
94741751
3816062073
226344061
14512716
14299245
361919460
30451813
3604985243
1323214644
1623034315
2825591395
223904974
404246410
94432907
2772543750
33679550
26134740
769351542197612544
789481895566331904
929399289436147713
3060489838
14924885
465046121
15808765
46597488
250080744
204832963
403663140
4842325334
18678924
36686040
88749392
502281810
93654953
178580925
138203134
60932386
33127006
33276161
35586563
17428419
3063996411
755113
46775436
24165761
17958426
19608297
2242961479
904667300
1787201851
167927276
965266179836252161
1915033663
23839835
21035409
9763482
15679753
502135911
43736146
1055907624
609548724
218325695
2335899655
18655567
342863309
40100270
20744708
449588356
842550390818201600
239548513
44039298
26053643
139162440
292083207
72198806
4517565515
970207298
38026892
488026266
289342771
43910797
31312972
35206553
17929249
42159818
926620369
809441310587269120
37982492
4836231436
82214848
270462608
4356430036
18948541
30364057
28406270
16013208
10810102
115485051
15439395
1579422614
1206217404
1051396218
810577995148705792
3397175693
294138607
46677640
972423170
68450303
260947560
267026966
532882551
725201492387319809
624367140
858750770
133880286
61875868
16228398
1071412429
29450962
4174701803
78506305
283090686
29301538
61175869
171165627
2424288908
558040899
1373313666
63842843
21841771
898124258
21254264
20710218
18479513
148529707
334949622
19252079
890891
58503762
465333646
26951168
15966106
3717202392
442593662
2317351705
432570714
193095044
1536791610
822215679726100480
29442313
216776631
28646476
1161119671
21528745
55424198
59037337
2557521
2811873625
194347664
249995152
19722699
997629601
116994659
15053728
397507908
24143255
13787402
16817883
10099582
8963722
14647570
2467791
146717031
15987295
16336998
15057943
35749264
12804422
19195914
14363353
36184220
14700316
50393960
14615871
78408666
30313925
14159148
73181712
822215673812119553
813286
1435461
16245822
19658826
17842366
15110431
34554134
14702533
17471979
15143478
23962323
19402238
16895274
37710752
11348282
19725644
621573
14199378
13784642
15723971
13787352
7144422
1344951
15492359
18665800
1652541
5988062
12133382
742143
15224867
612473
15164565
17235760
20077017
1591680776
42335497
90420314
11866582
313091751
316389142
41892635
144263771
5402612
36362259
5741722
619841274
96821645
48488561
148197756
27649623
21344507
16117905
19017659
20015311
19314586
388538690
15369276
20108560
20609518
121489431
435146421
91208190
19923144
226367595
14293310
4081481
23378774
334180066
53120768
117145869
222487879
241964676
115833497
51241574
28346181
20444254
50323173
30074516
18360370
28404196
15855519
394093230
43403778
15659248
310521022
14780915
18149106
14089195
21701757
43024351
14304373
43581945
19512380
5392522
28370738
19426551
256573865
26257166
19697415
16303106
14963032
807095
428333
65414320
33395719
26201299
21320113
32765534
