7426632
387796860
622014733
3358044856
1363206528
1128295781499375621
150490640
16444291
49848356
89528870
381677670
1133390250233991168
14883453
370308968
14381110
21626814
30354991
27702281
43166539
51565097
757620776396730368
16138845
541463325
16326882
23427407
16303106
5839882
1490459563
60165542
378259736
192248791
452820225
864140108089368581
630523185
250560251
778250695
1260171
14709326
2802154692
6931262
2462125184
234593748
785783325541605376
25375836
3265372914
925782906286600192
16960279
8973442
100451920
757362706664067073
372755940
31479170
33253574
18756273
226222147
3671138595
110326494
812322666036232192
355036400
730842958736560129
2962867564
121490448
2175327559
33537694
36489219
62963572
98077302
95485773
16043620
25190928
15692079
4099171
25548339
14222589
1004750120016105472
38779513
255833655
98202324
2323138501
18506951
20623336
26800968
864510082876399616
17626551
3137231
935810700
1013839841501597696
16078436
47492641
20195338
369680500
159138417
109778204
285358694
40200549
19376056
7615572
3005582016
308779730
45371222
70144495
21145766
8525402
467744565
76348185
37248708
42716477
579299426
390170244
49666871
30718477
15676413
26871926
1047232335702380544
18385356
37104983
191332968
4196983835
29873662
275676546
375945620
186935764
391125992
595245502
74669397
3244352047
19639044
2747523102
1257617366
62683017
914998875039064065
2973453269
16226006
19695741
17192736
15184129
222254023
186384496
15236755
600422073
58838415
60663
300552750
2347803091
2999438926
142512156
1979657174
92112822
16339247
15650636
2745673455
541637104
325126593
940985184337432578
2434503921
36681119
2330301331
20843656
583444578
439399092
20922100
864560037821370369
281713116
164397041
763304162935177216
94215989
342863309
82239511
328894042
17732153
217291564
321350510
48120914
20079982
7198802
10232322
3237313411
78071252
1028806001271746560
34848163
14652182
50010328
6331792
2336573456
23995285
3589624337
1025028610569195521
3720191712
91467162
145846704
4198577387
39910969
904869467238174720
31448660
1146622039
2431178824
23872673
16491676
2930581145
926290836
4435227552
15257603
14388358
967132500945326080
43472348
127176624
138203134
883236979
151053627
502281810
15758490
135213592
53226992
14677919
16027904
1378107426
386513
985942797046906882
2285241504
74030464
73251301
6795012
17925522
14594844
341871198
965487716
2898355198
981122060
374253958
16194566
72168063
1013807167
2787274537
189011401
96782500
930862130643030019
264568545
274246842
190324725
34687443
38593690
14079749
22054220
61592079
18055737
4505062588
8726452
15092672
18028249
2328421
107163055
241288313
1443792223
267856525
222302211
23819454
583357479
20339864
59279474
9838882
718293924658487296
22074836
2949493420
19397785
19933501
39842866
15069482
23544596
40332510
152433
62670348
154145174
10010852
41410562
614556473
104574264
4204968778
921427071796219904
747629722750750721
219335586
16468451
814944684707643393
330093
14956264
8596022
44418085
762316890
34494424
40346622
2318208602
68793699
11254752
1401617496
46021380
1426841622
35356977
487332207
17051103
31431858
76079281
261492860
257234839
408734006
17642849
442866144
33248363
323947136
2950631149
23597388
14399917
15195539
243425988
35629382
42044007
598381738
781195475890245632
99394501
19385718
2294733114
15742985
3808911437
306527400
177727468
17375954
280645485
14670503
472587261
106111147
2926174952
275753970
25844225
516735853
47216804
9974612
2423742956
51654515
7152572
332660528
4925251
790676042889453568
2469556194
16442379
16101657
86993064
262826713
785461610
575568280
456899331
8114152
950395614877159425
48494498
73413082
30143893
850422019816431616
931227387055898624
2176374237
143641865
15342216
65671583
1620556356
746107609741131780
331639736
520732372
86107125
14164213
3262690074
1129377936
2260527277
1387725252
910877785421426689
10260682
54282487
109310784
20998647
282545479
3158695989
14574932
7433772
18840710
19346603
15420729
14948617
19992977
1104917924
401615084
45607170
305005427
22163836
20064236
26805062
497351492
15204082
315331161
42995067
241201438
1249982359
892977699051974657
415851343
803061715
14218361
2963083899
738538436
2573112702
16170860
768154438418763776
15407187
1270392764
15276654
133018001
18018355
433439383
634050708
254873869
604940737
857779091721814017
287333780
210238655
47475039
145348411
15146456
374671674
285697489
127830995
243896198
74820061
503776268
633786310
96705298
1912677954
3270498061
321634611
1404015128
700024044519714817
29429862
19563103
58321335
1522208108
1240397868
23506092
151624003
431238631
17998577
211073619
358215623
30530300
16684243
192281072
564069706
16459605
320313948
27444772
16906308
16076032
208643146
441999689
242058793
913451194973962240
304932002
2288188926
2836799844
1633987406
822859243166515205
215676092
319713015
16273438
60394541
32702382
16135407
409561211
366101145
21268897
46233559
33395312
158221670
17837051
78449083
79923701
22084427
15464697
2439032786
63004503
27378998
69181624
289548939
133033883
348998306
18703369
145998819
408715471
198532943
26551204
15021083
818827371361009665
7688362
25638284
1417104967
19671129
15506035
2272979226
26270971
2745692126
1635703381
38612864
44776990
91365388
31533792
400354461
17565514
14982804
331213071
42654288
62253049
17433247
14795042
899989743689183232
74008418
21634600
308597826
872274446
353201548
20015848
780356665
1465481
15359205
286005074
88354095
732369219396886528
39357410
15604078
57979327
1550520115
384920113
15649438
70999450
187560504
15141072
766395883827163136
305768967
61688899
99295868
480819245
153892796
479775901
74087670
2227275901
15865042
165678616
337318821
13854472
15359578
16206682
55031321
16393824
17793391
426218007
31583882
16031984
126188777
32528712
1468256168
218500685
22737278
2378921312
2682230701
392144258
53995420
480039358
14729597
2747035951
137521532
267527746
49677558
20660748
312107565
3031260427
510750603
211333649
23085502
49748441
3091705187
13010422
15467750
15582236
333129221
2550398172
2530073660
1375729070
18048382
222943136
150681479
18507983
728696797959327744
727471339393683457
23986856
16596709
342252352
1684105232
20348856
2543390190
38782259
43773961
20916029
464022986
2203946847
30503238
23852062
14507690
278349949
771140427047170049
24724024
14271323
3385422029
15836013
39667238
808698332835119105
750733026
4164691632
69939877
2249736192
872657730
344726589
242425295
46568295
219012366
69213270
558105893
420468181
23175819
339205374
224723108
1290179604
16001350
13573872
6368702
461625333
3062080802
1140602832
47675993
225674484
3195211572
37392476
2734526390
10034972
357916553
3829151
1438647332
1370102803
352145373
30364057
850203781744676865
35206553
14243746
301518062
20813165
636586551
1064524614
39487842
583414649
17046798
132631769
2327971734
2865688353
93069110
167024520
289342771
293676614
21877239
3366257008
940350006
2975039805
22887113
71294756
17503180
109146991
19299757
720617377868722177
41410667
20491193
397694029
20105978
304453454
14414706
610206835
16003712
3234116877
1578778609
35392579
580942452
2794705702
2481485252
261515114
3496550774
116614314
590426634
16868756
19576047
24939473
21627191
120190587
2156090672
19040451
786271822358585344
9718952
15321339
1457998754
816328477053952000
432481981
782632
93849936
110819313
16487333
99462511
8308762
2155649270
1641815520
15684633
24081644
2850858010
440415258
47678782
378677314
788451859023310848
803875194
269838319
2223831
292960624
40016278
1445330114
156019120
3305412713
443965529
1284663252
17424947
44969806
846444328272642048
58431280
1965158120
872487636
2431035469
2740805706
39364684
1932282721
477295249
378370442
15145016
285635595
19812671
234428224
20298043
2565979465
4211888601
257937693
403608556
4562173852
26396117
74222189
82713557
401816355
766136863
390316893
17963202
578419732
850167219791294465
36686040
219172924
491631309
490841789
575944780
272991363
781985893682913280
360140581
18772897
19158981
821904378550435841
114670081
1364800008
60397177
15891430
16380238
281070876
3915068414
90711442
123801370
291487749
256385072
1096058449
333820836
1024492165
2904679770
202640741
174736405
815285046617796608
69761615
2980058889
431892276
2994845937
38282454
25598396
2911990989
47509268
198020721
188971955
187838951
45319178
372650333
23760311
261070959
3044403744
3108716961
18686907
19734832
125453969
21266560
954124423
22883622
15661871
3120471574
701088258
4884291
179095678
16560816
388101217
22213141
468640481
5848412
129054853
25046334
5601642
33397690
169602624
2783360521
243782937
1955376680
2727852383
619278612
78525538
78946500
273435047
106302455
35218566
142359854
340559759
18569484
19803605
63112528
516715026
516877036
28227443
42338524
19608297
18924291
1392282998
18916728
2797166390
3301606077
172418264
18295918
16268906
141745416
64229716
16667912
114602265
12398782
10635012
57625403
705864261411708928
152322439
529140270
60714928
821511862881845248
57917441
3506264115
16461672
3306362990
25203361
15299882
3070326495
31013411
2152991936
196458749
5694822
2159466858
37074061
15576928
19113374
1379638549
378578016
182037512
310409399
1077017899
31239408
229033316
992022236
36529101
53606937
221389751
1918546543
476256944
15764644
17494010
72198806
89603138
2855047214
4069055145
623087883
1049644164
4207961
1964991720
9518292
603025587
796406695953985537
1561608704
824464134737719296
135515077
55338739
15256841
460164882
3949525095
14377605
12901712
586
956163518
741769252936372224
231815020
196168350
50769180
14246001
233842454
2020351
15745368
13393052
182884481
59159771
18916432
824315778866417664
824126001936474113
824473943931293697
19040598
18725815
728382497877299200
97040343
824320219866923018
25204063
66369181
4209511
823565852922576897
33773592
41675868
53151247
304392714
3240143771
33507518
818319418367164417
22669526
50325797
16589206
225265639
212842080
409486555
216979622
2493302816
15220768
809250675792244736
31333373
39349894
39344374
20733972
22203756
471672239
52544275
108471631
29547260
822215679726100480
1150499610
468249929
800459756292882432
930040429
246939630
129653547
249788322
500704345
790139347198701568
106244697
898124258
21053489
734922361242324992
19750159
259498996
14421789
17042078
208008927
390723517
158240651
170897911
15932715
34792486
343800462
346353711
84358766
12266442
230492604
89337224
1051396218
206001945
18393773
56462179
17155485
4861185406
30341319
65375759
58258969
2350618921
1626334862
37590736
292092444
30451813
117188363
132399660
15049675
19843630
365308196
814589791
71048726
524501086
19968025
20944497
117544529
18548241
1433608964
154909422
21108916
1507338108
36002080
457984599
362626730
292696687
794350767104589824
449501607
1128725844
419028792
55137824
131497030
290890104
71036272
83876527
2996476524
24438551
114547606
97034895
43412697
19624836
760426542
748528569064710145
574023889
26582656
49339259
14414286
114857580
98247788
764104375119773696
56927066
76997832
19724858
14659092
3781883655
18131961
27908189
339332911
17152685
15111030
16518901
2499849444
22811937
16714443
41419199
426010896
15535306
14231171
2314443930
82939583
22872643
323526535
455241705
15194242
157895572
1850083927
948891169
14478260
18395177
5880462
103075451
52648603
17158189
19001036
31326695
40221971
14109075
763490779
1082098286
15335123
17667742
49986034
62502942
751707568871878657
16573941
27901882
43603
24486829
14606395
60754612
697961966875205632
427116864
14994676
3290364847
2419541401
54993288
109275829
1449022357
49698134
402892794
2809474593
17752852
18178618
39761880
14603404
17289660
352461660
38526545
16245822
105165692
71311064
261289053
29450962
49270737
11469852
17845620
17372928
738825010786095106
2843602023
6287082
135905236
927822612
11730542
93293716
2896814512
15407632
970207298
48396713
866476645
2986449975
2442885360
2386942094
117971004
233228833
3030740391
8383592
20538658
4736138476
21834651
3748882893
247610675
233278341
613614455
142945991
481943972
16752898
4497671
53588713
130956351
562317727
26033091
3410515803
84271595
25139939
39804874
31435725
20250218
1645213188
3192609028
304692929
144946246
40296162
36771809
214842351
216436328
186460167
143923948
1483721365
308686959
112475924
255641904
26384947
2556472924
756463
234136347
4857866173
160939604
3311310919
570484435
4389927563
2969790382
328287799
345962587
15604483
378643551
155438839
723651159727075330
2480462941
20122754
6073502
175437530
299343530
133893663
565945268
10716292
18713552
911750256
538489875
246560945
14981648
28279637
3091727146
31455711
32804515
267325627
4865442614
2209251187
2773943588
322658299
18464266
18622869
460470940
13130412
774510134
293303534
23715059
220191502
137901653
646893
124003770
87013793
28524190
19989765
2645602164
1196493648
339790727
611941828
16470495
24312293
2230047990
37710752
69590040
41713603
19826509
50052740
4172344582
23044375
3729172937
51628461
151650579
3186124933
340037502
8135702
356909751
18554730
581012668
481519696
14069365
169686021
321698644
14575107
1861757588
26548315
18689000
13683952
14515799
62103
17004618
197659353
22217633
110445334
28472888
12096202
11180212
55656003
356880063
14587766
3400375257
463765807
897861037
41271061
480377397
495346103
19877186
76715323
1580631
573965125
1876376616
16892481
121558285
2388484242
1337271
14307281
28233167
18217624
19107878
11640472
14845376
813286
1536791610
357606935
29442313
16789970
130496027
14844867
237226427
42809339
20861943
20772763
14139584
14145626
1911422834
174847568
302147399
16906137
67799200
3904768519
84683289
3131718778
39291341
30223669
17194921
226488668
126674016
526577340
52684345
2252728598
78367296
18104204
49718002
9317622
76097317
2463358249
203876944
135316691
791221194
1933042237
460476368
11178672
246980471
58760292
156310610
4169643134
3415806382
370666674
1148733134
211004186
70111948
1714041308
22270118
2982513384
129526938
729468343
1480853102
1561727462
245134151
212278229
14968559
34273690
89540876
15931741
14718218
19537682
3163233549
1296459637
243236419
7514802
20729766
86137429
518184679
56609792
31041980
33473521
292910866
1238882886
327449246
16435797
3438004805
270943294
494140821
66162716
38460332
824516119
23561980
27195114
383466257
79293791
16866617
169409323
20748665
13053492
310804819
10937622
124237063
1058378665
2458551361
55496535
283273730
70691753
7614292
186168577
480150665
1600111872
213675177
275686563
2447961475
47433923
353226065
79811822
486997945
35130430
365073341
19200401
51202864
587054500
982561082
143912910
381347159
17450354
39538010
2386127004
79275123
1507617380
84076072
875914130
59514202
24784654
543675222
10799152
51315629
320316891
249395206
14303497
38676043
19535249
17598514
609301023
2290129004
16869849
2684331702
250884927
81482674
211557401
54955991
34719469
1227932144
534745029
463961117
172861358
16529774
1097986856
237967819
375607344
2959250541
2894062380
57438280
33158877
123286622
1160495677
399537423
22587550
224896427
2328128390
361566385
176690037
15637568
22058679
56203809
20811634
19789414
52768208
15593576
2527576286
498542364
27369679
465126656
48429865
14534135
48206009
2995871
2305589071
171952596
2717560123
24881388
2871094552
836283571
48569578
597768555
26430021
15361042
57047586
20100446
755113
298503082
24345412
37868953
110714992
1355864317
215007822
582764882
18591169
14992201
2422442654
1344892796
2746492014
14584547
340386597
383476423
9172102
14323791
48075643
1398113658
348082699
14176449
3165776441
112243365
112238587
972651
317187060
961231092
2471768712
2203600069
1653057672
14569679
18607272
34911781
7082602
757303975
1330457336
28168760
17027378
1228532196
2798698996
124638197
35409756
778279651
16434221
1031515548
359636049
3041825513
339114250
44196397
2255504945
557312581
103041418
114700172
41272470
17738855
89036871
312389334
14163141
625391476
1967493528
2832008900
1668688507
937910155
868473678
290180065
211177035
37605443
188095800
219337672
356163755
287867169
128287094
456427704
17773720
137520495
756475
3002546917
14271418
159955958
19671465
600463006
20708895
36928528
741329928
40880876
326219873
2336815584
1176356168
249725708
250850126
2433318421
43898080
30028674
874819051
2892383268
17822855
360086675
2409181170
6244202
24778284
15020933
14505838
15949242
102773464
2161078082
106453630
15356079
848034830
83665853
14577999
52528546
10774082
1855076065
21912985
5749002
174040396
534867945
241272963
2407751112
583348916
33229367
613491958
2411062596
393673502
386056280
17076398
54094893
56993835
1334345094
17680774
250764950
122480588
463088602
874325005
82132964
468871308
8668862
430199139
111086481
554508623
18806838
2992441
221519905
12798822
1769191
8653122
277219019
21034112
16477771
49943475
1719628118
740895416
14362568
13893712
33801277
40078779
1397877224
22960124
44903491
52488565
13267622
315355742
16308167
369707682
898281072
46822887
22497733
1005998732
246761324
397651933
56436152
2778878838
44381332
81480697
112481670
390552880
125767077
24886900
21109383
125153534
1184768473
19638302
117073610
1090026433
8711912
2546518086
2924211636
373437924
312544085
19418459
19834403
16444303
18812301
2497242884
14073364
2582892528
87403396
117771014
1475775084
1288552388
15977154
561676909
981127062
544188086
180812815
89898430
112805118
2216299843
291363
16465385
15280217
11107172
108408529
15463610
231278352
35773039
13566872
149197471
41806795
104070525
14987728
16145097
21968928
26024010
6360782
31035336
17613261
382972481
485814573
15853251
22685638
524396430
2347049341
132235973
182839127
382253381
52641538
312927309
372898328
492601009
17054817
16145875
19725981
18682006
2778827209
23462787
169739033
271050823
216951181
65665638
2319108198
280716675
560376256
83237493
2816685311
15639774
195738329
32855999
18165661
15244318
1726698714
96213352
30034124
25555553
382844633
16404687
254097820
75031613
92694743
356834376
179973018
155905528
13232322
347170083
1451773004
297556877
4620451
31443503
14085070
29342640
105918870
1380504026
75742264
23896379
60366394
834544453
2510041903
18717503
16656631
281190588
392809419
21786618
17220934
45564482
16595775
16042396
18980055
755019
14091940
313091751
143571157
26099938
17981537
16540063
18679701
181271937
281818050
43814006
82208992
890958751
22695157
8737052
78996734
212390504
315142011
27247475
20794819
20713213
9444512
23854882
14822252
124291974
300735398
176218191
155748301
20580051
26619905
2162177428
104815444
392157134
1468151
42622327
61004045
39567130
720228997
19074538
340476666
1729764193
2687981786
42383845
19144455
150546196
23269614
15332026
226611059
1722403496
19723714
52998367
26074603
159951505
1732829419
487893627
1694782680
417999415
68034753
17878982
302450340
633734027
337780586
759251
742143
807095
5392522
149180925
14507115
16647654
209586395
16957321
788673
18084770
143229813
14342564
72842277
44399351
86997549
23354127
1137174900
20015311
1271208746
13851852
15183796
19037471
15571577
7931022
2524297024
18979851
167168559
398226562
2340700934
12382582
902111078
2167070510
17567533
13054932
10454572
33919343
19767193
1450443680
274804740
908401382
1025323381
259472373
23357795
2180622078
26552083
809383872
229590742
14325025
259317559
85882478
2278268186
546947761
340034849
15604914
1966939423
21444552
185716178
385154998
14414761
20398450
18202233
16196966
21428058
41662515
379379520
110595088
1305156254
2182305127
37599351
12494842
20081176
1563920916
15373538
128292609
28583197
16686144
16929520
37247374
16476051
1928003306
116595789
22815691
30434892
16249259
18755762
179714296
6316232
213466282
191289366
299881650
87215923
17425484
19003387
75117670
200951494
21759817
1586501
42975721
33434195
10348382
21628085
955732543
28690336
23173615
79498350
16654122
15120110
20783
21906582
28976901
17759148
69327809
193374081
30013010
55117855
86956738
1429055587
17002185
11850172
209743834
65987618
285125151
1339835893
303563782
233336165
22286712
15152977
19364819
15271695
14310200
14538938
322419353
1304289517
2890961
16367617
831986683
729098486
205297415
55469462
22925117
22650632
210933609
29889824
56658730
506382311
152652350
294354150
123472074
7061802
195896070
170456179
570637264
1120169666
342226221
45261620
22866129
16297720
939949219
44459695
1199428334
15892325
459298263
11621822
14888467
98677089
245611788
16789123
79836272
12011422
93434344
91826640
322228778
105002285
143227787
282717986
16016427
12133382
13787402
152862026
456930921
72880964
87518961
21530025
57076960
19979090
98938308
13829772
12137172
6576492
717313
9207632
24974925
15662761
83424009
174740894
20060293
22012149
21912364
26254626
39588173
106637099
18333304
436103190
36203015
425299993
390071057
913090734
29804146
45516390
220809951
22819843
50330768
44104818
18131748
228447543
8357192
209262555
19593954
7299972
16817883
16470701
16785742
14500709
13786522
11435642
15753347
8146392
8334912
780419
14247990
14227842
4656441
14182254
924961
15237501
1502111
13783982
15428397
1435461
778057
11131302
16547184
14410756
14152928
16685321
