91061407
2259068948
780149787303682048
24048220
1118283691111800833
1028435079100428289
35865630
8824902
180200031
49012699
19802879
18164420
153784150
14944532
14982625
74287341
636586551
969994371033640961
2561407350
2987147081
355036400
2542147483
2967402199
18924332
2248389990
166022406
378259736
196458749
2859448331
10328012
17175139
33773592
35315865
1144882621
58527755
146211958
38999070
155368179
75913
42921639
1092102073380933632
2673908198
1107552427467640832
4174030107
314244069
255484536
23919530
1284148418
44787918
288457345
4201599641
2800333302
2364663823
477023068
874218591142518786
161548203
981411974251794433
2353736149
14231587
274173450
1003683389000638465
930006012291158016
3240707753
22718935
3356531254
4999
2607163646
8067242
755526797492645888
18934861
15934076
2644697608
19204064
725505177998893056
831661417493315584
824834152117784577
939570735059783682
74087670
3044993235
2323157846
30036397
15706128
14460073
142468150
2316383071
281431150
18925280
720972085246496768
284956898
26635386
16322212
59605207
20436922
1183907521
2783025822
147564028
2735655330
755504
22303960
843771913231093760
2978100285
40970407
154603155
2293315159
47801335
225265639
53112502
3213526828
61220477
287285829
17494149
55631942
2798565515
36559752
3333573622
508192094
14375414
632341107
3701125272
14337677
27821114
58396487
2273438743
4455004152
2610922586
247077802
26046925
395047035
1137700339
82239511
27782837
115941509
2756181708
22492232
2763583754
709637215333167104
16895001
279067744
130922325
3152257341
2571717540
1367569668
4885467372
262269526
3236748141
375900599
15608442
13854472
448476934
378152930
2657013074
2863488598
79923701
16002085
169093378
87403396
2258460313
2937842943
2364031663
3038532750
337318821
35069260
17081863
18884111
1343492959
15740491
8198012
3012522220
2973453269
1083314617
2341337263
259813102
232185364
46560539
16265742
2835276183
645043
118482503
1939860914
20579049
40131170
618759534
2274111126
125171167
36155411
180670967
211105430
17989826
71876190
381007605
83820762
18657682
15623670
6322892
44570946
9254512
50464559
568825492
19974259
21718006
14824849
2290252165
1054901840
4948011
9319222
7457792
95177505
16745015
601247231
248554969
1282121312
16599728
90420314
28049003
3363151
14126914
602317143
2401531
724380360
15234407
22212082
15796335
67728650
15473958
235466223
150802319
175378976
1177279021
73731253
107336879
16854234
491895975
35771819
1330457336
1000262514
9951762
16747981
235334898
19725644
349297814
3018801
52922310
314922709
24166202
8032822
18731347
16798339
16303106
86448295
53486098
22413809
15447248
1552371
14619211
13461
11604
21774892
9275742
4620451
643653
85891683
14348594
15067045
16852229
19029137
36823
14303746
16513135
41708589
17092592
13740602
14922225
44100037
48485771
16832816
19544520
31353077
59524045
66263785
27531390
41073372
65289126
15661871
40283581
11348282
10798802
1183041
43170475
24595743
22841103
24585498
15575251
53346243
15485441
50160932
37736234
20011858
25553249
22493307
14749383
81692128
48462490
23645599
14089195
18393773
18396070
112508240
53543144
92911746
20967403
25581420
62581962
25254582
28061584
42343110
15036026
147867461
14939981
15913
113665572
46521949
6297852
28196433
15666380
14506253
101008987
139162440
152024044
24392311
15838599
113181578
