17996543
62934403
987858430231695362
2342613998
466532637
1020280421232279552
36493021
14750983
608247072
65431632
66182591
378259736
18780355
2345720653
161258843
1117209184548769794
613591729
534512575
64910823
3298384064
376266667
71190435
1099769289836515330
1392313693
430817477
59659495
1151185364725522432
391809788
2229471167
2504819123
4850619025
777658536801304576
478867611
160991603
1104748225
840057535
33327784
1089617928
3016959554
809905823442931713
2359884008
527590256
324703658
1017123321941553152
2783231383
79617325
1442098074
27679489
2285662423
1134299431585615872
4324457473
366880078
1083049486832812032
50323173
62873759
2333811708
2333790450
1025743121014054915
56721823
1136315597380378625
2728229988
1075471439120269312
67133275
29675916
61355746
227879769
284944250
28665877
1137169453253353478
844777764670529536
335422178
1133202881262301184
1128726056825913345
4776083937
1139670195188981760
56855145
133448051
1117872529392013313
626902195
1122783972
2807883998
1033014986010976256
981589460080058368
1051835122838921216
1023039000704155648
1136344939774828546
1969217023
144994904
972914447021899776
1100615426302754816
1018748608454234113
3079340023
761176792887549953
281593590
289719639
991652790
486919670
175164822
3272615780
175856075
324581887
571367012
50681577
266194656
711186224
161803601
815402272108740608
1660392470
795210421
4678922636
2711678945
4819846024
3135306129
2658613010
35985504
1131059055336787968
1112902699538767872
464036580
2528916018
2527556191
37605913
37090417
2709705650
1001814251345010688
1202085726
121217411
4184244974
971702878627942400
1009513560
800475798
1279220006
265015884
15891061
19303469
2937721715
386153833
616879823
1450310538
758490301388365825
831362850446798852
691003
33526482
420912766
32740920
215696948
947363474614771712
166366871
3105214361
212942638
231703052
1183737636
942852278637096960
797913959319871492
244078958
26147708
233113285
482511029
41461812
711203861671911424
2390392320
1038519335327870978
1107507106834538496
41635723
19551069
1352971002
979479956714434561
31119123
935148134505828353
4308349038
1519662008
57333521
1483679244
14942701
268414482
226222147
831535164236902400
54365543
17303647
245396123
783094336250482688
1029951180917690369
3180426910
289342771
2263823809
755913567509946369
4702892592
229948108
1141318255
25024728
2736018739
41879604
954308566919376896
589621591
14298769
779898205
48177728
2400646850
27643363
833722804575076355
967413545922113537
3489420013
23378849
843476916250144768
968123306187677696
840884905
63232545
1618570560
947135006954147840
565068142
2717271660
2278507431
1469989344
1050007923227799552
947232337930092546
902265271485964288
37590736
4194898156
432134884
21785446
3372219747
17578365
966790240764510208
866426699193491459
17872447
1488707239
971941559812984832
357683633
135789579
1394399438
484796656
996758705310969856
73251301
927594123820978176
818509230953074692
3023312439
1002272512741429249
1057966564044083200
922737745231011841
890088469694906369
4712718627
26029878
1051318642615439361
740685626635227136
2678072634
17919972
731291507735461889
233129313
1621662402
964568601662455808
285380205
2544524828
858436211534430209
15463315
713576753952731136
702156923634847744
700528877559377920
806341923103539201
715352243952820224
823635191382110208
939172418114928640
1421399630
725163475
957707078973444096
876020694
52408714
1433370685
117502350
399567336
32302919
3246131575
780226450523820032
37932651
353178677
71603661
554419244
202007438
3037054436
1909937714
1070535990715002881
1879725572
548870322
74220049
44137871
1012416854
2248985028
1029778250
141376289
19802879
18760904
507195138
1943866482
840969061
717138457
1239516360
204161130
53284410
213530043
37041552
855916729926639617
27479039
1954975183
930552552302792705
3957074657
2789227417
59345386
20450454
778359826992750596
50772918
22657202
843112550
1438162062
840347200735567872
19910041
722997388487458816
28221296
196013643
30614676
1042441702529613824
2457144050
895724114006167552
823680542294085636
1216586288
539657839
1033798772
53962656
125481462
46475424
58545637
2828726820
875535843137597441
2743113943
310687757
39689218
802025129475608576
708291864126840832
15573174
87246229
379996169
145784513
818604090708152320
326299470
8892822
819299391299342336
66528154
19241930
2986111963
25219709
407387443
511402689
740109097
378204367
256573865
88749392
443215941
500042487
31312972
93654953
24769236
1205974434
764252746375569409
33395719
27934142
24026381
2855823355
2759670518
714853391202000896
4715448915
158414847
3226282347
811005856607334401
811002529022676992
234502375
605804454
21698940
21332348
72339761
20793276
1250121462
23970108
21806473
19041357
64826919
18194219
278829038
745823830736797700
887819511470202881
871180962532642817
2983194483
1008342335548264449
153556557
387262364
739710289453555713
25435997
123287304
424731974
19316706
168906812
2364617713
2991196955
711039938779881472
864877233739096067
949794998010163200
535463885
222196210
4274372981
796230564420395008
575593546
44196397
34820262
258526889
389194836
347499507
1599711564
345115735
958580964
457503883
1537676371
36126762
214201922
3091367061
741787116
204810045
2544227706
17844280
35847484
34428499
56871333
758113769721569280
19402238
117662694
17471979
263608353
535493621
54314139
46492911
34180453
33639255
255771806
2796719460
1327085821
2281189088
485617466
4053810613
36681745
929468049522155521
246939630
726548088970579968
334525264
417602138
3294098501
183872043
20279424
562436349
97257018
141971258
1334598841
574472750
539417194
930531500864524288
1605003896
731558622
261410093
1089588139
873310310370861056
949784213045284864
1307896290
60505065
2382360835
877919839733633025
356568274
249860126
204832963
2271709580
81731828
443787732
14718835
34743251
62823567
3165691046
371828958
141411110
1013779692
626978213
22410956
192022295
321970500
1657406268
525808515
74495134
28419276
766290504246001666
735260005914554372
3751775481
3073820265
21633877
71273952
571128844
208064959
3091368183
302435655
4852396761
2386060579
381067067
79168408
270348941
249346453
487977202
269496256
116551076
40281016
809202402880585734
31285343
97082147
217956250
348523722
62513246
111157878
381835250
27361341
153694176
4825557597
901165555092258816
39614751
296212374
891130949353619456
2530898503
37666026
745339093
731672416947146752
863582474017878016
2517698338
299373263
25545388
748841504152522752
2941665345
1711965342
1161948295
736019435237036032
14642666
842952027344912385
584102996
2763381435
113613920
18863815
19661294
17842661
21181713
38176651
16440677
817121097003008000
2266838563
32448090
841359321988513793
52426662
800698508
37925935
18965761
3024362838
27505973
22815383
19936565
21790466
19601395
699408988039872512
2422434769
2379569060
68750892
96143717
6395222
873755739852075008
4639643347
36354710
1151589919
2998346955
364054079
500276416
218533881
289741405
600424086
315606728
173927068
404118054
364556532
4698999086
19658826
148838434
2250794556
56927066
76997832
36362259
729060408
740510247320621056
4740714933
111064214
1223062051
2835276183
267717868
1298897239
2603830851
17017636
499073990
3125154047
2514675200
1180961940
1081524121
824623238554738690
22053827
130187048
87172612
15255537
41144996
296439197
21666642
776198324747575297
2737333797
1157581730
18208354
2898649454
2898791407
2462141318
61636679
27825390
22957302
187653470
2430533587
835132295786938368
30251254
805451220307607553
52882598
19042230
34580330
474055087
17680050
15687507
20583090
514781725
114188882
772128512593453056
1183041
151540577
18859439
16229496
2677364550
97025525
311731708
787288147
14230524
728881960769208320
2569654642
290875975
38535501
23151437
238319766
110610806
356243884
115485051
139162440
131351549
179760789
22637974
3110903289
355239352
47127897
130922325
19348113
41712825
7313362
2437697052
2812971281
166739404
59949396
78071252
2775546781
2966930340
32116145
3129944607
39051824
153836611
175966217
20106852
304679484
769199725111238656
1084822489
4276108891
576461561
915643998
216776631
25073877
22745779
1480215307
2382397825
4644564432
474571449
803670857168093185
37193704
333769838
480735701
1367531
428333
759251
103294432
712427942320668673
3248226512
134309619
34738598
2266015590
301343480
25372587
2201794429
1289169181
772636227518533632
42423910
12611642
15446424
15483453
159894847
2884761678
2377815434
14075928
164396291
757320301252227072
2617328533
34655603
138749160
489868499
2313202716
762859015353360384
54930650
23622416
153894784
189253902
1451773004
701232481
505304124
271120369
716478421434503168
1950640550
708435140301553664
80655102
487543112
4927305729
1325438209
262709185
2893511188
47786101
241382835
234829159
1500684162
2835886194
249834563
414415556
196276297
732072898488197120
19877186
2341393346
209707986
334148079
742582205273255936
523388341
3083330017
37554638
21231815
566750129
714930901742919681
247152169
551433993
195988292
2389331913
101319166
708861931587821569
1592388864
312745095
136319110
34997589
2924895863
736240663965138944
3329839264
4406034322
3115459072
22308009
2841590505
16435731
820384334
3239953298
198339266
1945147369
32116654
3407608377
2592234066
823828465
27035798
20867608
17881347
2892828262
2983318278
3312652179
318888198
235425881
297981646
18259394
27973318
389880635
1566508692
148781366
726489631483658240
58267691
318500920
2385739904
21584475
19114743
22832029
143084813
17450410
95955871
95956928
3024070245
71174380
17070013
44706253
14364779
49735279
2967210573
28565368
18494981
87318558
76834934
26134740
441498783
504849826
65811050
520061961
16458470
18813355
17443274
3085843554
466121251
3071477008
3248861575
1130156892
712656638059094016
36850898
1715051
17243247
18125335
714288559243571201
2276087644
2233135626
30497653
234176171
2776760571
2906627682
154893497
2817243859
298053270
557068003
198560066
2424569809
361351581
16303106
237845487
706923475
104838177
32414973
444302454
4373677828
492296048
251903895
204774964
20270332
18967264
241209954
211156053
86147319
74055097
22237740
17944199
1197573757
707686528743514113
64800805
15473958
11348282
37710752
16550142
118845216
288333760
26799554
110415837
346129329
6446742
2716516619
833446507
75473913
37227583
2836712112
528096336
30924507
29112876
18195463
791598918
256171302
13107852
3379209717
15349925
80051030
3096642344
3029328753
3541320615
2951561487
282154125
185420422
132232242
260540115
28171178
2242125590
277596528
25471833
3183145005
2374286618
133022865
1398649160
78087055
102795582
22694251
20020846
27099407
73917516
2229059556
2955596087
19708968
4164495561
69807727
4254185871
248344486
887464646
394953878
82448297
625022363
1959556592
2269190107
199401488
370706157
87736536
63799043
38344717
77608185
1376059765
26673413
145338892
543023016
122216533
544319224
1106894827
17894963
2424407965
78391198
50101765
419177567
1149386466
434650027
276537976
545967199
25377490
29344169
19637934
19768193
6539592
21035409
35602095
30364057
98552561
312860399
403086984
20015311
20746193
41402360
518116964
2499067267
501353173
4043551102
35206553
1883745169
53120768
68540316
31447081
91208190
115597898
2557521
3506611516
19421477
1057037611
1924364738
183455324
242222169
45792701
32625314
270949258
23504870
3072970360
1620779978
2786321721
1340553967
88570600
574805498
14920785
28377727
117471545
19589493
312355963
22186148
35816920
2518195716
133885507
285282053
2456898907
38745861
14721716
1670966311
149003532
16482242
136367583
20344118
183330212
348590880
336071389
196209241
45006808
202416362
31122496
23261531
434545375
16825289
355741893
192940675
69750965
767324359
3332603908
2331193237
3138701077
2259787508
716679918
1651373700
74611440
77125573
212310318
212314453
285237699
148408486
62878623
346808099
833802702
284692706
906502436
334817962
73991370
705813606
107628257
491511349
24173631
364465539
42915958
28027480
72187764
286535322
389083569
112851750
34394584
30970711
303973191
2892301280
105553381
51510169
254088523
1372040162
581104236
61824637
1202033696
78183672
40892016
131337144
41509142
528117020
2947288245
6507762
36484419
38255477
347265384
14092261
34701524
890891
14885860
213738682
634714422
31443503
20928893
15484063
20710218
18479513
18691328
205413225
40390377
924008899
88763317
25432501
259375460
89206624
87260243
34776475
13884162
15888142
153875208
348467845
307478701
26854886
248427077
52529345
111409543
245432700
87874905
190123181
205915163
74591342
233368344
1050788809
194602213
71948409
162031341
22695018
22553169
39857778
15607538
1038640872
371586179
243276676
46223156
50649239
459616268
16241824
164285792
966564445
1198431631
17051641
203116683
59301435
52834590
362602301
32306015
75296671
29513470
712897952
714989264
2646821071
2729263151
2290348602
267850381
2273173357
1322319715
55040944
44039298
15485441
629097517
466645191
1347788202
1441093243
2400793585
1226063742
19725644
1588486417
72915722
509145315
1663327039
17733320
245087948
33553702
104070525
89082570
19777398
1338021314
28546367
89699637
508902096
1910655936
259030794
65418335
112836827
278698733
304150259
388916221
1061048767
226813554
32127835
18948541
256672816
235354349
110445334
31181114
361016684
16869718
36197161
120943272
71023061
273060588
20963461
19426551
23508439
19362299
1965832170
297139633
40918816
609476852
4170491
1877105215
28870086
1349849700
254189974
571083342
74623285
52529896
353884793
93898319
26375497
184826835
51263592
368914992
26257166
598923352
36669114
140308631
131948686
57100687
19212622
790136510
386672766
112508240
714591458
257993595
758375636
174908763
139848744
259430094
137862496
1058847528
29580530
524657792
989862169
240220045
85961526
54238128
182467989
25414711
229127524
455145017
271292940
183502719
18774567
521321191
58785008
787412293
33969011
41651800
25697749
499098033
234521957
557779872
151865796
41654772
279353412
36262503
339787006
231175831
18734310
65414320
488011724
355843376
21305254
35777497
44617116
128233812
71386895
188483996
188482590
117462028
73154188
19626226
21829242
216890205
16949561
90563066
64757296
19379934
56146779
25190109
149501706
21323092
82410974
38104248
25355724
