394707816
3317322053
232297422
1562092202
430099416
28877473
2559667664
19847661
72937560
3253031856
23314341
17423332
3218079748
241081108
173244056
2900995471
1650900547
64703161
305726849
171085128
73227479
1676051
556926396
38852034
733009129
2581101416
3374732764
120288900
3182932848
1935636674
44538298
2377531940
3390792316
81657956
163928792
1553906120
2238579824
172955828
19760063
1084538815
4535640376
3380975194
3249634939
17980781
1485624156
17068104
47202256
3387704775
414179485
45627934
186429722
17294271
3031192233
3999086903
106185787
1082085008
382181752
2734434456
2263272115
2218264916
58644094
3364333857
3945264979
15133042
1538718654
66109256
4434339615
14225906
20523706
44381112
2291311951
1846869846
436756810
3437710812
741446028
2345834826
166567633
435264578
2573640259
1689224767
93944035
224390432
130426229
2538636674
249958218
75300453
77019386
16548112
1415423359
2297016128
2554985840
339733481
289946460
612156846
179165504
594291183
3312278353
132297553
3557322567
19732334
2338737228
59626549
139908900
88535193
276551086
753959328
2441656465
488630855
630472644
502509448
3121504186
3374074929
2939961882
26056104
98244299
159418710
57384024
67763664
18913022
15482607
2600180815
2513094354
701221567
18230272
322087980
112922473
172889061
1426182990
292511030
125384982
3169158710
1606087675
1919759227
14528306
128418121
2883247739
2543395231
247866212
25159542
9925732
3366401987
300843065
1920441505
1339843488
254734525
180827990
67014608
3244719187
230793376
1372549230
4011138681
807184478
743753544
3784394067
2798211686
4414947622
3959906900
97734896
3252743741
432125598
3380134366
26928955
77625634
1465962217
2920035494
1000545164
33519312
2781474842
3352262723
125119932
2828720887
589647402
249169162
2355176324
88747187
538496316
576376634
285427897
2679991088
523192452
3684823528
29114809
138520385
17542265
1903491594
73442183
4297291637
292223562
2289767360
31147835
241103561
1909613911
14958060
4209065473
16582932
2734419859
328734406
134856164
3188081641
2373998629
141694261
92777064
48001451
619354198
14410479
179333834
500093864
475395398
344168414
33624254
286579724
3766446556
2749841086
16707878
16603345
14095595
473284021
212317303
104044363
9328572
3337062767
1607609156
463158123
83733457
761428
38735404
2696572512
2460470449
15357143
14690726
15607043
3415869142
2393354456
27205359
246055807
331111178
109394607
2840034723
14593010
3130850271
47813279
3440742972
3290271017
4483733140
96215959
391677363
3428370617
3379083569
145306059
4110641739
602090062
3236245750
2941759913
48880548
172922194
71731045
32143283
2209448029
3164919125
1879996074
14533268
39024769
2589729396
15734989
20112774
463667009
3238564046
4399565661
2832209861
172038381
2828054953
10429832
41090635
2546967049
3347600698
995398166
600612805
1365526538
2430824353
390905408
1038876188
3996713054
2981494378
1468671936
100860445
3090084821
33997843
834683984
40821718
1880105924
181538616
35852230
49453127
3137188090
76832011
2868166761
14630916
3367972834
979745641
28847676
1072660489
412776217
4049199377
399223755
2667554149
1948172450
21488597
3102095534
18236058
12912562
3233727011
3042048408
153087961
600114010
930631981
539145917
20776311
8995822
1451825569
2444362050
50772378
297075545
2528908448
75289001
31426107
20063930
17592681
2223688495
19788536
52221922
327994582
193723794
1455571118
3055813015
16268792
719885124
119449200
207586079
19480767
3192669681
49170505
42965091
27286585
596006889
260440585
2422697059
1430665454
1345300356
9370332
811696394
302663732
125774989
314098938
1586733960
124505588
14363287
44714528
1561028190
435799786
3376801637
3166046903
246506404
19471962
4415347333
141918939
799229191
81714979
160567887
3130994429
3306336715
1250567522
387766569
1487070068
75616478
2523426002
1488567992
15725650
3799894272
357665847
246310223
408930713
2278338564
1511493282
362728581
12781922
42887575
3144692930
4174647095
3102296396
2928878047
24494239
2848614079
104254030
172413707
2821080004
2804618544
16451635
55249281
388416838
2702138946
2277841680
556518236
2462299537
4011907093
269482952
37005146
7628152
34698999
131749962
4446976632
41173589
2257409496
38235119
138526255
269805989
752383280
563691118
492741234
211573637
1157398236
1548497556
104696396
358439476
13493142
4039435936
3064289446
17177717
2870622961
1536149941
46427853
134843636
3900156616
2856921492
118378851
29256961
4068298919
2290139234
928497463
2666743507
2324583630
363025103
256250323
2804760090
96675328
2421073861
107200643
111060269
100007369
3669239534
112920240
1708341091
410426987
40530404
2293112226
63267165
1735283234
534563976
17285408
15635267
903038748
2601621944
2441917068
211836867
966306588
1622417101
4035733215
391068475
9137702
39712349
346769738
1582862660
1227669782
584089961
438581641
23362000
3213739535
31522489
3254815362
249931593
4197454288
529536140
309095426
2445679152
2255515718
107003338
15112195
32602399
507997633
393818842
169769013
556438779
23232092
959492120
4243669048
7009012
30327848
2610191
223152783
1229455117
1913783881
15612251
3148216067
1206145507
3323261140
2376517663
152076536
2936445343
366498596
3247149522
796504652
29771070
46096376
3091950802
18419308
2762382699
443163550
295482192
119838292
2262466525
3169030358
14164297
2836344785
2241385674
1466830381
23798980
101806923
522791915
3194829079
190877396
2513085451
38661086
393617721
2873323937
2381465209
1517716502
8527662
347967174
23234457
1674589274
293226916
3325493329
1083756146
2384326501
3787503440
2621186306
214606901
891821234
66260367
46046503
262456074
34441447
18925187
1471178664
2547083054
57115943
4293934752
437706739
4362109753
2449996740
176184142
2967173428
2167279538
259485474
3651344242
31420906
1432935050
4094528775
42463151
15785068
414796098
1954293848
1357846658
3991679763
3117950802
2449641104
14627322
257636572
15436011
375007128
2434704662
2244239083
180911611
774432325
48095438
10524
920051202
3818662220
324780470
1172847529
12993282
349350075
14465570
425400653
376424084
32549410
2435924299
3764018412
2800475330
17813639
360302377
415568026
249357133
1774081
759644906
3415659435
2457082262
118952409
9659842
54898414
17746732
1935339012
304634183
3958370128
269754044
7646662
1531734655
2888666764
1708855837
168708565
44894957
1111430910
3132133220
24951859
1138155042
2570820160
1372375970
23073526
3142105377
2804459072
3307417382
10021212
1525640791
3437125949
290014251
3242937847
3160219700
22802246
2191754586
3149973561
164179697
2414652140
269452866
2330749508
2829304877
2286920017
109372694
7935072
1279357490
33065244
16079276
488363773
3337317748
17333183
28341150
2356244840
90544961
85872006
1870333202
634868288
199332594
22707820
12507792
2180448996
2238730818
41812087
2457259584
15875119
355697093
105140997
3353452312
77937642
2820297914
30494847
701624635
987075302
153800173
47503235
1856980754
2239284986
1080622147
2321787722
154426406
33943834
3219744007
428477584
712643187
32666698
1343443940
37098500
2956438778
1403364408
381344162
95676498
260907612
2557692553
2246012708
3145511366
1013910128
2360964518
3131519945
15231037
171735092
15499489
429896483
2477946732
125512325
3330668501
212413872
333738729
21364005
48831366
2232070544
3256922728
868637460
3305591956
18539860
111743
607188140
722291904
3302540375
2773504340
16279675
2419187672
20423976
15184929
16396064
52106931
83995534
2984231087
199089042
504018069
15392397
2614115846
3030535299
1177718582
3039361162
550479889
26727140
1717482655
2163082459
2205563576
1411476840
1452034232
45098508
612922732
16579726
2532942559
965592506
431950442
19365378
2422847158
65594160
2722137925
1098481598
169944507
1533803204
464719464
3167427879
43961549
2984953662
40111868
29524373
2474957822
222363892
2417630238
12188422
113499560
434353023
53246424
933009541
15007198
173149396
2981926109
42825369
15172822
3093907310
522623917
12912912
575773254
20981716
792442218
35603357
18822017
58990013
32275444
353457568
1268061433
91486270
18048634
872125404
3050418872
281246799
19411105
60954017
3116377816
2512387784
23911666
369164719
23454218
12969112
80917007
19289585
2820674952
3087139568
20052226
2901513333
2420953963
1420700203
370377384
30690165
60031833
398860319
380396780
2550399169
2996353156
2694346993
578030766
1260012025
31855697
2334087343
273969688
1357259774
2332118485
17068286
338301059
26582238
262479662
721297262
11354192
2617577474
28898628
292547396
249765015
2266876387
89221375
499989961
20241114
148551643
1945085910
2610563142
23638213
2586295676
370728322
571190990
1905581150
31891798
12601142
321622806
264962685
2942698985
79318720
575581385
2868338837
547837199
1219972866
37366095
2755268737
623901764
278020607
17046763
2777627150
499691940
109844274
866782026
87275925
35021166
212771854
985696861
67767772
2635417463
38640975
466198725
233168659
72924468
101757273
41615819
16563120
633365389
27555581
219539904
15396298
17991672
57492366
18944153
2244462462
2241460056
614453254
2585821806
30595320
14096413
26611276
2615443639
17442457
281279326
2241486025
2429220762
174353120
15998998
1216979486
1960914678
20279195
457209302
2402138110
271036081
154157797
197299841
1395606900
60253720
2205618253
17250666
193442384
145318322
130180048
2502604213
17044026
194414204
377037698
33715192
49416874
60788608
17479266
46980731
12661842
389457807
61118465
17241383
2762005335
319170072
939460070
393112620
529020074
89995767
144338832
2228521386
17905922
966987781
305668829
1308954630
160599953
46398345
53596226
106821811
248493334
40939759
343441106
795936019
279043834
283317579
946583389
18660674
14689894
1877198557
2576431
325292845
2396905932
66603210
37957498
275247259
1271338237
97918322
57190953
2564780521
14779187
1014198547
1428681308
2498486648
2418154519
236383279
25113724
1612817372
95821953
226609306
41732054
16833036
72651016
246861960
1436318628
45497240
478216489
113747024
519029252
15313235
24414798
2536246229
2553883748
1113188382
59840328
33084584
38449898
28937863
421543030
2416767446
177281402
20776702
17402202
70143420
17519611
1198447178
50379483
1523572009
39579928
2561330665
2560591477
15073432
167180768
108706318
10786452
22133163
511577820
71858540
1055364774
136401228
1465159338
225476586
864971269
99408750
2457118604
16567160
1225780501
15879286
2350451402
14666790
15695513
477485439
29320245
282081300
993918996
77412644
21909421
1623815934
2303861622
17177403
637184071
118085849
932168154
17363477
1120641565
459565990
17972520
22638297
1646418552
302638039
1561044266
85806857
20101824
1017757351
1229523830
17157043
2184879100
343586994
41268155
355170056
19538980
252300777
1921394876
2358410262
869236268
1233804138
16349406
325724829
320946636
257010511
251934935
237441463
2359805809
188842866
166241944
72042658
521680251
20232105
707465630
19181549
33316165
85568813
130605577
153492935
282741996
16244603
1161099158
180227253
16884488
1451769422
115671269
1079937367
70976782
1433648029
884686082
25572750
625034233
374864146
395507514
211551252
17475872
28618231
35869721
16017003
84656651
972788611
570527551
84364989
979095979
447268516
2291217048
47338091
207210442
19691332
232320528
44929443
128843896
426543583
2355286194
412591274
83618557
2271804222
252133693
249957160
1093118984
2402178685
38320062
115373306
14499048
70403881
946528663
15302548
252447857
308663553
904684424
20234549
29021913
9629022
2421113012
144961972
85882913
32331255
35038857
2161101728
629549993
81237956
1055593748
1640670936
21187896
1434097675
264552649
55717387
15219808
2405044639
1286372438
1309369932
297701099
2302092702
130551724
85662591
100338323
231032667
1885094101
2306738563
2255854334
27935002
381417957
84897320
379285925
397548916
261075690
554865992
472120749
77518230
499858265
178443597
123709977
24257574
184255619
14387914
15391827
244785567
440230499
376155979
395404667
708049567
1074273584
478610727
40401646
19166644
726368071
561583643
37657385
60571975
18084770
234198960
14767004
1326200899
206226881
14698062
113946795
107887288
2285432000
14111160
536384167
139831142
354582942
2284063010
29413575
1118874548
267974145
813437790
27136797
16641452
1340963724
1191577063
264550449
16878165
267916749
17315376
407166681
2151004639
1636338961
19807994
154647635
65645543
554702734
86791648
1600797920
1658466096
487227756
19477046
43899269
1570846099
98973511
280261048
1564072062
1323379315
76187849
561491260
718774549
395070381
4893501
1252375226
584477815
147700201
63958748
174392758
32146628
30104897
1099694059
103608839
37514989
150435789
481522132
46011373
17680999
1154124494
2672931
377577675
28484149
233564789
532038261
1593946645
38890470
1246405712
1480490970
612239027
944549220
1347282234
25750417
718884666
525765353
18262104
219374840
42687239
14584738
61856836
95273513
10316592
90551463
470196395
14061771
207203287
23717397
224007770
49506479
46988713
72667522
619317281
75973353
15179797
634173906
145600904
283813288
17014498
787737762
1573873243
77394624
1501139258
1125089827
14604049
248215830
57142731
144692356
1250152189
1411137972
18620562
733448557
1849054003
15409699
176647357
18769523
435563850
507316994
54633059
59313773
221447355
758013210
14465456
416695260
59123357
253230739
241136232
21316279
197475713
1605022866
1507397168
229613393
44346972
1544789480
141972844
154169277
18541756
19150898
1595965291
308798915
191271399
1536771156
279723085
17728309
1172559151
627979646
1513681686
316066697
113201620
60627931
59574994
480886613
1054614390
190960735
16231168
241255197
491463439
38814672
317943107
23199122
45944475
17828845
609247754
115705144
445853132
270247724
820333808
257628063
19476047
480002210
900469742
23100231
872203081
597656539
543414061
231634830
479643250
19410094
295240549
13284722
16227387
358254915
22684014
15681306
69047578
110966797
202664056
1140804584
629874277
1194377066
41030289
249761127
15068610
1078401632
82256291
1251252313
24947616
48399267
18992010
360054369
1079492041
15110410
49644345
39579979
417418987
12035052
32542150
594662498
16330235
33914470
70774194
1247869477
25151513
18750860
47750502
523840252
844116206
602365362
229888557
270975826
808120016
24290348
90457405
132291569
382674808
279166232
17782359
223680582
625023398
551062091
381351958
15576884
908772151
194722641
16320459
991500504
123689096
1229659854
985144640
1249662612
342190713
462296580
255502080
100102008
85652519
50363566
424820533
573888132
577633070
1101209040
52737209
161729123
407804722
34457571
16543550
220126017
1154042060
73529823
289492578
884978100
920253278
135171677
390749995
1220108508
380915970
65353100
16811808
224053671
119810291
24962993
1154812746
447166181
279198135
209298111
151120331
302886049
379967284
193570511
494228813
726578994
17549224
627097469
409518033
586807691
71626061
47252034
408573096
279278354
28487033
174927976
784933902
248340302
431127146
26992454
991588927
1135294963
620514696
16955091
18156803
497691232
813517196
17811145
42721489
612645577
549383417
265671972
948416094
857005160
1020608190
305652813
253240910
594436165
873373273
484274913
16672541
339208832
485143533
522375838
974257009
486133899
915329238
17425484
281275514
12511062
289376224
77210288
23447216
127136820
1095901898
139431273
87041248
1077
14834896
102078380
253202022
71777780
1112648131
19652486
55110938
47697756
863501233
25178603
58591071
352607074
158414469
38722208
843768559
34774501
508550046
26034209
792852361
133640060
516533666
384182912
22143145
607420617
380439633
197146869
709811821
11023312
318898868
869008825
799908589
70602439
201858856
346751060
829551043
874010707
616689060
876892868
557435921
64759568
72636999
552166372
735642554
18699304
49344223
577433246
46640237
185538435
560509675
582008024
34819491
288998203
24249169
21395205
64785295
456155201
900928664
71310977
11918372
64432147
565796793
748044662
14579415
208153889
38248936
49634218
271019680
536905167
36652064
55838512
421852935
48996083
373426843
42229452
18072408
18028509
19711691
604479040
819826969
1005043735
243766736
14498464
159059728
12203722
315431424
16397511
497475406
94063966
317843145
961310041
243285792
39600478
17597989
217364628
199860495
81687069
32123793
135506480
190194322
13396002
740154582
34044539
61978044
48219214
231485951
124528420
103115629
490362565
18332014
21906739
381857747
42923372
16222574
26929655
16205713
148816052
15813073
143544340
17120805
321204266
16584730
273002818
31439926
25435149
45267667
944853494
549441035
452484544
201285174
708428538
705287821
25724916
394001851
78056621
597953232
559011661
97335629
88581667
25428892
481214417
59528923
108483985
849434989
217850010
635205768
15985346
366438179
14837934
17881544
200215816
404785994
17093617
156020838
399856414
380659889
16046297
609651860
21654555
484210166
474203726
578816668
44529626
97936850
22593686
159660817
211640922
15792969
54271747
776411899
174013853
491332318
18583732
113920231
26426448
18189866
455971091
169518934
65419850
92193439
558362902
165622748
562234454
17393561
217483047
436922149
17687266
120267250
226122086
404991882
201843319
69573332
49735209
178525052
522247800
569062771
432651637
567478341
423661858
224074946
239663744
175875334
493196943
500161994
119043314
10748252
20439263
713366982
153558139
342753314
148418872
19036428
109611471
418733011
460451960
39374153
69850956
26392159
14267832
17813135
429319831
111352183
454969186
81426378
40132642
296793060
338690840
15864679
46178166
24564640
33896079
21064366
227284739
52998511
89890511
21209357
72025856
16294267
40741781
347971705
9670722
413365802
405053958
39799312
17192286
618320095
562077112
176616870
54637243
123096738
261691469
334749085
14565904
366658041
28849462
374652255
100444811
575976709
27912648
3043371
13491082
352524535
603766881
125757640
88561123
201922903
16475223
1088181
27935063
417458391
27031785
480515891
21294544
132568052
44773967
15374174
22494448
57948087
131576461
541451355
17151314
9345172
16273144
525984544
333439839
105034357
157430117
296091800
42223124
109424195
117160142
17726018
46046512
123977431
15683153
56742778
253276535
275984322
36944381
89038649
18002045
594396203
40681435
140151664
17292434
468615509
423680805
23618064
260582890
76959901
19071676
14755273
12952072
16933716
301572092
48115077
16936058
199143804
17380878
172797681
18659365
12848502
34651221
14799775
87224632
73312470
206295645
264476306
244121114
259798883
296009708
296336008
15165858
228850459
14984074
25846277
128052201
158275681
19093157
81763066
125746341
103653633
59310742
87547071
250807966
227335098
98356195
60448573
221845019
39690993
123145383
15123270
49992096
273651602
117161437
109968302
104246980
25407858
10927782
14060372
252677295
162739055
178993771
848171
24859536
235480511
24686206
17194090
243864560
19422361
41652909
188783990
154262059
169222119
156791002
36605192
200153573
135285451
2241221
95759547
21966220
94454144
86358058
63248349
193032903
145430634
158413413
61828992
163885610
80110904
16344137
148792881
19976462
40894553
115507389
25310758
86692803
112434632
140419852
141378377
20187037
20575754
46689855
88444336
15964047
88286331
22987468
41238441
129042537
110949957
64286594
122821982
100087260
40970256
52833329
21875520
83521795
114325856
19469283
14169519
20193452
20703914
14950583
24491212
16017251
40007653
37671948
43171346
102445051
30178173
31568473
92607192
95129410
64885613
15282316
100225709
24584402
111698813
19116804
35484772
43180662
106194595
14201559
18463079
99511811
16139549
19196827
90726014
81598269
50246443
111380431
111132206
80402906
87511453
15610713
25090169
48085489
25686946
24232840
18282695
56744578
76558794
66515299
44723025
80335654
17213521
79219765
73972299
48443722
85944123
13403302
64168842
77330022
32303152
76196835
20190230
75017171
64797620
25356215
62212610
18626424
36130499
12164982
62195331
24598148
68138223
24738484
39128662
18577331
5480492
18628912
21783016
34768022
18575889
61176124
30830432
24914600
32450625
45094000
20338797
14639531
34091029
27411704
19041958
45912345
63552780
14676022
46512028
57734322
28613250
55220904
38285116
56365279
52882695
61023825
15422705
34677134
16497754
37957253
60718661
33305233
45764940
55935095
55933213
55949662
53978449
40033203
45945775
27403497
36990012
9553282
33960216
22078798
38512058
18097717
15870923
16329446
22194864
10305322
55805690
59384949
59600418
44762779
37584642
29352252
40191643
22302160
43917359
32463503
18073937
28337011
54655774
19356110
28340290
1734381
57989894
33006313
52634029
24398480
53313179
23807343
16482210
14543855
37568811
36263656
46254126
16397621
45711294
21366308
51437746
42273647
31456731
3171031
14503244
26009167
22290987
15240444
24495510
35758171
52207749
49646068
20270337
31275429
19341895
29497195
21157704
31616769
49975780
24828537
51484605
25600464
38086090
49216247
51457417
48311946
45058013
28192871
30441361
24002029
37483366
25455114
48779511
17419608
27973225
49485242
14785887
36106201
15882988
42397806
49409275
27938907
27163026
805718
46362483
31152881
43040154
43759342
36453886
41480333
29014787
22752559
33592335
43348114
15253428
31835879
24414384
22812806
44149831
23074801
24755334
24298524
19223389
31261715
1712831
27732542
43620449
22654404
14599117
12808192
33308243
22379846
47082737
18412034
20700485
14293571
16182427
22063766
28443212
37411759
16578380
26321134
16058119
45606805
18049347
31716155
44457758
34029744
24628664
28184222
40936315
28166276
43546359
35380941
44108698
16528163
41214392
14166901
38545249
36339871
13547812
44094449
29178393
20336268
28893568
33206124
19038508
20464537
21427429
29515395
27271521
17155650
17081275
27700636
36219632
40891085
27845072
44204095
19102281
37765514
38243705
30667061
16854190
17443543
28755768
40448601
44385235
15551260
16467958
17837285
22187197
12010892
19270988
26135315
16841186
30625684
26520776
23635214
16530559
39519037
17066077
42980293
43046888
32553959
14610663
25827992
34151798
30621351
18244332
29354944
18531618
8527372
36962391
27359972
16862863
39891543
13494812
13135672
6452362
16741856
18089164
26976581
22516489
19041947
29040062
31659913
18834912
33856522
18369581
18399118
16254172
19347202
26645368
29327290
17225939
31063050
25423829
17897772
32943021
14389031
26640179
1062731
15181091
18012881
14070890
10441042
31575232
13348052
14297766
35440684
19927900
18478452
16745935
15279465
14912783
24357228
18791753
7773702
20618879
24090040
6298592
25979185
18485250
30742615
27576941
18634465
16476025
14953544
17537826
30496985
17885796
27726303
19038388
15327070
14435376
8608812
14564500
9905572
27497462
28662866
28660345
20786398
25090903
11274452
18234841
22144753
15068399
22815588
26277365
15738949
23987677
25532843
11478862
23105172
14217967
24824320
23862487
15103554
23762043
17375661
19396145
18443163
17068373
14685025
14782952
18806270
15917327
5392522
14062221
14789036
22855713
15433144
19042769
15780966
14521440
14122514
7439302
19683663
14104401
2380541
1127651
14019992
18809912
15179820
15860016
16248688
20807810
18754728
14877167
17154954
18311496
19195914
16212511
7040932
8450382
19836954
18057077
17930077
18911813
17993808
19308138
16404520
16534463
18193921
14710904
17439693
18071286
14912184
15602822
14925532
16429603
17167989
15067525
18647850
17453189
15870648
15909688
14614615
77753
14194519
8270332
1940581
6125082
14309481
16257434
16130228
16926069
8981282
14128901
17289105
18321591
17470276
17900846
15792511
14471167
8276112
15121537
16999591
17372405
17874372
1248081
15461527
12772482
17084812
16260844
15363671
14420911
