2189638585
1964991720
82533074
901996666198175744
1153720249776259073
14955353
59167662
96699894
298050378
3252
282420853
3181100641
2713512054
4888600459
151995371
357068443
259863564
15441965
54011127
79846067
932970753246539776
187134538
1853310463
520818400
2852075027
900543899516710913
164165558
955597535195824128
89018941
487942988
4911583324
996054186
1102327962
52596376
2967402199
378259736
385192397
74287341
51111863
16491676
752967707277029376
16031984
842550390818201600
203714426
786047748508221440
1066868172496740353
2433920654
23803
16892481
20715936
20742461
14668111
6141832
835621570915729408
2895267929
2293131060
119250381
818282957618216960
21461359
2279685792
1375583112
100400760
2175167642
3351476812
33653473
2382724914
940790522544783360
1094946821665943552
997682274
2479721138
150240350
15814350
5990172
19304217
526456651
535833722
120939036
1716121
802875505070456832
767447099982000128
83374478
130499153
408902268
710911607170150400
35491411
333388974
32667201
327514058
1103351392285147136
1113831803507347456
523024260
15463390
45869342
1934770050
830104900583432192
310308030
25723475
527071710
892219807
812361923304034304
438604270
138254172
1722644383
37758051
2783231383
73256190
4735036513
939622147
873506911
14801863
39005137
131894231
543883605
9444372
909673932042543105
108681761
23193547
757118699212009472
1129541116469153793
1323214644
3867203237
1080584229510172678
1142567510723715072
1114970489942753280
2893639193
3131855841
77324449
3120445851
17042078
1069396688488595458
349658423
63526140
21789463
38936142
100782381
96149284
15635891
1044241
2414878651
24789294
1077039602228252672
1005173434203230208
1140667771518423040
1142283243644809217
91180720
164369297
14425872
1139189085241794562
865939310398369792
734132487345967104
4034079677
48428463
1132258990140907524
15842232
16150073
1171109054
50349693
20405494
397689316
970246375
357634573
431499643
16459183
135532631
286703
196458749
44397881
24906110
752997312566267904
986534667896713216
128942984
309822757
36143767
93123705
501584432
16174267
788414842382278656
222615682
1252755578
175809593
950487589269753864
948003288666034178
1372200414
34005896
1025538004167864321
5614412
985749294
1618691779
29472053
29807079
1001292956
265705962
76611108
4435227552
455684839
884880094388465665
95360702
1041334590768525312
3020217570
15987376
49647270
922500237352165376
3577957335
738580842050555906
24404349
67313083
273074172
12418482
81741855
43532023
15684633
315796524
240135654
1580467730
7494482
718172998541447173
956467090508087297
89264343
16390528
264050862
4879627361
994570293518782464
38448268
191298624
468568917
1568507966
299804123
4832402637
1086176969463611392
14578312
789492350120624128
807809818186682368
96675300
1123639140
992172424878804993
167024520
16753660
1021781529679355905
40303521
11342242
963770903774613505
20461348
2639853499
1266209922
2856371
1021155677639782405
9281892
30752163
2816039779
16192218
28909725
755604132505931776
4794418649
1059757666266963970
17466132
19697289
358197053
1023842265532444672
49825019
1104228390272413697
17194085
15249113
705330458842701824
2889924959
130557513
285144044
1366162694
14751849
357606935
735705552567685120
16593057
2780171702
325385270
219718241
892451637536731137
2831539793
95518830
251705888
1065448404095037440
209637281
1091467681717411840
2232352123
274664322
173630577
1092453552314822657
1102283859847204865
1070735143604809728
990266654675398656
30809782
117450444
774981674
137512415
16215201
16370091
453553264
21733564
17505533
3461042241
25242851
20011457
2922105952
16378486
11702102
255584407
568761482
747603337864941572
3957945927
758268288342163456
1067130060187058187
24752038
854888797128990721
31022623
937840385656725505
15331408
2804332645
511999456
2843108197
102594136
2537753422
637059232
2639844380
1028011483890950145
3261777894
48038024
327660426
3434296053
14502775
1107627762628653057
148028293
701750402786717696
26817726
865945390562111488
750022168675688449
77583
785209740
26008338
97106823
454099919
751283435382067202
12231932
16129920
175754771
22485748
216861914
410380828
27568840
29947296
267470228
11850332
82016286
254873869
703664485593014272
48106427
53280402
743315889123033093
7864222
19530289
244787462
103761819
817460680748044288
713279911
15534474
802714585
29266665
22100541
833159137554989056
95021503
15667802
775870976441589760
921106844050898945
300354212
20094409
365949960
27513314
326255267
63256648
184128260
31122582
31013444
435331179
96592544
15712097
104271823
959297857059631104
163718434
14471411
25466022
19206277
244881610
86327261
2993600177
35865157
19638751
1735442838
2432840701
2394640350
74199991
22496235
3311315345
232341897
241911993
14205968
3039781324
2209742392
544506033
15467700
756146068652429312
940958810885312513
51547100
16116519
872460123125448704
35505635
43469833
822131894540083201
17355668
889745082
16816471
4862156160
20438811
2513432804
1626904404
496351012
49130953
15534227
880018682
816181091673448448
14367669
133818287
2704932312
29143332
1541981712
21225519
22118558
14235543
180535644
963085467880222721
885717482576551937
362246318
121489431
13524182
50712175
175114195
326412173
26951743
38428725
46270311
36222961
1924071992
94721259
394154071
57362322
79611540
470368043
1078355119920562176
19366646
50097837
46825365
92586370
16369805
22691359
70144495
884650152
2314055840
121528940
1939767962
1449296004
1038185272285044737
15766082
40353407
21346365
1034469513385963521
151274219
383339362
3249651
944733845609484288
741832253307781120
409648789
172145144
1036806547706445825
928043216171077632
1026468874340982785
2502466327
330105456
208643146
960665106211319809
16227629
19847709
46197784
100849962
2792061861
15764644
292634416
885672767827333120
3432863533
350953614
2271638589
32232539
878407726551924738
2657343812
752335672564916224
104914594
402888514
21001599
97994375
18818473
2436474774
25535595
16582131
444245471
74033044
29979814
53503202
2849102111
466992330
798168879293956096
856463624583487488
191469176
1636747982
961014921503834112
3621791535
17094311
1566746503
137440152
53294698
216912174
16428731
1661002922
829901308958220288
41636299
35494970
805077004005625856
8392632
80650058
15212307
136476512
2724049735
24254084
3143422488
1067871712958648321
114896240
113056960
59469631
592019229
40291925
344971313
4609688178
3234676147
1365343873
835209278600450054
15370019
16269197
43412697
17261066
22588112
228388756
335060282
109865107
38445467
4685953284
905146825
1192335060
1576529215
871198681
2536561231
2157182570
16314021
1110153836
575568280
344166758
18397519
128997720
956613455334821889
19925278
292092444
561516853
146967921
39159473
521725990
261991370
15407632
210576889
13168412
957618134625775616
3081856324
564511791
954476389184438273
4516255048
162436508
716790957262376960
268416076
121795745
81916683
1007263892450496513
15789259
3314664245
138168339
34698369
136406719
181278003
19237409
3218721409
808889089
12609882
14278608
138460384
15220768
467823431
703596972
17791581
59582985
508296749
24512942
774129326
24619641
17152067
2182532586
14834340
407387443
273700859
15676413
243383591
3194818711
3982977314
933556287278862336
2163367867
235971053
19412785
48071844
579299426
26165922
11518572
88357443
2381380914
37586090
586193370
602813224
37738073
18533219
1304720396
15481606
705398097975885824
17138634
458107989
532690100
248482567
75939860
1964971663
376791248
49031364
1011715884631511040
1345732374
617619927
330648062
1059520534248071169
70195260
798251524631707649
3380529376
2966770391
15926029
1008680030799613954
698919881547366400
2885543426
53601471
885594949
27890538
3154582156
4542270083
22783783
12300362
286476728
1512244351
1210383974
17346158
324464669
893463259084402690
426802833
12272322
70410371
726820180144312321
883858209089490945
24871737
29995782
14210705
138553754
2972534080
813618674946949120
204103565
574020783
1347314654
2552598938
377683201
30657265
3657331
2463644901
700432586720595969
730426560
543778208
21891609
776765222
24880842
14413466
105327432
964600943609372673
176310281
424240008
1249711
2820083725
117844860
283317023
795032370
2818006082
1664075966
966354844754894848
979100442
126062842
368509167
970712083854749698
452380849
285169789
1055622032384245760
22720365
132650493
477427704
18126373
33213413
864581823048818688
28259959
28198692
2190852367
293178269
804035274523213831
918608921929179136
2827304406
3046883766
429531188
1152928454
49602841
9853212
103710407
2589515736
15730108
2771327900
497826089
827616111898271744
712231896466505728
362111287
372891057
115765887
618359906
190286772
2602262088
22737278
1228462620
234186830
30988436
32531887
982618105196240898
2914051
15896350
28619054
149626146
967750327071059968
13954542
74824474
776408594
872127487312048128
445520291
65240253
870009800138084353
3235594217
891040884531351553
591777334
350659057
822654883660726272
175896891
99297884
338608917
16829875
17232177
23281108
124645854
286871259
95270375
904800793
239499378
866121806
31303016
13117042
859590334715760640
285758834
243949070
26186655
821035887530311685
72290565
216065430
817208208888655872
20818801
1000008884424265728
989928777835675649
808108063
1552055593
332494453
21598836
5990782
12702042
557350116
19051617
2586054114
116319183
954592231272472577
23124528
240070655
908738259190206465
34949091
861919615752044544
21905155
22774047
320795251
582198022
14753225
28654635
767
731167584
798599617696894976
3233692438
523447678
1585983950
998345349742907399
897851855694417920
298299421
887363635692969984
776066452394606592
36261242
859959683901120512
26616341
14165865
18377624
1049497170007724032
784907407730348032
57863
47646101
828060629500035076
869566529934962688
702538484679057409
798953701972938752
2165552557
40306315
821095334956961797
1039179323352203264
24613245
57418132
244813279
780055174140211200
17890757
24709830
1604931252
22929686
16436911
189376144
21020526
1017588475736936448
264924050
547155318
169049910
40221971
921333310491709440
1047285998126878720
12354832
1566654624
100802089
495451972
14125005
983489505524056064
334178844
839188838593540097
29890209
2401608757
1732257523
15324851
27693717
18986746
2962285217
15980503
33537967
20415041
6393032
81710054
589481114
14335880
127628293
96194418
2887091908
1420467234
77907514
18751963
862874165581418500
1931190871
249518485
2975953301
413274241
355036400
14270650
94601392
15537302
296371130
774510134
297727107
2369949012
43840011
14324883
29501253
829100584041078785
82435291
3188367490
17504991
259295580
21786618
247119832
128429068
183856274
72804450
80135530
2759769840
770735350008389632
26858764
217064621
979144038
590255933
40868651
211643692
17425181
20719205
41543268
3461132476
299798272
16637487
28541752
397526668
2509461094
2330243298
2127651
16247719
2370768564
881336677138128897
93689279
42995067
302338289
2400727555
958751425630232581
981246514537422849
827198944480546816
993336811
27935155
353343665
3439541489
15498429
868118512702828544
709818246728392709
249808787
968714309042925569
1006937611682934784
185360823
138936592
117858323
854528323531276290
1001113945170763776
2846430129
33913156
432676344
25929101
774407512598704128
803694179079458816
169198625
382685028
110772878
1031403523
97474887
57029492
2279651318
471600655
1029922160519925760
270919570
17916617
146160591
43963249
15808765
2863996955
432631199
214488120
4637293697
3331634031
15576928
49631876
174406574
85583894
46016923
709534326292140034
4645368641
136704141
186127180
19086859
46972063
1495264999
828596979160797184
950111395378597888
882958562296819714
2212905492
830593660437819392
1560767966
2612770442
1019973887730376704
41716847
1899926606
822591807821381635
3028468678
1026736256
1032989500149039106
1707393181
459954712
18824442
173152516
931368758412800002
806248867306074114
822667549
806855634146705408
1005194350492610560
43572699
154614128
813772855586471937
818513652814843906
2848771
2366113867
135583203
16863340
759481842814726144
131236812
217005773
2534803683
278124059
20904490
293855318
1531628382
158426909
820443423475953665
16480563
110727296
269940592
130945778
848926459326603266
7768402
2464799684
46317405
701794592
895740915590942721
3179451019
124663869
920491754
460408325
16673982
38473215
23587065
746051834796605441
903930399952441345
920023898154065921
491876943
613521766
34792486
288078981
236575253
4013838856
2545069992
111710821
857243125567430657
52553230
266204102
39910969
943238593333682178
21953035
217183011
1161143221
416776965
581145322
225912156
52037007
14166292
14209885
44134773
224494638
186133722
17539385
23908154
2358563918
1011331705586835458
960649556
44951698
823316510139699200
42970367
2869858477
223201824
3082986275
211179849
39351856
178929481
3157242513
14091477
43786425
2948211
809115114
73537202
130047120
17667706
163865507
759778646592741376
728604440
113064158
47991586
768285730237849600
600522945
2810296578
222885676
39286658
133343254
30395567
48894993
20162581
15101900
756903193901162496
18695134
1398759560
50646511
3278900552
2886437452
52511603
928599099246632960
1016006134161920000
81478236
4842843378
261980232
91386979
66213051
827528323899207681
25975036
880801071052062720
643653
250188760
14729597
810186270773276672
318692762
963176808
3157736703
66175375
15268600
266697434
1250179962
290011697
907096342555639808
14519030
14096763
2885239252
19700387
14707266
17453548
14857764
28298653
41432796
957024441338417154
3232933083
15009761
1049306268
33989747
249346453
55790584
2365327029
14246088
1614057440
275192498
15009049
120329535
16595365
1492452385
239949176
205873490
21588987
235460252
1240280636
18464266
8548612
973018461592006656
31592705
14335586
6461462
14933101
163502555
218325695
1410410712
33435693
150885854
14176514
104328630
15816098
38441876
386001751
716432228
16753540
1209642294
1610703602
180107694
23664429
3333055535
19216216
33653195
45516390
15644999
14155907
15932715
2880197625
1566785172
31127446
21696279
239884649
26693537
15837659
211785295
1363769263
47379354
99202925
912926138
8191062
342721030
354238804
389838823
547747984
754969838
19767495
1251785912
210090933
70734084
950952511556538368
103116485
14298769
320394636
14211946
2214958910
288277167
726510266486280192
165944767
30726383
427757922
2664029996
1032914156
50457743
375303819
814974050288205824
169775701
1009161753563807744
1009856160432906241
363269363
361929081
2859448331
3439164489
250310762
14164724
1058520120
48144950
3214809863
186333296
235893096
243873800
26650974
45677104
348641825
354453098
1242580045
14146966
340466229
115941650
594175899
33333620
309298363
755677202
16634508
257772382
4207961
278780199
18913419
15717596
34113439
461697741
992403769945214980
48185277
3308171
17204204
476256944
30354991
124490608
231510077
94709887
919233492
2713080925
22842415
29201047
41358714
1623034315
15931637
306491708
250307159
625070495
1408736972
42855444
17521384
81186186
3033126979
900077610
20186829
28271449
1418394145
825542827450986496
734411522898812928
972626280876265472
253822735
51259550
37970960
40264497
528020596
498892286
997514306060279808
45499837
18691746
112949856
829108112070172672
459872442
156846320
2798873679
820648226323841026
926269727663673349
129912382
146250468
113553566
4357084937
933066875864576001
25185001
48254999
65272235
994153802
755495288073129985
14552725
4831402358
993924207519191040
197496309
223166587
783647410849480704
797646860877971456
901885438000070657
31069618
4912172412
730161596459163648
3329847106
3068460167
885564911979507715
2567365058
515942271
18428796
17047265
2482954747
957702359605444608
100238566
774409078105788416
3733315520
3334846930
2465510239
15922214
198596758
763838277908561920
3298774073
1400875652
2950535441
2155641480
16714347
1414713511
839506007218757632
1006392572
780206406024691712
13461
983322181
142952562
19717244
16227366
629714184
898691
32671625
61623544
14362404
18766459
142018794
213865224
3432287842
959082058181169152
19255130
966870322246029312
956358436882546688
588770591
1929198750
24971644
4195221
16050065
1381015116
710375905873494016
18602100
11395432
988572698900131845
875460560015343616
179255183
740828787953270784
929399289436147713
164397041
711983840
385522168
94215989
995889342512943104
49744953
22019881
4292624962
631590094
45961521
70326725
14377605
25375836
1087088226
846459814507167744
740845249
15445129
2288806987
27384718
241747976
24344973
16122373
2975773372
584797578
159380037
3311036150
925096649667567617
266269231
233364902
17837051
718928442155274240
988060634305744896
190491132
887726090508283909
1317129865
2965150132
519506663
91377850
20659443
6742522
9267272
391100856
1925851
116730408
715861628969988096
16438248
31698478
785461610
740534981143990276
1511250390
3091323749
17289151
164679813
15574998
2184920483
288575273
15642209
872946176877887488
72198806
21098812
14594844
18758101
848872437425070082
32555046
336851461
97630019
204894978
44535799
809885550706425856
276758198
64481969
19422491
2793522688
7019512
2401975454
73385250
912370283268444160
267915933
150490640
3337813632
64746121
20877705
742812465390587908
90711442
267856525
988
510464011
44977883
978833629601259525
3496750663
127950286
723570389281058818
109689756
14630261
736693461265453056
766863587088273408
108677993
16247277
22441208
832429417456660481
18137417
928448064
46775436
2174482088
110189578
17672825
24165761
755504
1405493413
533220539
4273224434
38026753
889461110067404800
18569484
194663014
28188101
681473
2832120070
109582223
881198410941972480
2327251441
88474311
19203768
948358354052747265
223521568
2697912192
174873393
41956703
450112697
1130042420
595245502
251918778
5743162
1175221
8198012
10924842
142012799
233374829
241618229
1505989448
1957655876
16496165
844520976759111683
2416620920
511388120
4091551984
2983703761
331120729
832843358741491712
611966599
1426518325
749838738
27628334
406045135
3240103368
835762912996249601
956706184156807168
557232983
260624279
15825577
55989948
2216668447
930178296
18697888
977911415079129088
45511355
246633581
322433558
2758342215
48225609
746797787422023680
2983250529
17642747
63242060
829773470
965853302570102784
2619338408
19396256
135634594
168318726
857037949
2279227387
467924781
710549160366358529
969745661473280000
21267417
53082555
866426699193491459
17907987
826467066937016320
33057171
1223071476
3195274805
3111268847
804176905196961792
243822289
14526877
1138027159
1969910965
2297077633
384678464
964361253274632192
724385792
39356200
970101309914472448
14649254
354356571
315331161
843544559808380928
21879831
1453136347
52114986
20508720
23112729
17323992
35907888
965799585888309248
706659482277945345
239899623
3021354107
802605231582445568
101344552
102211940
63047029
21373560
938891616475123713
2332617303
2266521313
26356989
28867988
22310731
3683322854
22187085
15281008
20890097
23031094
803297783629365249
1180238155
161555452
15674736
1280288760
74589393
995740483
8802602
16857208
971206070940119041
44014781
218975278
3102959943
16117669
537918804
2842828370
12919082
898967792753487872
15985111
964032914626359296
607609410
1305544802
3038333566
91254133
731855934675255297
198241550
1276043065
133423827
965015705123930114
1134226874
821387408
955016047
1647619146
968280429102075904
46213956
921169034
899665432633892866
24709866
798918201107251201
587536673
234857514
3289457123
68752979
14370357
85694915
21316253
967341499414405120
2726053012
136277952
965266179836252161
257886199
20110424
49534640
2516599999
17152685
470708968
1970026129
92892764
755057897583804416
400296862
1915033663
406434230
112709990
6844272
1245969108
42666193
599469717
198848442
64217337
16638041
634734888
14190948
371532856
2764811815
2586997621
990264619
2463848636
1787201851
14860042
135173872
396577487
12565522
14848157
2387946744
595774618
21870081
1966075651
527630229
835740314006511618
14450709
829848771915870208
959532381488238592
901311014
822995966504615938
114050808
482708367
863320472641044481
225970038
821782476515409920
589621915
192511759
19803953
3050220046
366514970
39155029
926601
14295976
233783568
14247236
3981635482
16028034
52392666
47983954
532620717
814454612270972928
1646242405
14183384
174690228
612896910
701725963
958091916112953355
153860327
47438403
23410776
277621843
22143372
2283620132
18810140
22417382
33994708
3665037322
243428457
1347676892
38354090
825459154525360128
460543491
47747074
842158495759781889
816746992944693251
2283370375
825518870421180416
54617733
106021590
287333780
132496568
15522308
835224839929675776
35476723
122712760
48120914
2477282563
20030478
913123933234266114
55376380
36809340
420694593
6844292
16635362
350379608
30451813
97516144
15923797
2593708296
50669520
308439963
314700035
26642006
259581767
783487468964163584
20919626
20100312
49215555
13037922
1589251639
1287192638
232869373
69123976
949934436
859480497902071808
845785991910584320
1507338108
245373521
18076044
2563981926
2338702590
15744134
38705128
3057895606
778861298729693184
3078650228
243655287
30808826
42174000
820705814906339328
55375470
197095963
75944553
346760744
945701932852707329
308181935
786309892990574592
114549551
2409347102
468016891
148529707
27792033
19890160
61838384
16651282
17158189
980611
61592079
1106501
392344262
34423941
52226304
933000458762891264
147657826
820751756581892096
16305370
20609518
76837768
124763921
568519130
2344001906
2979059877
6601272
221266650
17528931
65287423
36809520
62909099
22302678
3497941
849638486214946817
3560870426
56596677
118959564
38262378
1297418748
14855994
24196684
178883082
8690902
27311204
16580249
19914257
128163
138203134
2382106993
107186754
716564185
2260619350
4560982642
15504603
2968793319
433440220
489475164
43375503
4282171
42153941
1276194966
221146505
15893116
835003932321677312
917160033472929793
55948054
857063461469245440
14320709
942422990
163436555
28279637
120010863
17313252
37990581
4763866872
16931273
867350292
180885558
11316472
259395895
16265742
794651044450041856
174077854
2279883714
21612122
38516217
1002513128
274294204
206454828
14188527
913945418005958656
419487011
15939889
2735655330
2671556916
373564351
25728193
14529929
2334193741
619603
235196204
47369957
15660641
306544158
474232856
111935889
133446668
1534557020
1154543316
111683028
44632544
161507331
899416613304377344
14817331
929851070
22429979
293131808
16453044
2495118186
71048726
2230312627
23034673
72348113
790737289408315392
25734277
22522178
43638469
123332120
149937590
3242568991
1514027484
155784594
294282221
17086596
186667011
50966681
221228044
19894711
41184999
312084266
784575415457308672
74820061
924046650
2235542477
2499418290
942156122
38585860
123327472
102071743
599755262
32676231
755925122561642498
922186927087980546
918169628
900808914572386304
17601606
800704496246484992
790993096213430272
27149021
890740768863899648
469922407
764476890
21583867
2586370488
785323843355185152
69227039
380643826
1460729220
702977116778971136
63587061
595054855
1468452595
755501188741750785
14819030
126127920
151444950
820714575091748864
138007573
716813053
340613443
82167518
2407031720
3044990457
15914126
1289674926
15895565
11214
29587747
172373894
367873443
261023298
136033062
2460047754
65411128
106788885
4857898433
7855062
14007912
52472606
948988314
2291444360
4541535439
94013297
809420163711909888
397981797
84734907
818646699023290368
798729566126829568
920268830152318981
761167885720956929
14584922
389681470
119972954
21611239
284011134
897647196
40684090
152194866
28631611
830483278117343232
19347238
84653850
17491622
62604787
16513335
26402448
2789857374
37461656
21728303
40238805
450921524
14404182
137901653
278747859
18509818
59471660
3164516635
1206035390
386458740
3315658770
519072324
29632892
557217001
290762810
2365729350
2329156807
36712233
529140270
225193809
21104257
2292813936
1546412148
344897960
2432416417
23450242
1017637447
156653779
73206956
29358147
603268288
2626545685
425745533
25387735
27862742
19912781
14328075
3093248920
101518746
371539066
42971403
2223157392
39668527
1871249569
88921712
3060489838
163154809
778798705
776208346026086402
2640943040
807787133385707524
197233187
702842861247713280
309103762
42101913
28162211
584041637
1715851088
1391289222
226222147
16409302
41280851
818277212348674048
69986363
19734832
247852986
17954385
8719302
253152109
62099456
84737042
39364684
16455297
15201076
248884036
21884579
21134925
312145753
224456162
2323157846
835501672575086592
466936748
1473472082
20068679
602721749
16723838
37011248
14883212
291490081
18535471
797869498757955589
319326535
35586563
98509211
378832111
39000115
1703468263
7632132
321738111
33561428
16483747
4834580908
831231680828485636
11744152
2968635633
22799750
304011481
108083058
548384458
3300649631
15736836
16429768
590060558
108094234
18730967
339791868
69714614
232913808
41419199
168537920
2167245332
14512716
83303544
730873015269883904
290180065
25396156
252357183
9715012
2328421
858557520058630145
17022627
15433693
576729750
17013577
15645913
120995738
16118322
830539349661978624
14193558
14617155
255778482
3393820665
98247788
713168510273200129
40079154
273829582
16684243
2887026221
1394616440
896453686582530048
53259553
1695197929
153503737
372536101
826184132442992640
41577587
27306129
288463244
192351844
16481060
376243560
2659592984
2909121678
16426425
172534842
24354046
85165134
277481569
21724945
1893631507
60819052
792038436
2523575358
47285504
2610172283
722516198143840257
465791127
740726107155107841
16514511
815535641270349824
42144884
126722715
1577786485
608312707
21761578
385100876
42680462
17027632
824369876013879296
302847457
313084017
60710638
29842699
18020246
830908366377611266
16527091
16187815
3285563508
60610778
18373586
900361274848157696
1268520847
4625037762
160720376
156370318
221011369
2518729855
20269254
1344333631
2359670028
3184574881
809950501538304001
17175139
14372270
3488471
28161405
46775510
1196803608
219999111
1380952794
3184391958
35832141
15013405
2984679029
2353531100
3160789361
829181435730866178
786008935534764032
805821989336313856
94226348
598947276
24840588
529443116
288593303
2967024494
80963391
512225400
34270918
49531487
815733290955112448
758388938
80949164
22832940
48088050
832057452644409345
4622401
2930272075
830449876307685377
21536902
16176691
21867341
307577710
2462142114
1075481690
24293544
142116606
19107878
13110812
14720959
858924511
3075747362
15664858
29961794
19085610
51781119
51985805
437627160
796230606791307264
816974522008080384
824328604557463553
219236707
390474423
16459415
65698096
14965418
2879736173
238388087
873209232019083264
802242895122198529
807762712260411392
2906442505
262856460
819985380502097920
19682187
405212879
18129606
2249989106
820354372827758592
17066022
37874456
17904829
3701226677
592982462
3242694914
6825792
228607003
3842990952
87388123
891380124
68424562
773107718
1244622433
1163780521
3068961197
307033738
61561832
1853077398
174312391
1571076720
633253034
23295813
86845693
29870610
304327090
3016025652
288363743
18945736
63779496
33540571
1180706054
484242874
476641614
1416500532
419062662
42864649
3078583849
184187311
14381110
289087494
2453465557
33227334
787431098141839360
15435489
92186819
356407124
137096480
73238146
151774839
860555190
13074042
15706882
207617689
21212087
871399297
8678412
3223426134
282709571
3881863108
13665642
14365259
727341169701707776
15251388
386915587
935332760
1613870376
2444425802
27538577
337862963
103339476
71502330
64658763
847604654334554112
37529641
756013246767693824
430740213
887025922959921152
3843165975
33326333
739849051978354689
858711436377370625
424691485
299077590
800469501863022593
55525953
2202163974
32871086
23354190
8062692
412591027
874856159731208192
20169711
482338695
1402174903
212674482
842016439225606144
872905225572634624
756161817190207488
64209556
937499232
750502042360176644
171313785
1385861262
1510918164
2807792942
21268897
2558507040
149249831
29770501
875029068223315968
15533931
3022037906
55640170
530934930
328174624
43186378
5699
16504257
2459771455
645943
17131934
4342036702
854112471581327361
3004282527
835539565293232129
16785742
20474813
386215505
29363230
331036671
780606002
3257063269
35990109
225265639
57703239
839561817617797122
89887215
2490357524
18320938
21985132
19463693
815266662740033537
46822887
42518865
188873851
15446531
763957627
187518287
342803375
1965420800
21345700
1383272101
394724132
2707409988
2825456633
347519947
842147726024421377
14277652
47999982
43394038
800938005682798592
94871801
796910354781634562
1912175040
23553053
71220852
6974622
38507478
19519071
20809407
293468474
166154026
779466668351361024
4600341193
37456669
8942382
1059273780
125481462
1552776714
297532865
256363817
186755547
43833
24618459
1128886760
856315064
862885557059207168
32935147
787373558
2289770467
57446930
148780843
14106059
246939630
36401728
1183232918
37534994
13250642
159108009
407983874
15742985
1247464470
11324652
776402106
263310916
60644920
67692728
299802277
115589933
837679750822957056
2666669125
1023133279
19725981
495758948
19847765
2479947510
25219709
531952689
105623328
159955958
628725716
702345084356825088
222621266
97363462
2786390900
449479332
746146108183879681
122159557
1483721365
709897619888316416
831917242468163584
1155497149
724802568241606656
246560945
15359578
427505253
22483298
2584449696
798776204891275265
9537542
14154231
21355225
16528258
5424492
4099171
4010618585
41727763
5011881
17964371
487103501
3418972445
1305723518
799316642199113728
813333008
936961322
18009711
334838072
846152735460347905
824797212425191425
36252186
442745363
187434291
359600011
69318420
114216255
784519
22816767
132029493
843771913231093760
3240983561
300642262
1167735445
85728309
47197725
620448809
452521774
266185341
18967229
87532773
15464697
65375759
2172923067
19116165
103652294
42958829
15067515
60709500
187289134
43180237
34641838
491631309
61734492
200100188
1069097965
326177012
1957569859
310026299
110724497
18337283
20957491
2944953687
42338524
3230388598
89115813
19281751
33037652
938344314
170596595
20744708
18343216
545630206
1856268535
64729812
16130058
55824419
286374328
1471542956
313315283
21702539
250492272
1055907624
834081571493785600
30425120
619388623
15667291
870477290
38879572
2244340904
492253390
19471123
2293315159
19467131
750331049020952577
800093404025667585
837476618016731137
3312686283
81982525
1480852568
1467758983
820961770697330688
19750159
800707492346925056
14132172
226976689
600716597
836803608448499713
18822821
863792935
174847568
322221442
335701351
226320142
71643224
14804579
156093276
16004270
449588356
108672937
410444393
52052011
24946505
1208757336
1065135901
1563167755
418176225
34255829
205299497
18549100
80116805
17621578
18206651
437807543
4601174427
1070005202
1620556356
20660342
1581522368
48357731
580312540
33905617
493714995
30409200
3051869139
810590628727914496
713925131786129408
467726691
19176547
17060020
275541233
26044686
119378319
14849562
966712394
14437914
19726613
18061669
757316918
775030998
803438974484221954
459483899
14327149
30989098
1038630643
19444865
14515931
824720523904978944
37920978
762843142949249024
87359651
20731652
24889586
179005945
450687950
778352879618953217
94418344
31545749
398490298
360369653
177335809
36686040
15996661
73813227
826213096477904896
723185462022565888
2816403979
4196983835
586
22771961
2230363328
27576090
35418734
15816595
2983206962
29442313
139732111
825143319357304832
12668172
25370313
632343
12267642
215501778
745395452523089924
2573480784
117539435
213914378
1705300957
21059255
469973314
824320219866923018
32522055
3240143771
823565852922576897
110890615
17455195
1355325698
800459756292882432
25821193
63262233
59012656
19533314
807238593693552641
93865392
1522468057
24881388
70725281
49986034
17949255
820077362
1110191
362195760
317745935
1691666078
16326882
252764352
48035012
69981241
80881099
70140289
16168359
348082699
767484720724647936
4538732655
20403018
1066198298
206283535
1357975226
14384907
712420588833214464
4250219592
274325818
1052994516
132651775
69123273
86129724
125181345
387802929
488627846
2232054954
929029531
115133905
27055034
1183041
2316383071
17264476
1435074373
22273667
21522437
2995188801
142849883
800942537083068416
791446475628613632
117262403
51563953
280461866
26195911
13019322
32303435
103671206
574568572
15594928
43227329
28325059
31988652
78688357
30719596
1674161360
132747287
24190981
2315677866
543043035
346353711
307548363
34802665
289342771
16857255
939484608
2942327259
1219824320
234059290
343800462
752499373989326849
120153772
6981492
18905119
433439383
17303935
248462774
241382835
580097412
1133701
21700450
809887021
19685572
17974481
2538928065
15103460
705206731807129604
1187936276
2828854611
85131054
14117425
8715542
799047255378391040
230492604
16960904
229900664
305318105
3817401
22278303
783072636800634880
69004966
308779730
24322716
48787123
372483103
1548262207
4624845072
179721795
3214533497
47475039
20323661
25598396
14604132
5324962
11008862
575999970
16002085
2922928743
27303284
14606079
728916072
92143477
303569935
545244617
220226736
3471901
1595809370
79365337
793171789
817083
86650732
822571
519769200
4638872477
2994028367
783792992
39617149
1250727368
281816717
16819263
251953229
58945187
13393052
244743317
107629065
18267504
1792511
26108441
806585
29865606
61542667
928566636
2194965057
23337527
432957426
3027255651
18838558
782973815496192000
772738277648588800
2730066025
7782442
474643035
22148802
612365148
18679517
2426
756501895502438400
46220856
64496701
1083143204
90746345
13256152
252791434
174434226
2730179911
744141367
730685341
18886228
60893773
3010731441
3179227555
1552120656
14530788
57438280
743167326728523776
1064311915
212325799
5511932
32780218
76693206
2216041938
75797367
375628510
1244933106
752477481177845760
71082732
58031243
151127887
23715059
15949242
1363049263
139570026
16177639
314202511
331854460
19152977
1483064670
13418072
169497855
1164293858
23116495
743449483036475392
12096202
520087088
127375220
165885324
548704933
25528927
48888320
119625403
13015022
52946095
21242484
337563460
14981648
214622133
110326494
2296434271
384239522
34153224
2328002822
17006157
403070695
125227123
20772763
731132367058968576
3827006421
2301786782
522005095
18164420
38029388
3327720838
2232274974
7097602
14382523
4800423616
8932272
321563970
2858459430
18077737
720004950378561536
3034820693
63147146
1506102696
3742099874
49698134
44562973
2967544548
1948250408
818194428
16146606
47216804
531173313
74836761
733322844
415075929
2702734410
17454341
81637722
1339835893
234555347
128653544
422856250
86433165
17979038
132974631
14056532
4168330035
27187343
2944265486
478292808
733252473981415425
1244777868
2711268549
16204159
17957205
758660937091944448
3283030818
19500844
7790712
20565876
754463881972547584
16588111
2151416029
130496027
1972565833
27603
15522077
2646288187
1873611
235263667
613782239
17116809
6904792
300735398
735854810017243136
359584190
163999320
23412973
2925683535
1181663040
4347971476
47542169
20568890
4022411
2440258777
3051436930
16957321
524501086
15237501
4699964858
735627367926890496
184513704
928481
15127834
3107789363
17167572
46955476
227010728
17747638
3840640154
20516504
203340868
3456501
718070883483533312
184131631
17260073
19790740
15862440
384597895
15102849
10088702
3433130271
897861037
4075456463
915726438
711373933681836036
552338260
97097872
15804156
18986631
19940001
14799914
28356911
93305763
22161956
22270118
23232640
15063289
14065775
70784139
749891210
729823
3230864579
17466546
574168493
922974936
228794007
77010084
2165060666
413184641
227452515
532306615
125694979
460155962
24952232
659933
174972753
1192344661
225096034
4830441555
33885800
14149919
25770041
2384520766
3047928303
334147483
61257421
14625322
1390426512
10454082
23104052
1252827122
970207298
20479813
2548985366
7852612
4801923076
17927372
175098387
6476742
14950206
18519547
26259576
37806465
19166519
753203916
20800328
21238841
152882506
3371376807
57741304
360650298
37682055
19185633
61242200
243896198
1259043697
3214598530
4085908992
199941656
100136358
16324230
340948377
3970052357
3946483937
27546319
7206052
17604915
135604500
14173930
119837224
636586551
458733840
249329330
14755492
2848340942
18710797
2195671183
40375187
1287607981
2882893927
3040045550
72072891
12193342
2763303600
3237999706
2312408251
200715240
2688148651
409055353
21845121
102788198
84717566
791077327
239509917
169326420
135749583
1887256387
131752497
3123134588
2595172321
2851367637
865611229
234191560
10212052
2585893555
130566838
17898843
105345188
231149019
3303647447
2931648200
29790944
3230052541
182576653
1249507332
1029839162
1727942791
38798614
976972339
108997555
217760525
453892183
20352767
3220069007
11008752
1346119393
1462835048
735855764
479004438
3132342044
208725869
6146692
820585
110305689
1716581
14996251
3033204133
2469183276
4265731
3060239773
195447741
363258118
47782054
11197
26028780
373620985
433332968
16619709
247034798
2515675021
321299775
464212573
60388123
2192592792
83161395
1627640846
2865839044
329700504
86336234
183932683
172418264
121869155
46743752
156920978
247610675
16955870
19129770
734211721
142320786
7745472
11217352
61895124
9377892
36566244
23980621
18793486
49793
375801620
40631172
2811369053
19119809
15500649
97701898
26396117
15260270
2319108198
65260792
1291770157
17576499
376618837
90060414
168717947
14902335
20964111
13851852
2618398655
2395485534
441560048
47509268
433665697
15091003
166022406
740109097
21292523
14807898
208442526
16126874
7277852
21765477
102417054
277251270
294176651
111464203
18494510
608171558
18445143
1117836660
22512172
112751561
15865878
1708697010
19164928
2234881
1935990276
14943734
55570400
267256091
23818689
2857572038
5149
283710953
90992943
2458488036
15519544
188046098
705174631
43351697
148593548
1321139442
15039770
25248496
83130849
52179618
2826649100
362042853
447358332
1728313302
103865085
14337485
301124875
16892311
1526228120
218733347
1532561298
18582812
850107536
1436582532
47502176
19683409
14850190
5719942
35183491
2752263933
2239712622
18198832
2429157529
1908658268
264964840
83002087
2263135702
18655567
236451164
2558067834
129526938
20079975
2646826238
43376235
81934163
485746897
31508216
1110057235
1320018187
2167508618
556870237
330921167
29739700
499099525
1910771
2482307124
598540507
818284082
305015198
82411462
2480079168
935756275
17902122
14075836
2433568194
405033226
115710058
48247672
37667823
31448660
38939335
252761153
87922339
34739408
94381018
2500598593
31869934
36728196
186718830
2493530886
20406724
1104518731
309079372
537010391
14713705
34668858
143156249
186476723
531697681
16522818
32994132
2370971588
944760457
2274701629
2262399740
2159593434
1938931166
53556709
2444037757
1396457990
298300526
1041578714
1061623501
256064163
293116923
2245934114
425007261
14420872
12415722
14078317
2221740170
375432180
377951364
16583577
551600672
17971635
19767193
2411325788
36556587
16789581
13787402
28583197
538342587
1490348881
13784322
385187734
276967313
254791849
1729165495
1543538496
85615231
2303751216
626111072
6820932
1620774595
535421921
377784881
8383552
37378026
22659609
1410422706
20731304
3439831
17133708
18805477
16629477
49229571
27431968
1201186872
128214190
2343198944
39628417
24228154
498104228
29088219
16345006
1690978182
17448194
1437752292
322658299
6603532
596904346
789339462
75060663
1579158895
15792865
1712272116
109618272
920224928
938210946
18463930
374315533
57779415
233631354
218152687
92162698
56768257
77486927
394559206
485805444
128769515
294880602
1434251
427475002
15898172
84249568
200318765
65822864
2185292695
87899230
1227698863
16031939
552078286
297478628
1225625880
345522684
34407032
16435797
24919888
104201057
261279737
467507215
458647237
463765807
27858863
417483455
127108489
47429294
48733185
1921350434
407476898
283273730
212430018
21308466
813188
93752624
284597374
16615576
17163609
9723702
2946711
121204594
167169119
17276587
193127769
17262498
390284285
80422885
460470940
365145609
223483162
362347702
17505110
21952592
29223997
16130330
923375731
848918058
23751864
34677653
20542737
118975084
199938696
593257753
131367839
484299228
14549208
218544179
58389663
17241024
537665742
823957466
51091274
1094968603
6612402
27052339
78865656
104969057
404946566
30193628
14693823
18194898
50115087
52758395
19802879
15165502
14982625
125453969
18372260
15092914
20394840
17998609
1883367794
1707321486
9462812
15265948
5402612
742143
7555262
122533151
302186628
53829873
404895983
36823
944467345
582282558
1262533578
141341662
14172201
14439168
354336157
15107733
27438655
90674951
1176175226
30013010
33838201
20143607
16754194
1571270053
1433308645
240689762
125992222
44202182
835549400
17425484
138840988
296958172
37710752
11963132
609373636
1546020330
571202103
1240368169
1613186881
16377511
975531619
11167502
1553153622
248921835
33276161
32889156
170393291
37041134
860267040
268558588
337886919
15865896
326195345
10042412
1482589693
68286225
14414286
18844513
277071665
36975564
290876018
17156053
252790325
1369090092
32701063
81236134
263524324
87725374
23221629
16671992
912570883
15447629
34486720
258674660
24223641
67702970
249475308
14085070
1320439315
356488823
1144882621
47714583
201998022
1407878341
1364930179
45112527
14896837
327904081
29512034
187375539
1330457336
6698022
66182591
4347461
52488565
17296792
461064031
415710027
274147291
75974281
580031141
454343140
33998183
130922325
15598707
216939636
18058545
61530307
10072442
16296154
300638845
31986700
522901844
847397756
18525154
9431062
381026831
1131121039
419639256
273197054
138036836
15474133
81893612
203152124
15066760
28122751
384367793
122200656
17596622
1110878479
43831978
587562523
71152416
197306622
11547582
198521893
16859371
29647488
59717890
17782228
76943996
426109186
17065455
386036640
1311781
82433
26548315
14144646
635525023
16817883
23083547
382799524
22199968
108493356
400228025
11595422
321029318
98935072
977860260
743585142
15402623
1089130670
1249676186
120247220
23702569
337721610
540366687
240505740
405056781
398458480
12571412
476837007
42300167
348426046
219831139
1247344741
20071212
370171296
1023020557
629697784
19075975
272033470
260472941
17843759
477189768
8938742
1092783097
627799297
908401382
83197636
67976245
17578918
31443503
281215575
20255923
21245394
186154646
41233172
14202817
252531143
16045430
19877062
1146573727
24179616
236863462
255761021
491350825
15950086
27978241
17385903
112475924
14075844
13691782
453294225
33773592
256170071
19506790
345673106
19722699
14529828
322796166
19743953
50339952
213076559
15710997
27536680
501794095
1087038698
10846252
16124794
159190716
1110456025
819606
487794714
1111940934
41780060
164011344
17164625
26829176
38231370
18058857
472872558
19017430
166315104
809606485
25383148
224532296
23584962
98204914
19353746
14441118
561398493
16045268
456821922
11730542
142721190
17881467
131144091
33330562
9532402
116547195
206661388
14683355
8435452
14839109
14344469
786764
15027866
51241574
25155970
17220817
17981537
976779306
29289098
42399260
15947277
104070525
557996892
265593408
39393397
27224601
9980812
16017475
15492359
54982829
87798068
20928893
498343462
15723971
30238800
14910629
174208174
27055628
255617445
610163202
410605574
21442370
14088866
30249306
14199378
54700535
44375245
37027481
718227853
50088208
17162596
27901418
531561605
89503894
44928151
75713796
205373019
172858784
407912092
602317143
15473413
588807707
3105491
494600384
19143036
14124965
23058226
476142151
263352616
228846881
11317392
43908059
327389236
414969745
13027572
815476
17986155
15534499
224379103
611049779
415230310
226973847
498328279
74130577
348846455
15473958
725047932
22066285
622462907
17790274
222953824
14062180
20167623
507824939
31141896
14601733
30035205
75930806
14147678
79570653
59855387
5392522
839321
562190031
20108533
20632796
53281785
289572308
765548
123952230
594666501
139360447
211954074
67147877
266900662
50325797
418080320
17471979
34361009
272072588
14647570
329746058
6803252
9207632
37009350
23812043
40083476
18622869
179214349
409486555
34743251
10638782
261991833
90755137
512354282
50090898
247091813
149180925
30226467
10232022
13783772
298005627
456791793
29835028
540218609
73294260
326912209
283259822
355608876
281646301
286175518
277531757
44196397
292232574
276895537
78599720
807095
234270825
10373972
429171925
7759542
23189041
14202541
30103231
28581122
7759682
179614719
180367826
14134204
1090561
15066958
5702
19064312
11680312
62591681
732773
57083714
9692022
29294520
15921173
5763262
327413423
32624009
19351885
14501065
15745400
29743965
59868934
261727215
69181624
137433314
222198237
109160121
252835084
48057370
183672041
65707359
15224867
282695074
39742458
246405721
19002481
52818446
130158957
71048668
13156502
199083684
67745887
21812410
254560310
44784431
247483633
256692887
35447718
197505545
15234407
67777123
12133382
24338245
38531995
261859964
26605230
14721826
126417467
27999721
96166802
3083261
21012654
14884412
19674502
63343459
18170896
14720652
818155
648523
5153221
133880286
21122578
37060788
4519121
19621110
175157286
17595439
117204407
115501716
18812301
45854335
36743910
237918486
98975106
17939037
50374439
26739095
38679388
15085196
11472
87200486
24447643
11757522
16244617
33447065
756004
24206345
142400815
19725644
18690681
25432928
29511514
66702510
20418311
31251677
17023358
15476649
23622788
110541047
22174991
43362974
19717941
14294848
164013413
30927490
21692919
17542172
815996
75544277
15923700
131028579
108426808
26746653
1052741
135060958
14983499
27056497
50440088
20513028
31482817
80467862
17470495
15268831
14453908
14318328
18059681
20
15921301
63737212
106818235
16287286
15810838
8564412
15957636
14110186
111700713
110820788
16832387
18464179
62890248
20118254
107312914
9224902
930061
10454572
96964197
20109973
54282139
29821848
14740219
97476123
100127476
14102142
14713723
94272517
21115533
19795597
84176255
14536185
19011374
28180183
36940348
83883736
89109706
44261697
22922517
54682125
46284762
14506208
10771142
83530785
83542325
83999692
29059345
35175054
21693825
16043308
55693819
15532569
17004618
83370258
80768371
68259112
19662791
20065936
76348185
75493894
18225966
40528446
34364681
71294756
38421935
26877303
15433622
62936536
26270229
31149924
18525597
18317061
31125017
17065932
16001740
59886343
17781847
22746488
32546495
51317444
37442190
19493445
16028173
39309036
18267528
17655269
35031590
15307695
42343110
14339903
51163602
24207998
33659315
43174323
14258424
19079492
17290922
39823570
35005086
14870340
30313925
822215673812119553
15666380
22864160
12167322
19991326
72103
21131816
10780912
18396070
15661871
24892116
20436059
19322397
18812795
22957302
16248619
16891799
9458552
19299909
15439395
11740902
23260628
2310541
19307813
22289074
19637425
18908290
14904437
21602560
20537500
21115915
16397688
24393
20098727
685513
816653
19170601
19425835
11180212
19392344
18177016
9567972
17275485
15336035
13837292
18295907
939091
18248391
14125834
17432469
17240590
734493
5796972
5622622
428333
7429102
14091395
15998113
14084999
813286
14089026
13964342
14086373
