974012833175343104
378259736
356407124
257778230
184327613
16692909
200514238
24752038
1160133676509908992
220673613
1108020329643823109
70693252
70197377
312783667
17285007
116579566
256941885
50618485
809825158655569921
39279821
22912596
935148668
229850103
4119286101
28763451
106459860
872831962129498112
820431635145510912
228136993
1699604941
4175759465
2932738844
2865637871
459872442
3186124933
392987060
74287341
89337224
2294758510
18100031
234927515
780206406024691712
716223630
51364732
230025585
2175806516
18816166
239857777
205873490
912311
926620369
2828796622
19203768
84323433
1247520288
339719556
28378010
3396826060
132561510
2375734578
1914525686
923476059496091648
15865878
15037033
327862439
489218573
529571477
290716373
107816965
95697083
3187422093
3075250122
768040454
801492295791050752
19091342
2290827133
523830929
22081673
21846652
850803659856384000
49582689
24382468
32397387
45808079
257585971
215207998
1427306744
3223426134
130549887
154016912
151227620
150078976
87795248
998792310
708215954904379394
10937622
586661401
18549724
314750089
2991948728
60986823
1048337774
743513172821217280
2835079389
486550290
24789175
27850283
4824205889
1129113331
1459232030
130410209
1361172776
17006157
9300262
159714480
458077039
326371689
802239480
601310262
3297184486
16595664
465987340
133022743
889139520
2463550338
3048183398
28162211
182545611
1327465903
116871537
64676586
80636218
31303732
2489154966
4796986707
1094922224
1487132574
448511441
606441611
546015869
15080607
1002351
1603796952
2736511861
55270146
997599793
5467142
3227381012
3479116155
728290080733933568
2645602164
130450588
31128890
60783724
31532083
1176718992
574168493
246843595
234716322
4505852776
168732225
628698139
19854800
325982718
43965262
540063531
901852747
179093448
3021282928
17476625
86269437
2248346462
705829199634931712
562391051
469064917
369534015
77174667
3068332869
2488792662
32399548
1083143204
284381441
18541636
37414833
2292709104
2478729888
252476390
2654550968
1345017241
49600880
27077460
299012463
333853434
223463582
2186181564
625592056
225522423
1176553194
16624174
366888493
302557273
3590537602
636216638
45615218
716349301
16188864
252032431
3158351586
26640882
35749264
12755092
951233610
102511573
539816404
1960376359
21514461
20707070
62816265
169460741
484679349
34543935
430697990
40857506
356848512
43303934
330021174
216299334
2621242362
1769191
14384317
572349473
32705833
3448111577
26712390
18642779
819363793
62513246
2977605953
14682928
2740817077
2897491036
769846998
313886737
1157027197
26287962
1541463427
15653883
25560255
568079483
3115107725
3034831060
36915398
529232968
2482331235
816981865
515230972
26202624
454898316
4853359569
180901428
501807961
60610778
1111186453
499396922
1363206528
904137332
378746121
175494198
1489976814
347899850
619101692
416078123
259990583
3289199146
32378628
15027151
105530526
47142423
277302744
1622051
2574559213
1655794489
18725815
1307534352
1579422614
2498920249
49618148
455106609
479618575
550317493
3003791907
159549621
284756662
32372834
306925791
4415703796
806995440
1178900023
1530282636
1003487251
3190570157
1375469299
3384520191
228379737
39501356
26792275
3156236362
3101015701
2377958781
1246246970
265968346
200135843
3356531254
3687721995
57047586
3028319567
1510800332
144905044
748014277
2677701590
326948509
135211905
2244290719
2353071774
2733001508
1655879256
122413339
2733169774
16889315
133929829
121553125
3040430318
39452625
1030642280
303403713
296542800
44629131
398695026
226211833
21634600
24726732
271080643
56672123
116009507
30935388
525580086
985057040
2487717140
75582282
17542129
16010675
15775282
30697038
1323290426
846558290
336130457
138373076
106432303
18415158
217304598
442866144
117543420
139362186
3091538416
3313266051
18983429
182037512
2715294440
281538986
17645400
486799450
18670566
1707382134
1870227042
22790999
22043939
199766003
250561416
25680767
1969346438
210456091
1181828424
19596767
20968385
452530192
743439804
629204555
599684682
87818409
24879395
1354272176
1477846165
19744450
63809002
16031679
149766359
1140622304
133714924
4030945936
1096432166
3131059132
303734436
23365188
146557013
593681140
28175824
229969008
195471056
2916305152
1122896395
95876769
197901148
1165642526
438626233
464854839
70784139
15432179
33773592
2565625076
216547608
14075844
2420267570
14089195
430007043
2561407350
142230413
2230241172
84282307
62737652
67333343
1475827646
1382230009
321289530
78768913
18814952
273951517
200098418
827721
19383099
250010900
3297788592
233364902
33248363
222525419
1221025892
214119542
1144882621
2752775016
1950129770
38492810
37874853
285125151
3227779720
150157132
1692637951
2286591901
97224502
107361743
2387414858
221304470
17410863
33261036
377985681
34898084
19596074
36646877
789417542
325549966
58822086
118975084
179608454
2882380755
15057943
3144727024
193728071
3212545912
1361813100
278458398
2771539389
975575318
16391453
128504359
53372492
36917167
376677734
457436503
13862172
755252174
2257391950
3351084797
249724351
617523894
16867003
776542693
1574470142
328287799
11382202
10328012
983087966
334057477
1542682321
2331416060
1516321688
602838243
304469604
517885104
17089636
3187824193
349660748
102123998
742637196
23926963
103887642
18186303
435749929
22151193
595911715
247875083
148864974
112475924
137002330
2917109687
507363161
438232454
866887261
3140777423
1134227546
2584773659
2306703583
1000131138
299837171
745065140
2219763745
1552426429
571032370
526412097
3176354483
2918344210
1360139383
1357231896
783139602
473179284
1566317113
109316919
186095812
94059058
136407189
2776966865
1077181999
2687699511
201788463
176923711
27160098
3057232564
395218906
45611507
88223813
281982261
498966052
2605272583
600798805
21950910
80810959
287535746
837693559
461387064
255597943
512930465
82973131
495464885
227245140
162015231
2979581016
201234647
58590381
452340122
434050353
16244449
2315512764
86626845
34553942
5031151
244190765
705138106
250147095
133297455
7376382
1113439933
34797291
16017753
48299362
334535206
32343249
39706303
2551933238
76730642
87278028
30974159
245323237
20015311
2239388190
948104532
15035816
20584681
2971151896
123514207
712768784
730237580
498256556
14499829
1439049205
19417982
17950109
2369344598
521531635
78093572
26506574
220032038
16906137
323998361
593653122
39922594
1604444052
434175185
29342640
176596263
20770396
2497521337
1597402903
61440028
229599399
36326913
217130694
221568800
453338580
182969798
55573873
442080237
238725347
273422458
401436874
205866902
7883192
164671171
2228194166
31372243
1596294685
165896536
165622311
368980859
972722412
149781582
21711202
1152317695
2317588380
238076927
45615622
16931360
22168210
113560280
110242781
18499709
491312435
96594285
42651647
132655244
2436892921
390287262
992085643
636586551
467507215
342252082
547617915
1022214114
96986572
2352964088
2287975409
2329054052
104524350
301068193
140400206
314853463
1011193908
54395277
154457571
20439549
171894122
108621970
331658004
19563103
1958753047
226604982
256573141
16973333
27523651
38489678
35324965
2253670170
15030766
185592069
1469088032
39954015
316623547
517574499
383031509
225469865
434214221
391845462
740529408
1471956182
19762365
349816997
479805643
15049434
457652397
484889431
470954486
68406883
1910960497
1554982848
9528022
609889001
244214563
278926547
2317241196
1091915401
99703557
2454240701
190589832
130167096
1254571202
50973584
1168927015
236509450
1613614777
358459982
59099720
49465186
18569484
2279152320
331789055
1150371180
95894506
291832017
78767466
29221344
45799244
754988390
218177940
877546062
22182504
23049519
208481346
829261
400821791
1079443740
1541269285
294515561
499327665
166584934
537028278
1456388828
22451022
187313384
1425100832
214441356
152755062
41105978
581012668
516528704
910608475
988457802
15331559
232176751
581812646
197369460
267746448
303744759
34988342
452678207
633701730
27750153
76295384
1161298950
37880725
73918788
399430973
15586316
367734506
143634246
16176754
201923858
16182180
405056781
46167548
12615382
185779187
20280065
359969168
14811775
1285630338
1073511547
511185606
17026041
16168770
34892920
137282545
1070830020
245548093
1249676186
104508221
66182591
194701643
418704197
469028641
362933115
1097976157
1098076411
483169674
937674308
76887333
352947624
452332419
40846454
478822244
267118910
501759660
31508022
19325156
343203395
560218726
501862499
50278386
1112298588
1350168032
394110301
242038050
317644187
52193656
1155143052
259871223
26099938
15169635
1136519220
468338936
59651402
46069358
430124690
327310250
254065295
15225275
221452291
348647152
482266781
1017036823
408834708
283572478
229496918
482041392
121544856
586422441
475630569
426441145
804037639
488460691
601843312
1111350379
949432736
537512435
492111867
485811864
552540595
482762101
319843649
915487963
329060106
388168828
463177441
288755234
15873532
69945232
382516164
217565219
139823781
38617821
593703598
460484258
120566213
102436798
495088473
122328607
234329304
824984911
881853715
254602285
602650354
194110621
905759113
211164765
126059017
427809264
207491302
767922812
309840801
383372051
494981991
28861341
553820031
185605171
415017197
25865107
564201323
491126443
494208474
495950895
213326209
189101109
373337653
481859991
9144462
577443338
95896395
188256802
347050856
306666479
316327930
263693879
507530908
873477164
329044560
14647570
584058486
208419669
305098485
1524841
861967506
888925879
42374737
838464523
144123752
87795485
47005268
19386949
29676657
124699774
565437870
163002467
18637247
532286453
259232102
486135772
410231787
440018806
507301663
322166729
223260556
102122984
473871063
25475608
5392522
327586191
16630098
328786316
791576346
17038054
280449244
833612154
19230701
227318167
5971922
82958752
19438505
115554440
73728922
15902671
253031912
75298735
43417019
19501009
45943457
32846849
221392767
344938298
95410007
363081467
474990334
407642587
298214862
119319695
524487377
207156020
222599104
134444057
15473958
20158213
64392764
23196884
26224256
34295531
22125492
23848364
95660702
109310784
17846546
22235488
19695231
18851248
146068604
143145579
28196433
283492691
231400417
60640358
286047731
24514461
571102696
223790002
24686460
544523768
68926540
438317752
456893186
229547131
104189728
148351543
34302102
418831852
349558215
472916179
113128559
51709678
44405933
222443193
121113676
48035012
270278312
356125579
171422915
533121305
410109893
28414979
323154299
426206087
346531305
117826456
115345534
26209452
463737541
41215408
20620953
44132890
249726053
90002831
19568471
33931044
122054206
266464616
75086891
196518084
29048033
424228435
12383122
118694960
234886560
47934612
58777699
289924351
250303453
172287015
176339294
486062739
364395350
262294833
53843065
25326324
274136212
287694284
351615856
51678036
155531895
257836081
137428851
245780938
219517059
40333698
316642660
139663411
241997309
340842177
252043811
384295444
384507673
24351403
34002780
305217958
246948652
414054262
325639379
228155039
305454915
41246188
198783557
14996800
40002915
325541785
266026963
105284945
44326631
18807671
265430464
151204630
494145628
194549461
161999851
437831981
289894608
462973795
289002471
64376959
376915889
326779391
277488693
192819664
53952783
431580552
468685921
20868984
448677397
39957797
283995390
22923892
385400917
126614785
233274588
14577452
96949346
233569202
108685765
47944957
13779472
15353894
17881009
123550193
14921141
18201801
44521504
76133823
12804422
14529625
16267101
1440641
30973617
461988461
134950380
125457622
17906620
19686008
330930920
276917650
395139596
367703310
217567838
191852684
81061134
358953123
230014404
461929711
460278928
423293090
21204093
264451848
33173489
356448545
31089450
371339452
332855617
16266811
259770545
30425039
18476862
20139521
415442638
397906075
81585366
21243519
50051717
333961868
81101210
119763328
56665846
89282956
148771502
125567504
124818259
9207632
9035532
166022406
303895423
77058748
45891287
423407129
117159195
19760462
90908448
267664384
385904545
92599581
343949142
388725407
404757801
19112248
125152605
17156000
353239974
17758502
366303391
71019945
388676506
14750983
20236206
12103882
138424773
252614250
17929934
208660657
20420945
223845226
373341174
13566872
118749374
18295206
115626888
20070905
179232758
5867842
110595656
2954221
108887010
87176891
319077468
398896404
395145997
229521195
309119101
320939992
355729856
159548607
6482532
139836895
217565656
112133635
368989814
384960869
89465571
16842969
251003730
210819163
370073083
233864882
244102839
273059897
309295689
29460536
229390164
216097428
243197301
101054012
380790133
202225027
288217107
104070525
383645165
308545328
275705697
251244012
383386566
46629386
273820154
252038541
367091185
18114561
104235256
97623556
303136126
19214023
55951728
151380217
225544394
124872430
123624980
18096579
105892693
159862569
220804930
203413233
136019486
118752968
103151669
172460895
90221143
263135526
126286849
236306181
218869034
122405720
89326018
191586780
159449018
233686767
162988088
242321354
191958490
291288963
354431503
366239347
38906698
69849166
159060639
158704994
239098284
195033142
322128072
91371047
60959527
118902602
7742712
14463927
180294522
167719015
198836488
31035336
138436776
226878276
29397220
236376357
227670483
16823793
317308688
21860764
109127032
240606817
92776305
340935385
312602689
194897558
214104344
220758750
237256764
200435852
278249145
355418225
45544324
20622594
85925586
190648901
346409448
54327714
24557996
86271665
198830228
35294415
121869155
4207961
20433673
196735183
83847303
188844665
38032179
99494011
144783347
26782958
136193493
21009057
34627041
144972048
209608901
47346698
88940763
308653240
115658773
125083465
53194232
47354768
16594928
114860827
125127787
17677346
17949156
45180881
33848685
207627095
266777780
27736758
329640796
229437554
269549288
113464636
113463519
284948555
98108472
349767109
19817778
12540112
18764841
5897172
123003857
224770553
60631725
271601262
11518572
117333411
340907091
29480757
67602049
47274143
20958507
84638089
150010077
191796526
34878510
120776436
81412019
58708507
266555033
149103331
22181496
26981471
59851721
22366032
29956112
65704160
234036123
87465595
151544201
241022320
24537744
174219923
45314710
127815033
135437137
222422673
44693747
161772118
75002170
226316774
126001885
212974816
243994348
112374221
239313872
138390702
299790385
19961207
113465075
63345416
128196868
316471351
247282015
193692923
25336941
200173236
22477925
95060687
174636606
117124037
42410884
112993378
330387552
269796705
105189289
86142922
237331525
27529135
127227694
87034963
75040646
260949420
27468486
326894123
151842882
95229500
304864586
183609933
29572746
22770688
145218002
277931038
97493517
47425718
112954178
106658261
255567998
89476363
19287867
15106417
222045851
209727925
253004443
258700289
217448523
293444468
47673661
106215024
22831680
21856690
146202942
210186334
174958019
271398203
266584869
137800249
225824831
29123186
223074719
93405352
227277490
23610532
24648205
76611108
51584390
22168956
227307459
214639018
282953502
118243801
121078710
280961169
22042891
81436631
66822139
151804832
74600683
18247523
206372205
62051796
121374851
27640527
46175928
32830995
47455112
21217815
255463006
53922433
100492005
25408053
186579907
267796737
19530289
34899134
225975183
236506490
45213585
230115671
22745425
230182500
18355938
46744791
143633590
122398622
18170896
84416722
214466767
102402934
17707784
42914164
65344484
6426552
20759034
28350927
17919393
60125846
100244302
256439390
258723101
68227914
209983462
144174072
195672164
96849781
139082838
83616901
123340151
220733353
239893861
190401191
3103511
61560308
252741477
8872512
135588397
183016276
237256596
43284962
45318901
50751556
14722564
15200788
50559940
257921349
16589148
28771972
22120842
18985513
174950107
110231666
120230519
46187499
145565717
201747717
149116488
113455615
46338363
253125341
47353676
181439821
105741214
14798094
127328591
19492795
56041070
116395949
33518926
194681571
186087439
25690621
4282171
90243972
193729917
27844479
118780654
136361303
52520854
2268351
110184591
18385701
18549755
16096416
14718073
244571847
21750003
39690993
176049393
130137821
28356403
42395269
158473848
126604986
57249277
125618966
65743789
221710764
7952522
81601609
40705261
36328963
103394487
237701601
120240815
14210251
107352526
93897145
110399126
214246889
74671914
50434356
85547141
10153142
155574494
7581972
17483878
64033391
21857835
115098336
211235703
172643214
105226949
20136749
3099591
74758663
15714648
19397785
14267832
84542638
90861247
32194251
226924839
87012252
103903623
58601997
61999120
20808463
32122637
32560551
18274083
18948541
47358769
79797834
95910235
65175418
44972414
102783597
172679911
39737579
207432103
15402358
42641183
18932935
71229689
182019336
220819892
14511951
22177944
108887621
112425776
224123958
25080738
100761976
27029537
224185169
15280197
18880687
22366469
15657347
164826979
23051523
14419031
19363331
18788629
21251162
195101171
147060904
154049114
119035007
159950527
153401682
27212264
26208313
73177990
21847839
70735999
50193
10185192
27111784
191766426
45289289
86330674
124432592
19588385
214834719
25060519
197506280
5712912
14257576
8442372
14974476
78890225
31986700
47313388
21208444
19962737
122258041
123189047
20836794
151481404
145564560
79322444
88688421
10158172
15278128
174321398
24252609
189376144
209460367
18989750
41627234
108413307
17174266
6722272
37640406
177981734
95890065
20246165
193614481
25065991
94821264
20716348
108352527
15530141
139233768
24894057
19541556
2239701
131318819
3495691
22386126
7092102
112144921
173116059
23745072
19030517
127635597
24732713
182777301
22660162
143348743
156567721
26724689
103387029
11405982
50102645
25782566
133637417
38394448
67398909
166914371
33468587
17461603
150410980
35415506
20304784
15123270
126615301
14085070
116444391
35703846
11230702
16477964
17117434
29941025
108937649
29826865
78262975
21996179
83390236
23055689
14897331
22786075
6740572
106383358
95501808
28782664
118751599
100282953
201136560
208685423
6896752
3265101
113020654
207883968
107684896
80935970
24386008
19725644
122041922
14461792
40069724
21463207
16509767
9472802
208135814
217097293
17100720
22310653
123964441
215244009
142313832
29444530
28314813
57627383
183250098
163377017
22345810
36709261
150226499
39091844
35233873
26752405
17732083
109965842
14599591
212224765
13385242
108956298
98339386
21587592
73398831
120604845
755452
18058741
169444013
187437575
17568791
125447229
17057271
36322060
6508552
90862632
26762341
17429334
34216375
82556458
163999136
48751232
29402249
133239719
814859
139400870
14921005
14586770
14442577
43533089
179472272
138161439
27512951
53351144
146140910
23687905
28768791
61536089
29171375
39744816
103991745
92219686
10304412
101782965
9818762
14990552
33288478
19231330
3494941
65004366
20689154
56181329
51678226
14529929
189109062
144598538
92390193
19107945
18439831
49711455
20704447
35810531
21687228
111856288
14797966
18100425
55914675
54333043
119494722
55192519
25204410
19730396
24223641
33522604
16017475
11178902
15730467
17494918
27081406
14603515
162048231
1409271
44182100
120426248
14784410
37893271
20935323
5959362
120785277
176350912
160507121
14780915
9003842
16832586
19763877
125022136
58770864
48808584
47635142
26242976
147508034
199802845
111384878
18757954
17632297
80912696
78554703
9494952
117181092
16593114
22138356
19997104
17599002
16085597
191740686
95240822
14230143
116223968
33868884
25051912
192740886
68195102
116338392
21008591
102955551
41091422
14934818
28125820
16442688
15828025
15133202
75589853
67006856
21999046
56377143
9794112
63750855
20722940
78897949
141333964
19011374
112553367
19285402
177909116
22534631
126698627
65257429
22138182
201238487
24205649
77306535
22015299
46904185
14589128
19070146
18757092
14688092
110932601
46061779
18761547
33170814
22143960
23185924
29999439
196970457
22910793
20263645
23123813
5594142
23416356
117368827
16886130
102327234
14940354
8378972
121412472
137628267
8293072
19554861
38012341
17471979
192037847
191816879
35740832
70675828
54923609
21636417
193369640
25399000
84833905
106122686
156926956
61893360
98399549
130134765
33885280
8309672
47728859
17004618
19075157
8718462
135174942
8383592
155369046
30345764
68677042
177921338
17645505
102331024
24671422
115927837
131500972
26112520
140118545
190388631
20506033
82680149
25416008
45856746
37889873
1535441
14112294
109118877
83883736
19250751
19784831
18676177
17117527
19390810
160305406
130617778
9850632
20140564
125688358
26979830
15319717
5634232
54151280
19393576
102489280
109522826
186454150
19621110
19402103
40723249
21856863
100232037
116425407
14898631
22375071
159190716
28635233
3108351
22747443
19972531
84888010
18571417
23855128
108689720
14091091
43952326
90775367
83374478
117416189
72526835
59794437
23087952
43322744
166938195
131926473
87205057
2172
10776062
3646911
5567782
21309169
33514376
72797809
26861998
14800270
40917021
18735898
788524
5988062
7051822
111593063
159970801
25654407
20671906
137695719
66308966
7395252
24296476
64586891
28174342
85737977
15933910
111694379
16228699
68436718
96975923
19066997
20802277
16187851
54786833
1652541
155892282
43684208
14677919
6703212
30237735
9130642
35175427
39985029
10697882
15078840
11348282
11522502
90364545
61995021
155498496
74979757
62581962
24407244
7170022
1361211
82446638
2547771
14679633
34572451
85891683
100991228
17002699
22129683
