776010340576493568
2227064942
2903043531
292269385
205202312
863972252840116224
48491083
501705472
3016632889
55259925
784397947374964736
1149942961
378259736
38393473
23794763
15182343
41822696
3340886249
224244250
37916167
23328929
499034844
4096731443
399571554
246153431
224495471
193237254
2364573882
971589955
2873496715
2857093413
1729929350
515946434
2217401528
1582706904
569130639
19453808
250742325
2842616555
4792944616
85626267
971104300494721024
2537325589
401321912
931425485476810752
698625832806391808
1111867238
2583153549
15179874
739778339582431232
750616151827345408
3120920561
340234449
28596803
26725348
2200166148
2507849911
18901129
62547767
821576868
753935584209559552
4691923453
483990177
2863593849
141565618
732926302039113728
2178133286
95022046
187916710
1092028038
158093458
590187102
267716035
46071726
4885789648
1887969248
2411107676
743078811655409664
277571546
1128257106
46422935
19977299
83431715
336070124
122028721
327470973
2542989121
767470686
982659696
174612664
1020960522
347801177
1363903910
626660725
1228647284
201216899
615588331
80810309
2188673719
20244875
169445077
343454747
1073515910
294760618
3319168845
3343831295
350738088
2718220791
485060036
389145426
615646596
612389857
728200502
165381602
18972519
263698071
374582519
927767562
260777185
20502166
251865853
338392536
27977856
1307070925
804805561
1436512423
468324835
2426190631
2419323715
528251665
288151751
504232426
160513195
2301104892
156955653
497785860
1880746494
2187210871
2354595392
27733204
14258807
234540076
451521186
16949344
2217585584
2853836873
21751830
10215212
1024076492
358810111
101274300
85555796
1168891009
816150577
372885727
1121613374
23922362
408333091
270980443
746688696
1588112731
1857251814
15432596
538403697
313541916
621543
19644356
18863867
34253207
44465992
461159574
115197668
46328741
271986064
20123366
80685646
292378691
250184557
300807465
1887747126
96441928
336602767
128679163
374593685
20990898
750036258
234765052
264693061
569242704
738490320
421133245
18676177
518605399
114520118
591737380
382321540
384794157
446408726
20512836
16864209
248638030
211636572
126953766
82649720
404746317
142619132
540085563
271047167
180727760
