4354880187
54290504
3854133627
3503549837
14559745
322508230
4272639448
92263845
17525328
19111192
16668573
60151625
81076858
27785451
18369812
19303107
32627702
16312001
14179165
2231762875
1330457336
1364930179
3021680721
368365686
876273896
102994475
4855801089
157304271
24880738
284639443
289571758
132208929
3214739855
2987387919
1125841027535966208
4375041622
215052012
46144998
190481460
50246444
38797799
53817066
66857043
52420819
20577920
41077287
129009730
88425861
79962986
1130875606919520256
22131925
273419149
274609150
4194327789
235892354
19177603
32858257
286866672
366497898
286599740
277611667
1133103140
44498005
40668005
51670922
786119998565588992
540485502
4375625536
1513214738
131627992
52934222
2511720043
157988939
837368622
778221254067249152
458306908
951110996
1733220096
4065830271
1044968832442535937
1133262083636826112
215435356
250034169
15579094
2992221666
768774070313902080
970709311059103746
3224700299
721016980669657088
709025023357546496
2474741680
351701155
2496449108
724621270780915712
1060147483
725002646562693120
109554990
725382535396610048
714377713
610124383
729322766982389760
356344651
336562434
2361040939
2956648535
758969042610728961
255019878
3492889282
284589413
856009806
363993995
2879437961
1046839506912071680
1070450933472116736
1074629833697693696
4033989881
918206787207262211
824748770248241152
875378357046849536
1133809645
732137631220416512
879928226
2699402210
914371182585098240
4250558987
847948221699821568
927727303895011328
1009580174956826630
559614467
742769911
636216638
378259736
415075929
168508631
14729597
17175139
1234915518
2827240044
1077492776756002819
1423029596
15862440
2862413726
4918279608
1132352299450421249
1860605736
821045162
106062176
25103967
22090282
5920532
260907612
106317808
22536055
15425377
56377143
124476322
18332190
18909186
253340062
218730857
14589119
45621423
570267913
268821878
228000721
299191957
1704649016
863741478
2812913367
208217532
1067141550
374252812
284588601
905705984965955584
753979643896721409
33557689
190479537
355016267
866705120532340736
620328636
236379981
1092184244
1660004250
3392373671
145337010
247683826
246688646
168207062
62332769
1208133882
738839933692084224
853141040
902839045356744704
725066708336164864
4715413774
4706069056
2530363285
454955443
751406853779783680
902339018
4109870289
2295826514
815172840
4767648375
159513936
2676687086
1577714569
1133767836
112997330
160118913
48317727
56847778
18714479
57399142
119075730
137522208
45090095
31105334
18055279
95398297
105137891
262648904
242279309
474221907
608697034
221343495
35337061
176926673
4482322301
39660670
851450605801533440
476578392
2693413459
851353384464547842
2614786157
26447950
1672507370
1201950967
3367567097
737647071310778371
2992477313
4016221582
2195817774
111392659
175215232
3306765964
897166327571525632
33933259
213009133
2385749072
98047213
16343974
16884623
2668909476
36843988
370020217
337103564
829086678375600128
236113338
44196397
92349337
106173126
963794182623170560
2535269459
2813135984
791716130444369920
813009104
1024335670398136320
36184220
1399071
919985754863935488
832471260
974995792380473345
396086694
207426991
476234589
781427301472874497
1494724364
997502738
772250518227865600
312230865
769391704025640960
1899141181
1438162062
915931760
1494667153
1383286602
487736815
352145373
768394950429908992
749296159
1013634584448196608
66087587
39094324
586513722
701391543958118400
133552941
3311054529
925085926174412800
50393960
3425881216
720717427256987648
2763617073
1856205205
822658698
376847587
82658776
758698325856153600
111065101
239453775
954221768792670211
54502344
866818669619195904
2307190704
2398199082
87775422
310709509
32660559
383173078
526365465
18577269
16731094
16738360
15011672
2230595072
303862998
2710197559
813315226913427456
247217109
897121711900020739
814036363
754698480
816964573249110018
953248862
138369105
807095
145935897
2097571
34006192
16683014
36670025
56891751
25387183
57339160
18203224
632923508
16301873
284066524
312757790
127625168
362543477
25581439
2285728958
48794931
1155199196
487118986
1115874631
3004522306
2916954277
945746300540215296
926154221723975680
324537084
2235729541
900801375973539844
4914336781
35749949
28582680
1051053836
357312062
125304737
574032254
3301051725
636444026
816653
15492359
15970050
249295155
1066691288
181610641
4830378321
905164554656735233
4824592935
1322096478
779254396072984576
2729086863
232604077
3331927409
582635605
2930786650
743739011395510272
19407053
18080969
16016427
44048105
871038470650777604
1192794595
148104237
2576238121
459033261
271371563
13240102
454689139
854705534
3251839941
3214848231
270969506
771838586001948672
781570839166746624
778584704542969856
1277739313
997604322
763793818378444800
2174693002
2788347691
3163717636
3012633794
756821331606470656
4443736173
476199422
4492031477
738007664312090624
739948468815441921
3405933358
77759270
704617671137107969
700621201375260672
2401413124
3135634439
3296271581
210752353
2927214293
1475970157
918350654
4818694108
3242745617
305501561
2950860441
230988910
190390913
853782098
808806102
249259829
463079992
2291499586
434545375
4636710442
558548034
73687749
361256153
249527815
2783212849
2420752968
464455179
133710807
1707984062
980798533
573459961
201662374
14414730
1096339658
361925176
2617920385
239567746
3505238002
1685760620
849642674
2735591
3387351975
441248990
2973202786
377775232
113751890
347738740
742143
2932542566
38507383
17602896
17525171
1703499732
896005448
302665864
277985183
423582716
3218145297
269611969
91478624
2949178494
1082403044
428333
340015863
366735524
2842474619
317790170
2720915568
1599171037
1446460165
3128759405
1053625993
147335733
365987150
510369035
1591543987
2371752001
3025611377
3305056475
20862797
113914074
191085129
633666597
798925434
348143481
86050468
1375724539
3248923157
294149214
1218191126
397938481
3076480493
209678809
311053470
452895740
152974295
217079025
296791321
2930901891
542852547
555775001
407172470
3004835027
2374176276
148650418
569153213
394581099
1091854729
2804606032
1407277784
3094606153
1534585298
3086282301
547804559
2776454838
586742765
252709160
1120256034
2829120160
312688638
314728460
261889608
1596407005
386469327
194285371
1019337469
466819903
1397406344
1639345315
756540990
2676506238
1352586948
2204883102
2208038918
183324557
206052014
2434773816
131102007
2589712495
2761228445
2909454184
2464500391
455215711
179754775
1577126700
2427554967
575540120
1682863476
429030979
2789795611
2588700881
14365202
1134126919
2736067543
2844632630
374209360
702940400
91966685
609146175
2582065263
564658232
1385166894
271993219
2490805036
264808957
964092728
2638329512
858054805
404197618
416275189
329029393
499020942
415859364
99782795
1373313666
138372303
2598264951
296757032
104872280
292457700
403449484
1943630485
2297842179
1060295982
37978256
2267256111
130080275
2254846500
700116765
618924867
1638280836
522196963
1907531167
282806638
539281835
2178108479
617518196
188979474
450881391
2221951676
911142252
832728848
412946415
1198823587
139148185
604880429
1828615891
314772514
1640399737
97693458
1965401814
350320118
138709401
323709963
1346879738
269723042
190328619
1854282678
1898927749
131191720
235704149
212988186
997548882
1926313393
371925226
575299212
73107590
1563725066
159212455
1678275979
399033393
2425231
321569821
613366542
233577535
356031762
328024710
634499903
98897693
601792713
481289892
27955127
400020180
193740899
442650898
843112550
809076739
1353266688
72116609
198028017
596753496
354268668
334595782
142718283
712190485
515427179
184717764
211183787
367049006
327444373
425461628
875212248
1288117716
373331262
75781668
40046136
182348224
594627457
385838786
571026665
623764529
226493139
600384380
1448182074
236027691
1029066223
192197247
1499094656
580326373
1003622683
590262386
283539748
192581300
1424027994
316015467
297276475
225540709
63464577
1459632348
958217071
475019535
434350197
914233002
189341030
450332420
1270985077
129199847
787144442
494135231
281967262
1397986182
230515692
102410668
411575677
1286839344
133364637
130814555
350953104
384823556
566455384
545145063
228969468
435790907
284695455
934591819
118044960
578341456
399822619
471995846
441820306
1001412012
445491240
231201403
88893610
176327710
1134773509
182432052
121410234
564334224
307773945
377459153
77468011
1320392311
430547014
1314067266
1163318503
951293977
76433518
1025059092
211208659
1267828610
348807798
118996848
344922936
199646146
318584751
593936479
827292600
529964802
635270783
356171257
748219112
441041152
549948536
600412370
750840786
452825459
1057537326
428074359
627289247
260239265
283934823
1029656522
247279401
97293676
391393168
233461903
464689544
207791526
968530890
534859134
229198050
1071344989
335060581
625587620
319732605
174644853
455185793
595330991
555371806
1088586607
220582650
601012947
234835303
780781441
103594150
353224621
58445854
32122428
360496021
397235194
361902996
283001668
980250343
1168914079
813286
1012616222
1037780076
1162414634
356272567
193098119
143464283
536351253
264167856
854335422
508658764
1078639818
756165235
971735048
272502057
1155028459
929557062
510447776
1152421254
312680500
35787166
387665903
284703202
993540092
263843231
972754310
202245678
137431124
174319881
201428697
1134411931
172286464
579829590
411474524
243547815
582954569
279428717
949199659
100430678
590737994
392365093
203891824
369973928
178390996
158317366
58592367
304724150
891519552
149876007
505869165
353735631
635764629
152990236
354503710
261147596
347449909
765307686
125310703
590799121
180505807
211900803
712368128
548861590
822016980
220667795
491842320
101003307
1103105556
151658472
174283304
700461883
348763903
449137445
215117167
506354083
281676961
288147534
599523519
354387430
413833168
984151777
146978446
254052163
866246456
467674000
469278070
397196275
357029580
626097259
342969122
226770530
128909678
68745817
290573098
1055563849
1052158764
393488451
359435905
321923721
69129108
23227422
309076899
227812489
43042353
965525834
540724748
726748106
590036817
175419063
604993797
408463946
278750303
527124665
412146746
738373712
288207134
303505927
468210842
116844843
963965678
94210183
575690578
195833469
77022291
616284210
342814091
300878324
329797086
336008544
287715698
878149645
109504270
268916868
179067908
329594934
476951624
767477574
184910040
886580005
82115662
782470622
191512271
296050233
493572807
308122020
192256415
54507670
349179719
520466650
286667298
574377585
737612724
301108905
235114957
419874019
876088903
471897877
255575078
159470037
865251294
854937074
579152669
825660686
541506367
128220455
383683904
43553091
270632278
608111515
600857238
314053374
102847639
520378143
164755020
379093811
139170320
805546440
76006720
732848766
446533489
613945895
625855885
776578273
627253706
528804991
501937582
361504934
796492490
31181363
347223704
83657911
633119697
789054583
207059693
367963591
177236361
730321764
206807333
100511583
537662476
101357700
231942302
238506837
425701915
237824475
284162142
134215100
28897926
399289525
764726977
417429452
177124456
516393998
585091442
363917396
334652499
177665053
246713232
70014714
378856346
373530496
342083393
257927276
294656080
359568347
255201669
597896988
168508882
519951847
599268514
295260219
65098248
567443302
336124395
636629247
628056814
106329720
238522594
320209863
247770490
709516573
578597508
136576437
258990683
482372936
236757630
167939298
498105539
228167211
731557782
190944317
434441802
623044490
386177232
358322354
336759110
389951220
371968462
445071178
724494570
623553166
731209460
319720530
532290185
632418246
627710046
178933584
177946180
590870203
489908544
595744735
345551875
395490121
169622435
141983098
450735100
316950598
362790843
584153465
326358285
331118251
576467905
515599125
720313555
454924889
615524906
191600068
427316797
211427657
205840215
299375941
59183798
379719607
348658915
263132711
261801062
627744560
275649972
102926415
34352373
635755703
537379840
157378309
360218207
237927740
217169626
323846791
543726702
219950733
284250902
277604612
371508116
597265969
332933803
637111537
333054369
561537610
498744367
377843852
189106880
437852033
319479845
234349807
707000126
461842219
46298234
267887326
200485289
448720756
440364967
344094847
193897122
193723932
609626973
360736540
140876441
147959590
107170249
346832053
554490688
272522895
315765014
302098586
176169845
526690111
391468124
615135984
74220341
448479581
236560257
209073062
633643216
217550762
255433412
317809288
355692554
317172467
131899390
422312992
100288404
334659424
489272198
289305009
589074266
67594344
609237548
190241729
169453617
324932965
417548933
154275282
547170363
70414867
441828669
97931171
283948791
443709331
601245516
143968145
129561340
193750331
546936285
219387119
259948135
428916142
599343586
219807531
104917536
363601043
336033334
558480435
189612611
304366409
352957327
355903303
492479670
183629554
193337442
78086897
507601141
454941248
386525389
445025307
490432107
95449064
413225172
517897922
404792296
505848642
295235550
229030906
189966249
58437846
442772777
33201104
