138203134
582682214
2975039805
3369826552
363135186
14226594
87657446
52889950
318084384
18049298
964761966
918474195864039429
4696728842
2967402199
378259736
986794331582365696
127984917
74287341
786047748508221440
829106118
421274906
13787402
16031984
18153494
726082467065552896
4548671774
4074465194
489823160
3072286610
3088104436
1099776506
22297748
942722353
2322702163
1396074457
2149534986
1942821462
404558765
2590806900
500704345
335534204
2416774200
58061898
349860138
850337874
633476653
305771953
467114428
1034059482
950671940
507479697
1976665962
1246614211
525931202
517992908
169593999
1126790546
365784267
521087791
203044942
1486127868
626008568
1330235532
1238312066
1553970512
762782636
548447595
543732209
615506524
1542086720
1063883976
57635934
491892968
633468434
1461521660
365432174
1850047736
597703654
33947426
38593403
16303106
842897784
1688535902
726544988
433511247
635706150
288015162
251478300
1689326935
