415075929
378259736
55259925
16404688
1005133945875279872
47492990
801311472
927204517539655680
129789846
934281246435405824
722199862050222080
2783879880
916877060
20511771
399571554
515946434
569130639
2217401528
1469767080
309824548
89211580
906368809
853223888
164350781
216348190
22836244
2917855858
231684285
36623784
1959107599
227274254
20863653
18228898
992442715219611649
484796656
175051465
1048279880134262785
48761924
168552582
22851927
19907840
30354991
138203134
1044844792126033925
36169080
1043476883671863296
308025487
586136477
431362068
3016194071
4517565515
126002546
1145695394
23645988
960783582447964161
18020612
749838042916065280
164226176
3308472442
756459446
899981321602248708
21753847
3012679723
926095678123724801
36123433
785115397410295808
409245663
2902325460
359904144
119073070
2348685392
135441822
901874434994266116
1256741
898237122146181121
147989108
38696332
27993589
15842160
8055482
47459590
426595070
964458832729604096
2188144670
403075133
39364684
27033505
1008314309552812032
1014760268
202495093
997502738
357816281
1488747378
165511377
1608557587
4196983835
846137120209190912
171496247
406842374
3260518932
2216416036
19725644
2424178550
424297305
174260401
725013645911011329
74087670
43289545
92737982
430565198
723470414001913856
239591418
14992097
19886006
759870670427815936
47636400
44297479
50374439
14291684
25058787
15436731
3336873581
18393773
14677919
511402689
16378093
2374483448
17350250
50109331
260902220
788889619236589568
92999955
467262397
1889769745
4881093582
155093308
82074137
853126769255251968
273643100
17310934
58860038
2385749072
304628243
1675176944
718098674086227969
226889848
4509672973
1314072198
1008121614
103231845
361302333
551924657
873960787
827907955278360577
481308782
70647906
3708383954
48289662
794179825015681024
832671725259100160
23459740
139997995
19780648
33481680
2924517306
831164787996368897
1289564132
2342863255
1276159766
3299818810
1899141181
703245357166305280
496013713
69663998
4812036255
2612579825
162138679
310982782
37284430
112883516
149249831
743856512
2165590886
714711481
50386536
15416816
594701054
802111252344487936
4823705386
790973670185431040
763007522169118721
796750520690020352
498328279
79783264
268294196
765307341533220864
103065157
500704345
29442313
19644356
16901643
19906615
83814679
16683666
1491965726
30000912
3053338062
351506836
707692251678416897
3318192802
738288895
22786594
19701628
3459051
20492399
137407681
63408268
403425030
4364426597
425291963
606204220
1270241868
82733390
3826680281
2893511188
728340073465454592
32959129
568314365
406386830
47461893
1463336180
755507916392792064
5548212
216776631
317173156
3162521825
117777690
39781842
396601079
38691332
1462317296
3931772386
2209742392
335798015
736580071784386560
456869324
82097756
603348434
37915762
217526629
829834795
289342771
2325179462
400792849
3871657636
335254628
103309339
313837523
19539314
197916259
23591154
1427982151
348974190
950249762
2317475689
2924521920
586098002
813286
2097571
409486555
243835805
25581439
16423109
3114313702
720364999189905410
3093410603
27200364
3124551646
4185371722
3297800601
2765440967
17632593
33887653
123870316
16455297
33931227
205810643
621767931
3395299385
126329974
148710445
398713254
25073877
26039630
1435461
234367247
2239350253
1622465377
20898989
27176695
333168411
339733481
19397942
4449099921
348074418
2853616307
4899312598
34155255
960517753
249211926
1345328250
309978842
743585142
14159148
221919949
3439009779
556232310
203128038
345894635
18807671
35778829
157969368
34592271
23056885
119476422
3299037441
2909332161
1473120870
709804303318441984
389416911
818876014390603776
14377605
822215673812119553
3950494093
202546218
3342588957
4183736603
519347167
4072144274
591268807
1398194666
2321137019
256534161
32096730
2273092122
20432977
358117195
1577442662
21360280
4074727180
1288271136
443044356
3178571855
16047998
100538859
566282033
257591704
3374182924
3227035903
21968079
461013813
544645068
3325682373
331017753
2677095155
2986054421
23521853
1578353256
33546465
1660468830
76351820
17481977
1354601461
1347416785
171779849
63188858
2866121667
538582260
2213988367
25537232
1404968809
481973601
262968243
794198653
2230239156
184347162
2771200890
50583881
169291609
2946003996
3096018265
393150956
3094884509
2739062796
83046880
2421240310
351455332
483195215
3020150838
21534951
34499527
14742479
284090018
31173665
2389588698
487896303
2350518403
2965141085
3105438421
823917252
266117542
37710752
18244358
21581503
23962323
1878465938
590787034
2869240934
3244247794
99338684
822215679726100480
1536791610
2271721831
1877831
51022910
806133
25984418
247084658
886799786
205770556
6107422
17224164
2880636498
557254053
1154754404
797356987
2231233459
14157134
485338994
191658756
993321008
102737203
1930332721
22209201
2690382858
562394282
298319642
3120851029
3136827614
997788187
2834597675
267722421
20002004
628765360
59006707
207592117
3134023037
789472112
855373004
1713527208
85860474
3034691469
6309202
19816812
42072532
21857173
591744952
715706952
630585953
767117556
2222408390
353204765
938335874
2837482750
975985435
304979847
258004232
55189184
859557360
1965677090
91077745
174564190
2396898306
2969589682
2994327112
636929786
3022150869
1964869758
56380971
25268484
249239145
63176311
2722336800
165214204
785588682
32446959
1102446308
1883354443
326103794
77128292
403601549
20868560
507860527
405550410
222883672
2197703208
241273903
1413883681
369725453
362779971
15485441
513792952
20640088
221793702
160604871
17353362
601001021
22179997
15846407
18857913
39291808
2797506703
334059338
2186700081
15126599
15987295
19066345
16096416
378840950
738576612
2235189276
186744502
20196258
419746723
271413771
14627153
780104972
605934663
465905498
621012204
2459442356
1393131312
2493246408
741495810
52731868
991568298
395589480
38259087
602993818
1597298426
27678749
373562248
2226839737
611841784
555548903
598728423
2851673628
539136675
1721123071
2901245151
913288388
347891613
161304681
2471131196
185824704
346742249
1164084751
1939065583
560497324
1633293206
25998526
23993642
255747911
866695172
733681478
989513598
103104475
973190042
19638752
2713497024
192233819
59188950
83686286
2680534413
35288455
1033720026
602317143
21896677
2319108198
1610593988
546552679
36222493
601066439
2939157849
134770671
18470556
19966557
17137628
2327359038
500042487
166739404
79140448
586671909
2160216463
1709597810
189248614
27825390
22080646
2851672915
339697820
20479813
19630522
2274255133
2250583316
21866939
342822563
1621334796
718183207
461980762
747940088
2928338558
1419370418
2467160324
2870653293
59949396
499504732
2916214407
123015364
57440214
40928919
35206553
19017675
1108726394
2162374808
102023574
2461887810
44364729
560216825
14229194
17387399
22894742
409863961
355743494
2603519659
2871935575
381962269
2839451315
488028839
193352966
499692080
253140710
513041178
864180079
2828781767
2247082550
2769837927
1322319715
1339835893
20039100
15127178
249565463
21506437
2299978352
89726963
357407829
50837444
209584092
454095118
2721678030
2725358726
1733884542
2679229453
2583912326
1487498053
56908710
80317835
8170292
267522954
68784803
483029934
461210010
16895274
204832963
14569869
742143
165410136
759251
20543416
15143541
145734250
636302247
8963722
17842366
2233154425
2327625956
1083314617
37653773
92751424
611047945
932748828
1329524850
35764366
32327154
843112550
266639627
2326951053
15451814
263244696
339769758
492375389
2414372687
14095052
1453772545
25523996
418951633
93372768
1001848722
476261501
161239523
909070772
1608079590
743800592
1451474420
399933
487736815
365996815
1359301591
138037459
338237494
80588808
1561486298
21356261
143779403
211119735
496518061
21982720
580175227
2187107293
551055541
351465680
22151193
234821019
473921264
1109169806
1882878685
764186558
56343662
352361906
240342793
384388286
2173494446
307587058
434022504
2294191890
460602022
1685265036
105437332
180562012
108390812
22906929
18713314
47319664
424514225
130197701
17939037
188413838
114709222
260211154
289932333
1574747606
1969449174
56773353
26746725
122706935
944840761
1024059092
1471577341
57614131
49465698
28084739
494690672
227285828
534284918
21201175
1268821
391214052
22692199
85839993
428333
19402238
15428397
8192222
86613184
1330457336
338002234
149590738
78071252
1072705148
459179114
1023072078
6467332
72831048
22084427
922463066
108392679
200980447
20204789
1640508319
237240870
17616537
22254907
255903064
507266833
362658007
297323259
1041346340
403186843
43860827
306025835
917227850
230496228
33162830
38813662
21744554
16973333
87818409
21210275
20038221
35749264
17471979
15492359
21753919
369629233
24885558
69615397
19742143
6017542
18887526
1871360690
367284950
621533
317393966
26474665
15012486
978908012
5402612
102707504
430679402
424403879
15002620
17336372
309126590
230025585
128216887
14511951
252748251
20136892
231097576
34085347
123979373
22463885
44874400
21814381
104969057
69416504
62513246
201226316
28978705
50393960
15143478
18948541
19697415
36686415
19658826
70725281
622427154
988837885
488751763
138749160
194398917
1105334922
1630095781
568825492
22987426
807095
1715051
622113
14138785
7587032
32417875
130456459
19778310
40015678
66967746
236770863
87416722
26638335
620791139
43306157
788524
621583
17020962
7905122
15439395
