3024532526
326319661
3239666295
4898843075
2477282563
763497955936444416
327022712
549677483
1973062699
796934477721333760
157238495
3306343102
1039697130267586561
752565701827698689
76656706
2347831572
2734629571
3442372273
126615922
37832467
20529914
14867598
96149284
885941577700352001
541964030
915977114758893568
934980678
470708968
131955972
1050791745502502912
1150594678816935938
491664179
742877225259667457
2701073637
1939119661
3645858808
390974959
979121286852022273
748682285134774273
1529722572
18962654
2332368062
1075082086497816577
923724714945548288
750022168675688449
2788259801
757316206026194944
2905818075
841284281691459585
1147175816243007488
513842975
1099000798426660864
3243120372
378259736
765576333061533696
955605884960493568
1026518732959449088
779130031
2442208757
1020016563397840897
631220906
1050488120372805632
966018284268109824
1349949530
125840657
1112766236268683264
14835101
15024476
16072431
16176602
20005027
21737976
36372256
34605187
64504960
223096320
311576297
451765670
485986377
557091369
559660238
564706343
568555770
601262339
721314859
776866716
1388592445
1435695072
1529636053
1942332710
2261692688
2291382266
2433856292
2495293416
2560315579
3090353608
2873724932
3129830188
3277795513
4083357689
795179974714003456
798560230888112129
908422025684897798
907086982035120133
939272129836707840
1033855105219477504
1149146202
273230224
1438938728
518769501
1684413462
861686077
149769843
1198356487
4240984992
1135289664825430019
829192515676991492
3351472329
2979392602
742051967510286336
892117578763685888
1134485306298605568
4335865040
3369252921
87359651
129853746
1483721365
838910660469735424
3369826552
260880504
3161390868
860675413
346865668
1027201177262407680
89826452
1113537014991872000
910919472
2905607280
859607468510523393
953411091177947136
3394395353
40390377
2875664217
824007949144166401
1034673484167708672
445586377
768110798770212867
352544281
2513822461
2603658426
31433650
1569343837
1221377785
1123335460426854407
76427085
111749036
791688197356990464
824207160
1059487780454256640
431766326
866763384691314688
616718560
2579686013
1115399820674363397
4905341512
815930909576798208
1000440055746347008
910888817372123138
1026053171024736258
759922542429675520
2196416713
247476364
183226171
325126593
1024041216109944832
1450531
779141414193987584
720951847
2732720714
1466182020
1063950764345835521
4640962880
854268736106151937
1314055831
898906693
736792379097788416
2833453303
1016113844035432448
927182186872299520
234459533
2617272552
155630198
299351525
19717244
109112286
634604138
1609070899
1444065481
845717768943140865
943238593333682178
1089975752
1374701935
31082260
767429416045555712
3161655128
2493543295
120137758
2549031829
67196459
56302593
23807759
83617926
15652252
2443567364
3305476230
1047664633299984385
704608085969506305
842669612
884539496129101825
975865403145707520
3294026870
3322597662
847948221699821568
298293085
29126802
2357230213
256194149
2901178748
275257870
189167085
2996626953
855742900247949312
2489060773
812389768705306624
927663590177247232
222618390
188994486
4721661819
17828802
19119809
2554566884
264356595
784055573734002688
806904176865251330
42660874
1063490894463143936
860174930490609666
976501772251475968
128663720
1036664072333352960
375321000
3006575434
1832784998
3227630353
111502400
2209778173
826863037353250821
2946185775
977041279
1096443259247910912
134876979
1634115343
1620885366
185834073
3406143814
1022230847959826435
415075929
255545898
3029914472
1092263257547534336
4702004956
342743938
1076879940803592196
4188898392
215513890
2338713018
3305742715
721210506
3312757814
152663628
1020333655934324737
1083446574397571072
847471400218640384
224759504
933088924955705345
1007463154362863617
3122494093
2340834379
706852397843283969
852097442
244787462
1054775592493690880
924715696486891521
365243570
703957346096160768
4414526354
1262650513
872871225181077505
2303421168
245893313
3076155717
4171429092
90539206
184230763
3096361807
1060188919466209280
17482476
1073138107891896320
3256883412
1628067084
26819734
48177931
69195665
3038738364
31333373
1522917078
1048008339928633345
1025815018527444999
824642649067966465
344166758
2859448331
588770591
6974622
34626070
874780390979846144
575905433
3380852615
87853386
2784520128
1025169991904251906
163236605
3507276792
1071224931281747970
24312293
377660101
892046323473690625
978671691965583361
43632356
769985865120616448
15781813
741336421361844226
246560945
777534674117677056
1068298169589604353
214200223
261978254
812785828523048961
862037690597953537
20511477
886667817214328832
3218937505
927257576332341248
195099619
28300550
1729183392
36232805
947578413283295232
51947712
785934880777449472
708893493079310336
968323692
1279032709
519719744
1608491720
2905887281
920510707472486402
897662530847293440
3585334338
784879991590879232
179516863
964580191413534720
1029907493789544449
3305181266
3074806260
1010591491851522051
123055036
722511466784362496
94601392
1006015254873112577
612807042
47693465
837148359173398529
2869324272
2817322124
962496206
232863368
1026517209089277952
913696369
1012044284571234304
1058111344543559681
1107569695
768239332276604928
74754887
788873923592978432
613491958
20692317
14336609
1197543984
3873228269
63741872
366388787
3919434753
1131964850
3254863489
30235089
972109370
517902068
66664035
712006890775941121
4382323694
1848675698
969713480897937408
58689457
3426169055
760787055936933889
4564743612
1673396222
2252850199
838857673802153986
1040382943322169345
1035387913247195137
1045738228920147968
876010010
4076440601
56611563
146502086
36431184
901165507579084801
396366423
1692248610
4446628934
17053139
2944953687
2509461094
19847709
1865440261
914555354775801856
191252522
31232373
3168150723
696785853331480576
162534844
1035196531140423680
31013411
17175139
887648194603212800
1253721834
1024807088277475328
589235468
2955871846
762116082
1595809370
2673648210
47475039
224494638
46822887
2738496251
2922388054
1023047237323108354
15409625
148385567
3165455166
955324764142239746
252791434
936009199431143424
3017774866
3115760261
3309450532
47249007
357740459
314158631
3021697442
440605177
547826546
990368895465746432
800459756292882432
1020260814
2789392947
2269286280
745772680977088513
30054271
2301930624
47528398
110441210
394879847
114566919
3256941103
822898048887975936
223236228
109125308
798387596246138880
730993974
275307479
105644803
718554582742241280
1016860494701920256
2249989106
35355156
880626018427568128
818930496
914940936471420928
14647570
366353448
50885824
22060190
31611970
550472140
1046830423
162878052
938574528615084033
1009085451120984065
2223533478
35586563
16963843
95975081
74008418
404175955
899989743689183232
847581288441819137
33040467
372760774
33051111
382471812
2800395474
209716158
214650466
913870363565678593
16863340
129653547
714299769665916929
356444280
905294630
899384503
3098766091
365616878
339157516
223354901
89788739
993565156004085760
3098161804
864807108
391100856
872992562637709312
786047748508221440
2298250590
2467791
528685549
126750134
19218158
963401670
887383631529824257
3604236195
716583266644467712
2243608636
385393358
1245008893
1505307667
70043979
3196722433
933170089905610753
1366115664
197856058
904948448264204288
974123482307940352
4352483957
855918131495219204
472587261
392463691
781482565307949056
2324375449
928338616782327809
2946679618
838516534762946560
13493302
970530240
2239767038
80135530
486366600
725869517721718784
971551860036431872
4839292911
971925216501772288
189364778
33686808
430995737
887152821321297922
963772738254106626
445851378
423098453
2891955705
722817945575919616
885954603895992320
59506278
19234329
950952511556538368
3161573228
14782635
3904179090
541731281
427505253
280532263
2529194850
782571368923693056
2922928743
637358809
857736172520525824
19029313
726571209555611649
185910976
1614209437
764316913841295360
755007308254642176
759215567370936321
488929910
890088318154797057
995715920
912171150138122240
493286716
240462058
109974187
787718609313214464
14589654
937598839
474643035
937116781768003590
3904320391
2163473486
900021317797281796
921102364240515072
636586551
2478729888
1341542654
308407719
221812686
46217688
54306484
517777790
177707730
774593527
128313714
249346453
1413173948
3047741455
2285228252
47983577
2747272730
1504468922
36493806
3311264367
2660384088
12267642
27978241
2811656322
2438835156
33964408
15246964
37015292
916311362376216576
2364783188
921484896186462208
3845241975
371440992
440020831
2956578775
1561361665
1528216394
921839223497482240
921040005308362752
135680727
726132278120730624
323346108
734846068114874369
29723068
15148036
4647130754
577346201
879479321286463489
193296075
59815702
83998973
244999430
1072003388
556399721
1096058449
2813420022
112607041
2605253347
2182785228
905969727700426752
1145893100
2747882894
219367211
2610768194
18696996
3077472948
901192125555060736
1144882621
3355345034
2984850071
850809399966924800
898740083234283520
396764170
64223295
262720172
348853676
2527912530
2931622737
633942876
320316891
719915456476377088
2826615984
1552581901
2726694792
850885812300374017
54887627
73476616
47819405
838887334410092546
36690835
2247247177
823213918952620032
17292623
790368301759205376
243213080
451195572
59282440
824664154652995584
3239310942
521061385
27537695
360934377
901886689
23640682
786733599915544576
14729597
824275038392254465
858262506
48988084
58531179
18683406
18691048
475051326
874292555411795968
213330343
821205552201990144
1899306006
15871416
19725644
1158341857
50219768
958649520
806025217935970304
758881342310318080
24467650
479998051
16105773
850195242837987328
26051830
148018691
245113200
3290735741
351226182
248476706
40816211
847774171526438912
3937939214
102417054
826127071499972608
170751187
22787704
543830597
24391162
3515776934
4798710988
126651259
742182258581327872
84196731
735928390948028416
4356430036
302199558
837476618016731137
239711111
3286770926
1865694282
835251565837484032
14163789
26703751
2521364365
326188467
61603
2895209718
266159102
35633645
5070841
59038273
104762919
310026299
358946465
510488907
774842190
814589791
2724168151
2820250640
2891604031
2903074057
3101015701
3120965706
3163312514
3513041014
3329500751
4791138977
4905973937
703260518820159488
763445119169204224
798285953936789504
16435797
29304600
85728309
35061327
824105014750838786
828085679468843008
155784594
130496027
174110843
896443831
63747507
30673431
823565852922576897
810199813862158337
1496289560
813286
69029943
120353949
11824072
763156668699975680
193845650
32771437
1066250100
39573232
70784139
581249103
15357521
709479366946754560
782248523290914817
747111199
26016518
2295520110
758367869528748032
3290951196
78996339
172418264
3529375212
575475667
18681444
113730356
2799879038
771023268719439874
783719687632793601
779093856742625280
2396669288
2955443990
382934523
3718575380
355036400
2202163974
2155594878
770384498617790464
776450766710136832
18393747
17396170
3598468452
246444963
1620556356
903904045
7492152
495642488
2745226392
20771307
714479146403926016
760219724517085184
717980653
3237173809
103089628
704021363850354688
2877122809
948165840
2792552311
43718961
1107911095
1044248377
57221482
849996703
3363679514
48403502
20493524
360376862
111379452
171547343
4777767515
730466109351145472
16004102
746758072333283330
2310797532
3324037438
571202103
126480109
303349881
419176139
3014789842
1089982212
326275550
607201060
3214816636
1408048591
341074740
209104516
119570609
2462196747
29717247
2202509916
4861422891
23234807
2825546849
223641941
337803353
561632065
2839162228
494612269
31028619
61226587
401864372
4837476636
702945893398487040
3122723323
2698779158
703772104395722754
330021174
4760694445
71061891
14695514
17397125
351889447
322233761
4785198913
4229100569
198243070
366669429
3171192282
3750458062
4176053173
4160269692
1645455444
2542444381
16045268
12413032
701089758
15832179
3726863478
3945539113
1623814249
488783798
2707073574
304539736
3272156095
2952419066
487692255
3098054390
4083965830
1931803916
545290877
288816817
28154398
3300873709
30861771
3764717013
15956067
2664300030
840622776
1326852056
978906498
1250968638
106298092
557471860
22732472
34625422
3280972969
2635013000
39566915
2360981360
3375587531
3377402273
2833751042
988841976
29234146
5671542
1227373182
47445197
35727191
41888256
570971498
888196670
1117302810
2884506570
2254308744
2178887252
938576166
3168161854
318116167
637059232
2575178924
196458749
278847889
74946420
36710713
103925618
1275121795
349199931
520754079
28334733
2175843914
2244260844
3028459733
18004581
19559763
19743295
23424410
24259734
33139231
221789873
169632361
238294439
270623428
314324196
457104396
473633317
1932213084
36657290
344799953
2432088217
22022141
2828796622
995654600
28583197
19927012
382187999
64456502
18530945
313091751
42338524
1314930590
2495454486
3008072613
516769926
1458320232
1597402903
140136223
186585181
32147629
61193690
2666839478
14239043
1193729436
10328012
356810175
110189578
357293506
3119625783
18169053
1327642591
174847568
61003541
2717089861
1553936587
1227885888
997429212
458728335
2582319062
211258879
1898228648
24027644
2478705978
14950717
74344588
1491049926
382717501
814392950
39215566
52807052
14819353
23458200
19674753
74829406
18053349
74795779
30314004
115681793
551100919
40839678
17450599
1432138111
141991931
2728176068
256370823
1350034999
2991581136
2739619668
170023430
37550184
36797320
377771894
107222077
59769395
2207282284
2902720721
226992258
1730561124
31443503
21129105
1537013378
144946246
268379601
52133835
25983346
600288813
362286182
112475924
277792348
632403091
2338474649
382945026
266668649
377554195
17604915
21166230
9201692
247029294
2384239902
14981648
106405632
2794157239
59618931
824000078
96423812
2602846615
2678260008
713648564
871921404
313297414
864561908
464518860
2791937658
367873443
1641506922
47374474
885689444
350860087
40401538
850009118
755419584
490966460
238286255
34911781
2366539375
17653923
1396215210
823939969
56442409
256363817
304085618
71273952
377784881
1711413942
259990583
1393633862
47685547
48858425
21830246
20784922
19933741
106967417
25585110
155230346
488824886
1596084738
415822027
1330035655
179895357
1156788462
2437585291
382253001
558148770
21921269
361019472
375235135
153814910
330055239
972352974
55396174
223953813
98576802
88290488
1594980276
86564866
17870903
285310202
1363206528
1378590138
15134240
122973487
742798658
19767193
1676557724
24443976
16017475
544840131
703361190
561372021
86176601
69662277
173121387
15147397
88764812
909450024
1938608077
26983187
459036285
143086518
105298881
842143333
26035722
43199901
600803781
985759850
578991574
44261504
32853823
589975555
68306839
322026685
245545600
19341683
321652549
22029897
19108922
19843630
56202639
15154811
53435986
21034324
14085070
22674756
487833518
1435461
32372834
16245822
1244956536
156411211
69406730
21718006
101008987
32765534
139162440
