145287368
262856460
20094409
30409200
961670219667263488
472587261
378259736
935314503302107136
1521711138
516070187
1148006628534431745
308593313
1517035471
4650629189
1026053171024736258
1849610106
21193261
471677441
111721601
217900600
3404297319
1073243671338860544
2783231383
1067382671662374912
1177409563
16826425
7304782
219722355
3169214202
1010655874073939973
709111830636072960
75938413
400833519
19682187
2432956657
15139049
51547100
48439042
17539739
17839720
17685691
40231829
1583797891
1240232515
1057736267293577216
2595260136
199366312
545274803
14926825
1124363283421515777
2344306848
270627293
1671167412
23487777
16637487
792773613132873729
72403
913513777147944960
825973665187500032
21210595
885977385987747840
989236374325874689
3317206944
2603020435
3207024664
1532893705
2847776317
1086310837495709696
2895055576
4926409928
787800934978056192
824935774621687808
1099311570100936704
197574200
378333037
207617689
17175139
814106925860274176
855667262
708330490558713856
812607457805684736
515681396
1114736355425185792
910316246440173568
27093057
1105287985967247360
33085155
55277015
931187167811985409
620295356
922105822003507200
86774930
904869467238174720
823703761881366528
1102154889139048449
1018515589999005696
445479965
1064888923535679488
23132318
441210459
2857031384
2600016282
489827847
32871593
785240803
514646075
607427456
286506617
2666790169
1050489982006304772
2329135916
525751762
16958346
2923474450
226222147
20468995
602998695
730021843927715841
191824897
759314145309253632
1045006119754706945
760781358
4469541314
1080198683713507335
21364753
26491028
2815299063
22560533
13548812
536731208
83223036
24794561
22986858
34743251
2876041031
16031984
24457744
21789463
15919988
2400284491
17220934
740769504859455488
2156090672
2597351264
953970183437250562
829648901431054336
4674913212
245929639
2437192603
14592008
2388484242
806876877541416962
3435192275
326665662
3047570107
762364351206592512
183010915
8668862
727007094
846137120209190912
933004116925796360
503612216
2917908851
1145550002
21316657
733372734
37913324
3100272811
906428657891266560
801179084105678850
3874977225
2636118115
768742140
1090780668739637248
16220555
1073839346871140352
133483967
973942589765423105
1028380202022318080
966122023868014598
1029785846541574144
1286970006
763803047491502082
1925323352
1551101437
17261389
21753847
2241339552
2895995438
352039378
2916757893
986956174301032449
897619785508200448
854096817281273856
23176276
974469122
3044965490
432925095
18817285
417159323
73041398
44763075
3192319248
365656030
55250051
803694179079458816
595861403
2954017344
590068644
302147399
1450723008
807003567605227520
179661493
3120987492
25160944
935447275
2890961
14007532
78556910
1562404537
2800581040
43092107
438614559
1911422834
18803554
39822897
1152708968
510464011
4851376643
2461810448
12267642
19808176
42724842
23785621
408879811
1057782402687225856
192942213
41516710
86292162
338660808
1052813906488565760
16459325
231008287
174185083
260966389
1047165448008228864
14368074
2659704942
752192078327742464
1021448276766347265
1550654624
898160787574988801
33537967
22044727
892101651787632640
22280899
794683652
15532765
537473601
1041920632349282304
14780086
153860327
4099171
12354832
175834402
1336865886
152133339
15985111
23145040
3982489937
701794592
16316895
586749256
1581379867
608671507
523724353
20348377
3237217254
758455147
11757522
263872769
787049466201276416
981921110420807680
752656268381155328
738539314645237761
124850268
703700246417838080
829106118
2741542675
3949525095
1201418768
857103399845851136
24759428
562635111
2324708472
1009489969
125719207
118502453
1433499571
193793285
1209311899
55103261
1449904334
22140392
881615056437297152
260371201
16092470
302102232
70883777
1026599899331059712
2288578040
411008241
282709571
4744985474
22771961
1726609322
771114165976965120
834081571493785600
3363451
741185730605682688
123753660
863073191886962688
11253262
6457112
4380921
41887810
15227849
1000591
11620792
370407255
2551055478
575851980
46173011
465168300
705762604669669376
702643881054089216
2895819202
1933005691
940938863790428160
6145082
238826845
2382106993
768982188436000768
18696996
836365339910799361
882081571
593289567
897861037
382685028
522848757
413212483
730103838796095488
11395432
975218674314362881
27260996
1250225996
474426883
1219816488
2414827232
16867003
3362631373
36540573
83689696
2670099200
80370806
784575415457308672
368704045
578634300
1210753170
4272610872
3352435978
751061442334523396
115554440
15098932
342863309
152862026
233364902
3308958763
129679132
949001998489341954
14606079
786309892990574592
3141185043
19084896
26306441
19983914
335060282
799922692698742784
780522962394853376
815733290955112448
206001945
851292862692040705
983500212558749696
86144804
746431353843941378
17334203
2814509320
118450168
15174710
3096270460
2880312967
65399201
23600122
998914696261521408
720708319380422658
58544404
2196943706
118780654
953525751722131456
870332654696058881
787648666744057856
913685533771124736
988327331503771649
455505094
67647597
390170244
12609292
187518287
9589252
2370520896
253099207
4918922749
993789458
772449773265809408
1617619176
3225993266
22429979
19865053
1880558749
14298769
485775569
327684727
879495878670655489
47253627
236785669
1236367723
439872127
27279989
345615190
468816706
821424486868254720
117662694
114517420
990661098729824257
268379601
24223691
79923701
111192409
261748333
891986787714965504
3253069098
929090762968576000
20485224
941782988819521536
764297167456436224
539952978
791335035714404352
19024627
950759411978555392
58257664
823565852922576897
114813714
936362328685244421
769596087598452736
550836986
34305774
281530541
14499829
29946265
16348549
41606204
52852957
30919974
925738696695074818
16863340
15494711
493376771
548384458
794316803585359872
14444443
1629020384
227919515
300531865
524713741
965151277666549760
923692863401033728
860988343516934144
2900643078
817001856
240355617
928296902944178176
30719535
897564839790260225
15676413
1734894392
3293854248
893330990285959168
872832449054507008
806606209411231744
14815685
955896944
974870376785231872
154530886
239509917
326480956
216094888
20081707
16266252
97701898
157238495
8161232
246939630
45972837
12576482
964537379754205184
415724865
854581958
39370959
1429595270
3235308547
120153772
903641123683426304
80176051
17850785
116286391
277232710
1105763720
860675413
1874319986
2480714952
769188695312330753
1381015116
930949886475878400
121887978
965015705123930114
797229459803926528
1300511785
312355843
306448828
965266179836252161
965049978451214336
846925942371028993
16797500
2980719144
888624210565902336
2650537656
963295505160667136
40078468
4830166996
754498086316244992
33965926
133028836
23974217
2317939272
15162136
17425484
14729597
132655244
4711023673
730963792146763776
2987909836
18693609
3169209138
65431632
901874434994266116
454071012
18467227
723011358468411392
58171977
805370809
2584623744
2612178961
834274611504164864
19782176
22929686
166786882
59253078
92368299
825465028107083776
61228040
3419219055
794232679491371012
26589987
288333760
345031888
759947264018178048
3176993405
1857314665
20095255
23454885
167120631
2893418415
3518864172
4865442614
703038008782524416
2301675037
164679813
3429990183
85728309
2324160906
486035256
142474449
796389672771534848
2155940659
3044788503
840208397622468609
432242860
58560480
241133253
2462314478
2938938859
4851486405
897622997082583040
14573926
3817857568
72198806
308245641
759540481785077760
77220986
52119056
847909453
1053625464
381642287
48911926
48702842
20565284
1240034964
18992348
911293188899405829
1620651050
15357521
115666612
36712233
156645608
1105012994
415704389
840735685015400449
212657985
108710418
2167059661
111092283
3020959367
835252426265481216
2440258777
56164952
264865110
40001204
1058139782
831469505574531074
43194755
159199125
876257323026722817
460703819
18228898
343332471
1909453058
838429556075716608
892457957459464192
257381227
628286960
874424446064492545
82364810
372536101
340613443
2879642556
4339916900
2186051495
28406270
36735522
4900058284
774145865166393345
2938273383
273195205
771561031663398912
1097699492
2751239996
2679664459
21522338
21586282
60610778
277140127
890188723706630144
495088169
519647428
2905081204
805886229350850560
890511741116796928
747480676782465024
1913890034
1668303476
1705792063
112475924
113085017
1115123113
792367532749512705
3191631294
37922185
3063874276
120315637
47940370
19478383
2827143435
707310068992241664
487944461
1177368914
145711196
758426690913566720
14982804
15484076
121072645
18602100
991454492
885175141616844800
911230320325812224
157011259
18880638
35549780
18168511
58675860
135304832
15088772
754306072878325760
834706563474550785
15099133
2344846128
775785252786544641
1370362860
419487011
3294036083
268545149
2381058133
175447682
721795537641541633
809420163711909888
1242347953
737998324129632257
880746229486977024
3167817137
733182155350642689
39482914
40391925
822245328543948801
897519282409672705
3042758285
890788045443612672
295602344
200889851
225193809
20605481
821387408
111741831
904669934436970497
1286426840
270673198
550020917
86197429
52914984
15751780
189239468
2565541003
17831464
256166589
901622635
66520679
926947290
3302664171
2642080494
3329012841
148070687
2863996955
726394174170370048
2872259859
2537867839
899629116273590272
19719380
2774062997
4875464938
14507103
859675606862110720
474823395
511273409
828704516497342464
2376110249
85124476
1671499879
1664893472
57047586
1007210042
2195200338
819341370
14342564
2308715586
2859205401
393417248
18926099
896228737
854028438902104064
430995737
575476819
149207756
243251429
1961260092
715605443704324096
862815355663601664
214622133
4822463661
148593548
1269239299
363332454
11640472
21872269
867791010537111552
863027975247343618
233343509
1538818580
1880925282
824282026832367616
851440176
889176242427219972
1259300658
16580993
46152093
23330998
1099197128
14275261
3578130437
311451608
113064158
347499943
1604444052
3081996133
704651063169839104
18374819
849339150000152580
887022634818469893
2756930437
2944187942
450796093
3129400371
34323397
2702155178
77711880
49164309
8442372
20582958
34317032
2763264732
2534863616
186667011
35031708
15537064
3364286894
14800270
2735591
223671790
3416280700
937499232
516856172
229466877
2395015796
4910681115
112764405
875008292593991681
3091524395
2517827630
23254482
353862250
402214002
63799454
531829579
30109507
38139057
14819353
528148167
849666375920603137
1575467036
29221344
410232198
19939208
399359285
579210845
2975042349
2828658528
3402909411
43230633
378643551
875029068223315968
740258099525750785
3475828333
900171
572976044
4200716788
24613245
2877864207
27113593
3760488922
86292908
1044022254
186476134
22773313
802558842290708480
330105456
626245268
120834291
22946669
3931240040
14263366
212119252
845466082215448577
284155407
14335880
43894879
41294568
89887215
35990109
238528404
1018962877
14217173
22843068
24167314
858083774717808640
16230239
28426328
22878150
297632458
1885050439
3937964841
38146999
18713552
2340738308
245368862
2836896298
95520137
1009070256
21123853
22148915
52521572
402526659
2347831572
18734010
1334793510
312679110
826472694426255361
16581734
1106501
27493883
76650684
330835007
2194782380
285772956
59840147
243222331
190632698
2903832726
30445405
773455276821340160
39364684
57992098
568289331
50516203
365171469
37495672
278256893
2321555143
196252207
829772340
121502349
757723201212252160
42371899
16736682
1507338108
810590628727914496
20832352
16017521
322658873
775457794392600576
1325189491
778254832415174656
199361520
3330780172
16460050
1721871722
633002065
264957713
48422833
146502086
732704837935058946
243324920
19344825
3333055535
15952856
1976143068
814543152010981377
3673629314
5520952
6328122
126098589
706297852268515329
3042282456
2467791
3021697442
1260519175
32871086
3238448948
70509102
128429167
17348942
434442052
515784107
15295503
33919343
189180763
142851394
807806754
907382738
97519663
140052621
18812301
325385270
21875099
18781641
34040950
311847586
28262754
47448886
2205410924
155301696
145377724
47438401
2733320850
821419495730401281
47455112
839574081854930945
750892662224453632
21334179
1060545835
1594021728
21461359
100255844
851211
244539931
22449367
103177953
780615477470965761
15970050
20796069
406421056
29501253
2467720274
94010830
20744708
799018191389413380
25166330
15922433
248495200
3044919014
55026493
41688167
630833337
87619101
69733322
301538437
632929663
48360500
461720085
20646711
630959896
2517128504
81354289
712074872273244160
342803375
2944953687
56212663
761069185770266625
2442506964
803405745525923840
2173030009
14700117
459872442
449588356
574020783
1055907624
46003622
2358302612
35127952
33018114
14086367
2446362566
16622560
330679959
524024759
136357861
33509142
2148100406
148529707
119674486
820354372827758592
15127257
1115627442
836259391380713472
21100640
322564915
2316383071
583576029
25598610
26165922
31466437
18250813
755151407037153281
93289052
16017753
33718488
79315362
119972954
1536995270
311276757
18018355
16378093
473058057
221034148
374813384
807372534702227456
832621606782455809
16014840
487833518
903856885
514875912
174151902
70725281
2579055876
335356941
17292623
15143478
116994659
125453969
1405966890
870870170
87657092
2281259504
87657446
2317558679
490203158
805228384385019904
20609518
806862084277407744
356885109
1390830948
1585589059
17137628
384649690
165896536
829010110051594240
224631899
52889950
44442099
804015436979277824
816869611480186880
475454826
21313357
14352556
2179637041
2147544470
2762027392
4068318136
334048260
717312300529618945
115903389
15940287
330055239
162158138
925963705
524614488
2516897582
26268870
33519870
3244305970
3382
14241704
2960129262
99243286
121489431
17583080
2167097881
4797361833
1077214808
40271144
87985449
2450666756
1464676063
2635013000
46970693
14717197
2976165712
819646594647736322
14069365
26260537
800704496246484992
17855157
2767340193
2239221307
20755177
740582447612579841
316930595
16528755
48144950
2293315159
48269483
2577476334
61328496
34842553
4495266209
1965420800
4496209033
22418057
227010728
14529929
73238146
43963249
14377605
409486555
249677516
818282957618216960
475963647
800707492346925056
373564351
3170264565
1590839622
28861486
193441812
2435789185
793483209493315585
141991931
16630098
14207863
518184679
60212109
255351902
20269254
2478729888
3146243356
2269209415
3256276219
3217660516
276712159
42169834
2834299276
1696825783
1072498687
11745072
186123537
287021103
229757701
15113565
17409240
20368866
12514
24190981
612904249
14327933
451236001
360083646
46335511
14173097
40145940
3167508269
34096609
1342861723
18213483
69231187
14159148
33933259
779416353019203584
44195184
117119449
186393791
144286635
1410299904
289342771
15909478
18507505
24971644
845743333
17466132
18533219
127806906
365134375
3078764630
167459973
117501995
293131808
2269541929
4295182814
61734492
1051396218
76508287
2283812033
341564433
24889586
7855062
22053641
618307072
15119140
803281100097355776
700438420691222528
15450660
248884036
71569841
83668232
15432179
422810730
15976705
14289169
372903539
2468886751
15245653
191074329
23746411
307017991
17773037
496559962
746012368384176128
15792153
47379354
19918353
4091551984
54861430
20772763
1049171
106234268
42496144
33765724
2401672537
2754444285
800459756292882432
871991101
125767077
24223641
97474887
541284866
13145012
434180602
396322697
603025587
19447334
1721502336
1434623904
270505640
18725815
766492651
130617778
338407260
472100916
2899473625
21337440
7860902
254610836
245197333
787373558
427505253
397599104
44177383
2240756971
18464266
2352129288
23642374
19670226
721892647481315328
763281703968186368
55948054
18686907
708781961410695172
21431618
3034892963
2504452635
3144420747
454099919
25101704
13393052
91180720
26548315
14260960
20707070
30354991
402957663
26657119
15667802
17171111
34792486
71048726
797406769
32081228
47285504
3145735852
15893116
522593098
342954831
30038587
352548417
550569733
29417304
70144495
789869266237620224
15220768
17006036
38762773
39138529
190246525
860555190
271725689
19133924
128275616
775323950020714498
1732829419
1601497884
17179368
25535595
15455314
65375759
1613458502
36890646
86129724
381264102
18994034
16667262
3173845605
16031679
2427889093
3050251909
455106609
43020461
33773592
153567287
21867341
12889162
1111940934
60972923
2481279858
36412963
130496027
155784594
174110843
3306362990
35094637
34643610
2420858653
4265009482
750678167589908480
2860500399
18791654
81482674
939922981
90723356
714562647635705856
96116759
2905314462
1524976560
23638544
51297919
770490229769789440
722588617231769601
69133574
16006592
721904954055598081
398088661
232602648
14939981
2980985844
18025377
25375836
8315692
47216804
17877451
13557972
1733884542
18622869
59157393
33235771
15464697
203723405
9207632
218325695
21268897
9855132
47475039
1441234634
21733692
273283549
741665348471119872
199418612
731132367058968576
2221323534
39000115
18382184
30808826
499073990
16582131
15808765
22278349
20715936
85583894
110772878
49698134
18009781
19119809
702147673651027968
3232054991
29450962
87706747
2609944778
3389879356
2799471
350860087
4106506334
18930015
593278058
1849296798
3153588485
737954995648094208
1432138111
199198913
566789704
1229143350
4795344505
1017637447
493889332
15764644
11347122
232202595
1707321486
1093090866
15007149
202169762
3094470642
267915933
2195354208
4207961
18345963
1536791610
970207298
3496550774
131257838
3308363278
725449485040504832
2416469839
1595982361
4202506475
3044970976
3044775028
218649355
714888004783972354
2842631795
725033907159179265
3381512019
3295574960
384923143
89719937
501016202
485212663
580312540
47472885
516713671
76079281
602177019
2922928743
63262233
2794484989
17400407
15154811
113509194
110488944
4898507709
2752714347
1517632884
260685403
17810254
121626258
432148581
459601671
681813
3147690692
3328007156
586
2214956617
3306831979
1071537984
3727723037
1667594803
205870273
343203395
372760774
2476065180
2724769800
4017420196
3018968748
593166235
636586551
2455929786
19966557
386239885
534498824
158240651
2693482177
66182591
22205944
980046830
51950797
1898695081
145235547
15738935
1906310653
1195526287
3029206516
3686398876
1539386210
19325156
121752548
205302299
353139378
15822969
169236725
1443654878
56791988
1643259373
403163083
2542048502
526465553
2752775016
517921400
299892543
407242546
20015311
383764219
1400741599
2281130636
3192923186
3163831199
3156877512
415701368
302412035
747531504
264729641
18049298
164486345
2849588205
47374474
3108404814
992085643
36116203
1608950586
34716719
36052760
1361270377
3121617070
193169899
871996507
162151379
15191052
93723330
2938974376
222715263
30568788
1387939524
2215842863
3066109804
557757802
1058680478
1893926666
2987813621
415822027
2895818884
455839278
322667306
2338578973
19767193
1703735232
11740902
2477038759
2716021999
2476840026
18346195
2653986822
168508631
3107874536
427958206
27318985
15977916
1330457336
68162934
33248363
20701449
2905716936
1267552170
347626591
2872657674
616740659
9900222
422771076
1389727591
14118591
16619709
2872853783
2898651020
2967819555
2967913503
377324359
2896022367
2974948330
2335142808
1109674706
76956597
21786618
189376144
68999404
838232557
2936346314
15292416
21324258
19086859
21634627
2434499384
11175742
223953813
1145995969
374284492
14335413
146494892
123932455
246560945
284649807
436090381
1327266882
1537013378
988019876
926236550
2153459648
401075090
448858297
16461672
44978716
2681166800
387811524
103887642
15416497
19940791
15738974
2436509563
2774388068
2905618032
201783046
2256689804
317187060
2409489144
19910826
25571420
400178785
8514712
1891806212
105973401
75069067
27438655
324012642
14177942
61710613
186927500
113439399
19786927
133360411
20713051
2920691855
102187929
8622212
2561639156
2773214971
23318955
538489875
24343077
2241631370
620012350
1696109952
2916942860
153726491
69181624
2484154489
1884300980
2203237903
474153723
2705490432
2371519303
231055503
1960370958
782315665
366694059
20369404
34145784
111239070
598942386
1514779484
15318717
17573212
54730258
49114382
380819886
16779600
478208405
613981407
547134086
2848256634
2613859267
56880352
25878303
35315865
1027408974
47349506
1363206528
25423508
2611871510
450245894
902072263
107795399
227837742
16051471
198775697
333358161
245804339
582813575
2734285968
16754194
17899109
161801527
490859038
515322065
1347841
621514018
20105978
31618599
243396899
761537743
31045831
214200223
389660477
175494198
475404057
285125151
119521385
1330720885
499327665
243509300
266661746
300469709
467425939
30333673
2637504332
53560219
121872852
263721979
234525371
16374144
15575625
390287262
486842125
8515932
77170146
1529528923
712768784
2573289018
2505271093
28157292
1202055853
2480240575
403116484
915265088
79313210
236509450
36385158
130431185
557280690
1613614777
34321294
552488090
135989682
24881388
901774896
2180392291
203155120
10475892
2528251976
296939970
1111920541
25198864
287355906
29014826
19658826
40036732
608509144
357606935
71019945
1685750942
757303975
1339835893
24460027
1717315062
441560048
426080991
1601180562
425790025
80700755
333466240
480775470
634716822
16398559
564585074
85990357
404360309
200227733
143844341
334180397
409710390
226200286
165055415
332967893
10005552
546988294
201815892
981793034
234566025
469028641
342061820
3554721
15737554
1102847023
66787021
23544596
50778320
14959912
19303934
837094099
83869121
16643805
342124300
763765573
230602419
19427121
14540941
17004618
110798209
172592881
56722075
17241895
4909001
85095636
47334364
30197464
14844272
21821423
37945655
165622311
17471979
82214981
325812841
414077636
14800709
20861943
388392482
551906323
363135186
292109513
220112367
21917716
245869990
155453126
456878448
27963369
25728193
204923510
552722612
95897878
202313340
32372834
313983732
16654122
17179747
57769424
38899275
22143757
20981729
85732762
216800110
214609524
162113632
77748389
16303203
79837964
151452658
82357863
346276932
216875162
15484063
32768416
7494482
45380217
95894506
16527415
45071760
21982720
7057922
15315199
292559628
258841527
19760170
160522286
24253723
55017857
15754037
172050085
23658986
358260333
378655054
88425861
25512395
16245822
23615092
11752272
14320310
243883706
22505409
392463691
21235708
14501193
139813187
16938727
14109075
73017005
7215512
387933436
21704370
92144604
29718588
71256932
14747430
75114585
20068053
105256441
14106829
348152758
17396170
23200039
19621110
339573774
376954445
104006754
331117130
25019133
15862891
309978842
366744819
24274948
22737278
30844509
21785527
223588016
118500307
73324295
119658715
314056736
150501034
161002237
59429363
17329659
62379869
70058655
20559017
106476153
41989535
25581439
14155927
35773039
14316789
340538922
66090593
26797609
20824283
101575611
88239294
15182686
15307784
30369308
41609753
25575378
15296312
16878100
29317977
212550228
11564502
218970865
31373365
9977282
34419141
14906856
121871408
76424191
35667496
13251692
21708469
25637007
45493027
52217909
115793508
16366967
236895991
11178672
10373972
19362341
127929960
28382686
18646907
17457100
149172201
14219943
144877109
13348
10976312
20367852
26681722
32439209
14709355
29123505
92106357
16191793
14677919
93028098
17349160
16016852
14717311
70893020
15279429
45577446
15618553
19505749
17845789
14289835
14835652
38981543
59362595
813286
