1684237219
138141969
822069659423883264
913078064
735811158469423105
861437709943844864
1578151
156584755
1033269606742286336
1140607324127518720
3346820350
257690350
34336582
943620327925456896
1007254170
743874438
632277610
513677441
17919393
174110843
11744152
256631560
603316190
369788077
467924781
1115643691
803029068
30364057
3422560750
45128645
218512822
14276135
17195458
2420980364
987858430231695362
30805398
2342613998
1944680329
21688902
2262640355
328565539
139870125
31053563
829860376896475137
3321978674
455768446
12169762
1775297606
226011566
180535644
1111940934
17465285
98231271
510455186
2496436669
1156286648122056704
240107748
1013259079601590277
38957339
1726682706
1425644274
617556862
18622869
131497030
3508704925
1049530141565698049
56980892
42389136
309298363
312191469
486629332
540435194
150240350
39185810
80669530
21104257
1083459739
436925910
1769191
377419742
1637741838
1672053968
17454729
1053450787
2803534123
21001599
59345386
14800298
2996801
14602259
1450232780
909788702376939520
3023220035
146689704
19160709
546100433
413274241
122792963
26336913
20083388
330105456
1095455851140341760
1088659460539797504
23946892
1122878095663321088
333385271
16395525
103046392
234785973
1499831712
109257354
775819231694729217
118747545
1151932993054957568
2480936977
526456651
2479721138
452080450
2332044398
836913667
44317593
49207977
34141429
361606325
733680914
245689692
135532631
138141495
93876666
246939630
71627462
40086064
2398360008
268466942
105973401
541637104
38428725
985749294
429531188
106204123
1545306691
2993177739
20522862
20919626
372456694
1142083418206941184
130251368
887874084024877058
145711769
540628749
29752603
15309384
45544324
242944499
814843831048867840
2271516307
323026955
717335588085567488
380355797
717867063486775297
4645368641
252751061
45828171
2249531
41543268
388101217
1403766025
18205531
22974854
20813112
3115446404
167807696
47170174
31611298
158067020
114221975
242426145
148529707
1004074444778639360
62103
868262932441968640
1063267314068418560
21728303
333284872
136550204
313381067
20820517
15113565
761257471952379904
1625218945
2783231383
742511577086099456
33805522
2798935603
60202491
4924072528
55650719
14700316
18229535
1067490340284915712
1733154127
21129234
74878213
133591588
1073035829885456384
94306719
12685742
70707457
2535372901
55910998
144286635
41646238
151682694
102658187
300467000
75129245
25261154
79945197
157381435
746797787422023680
15742946
14512716
323485397
3291400541
2417085025
34781412
15723806
4257056233
827186757225611266
709111830636072960
1146222394962583553
23564335
17060020
17142193
489475164
769674701211697153
1003107003693137921
98428164
266284261
48076741
58084159
369711293
2655321690
1143659386147090434
27045991
632104194
15493815
57655281
572688199
899377318816235520
98202324
436429668
1520046284
36906151
17938103
1870179554
113831577
1254412448
13670232
15848824
99004419
97650875
36974383
55919026
95139347
118062152
45511355
217295265
976783447535452161
18909939
485861064
248482567
1114970489942753280
14059338
101348982
182398325
231510077
100026898
20963813
561273999
38497702
41255551
1113058423229296640
338779219
200711723
22910230
3071162052
717048221592227840
18798768
2538263070
37490340
225571767
2477854855
1873108596
6218752
2163559909
1607408977
574795929
219141142
569297474
1507338108
126062842
613712440
17907987
17348735
3229223055
548384458
3456170353
589998313
247436878
2228878592
897861037
1126100252
1674026768
2240933329
1081665484465033216
13530392
1072543969
305125998
16635362
473393426
22952132
40924038
20552442
77802639
19206876
148116121
242418441
14292370
27978241
133006781
18228308
2530382100
50149303
102469175
14340977
433602289
2560199970
5637652
909856753084391424
79899301
151312222
3221616990
280664117
28435333
2282381112
17542775
223166587
961930058544893953
875433273698209793
910129984777400326
31841271
23891217
342743114
911224068581527552
536528296
321045023
21132877
24752038
265321890
917295078
971454026
1116370079753490432
2337386839
48488561
91657326
1143541888785571841
767363298002075649
271586770
194247742
3114968495
388350912
3996444437
1542103806
378259736
143086518
444927395
1286506417
1512144536
801614917002375168
43797990
19325156
9513912
19736842
449301286
390170244
22283200
18111042
20725994
104318795
28387393
2575205850
129350395
96239680
72720837
47813521
35498012
363041761
15327996
14639216
288277167
375256605
74518740
23378774
178580925
193095044
50323173
958828790313971713
2235224052
24889586
2208906530
18533219
18655567
50646511
26668729
326439788
96414379
2763264732
4219585373
31451582
585038681
1120425272119980032
109146991
364614047
391724938
39675770
55247508
25096930
102115921
1726702610
160547588
1045110018
17073225
4577748914
187753009
294204289
1107303859
19380775
139792970
2599222849
733667654381244416
60600106
386815916
1118102554225913858
430847859
187991050
70279712
22708124
77853610
2289160027
72103163
24314231
53429839
189658688
21844854
1464536648
43922181
69596351
106915076
62973449
35811347
1733884542
800760858204770304
37191062
331854460
188671018
50335964
2838295565
15776891
33857883
219703427
17116809
40353407
103761819
404179950
1445020782
3004163369
980784490594361346
876912709748609024
932427704
128329319
26579715
66768858
125400908
996038115134459909
486801537
2996010142
133033883
930976855188008962
31121585
2371819602
801639241
1372200414
264483918
755677202
21786220
2529023322
359150678
2573539213
23638544
1050508072362405888
29263488
468948732
834969327245852674
56419477
11268822
1468117987
1227857060
78231411
178065733
23705817
885260396495597569
1586844469
139593662
329897787
102154357
1106330249296527360
398117495
726009468
967254224
30893511
2584065823
1100767238523682816
17370228
1655379318
237836198
68838204
749330560653398017
255903064
399615834
25691305
8861182
985759850
887344511810252800
132788675
22018221
976647697670303744
872965298390958084
780106255465492481
385522168
1380398929
728395891242106880
28975902
579975354
4857987507
3386518613
2508296276
2574344872
423029866
4870048156
451817230
24695914
2389784773
85717436
3300125312
346897070
2674164330
93631577
17218807
468122115
738825010786095106
155214257
206346318
201864200
478335742
25725051
85743617
35919814
1119028344530587650
160977683
5530002
24986794
263473924
14661912
14625398
16613128
728070710
2786498282
119167990
370564325
744601892
130617778
15275864
3229332745
233842454
15446531
2177343507
1024902041037090816
16442379
16684965
1535655470
904869467238174720
76518929
824081211580674049
247586685
35066483
94486201
21760672
113678423
257778230
14135350
998765075740569600
2321283510
1708744208
71120500
957024441338417154
62835117
1081209533253537792
751500118885564416
782325
853243854698557443
837000891001683976
26303584
296623361
17554216
360964420
782806500
4696728842
80944765
2859448331
2354013972
485814573
184445216
1114865460
15290233
191332968
792681662
899825822072270849
439872623
441019292
16235644
29771100
323545750
455684839
14580172
6898172
811229675758505984
554205029
23216371
1003972539050283009
116630713
3200005481
969944147707691008
837358277042257921
16929559
3196863385
95153920
399009974
101518746
3324292377
135634594
23024099
15985218
29761740
56728838
38658729
29902367
18750294
713648564
320268880
589975555
183626808
48120914
33919343
19024627
174751002
25353444
1749698226
66182591
249950657
15265641
381865879
792559032368304128
58099152
15398150
80758969
41742794
46818898
199766003
4462528175
160244947
36607254
509212441
39581173
17520319
2986640033
49855286
259763847
23994034
55019447
18726942
761842050
280753260
438828609
39822897
59460397
172145144
192942213
55475057
455806353
363933067
1122825463259369473
19734832
18967064
1653477433
305649821
3178481490
2499229658
3429963195
23283299
378930683
1661500675
432147992
20790580
549449980
1403129251
2382372366
17226612
5383942
62465691
2389819058
35961145
155650832
34010976
325497645
46654897
14955908
15769327
30568788
131632273
139881024
25560255
32515106
14858856
19868934
13201312
17758502
33248363
3459051
119521385
22029553
66369181
19344825
76348185
36771809
71019945
19539716
29221344
57625403
78361556
24457744
997542202401157120
710199858968272896
996744447919607808
1638922500
2327593284
18381609
202740241
36596856
3248008427
205299497
574796987
926538936561881090
260759782
720951847
1068804102
845553265
140137815
156333623
827523329527541761
178740519
2178779029
1925648305
1028532780
16451457
250211424
822245081155444737
22527970
561842028
19236993
978643406896410626
540458083
18393501
37303498
163438738
21313053
1955609144
1878038972
235292112
108484887
29347186
323599188
21066164
16369805
19749800
1046816752892547072
24756451
297355549
460470940
15323007
262799941
342226913
906734342
34613951
29607664
334944709
339790344
1157923518
194389802
114789096
4794418649
2434191967
764256085192667136
326619024
369618088
16113072
97607537
742811035485245441
39842866
340551848
795006527761485826
74033949
108836730
898565402346827779
18824442
14535407
89337404
242258574
392463691
874591669
820277156
437838346
805666971438252032
14403440
868144050
451636996
3452948117
297563101
3957234947
108408529
17755495
2728819065
363822847
27069873
194663014
215954615
24293236
976604963743842304
792334540006195200
99234290
1189189363
23715059
28049266
14327933
3020109958
234631693
734783792502575105
379248303
16351765
27599956
171346034
613491958
126284066
1048802927756922880
14192680
870556525
392317014
34828750
1342191438
376541894
2999294063
3061311382
764947687573684225
1082086081238102018
10121422
459842577
71576852
25438313
2190673579
114834031
472119021
821700726
1388496048
1189205972
82364810
7709912
602747134
16826878
28918647
18697888
18810140
22313347
15863393
207495013
776446521625698304
1080277407867772930
754006735468261376
74287341
2388484242
986794331582365696
1066868172496740353
203714426
786047748508221440
16031984
2798873679
15463610
156375999
17833557
892491627088011264
15549482
867583262683738112
392987060
14831475
76347918
1006795705
180547877
455585786
956967206331482115
15644999
17810254
16191793
25165002
566839519
2967402199
1923959160
60298259
15752608
378354717
75721882
20014623
62974833
27709462
103979352
95985382
212310318
180767731
389673738
212314453
69393978
15518969
34424156
747985922809962500
862037690597953537
355036400
18415666
1063950764345835521
1631668628
3012773575
78525538
24209167
800703841779912705
837744038736445441
793843613436444672
103019546
743439804
50669520
24127413
27058347
889545734
29967340
951623921236889600
344395626
762377565688307712
115554440
921546981830483968
25605494
57710919
282768438
966711726543724544
215330234
764588995
607622096
550317493
259873788
361910269
457862839
43910797
893202461166624769
905456230730256384
88498742
1110008324030976001
74008418
943219759222525952
24789175
9963832
868430459759407104
230450027
750022168675688449
190890875
809884930415230976
897886992
26396117
848159348006191106
116870616
16588095
915273489615028225
14615871
15279429
26792275
39279393
78694788
240135871
85764133
14209062
533806457
13951732
17793878
1426382581
15946752
711557209
38146999
14106829
48068105
17596622
281270833
227682918
3305981926
112475924
14603515
226222147
2349252060
1880095656
112247502
2451190822
2738735742
249790792
6044272
260478229
1004772707119005696
228540094
1044277105171877889
11344462
473380370
244619639
88234939
770652516572864512
1001462785
115101610
70458707
486795507
49666961
117542479
1691548441
56465393
24914032
55376380
24827447
23645988
892275857779118080
63004503
1391847530
2193723422
36313110
35695789
162901927
158366520
273816550
15770483
519569139
26943851
825713234
2807792942
26344065
485083111
288369062
287651174
2828668712
874916178
1044241
14384907
95270375
24165761
82453460
18816166
15276573
2918290813
3755616497
430645155
869982661
867366754229551104
1171779368
913107383404154880
2565523363
2712899680
386513
15204082
57743032
1022092565569523717
65639777
357092583
18742394
888897273714704384
2811503196
14145626
999293378
16491676
26287962
46557945
89023284
21495286
215501778
68498034
18602100
190143362
33136420
4031508494
44979650
20159596
17375057
217269599
261782937
776416297148096513
16463786
218276360
29986482
7900962
39245720
978324225818791936
36329597
157981564
438355707
14856951
22120359
2820447172
3285418908
453030125
2444122315
1911515606
15444578
2374466929
479813224
2427244933
3235901261
1703499128
3238448948
24592694
200514238
239931382
7868832
1082167187006242817
105521430
3011349201
2434101548
32854561
115428277
14489465
221255986
18827892
587725632
1660598372
110299604
1101539173
18336599
7140202
431881389
1694401938
33801277
606919104
16259264
804879284544348160
21785527
872479794834833409
3118374404
8790772
871872871
96379388
386733026
724216388206899201
19624836
1071358658
280630251
2937632239
754819512168579072
97072917
18679701
42724842
2791937658
3395366081
1478129234
882999488
1935133170
254069777
3256936610
70706327
15582894
243518851
165829170
51636356
290242953
1087315136
43893869
195874373
17517737
463092491
904019942
382271952
1963162166
3506977515
882658570319343623
493414434
97261380
476115004
837429399645478913
49377348
146123790
336643613
167088540
2180942593
358543029
82066670
15776381
38509501
95834175
250402748
2701943450
817807203755233280
1008833426261147650
2848813967
47265209
464399975
892488991676747778
21019028
938057986764890112
47410757
78990027
16028284
110819313
365438535
16910688
583057845
21879831
1078417386
14999172
325615084
23247996
971135048731766784
15891430
22278303
127956843
90901374
4099910955
16427734
148474439
167494170
15724667
14493552
49164309
11179192
14870670
15993122
60763047
191074329
460246990
62575859
177944746
347466521
114670081
19711765
22508206
179163585
164802087
70144495
457635380
50854062
8953122
19055698
54239985
15507433
134918286
29077741
505395257
527785376
17709746
2818196106
3138164107
26044686
17870903
2537753422
99906585
258462053
78193153
68604707
212657985
1085833389427560449
40839292
15837659
604949797
18562122
503526417
1714904610
87359651
69194007
855876971397398528
16329577
80366372
32189132
373214555
983881978951979008
325389471
2163076560
25294855
18382184
16498382
79366215
926652048
50589015
1018846544
1071510578190053381
21005767
64789340
1028172969070055424
14089195
14129299
472225379
16222904
290180065
816277272013537280
235196204
33399352
15727317
827514290496114688
500253258
172767677
848859031321976832
74521617
2848493051
215952307
896079231544938496
490615107
132476518
933342822
228136993
927818520
602538744
977306661873487872
795843461391990784
4060608137
1061459562052628481
17993644
39308373
206255645
25387735
355696940
1084887751873437703
19658506
1011331705586835458
21351460
297505251
37974383
33435693
637378580
21150079
371800458
14096763
42354375
179546580
2958714945
18175442
2355477620
247494367
113739104
129653547
13461
320539999
46822887
41154223
122111410
290735485
306097862
1711586252
20259954
24692390
16073416
30927826
116953703
15497533
21774229
1079104563280527364
1482779976
147467535
1120308836
503926028
18916926
67728650
785558982580703232
292634416
804944019554009088
991841139375460353
1896450494
1548664070
382945026
32853823
2340543498
405543136
1118209634
356163520
1520637229
12267642
3876356669
913147978596126723
1064552270
1059373274457620482
1052079133650489344
116247988
17890544
96090970
204368725
1769646126
1512021254
748228932
21394764
21534951
73206956
177336591
474627704
101411167
62702979
14417243
1589997854
171212683
17181848
9553472
6959082
202653412
1001832226248675328
1006419421244678144
947523433
29201047
3364200915
19117046
14463927
15433452
419664131
15923226
15447123
14362404
42693836
813025914661601280
285844372
487760032
95327974
821146173482369026
282545479
51229210
16538210
16213490
75286820
37397428
1228462620
24967868
373551099
376581753
57362322
700830324234723328
836615126857953283
932972223157231616
935989992127696896
14677751
14085070
3409678863
21120694
498549828
1566746503
2372164754
268416076
1019573695310901248
763099930487615488
823552974253342721
42153941
4267305016
558889051
399156475
859882210806988800
191795989
1123610959
3268306824
732594675547275264
737077167494811649
16296332
158379368
4835148503
1606194890
1685849892
182664257
329115426
109431937
14750983
561516853
16101182
142386580
240790984
8525402
145749531
18806053
24583430
2149973089
2195241
17824099
212674482
15950086
125453969
523804354
11347122
169620752
717363
714540346617761792
17601988
178152629
722682203889614848
4038351723
20715936
108094234
327514058
159190536
435105622
137960931
369848802
3282033720
226320142
1413698888
66600951
16299754
17911562
17073112
516711749
39756122
15663355
354166630
20024545
16246715
18871191
201906207
2424515076
39764781
39408327
15846022
563924098
24727245
59256734
2521546890
14801863
21364666
908920851285909504
3272016780
1607352380
800601708845928448
81741855
22891564
355108991
217550862
1654179943
51583
978092941687144448
3003350403
47101500
528153058
130584469
303356447
62683017
18445228
20052487
390477857
258885469
818512483992403968
248735463
71424847
74820061
559927884
105327432
1383272101
2342371519
2375574151
17891808
37798585
18602791
263733802
821782476515409920
18783285
22545453
1638819715
2563838934
890359273817083909
575363003
77852581
2329657092
17000028
309680827
594722897
842016439225606144
2842702534
953467593884557313
55988606
21456548
3045102694
21134925
21612122
3394078378
14668111
7632132
897466731551219717
56923139
27338838
16016427
14660096
779475418231496704
55190298
110721961
382810104
14412101
20406724
13235502
1032084371862433793
22603027
43837335
23153223
2891462058
782072027511336960
500209434
746483203716714500
95863266
20813165
2826698520
455204484
636586551
4865442614
1710672248
556195190
731446340
887028007826853889
1036621169959620611
790206692055195649
887486357718929410
15763959
234538119
109614001
19489239
814070376196145152
258498441
230507933
414697937
376637367
20993636
1174598995
71534367
23594033
21098456
14697575
256177204
20521828
192831956
2389227352
253956617
429676852
201332947
980267875
18759465
117102398
932163222
404205017
2405978428
897911130
231868810
1856613912
2699092074
2496529670
327337127
112017297
214120461
118938550
17681505
137395584
2279670090
19784391
729678868529942530
15736557
235409684
18791654
2753494578
14125005
285325826
14269768
20068053
34113439
21786618
2715180255
1880725393
133081348
14266598
1542372750
158426909
37965812
16868756
838622414
701687290
44379904
21061366
803742214811623425
350457031
7530762
39279821
164397041
571214272
106261502
454190182
175436190
33653195
294270520
950531
356564509
43914724
16356190
71349174
12750422
1038816795036200964
49031364
22879254
45511031
49049279
297100174
20508720
259722538
20752362
210148155
3802529241
315361861
3335818143
488950348
61636488
564099543
2319336781
45144224
2127651
136178955
971117739749208065
419209167
24966032
839590899562737667
109081184
15978412
248837857
46090688
34664371
294176182
3390775469
103821088
413413847
230014404
4484115214
25342485
3232014475
205360130
17661126
722188422153003008
33992890
776760601
17178161
378122528
52521572
28919159
126722715
87165980
18396070
108253213
218817724
997684836
139186916
20800328
851447676
77764733
858690547
16721621
52632619
16288136
50446226
57411021
46309291
110409396
818927131883356161
26165922
402888514
147666113
304932002
802631631706132480
235971053
179699448
356606989
152686651
81381301
44439772
40375110
15469000
120180668
492221762
53113691
75939860
297532865
91386979
89887215
40302336
301863076
376882603
377778216
198876996
343597816
70802518
14276218
452521774
136300373
72893488
6698592
1488026569
2602262088
21098812
93236063
812363924
1622051
122396513
24200155
261838928
17531205
184981606
57362673
21891609
1132012321
1398759560
435571397
21072005
235199409
123422038
1112572404
174293830
245416630
582286801
44123487
120866648
21334179
48038024
289548939
23707166
15407632
373049219
155784594
32871086
156783075
72079441
302971361
357601960
17376893
2885543426
15576928
119714092
487942988
3949525095
15111876
478806662
1663172653
701725963
292083207
2290583342
146885360
1056909399451754496
63227112
15998509
60040821
34485937
220135926
246124588
813417452
18153494
75797367
20182089
18839937
16106825
38478122
91639546
93321032
17970486
23480093
735438932
54546430
17451742
534560891
22642788
19034656
14857525
18713552
30050899
17998609
16455297
832672006113931269
824320219866923018
14050550
189180763
634877232
59514202
3403600462
2499107834
20682514
306311289
41132380
437625094
109492842
219718241
637338906
195553045
761167885720956929
19028805
193292900
1194745704
158685585
32926948
181698945
69036854
102095809
771152516
114870265
551520612
3400755563
259158556
193288540
740644727213707264
25466022
2575692887
809525639934046211
414138120
2439100099
94741751
1018302277
307982591
311989458
67124033
1083448909
369089298
40804509
171182922
2176374237
26703365
17212434
980611
24619641
18708561
241201438
2316383071
22737278
15728161
28198692
186313496
248429222
352570175
1707427058
280727211
21215254
342863309
84816752
527071710
1428659995
2468096389
532690100
14155907
33251140
106182754
2958350059
3313187201
774407512598704128
218975278
18014005
27696993
351666959
1511299686
58960395
251892709
2264799067
49244204
112764405
20639125
407844870
156370763
16157702
14965418
130557513
194697604
604940737
2154718209
738538436
7864222
1965420800
15976705
87271106
28162211
47839975
295985162
913131817
94189135
505865032
1549213069
343954370
21856757
981245735965548544
60610778
94418344
83636590
64320126
41847726
53739928
393153088
326555679
884468577730011139
926195204
856991810429886464
887704019296276482
472987747
38219532
964120482
3115218359
241983890
243805690
146167871
34350419
18121069
201482485
38032945
469415650
4215305352
458234232
1052315395124809728
491403743
43371505
564069706
197176970
14346260
115666612
135575282
1656327667
372348537
95518830
133449031
702586433186328577
21157904
739809170
309822757
154358443
46131997
25363119
772554582
16513335
18794294
48377263
14850098
2530698811
17094311
17845620
102594136
718162765
934500442364559360
38354090
17243582
415985101
14692385
19418649
388513351
3883482634
18295206
28496539
215694545
119923823
17119688
15675013
84385995
109715034
35039244
182545611
15908429
2899913399
70821919
532423017
2314055840
917039329427456000
50471224
185270017
855522043709857793
878255002640429057
407013776
165944767
15640456
250492272
94215989
2717961126
738789649259364352
49702654
439928778
499447728
208828684
225265639
26149716
19186003
2217099931
22310731
593837736
2369949012
793945053882445824
299845628
21684595
4099171
543954514
17086475
232711466
26159450
899645793161928705
20970341
22444140
42971403
967027984426242053
15639774
2951508551
956377979906609152
16316895
493063948
4842843378
185360823
471329485
442237496
63302020
3683068757
24931027
892219807
465046121
15675138
932246077150986240
1001158545553928193
803694179079458816
600413890
20255925
95297779
218325695
163589845
16113639
844220173158703106
54331696
14911886
14408989
140897494
1094922224
820431635145510912
418205622
3108716961
1301107910
211675022
3701125272
43268533
1017650079610613760
2987156301
1536223580
759481842814726144
45122898
1505724420
1009583013741711361
60932386
1328437922
1025333759573471233
92242395
257529281
19366223
1485664291
1459232030
783792992
19268706
68482261
18532867
39745038
215806522
986343645493252101
996723303585902592
18549724
555393138
16051471
115710058
16001827
36711022
325001316
921189775251529729
52392666
35516339
18311642
2367611173
4256904193
874133152666669057
29417304
385642004
580312540
16051269
14515799
2387955846
373522445
386001751
25343700
61226587
11884102
23112236
69354861
3244305970
869695062103306240
897488127140519936
10371822
8859092
23637985
33816689
33813418
78480095
2335838058
2922928743
277230279
986353107998330880
17579312
46220856
822291764278984704
144934775
25373810
43658360
262799542
149626146
1473199963
46375782
222655578
366309158
3255034008
213396616
986347466965618694
14246001
55369810
1634248890
3405068343
94575001
926601
917577254221336578
21669123
94213060
4185877812
1972858729
7848802
1171109054
15441965
22095410
269940592
172882258
19084896
135173872
94215105
1336824516
27493883
161044052
1375583112
442939875
1358330498
31013444
1879318364
299706956
43412697
18678924
15982292
2434051392
14247236
627643516
19608273
14303535
39384517
16428731
11771512
44688778
15742985
21634627
1455431
17802163
15900384
10069612
522282462
334385278
128627203
1512446430
964631371279986688
2977725884
820705814906339328
138203134
181039844
20815668
1011383121747632133
250490720
749705307606159361
413654521
19040598
88749392
310374952
1009425737961615360
20493166
786309892990574592
46213956
2199541
102751077
255812611
1087859256
585107986
15455314
502281810
255189781
20802603
250866013
96151076
19038768
363383838
3294339790
28948737
47098558
3137231
65905779
137466464
797113691808276480
459872442
15359578
65551087
34036358
26548315
23621827
15142242
884578187392544769
18967418
112445679
16745666
31127446
19502995
22302678
79743108
17092916
117543420
24965555
50011708
38590277
12700662
148352811
4909350065
3221601061
37686305
398088661
21059255
27310927
2233154425
15985960
234343491
118756393
372951044
449581188
238133491
41509142
41761325
701750402786717696
41008520
1020058453
820354372827758592
152311372
1004315127372505089
77822208
100802089
151191872
153259598
510464011
1537100460
21500776
454071012
43638469
376986022
372603056
80043764
19273919
770578158
1964926176
2590144754
22543393
301689799
312336521
908850624
895330898
853229442
58945187
180681251
14154231
734411522898812928
508227095
2400284491
769232694807040000
4197533849
17138634
252580266
2911274961
34384783
12609292
18686907
18510860
15952856
38936142
66267332
29769998
25742478
753623149929869312
885524590071611392
823215775980912640
966524775517511680
16302242
195631270
4356430036
846585830747652096
111691454
851211
81168795
23083404
9862752
29410550
4228842440
780206406024691712
55948054
2835276183
248884036
33333620
340613443
1713118033
22692199
20581923
808047211493945344
47747074
785461610
957984754422382592
624963171
443563637
65277959
793879086
14962779
18020612
47455112
427094105
274294204
3060489838
199682810
169686021
269675291
355591226
170254080
998143742
117775964
14619527
83788240
839220551818297345
15554163
15400294
120185048
8442372
7768402
1248369446
2789857374
111701361
27306129
31435689
296630223
3838718713
87788695
763010018
23641580
84456909
21406740
41369773
701629015
19349484
23441725
241591310
20992801
204061525
334079075
17944931
48258011
284072904
302722774
301515863
1579803259
100248020
454099919
18025377
92544900
1266209922
1735406576
58921056
132588642
245867779
14590903
28279637
139738464
502163616
4282171
372536101
127950286
46760864
602317143
237845487
316389142
313091751
2564751
508612451
2218124766
380268462
453220823
14552725
123327472
237477771
2695932165
4842325334
820585
6288562
24397670
174847410
32194151
21733692
495250080
27939908
632589381
19907840
26559241
15464697
168664940
14075981
25598396
119467859
52960401
246088673
119604969
859114180137320449
1584749179
745821950
159493967
14481453
855529737560653824
966478384342630400
970048583121686529
2340922976
342411824
90983105
88545999
238253819
33528435
15223870
825904834364719104
18608247
17144330
23609712
851042137
2284158014
23086394
21268897
17152685
137901653
386056280
590341660
3131255535
111163466
326071624
36712233
12096202
380648579
2804332645
1278451134
2853322953
824470106965209089
16017475
382708289
541858751
63082578
871726331087683587
65045121
25984418
524545961
17436250
81482674
2565028945
64421436
70547127
21812003
2709717300
15766082
27624085
1559660850
14982804
472587261
2296459634
5202671
16008181
31037199
20772763
809703533813649408
122198864
18812572
806915852104658945
334629775
2328804703
416814339
2279776304
51781119
115551858
19397942
33300246
26799530
248653960
24723039
2581849280
20766036
326734907
191493851
353785044
82473850
63105266
3377137053
71000728
87193309
338456312
3902184262
405375294
1317129865
230234456
251918778
1915033663
965266179836252161
976139617924730880
150078976
20428671
3072098509
105281792
195826487
112236745
70511174
17291393
18227519
15463671
22771961
22129280
118245138
71048726
1655976236
41415254
277337146
824034722741358592
3309924891
3223426134
1656244670
257959346
841146267648561154
2882399476
22803302
942878337806032901
2288418794
168912732
17311077
14811485
179566751
28117421
19670226
34753695
19568591
45055696
21768766
449588356
180107694
438111039
532779460
45831662
225123568
222204014
935231679148544002
953681936651714566
293143614
3639914605
940588205228904448
70771506
38443348
2333815542
15844797
18286552
31446251
1272192678
54218903
813929797
2796916474
14649254
99920355
305005427
15339975
194715074
22818407
369723148
29068597
36434071
48802204
89820928
21619519
139162440
2190459169
130165263
219539734
289008448
166739404
62513246
2821147448
3321671932
3376066540
93121635
103686030
44949890
16684243
15537451
85464408
107225267
106021590
23995748
20728540
22986148
19923144
109910925
150334831
186826724
792038436
158414847
239931583
93895068
39155029
37774152
915333703
448562247
419181069
317370751
912359571947085824
838207103852396544
104883304
948088069705494529
327041354
426044697
235268402
18018355
2705308818
36409531
100048155
19983050
943566394960031745
1951716373
100023026
30767157
88714069
417532239
55086126
57716692
2637154537
21316253
45399148
105291083
14331674
851142163
18139461
64264307
97474887
1106501
15220768
49698134
2573480784
7855062
186755547
186667011
2334193741
942156122
875029068223315968
29501253
36686040
2863996955
787373558
834081571493785600
31122582
830908366377611266
1357975226
22187085
69181624
318420468
108352527
82389729
117047389
17708828
131605984
923366081166823424
44688574
369059154
18255649
13524182
16930125
14270650
489979232
258854542
33222598
17408254
19035703
1358247302
440785316
3308365631
135180235
168741670
127781697
130684475
761168552
995780436
261960258
2562100531
603326940
338057229
899758027741556737
90614279
857605943357579264
568676169
123301971
121459314
1536814718
1549063562
2598376820
575909635
305273536
1167320161
93003884
1944904728
41645007
160827253
418358083
146478149
37869416
630786916
490011103
444875239
754998132925161472
451910398
250700373
2586043758
431937120
43987724
2662125030
71404812
32538020
35586563
717100525
23465960
68033
46253734
87273337
28406235
88763317
18104452
19479487
132206058
560387191
739620766908485632
39387284
2734748692
3910020616
2646702164
2376522985
257257959
1976143068
304587968
268600950
109110761
317296194
2377588466
20432037
766459153
543805434
72475439
216387646
1857354134
351705240
26257166
879068137
2557521
13213122
32765534
22829525
292489156
85661282
211321066
435820478
135947004
1427891330
1426513675
23593446
461720085
1055907624
834498430986809344
14985228
828423981858447361
836955550315384832
16006592
50325797
20479813
4207961
16129920
14837709
140070055
3256084140
19107878
78400475
121489431
816066355
137752344
30970039
371968805
21826215
751837149822083073
834440170204254208
133343254
28153561
231328483
14772775
1595974670
507597364
1249632494
845570456
47436923
1070493650
33189473
15715367
16228398
409486555
810590628727914496
21445580
793668116471513088
34240147
249013720
30699754
21461359
36252186
607747504
41210267
362111287
62966902
18164272
19185333
59331128
518737741
27529312
16224590
133835692
201259554
135997883
217064621
132496568
269911034
21212087
512225400
26663400
23908154
17494010
160010755
723185462022565888
3333055535
326255267
222622640
16326882
299802277
4091551984
109025212
14588748
215207998
37590426
39000115
61734492
86129724
93069110
82167518
26951743
103423449
575644363
340441440
2467791
820378690920058880
3217010722
824876295607554050
3240143771
80617430
2836421
11856892
2352285546
1204806602
822215679726100480
97040343
21406834
124455872
93673775
65647594
163724029
476907667
62606201
768982188436000768
755886754180243456
21252618
69004966
19086859
571297251
375662595
24907127
29770501
54301390
44988185
24506246
65698096
13393052
216776631
1536791610
2801780500
774353928452509696
518469622
351287640
47632905
705583847023452160
703302547608567808
23561980
4765524312
22109355
820949162
4149540500
20702279
70385068
26073581
30053267
2863488598
110213431
17031374
310421620
186463834
3384669755
2981178251
14939981
46115353
35981546
2402013954
390952025
46335511
2962618907
18335777
79923701
2976676145
2388295218
24744541
271516623
518759194
2949909389
456045655
24216951
109275829
14280299
209176493
21958525
407406275
43186242
17817244
38271276
18215973
132589871
16028233
161138433
242555999
18023039
47429474
29781673
8736882
1408705320
18650093
37490103
807095
28140646
18949452
624413
15626199
336068887
14190948
15007149
1615463502
8487622
14159148
17469492
151106990
75896448
120342217
48465455
14849562
331803536
621944705
148065302
251167201
484934254
36261242
16228479
17393831
193321170
14695985
939091
258781265
232235048
532336666
404950875
17086434
41672221
41146245
177634855
2279811777
470788387
2308848912
49225976
20707070
130496027
369238541
30122282
26277415
136998045
61266460
138128898
2396682116
30586108
235809142
20295779
29474888
17501074
818910970567344128
325830217
230352619
94245182
248495200
2488541
47448886
14336049
21265109
1939008199
22203
1040600046
169215678
69231187
115172616
50441071
17570012
237416733
7334402
29442313
83876527
1964991720
145248436
338014766
813286
17041361
41416388
793723628
23818581
1511133649
22063028
540782897
56595468
19914257
10799842
49033103
1077412010
1114735688
7542802
190390414
519724420
19834403
59619996
1614054846
15662282
40267916
191469107
9252212
15922214
15210284
1917731
147649517
141337463
30354991
44177383
65707359
453319164
355906128
1330457336
43963249
5988062
818876014390603776
1093090866
57653510
357606935
24765589
19037859
970207298
23811131
15460048
244655353
13982132
18023868
16558796
63262233
82454166
14345343
1000262514
18164420
11348282
186154646
22159841
16929600
5402612
15012486
15764644
22814630
37710752
24958792
9907172
249489783
75785294
19744450
958435057
363312098
95431448
13783772
27029537
14434063
33938700
338597175
173935590
18856407
141091519
15865878
93489545
63185121
12705772
87818409
1344951
14412533
44196397
16409618
20659868
1781551
20778387
3108351
816653
17369110
5933322
189735104
51241574
210007792
9300262
229441348
248461521
453216841
15519128
29057317
22596928
41272328
80923869
16327858
276776862
16554744
37063081
16303106
14606079
8383592
247117337
15005808
17825923
14655295
39940280
58366208
32520240
17791778
135897307
14888467
11621822
24580952
14529929
38213768
17471979
14706139
25157561
14420767
35773039
61400340
106634441
90683732
66709517
21055627
113751568
82788529
6181532
757683
15087011
39524936
20886412
87755242
37350044
14311436
19259102
19725644
15808765
11388132
17006157
11178902
71256932
1434251
14677919
