61592079
862712603407155201
18713552
1581971714
1067872165482115074
1081209533253537792
17600223
378259736
31939688
293088356
1128602758066601984
70281455
2707671
26952274
307577710
2176954142
1103351392285147136
2166415653
31443503
1684788764
4884509086
1143659386147090434
33988890
912833993485189121
224793267
1064541395493552129
123772486
1705842068
875771031511805954
4181648555
33773592
323599188
2984679029
18112393
383286838
850431897968795653
321045023
1143541888785571841
2275040772
837893415035613184
1139607716941500417
3282033720
27052147
1658010283
46647072
1046640350029209600
1140667771518423040
1002180429091430400
1132258990140907524
51547100
23281108
1140320156654145536
16891595
24189801
1122778442364325889
2508186901
123040155
1131643239306616832
2602262088
1065037846912868352
1130554654130098176
465126656
14849562
46693603
27793335
73573628
3192848530
34311057
18533219
750022168675688449
192036594
1081222837459996672
751991406877483009
21789463
1098685988
72290565
807809818186682368
962841369420140544
28300550
807421897889685504
1126127563577884677
26236592
56733392
96149284
1006419421244678144
1653693757
49848356
376243560
1114351350693924874
19189000
33779902
67683358
1028532780
19682187
615656499
2343470749
764256085192667136
289052830
836689328516521984
1651216886
357606935
251705888
870884648
14512716
16405372
3194677320
908312378
829773470
967615965109407744
1063950764345835521
2964370851
1049530141565698049
1066868172496740353
862037690597953537
1075411501
840676686752546816
17053
1049365727705288704
246108164
856547986935099392
1007792174
955131592514695168
134876979
836408868355846145
1072273830155046912
3121867289
2817917265
17992533
1107386765915099136
959297857059631104
29775858
2280527178
23985504
25178222
1069245253557907456
604940737
248343882
3171039090
595083568
1715229973
774032990578040832
23400829
1101206767780810752
23023236
19563103
17376893
740344946906009600
1085767099182710784
40353407
26259576
432134884
46090073
867471317188194305
3131585530
1880725393
176659323
14256472
15650382
131874964
984561197428170753
3235901261
200514238
4517565515
1735442838
7860902
1007263892450496513
1706101310
43300047
94795507
1090780668739637248
792506212742991872
15790836
108094234
1717674524
20410133
146215177
29372259
770735366709972992
2988992313
1080539438508400642
389574816
735705552567685120
1036779185660993536
837829591167180800
196878545
3289027731
255747911
806906355214852096
222622640
142905425
231574318
370859141
751075331801485313
2943372737
397526668
16118322
797591540080250881
26276316
829574053782548480
849657093636468737
1226177652
2350324717
21047723
701794592
789492350120624128
962527865928667136
202327397
24889586
67196459
751290541707390976
907637123167215616
102263558
872156132688711681
85165134
1065468609755963393
355696940
1785189960
2790248636
74878213
16504257
27649069
910933562500796416
18351403
1040113680980107264
996460958368362496
311484185
2869819060
4733728937
32906111
225232485
14298769
140519774
1079769536730140672
584797578
390170244
985259114447204352
297406574
3351377362
1105364952
25406241
313084017
357562284
18018355
739114633462751232
703052849039675393
1249555416
2660494048
3128172605
30531921
719060622432956417
2749487348
24981452
23170571
1010972034623565824
45090120
1080695666760929280
256146783
172418264
18135491
1551807474
23406730
909072128930144258
122208388
2254399340
2279883714
18907022
424383740
1064632550004588544
14437914
2218003910
819660767175667712
16597324
233630180
802301495781691392
896079231544938496
81478236
1033908115488604160
1031403523
561228467
1653477433
2497449176
2414964174
16299301
2611482761
2251623492
375837200
586291040
2429627581
2784520128
16912231
832002458859761665
14617155
55326534
54292754
2699883285
42691888
110055982
514491130
826377824651137025
3093201981
17695896
95481321
2937168805
18363255
460586388
574020783
618355541
16269197
3683322854
830983456007999488
831067448178716672
14578312
783792992
3314031146
380081359
7030722
97149792
45374363
1067815856820891648
1069794100289986560
1506884816
14125005
143344335
39180746
22652957
810164143
33911406
169909729
905609238080344065
18517858
764493482
3196845300
4899060791
1024046165296340992
50885824
857391454213242880
38467541
89337404
975554378424836097
95785441
912581
289129034
112475924
60737235
14381110
2477854855
893780203
31013444
4164380950
71424847
143464409
131322596
4842843378
88498742
2581278242
1020675181717540866
30057660
70802518
17815585
354072452
1044241
17131934
323346108
117585581
43572699
20508720
1045709156878094340
205360130
14061255
733386887705034753
95021503
63490987
2547320374
117958839
839885152591343617
708430776115671040
739602678
32431468
2946085085
1052256681491656705
16339074
2202246284
854721896818126849
2878846470
854393432374226947
15384459
292438708
228256770
725424811154018306
3046883766
3115218359
50457743
321634611
404246410
323417384
933342822
56687115
281792021
2825591395
1426557763
22816767
1054901182395793409
2758345674
420831231
24502829
1281143323
610630392
38354090
961014921503834112
18396070
79309628
4209511
1275136292
882958562296819714
703596972
1052952994768150530
2766613920
354279444
35270579
2927437306
15842700
21149097
16021132
98576802
2354013972
17385903
608723443
175295959
1717640942
14635730
24709830
3786393313
933135332169490434
916376507890749441
96671558
1040045969755332609
2613764719
148066896
3296999050
19086859
882036168694448128
502135911
23004495
108338399
269124931
2887091908
38761811
413535543
29644499
42954933
910168685339439104
561516853
513601340
710353738989494272
12418482
941782988819521536
16102671
5976992
17991744
17078914
15331408
197121600
280461866
24040301
404298678
969303881950924800
158896354
2495293416
19516774
830593660437819392
343555106
1041511134313046016
49986034
1009487035692912640
4446218237
19278046
99985419
23410776
976146608504102913
4283888655
89062879
2456028650
4711069232
1671429390
3303005782
12266442
775142
783329160
92620070
595245502
2921065140
339157516
1484990160
27927512
77462108
33813365
298072006
930149658
540458083
1020367103948451840
15934076
305818748
853713738
950111395378597888
33486917
183300976
2287131684
126406217
423967218
34695273
826172100188647424
3311036150
888915510
1700058480
465046121
22428121
18579719
65375759
17158189
459954712
1251040297
3701034556
14235078
3385897761
202775056
2826513758
2481245214
440730267
18125335
2779030333
3301042003
14276135
224494638
795032370
835209278600450054
247764651
908831908087332867
65551087
15587189
89587383
2528588146
3429868503
801481330055901184
21059255
29770501
3250301
965015705123930114
529051513
378758498
481655487
498480305
286476728
92354626
123231225
37832353
2857543837
235815306
50401901
905200362
3375975734
928414729059495936
1901546563
492492626
858380030812053505
26356989
69358848
135703142
16008890
41362922
761953306033983489
50197083
37824038
2907419046
2893751151
3060489838
2717254872
3604985243
817460680748044288
586749256
19221099
890359850106007553
972521408264835072
597379641
1096058449
20348621
787287998169812992
221559941
1020017856447242240
4104902632
293225585
915977114758893568
1011334151772037120
263567726
802480365386526720
37461656
1016053631014010881
519047070
1350410232
944257524
16312001
4665265835
2847763210
870091861091856387
4047343409
894035183594242048
381170267
440440394
58689457
1553893045
873293793818181637
304595799
1012833501983502336
9526722
2257075495
36712233
1188393896
19624836
1512446430
988922900777488384
2868477718
60610778
895359508637261824
26347981
826446771559739392
291814511
55765550
15407632
21362105
104198706
255189781
274028325
797869498757955589
2828796622
135684302
969745661473280000
2170109952
293083523
958451786595041281
2859448331
124920232
33989747
2996423586
3314309815
2212685790
752335672564916224
20437286
15231520
16935292
1027503446
2526757508
19910867
223166587
3536486175
1636068258
800454156938919937
742812465390587908
15204082
76348436
1297573854
138203134
354570003
12643102
16801671
1322726666
833159137554989056
21753847
15029953
870720741389606916
53085527
21471357
15059667
772807006549925889
510464011
138126336
47841677
975855380789153793
22461621
18729020
2674458072
488809452
103018203
4795344505
860334187
830539349661978624
856708154603732992
304063930
1041346340
24460731
714683370056323072
19548915
564511791
16220088
2835276183
11348282
205840429
160720376
827374489067462656
1051556700
420366004
941829517273944064
3067956195
17825284
2540548986
267856525
727264708776980480
2825003624
107773189
164380141
75892358
97994375
437699865
909491061164093440
742074673756798976
18320938
471581974
705330458842701824
989649483993624576
71597536
768462360
855125053813469184
1707321486
2317198941
27711685
314202511
19530289
146538068
452886095
103213895
798565807059935232
301237496
1948293908
3312830622
49182341
1967710746
743073810547638272
221794396
28440197
17634365
14235041
94254283
20665221
17884583
363880501
948358354052747265
23641580
779203152637669376
87371781
28642247
15245653
2306896992
224496789
1480751072
3818277261
451131659
17601606
731066909131718656
24793165
1550520115
1650973358
280233451
3050220046
14416611
276688330
2372180520
564987992
1587525600
27908189
976298599393972225
26479165
1317129865
104716042
3302761634
224456162
119561017
708872800052719617
881767180148264960
21879831
76093
4834703800
1275317906
2595812168
968677375918706689
24941744
550518524
3408096543
36299068
14229280
19988587
2273489094
196458749
63384057
1689703706
21277023
17111442
2741375354
19910041
710549160366358529
292650956
3061816134
186560551
808774010716700672
2386350236
195039753
322742783
2437472689
1090026433
36836023
17580402
703284374779895810
4898738434
7858302
21175250
43515391
800910040525848576
706659482277945345
332304361
585817510
36429302
395767439
775431206825406464
3220794800
965677814
22143372
26008338
14235543
16967845
1220645714
148593548
2283620132
31012378
816792347803533316
2151794320
179255183
70111948
2182532586
14981648
27978179
4699964858
252327705
4100452835
2886212542
2324285378
26548315
15335662
904798058
95610041
2216041938
2458256605
35318910
2896393101
1202210624
351153154
151053627
3121242237
1558122584
2813156863
68080192
872303750
7339142
880533784872984576
276746114
2796459863
92621200
1080951162
3420477195
715765729740595201
45499837
16339870
14188985
1289427138
864926050035400705
346353711
830041287550177280
273015094
2393038355
516735853
2610984985
20325951
19879313
1589251639
16379840
15727419
734139837339443200
438965858
1173298116
123607412
97205499
28594165
965951507865767936
130051975
2847028078
3903989959
605462486
2822012692
35465972
965266179836252161
16455297
351873011
3253957052
965231053119148032
232869373
950952511556538368
16823424
2967402199
1787201851
157821986
2911520575
906545648
964531745893863425
246939630
452545583
15883704
595774618
16522244
485184884
48904796
18725061
257959346
755077825712025601
2387946744
7798662
947928003455193089
757009786168807428
18674747
845851488798806017
3189435458
175408675
14471411
3350556934
704801809852997632
71093106
2176679616
73490872
2778885745
1132591987
515048892
2321669628
854453647404658688
15281911
15309804
2284111344
66791268
14787758
307912317
75132101
403105315
3386042594
442061349
939570735059783682
110890615
2863208626
771152516
21737425
812798530444214272
807326906559373313
900869050087112705
522519631
39319668
361153910
259028179
799434452581617668
2236640820
580272018
791077327
19255793
927584060976910336
20926233
818338390294822913
104299103
137901653
150135224
334385278
225970038
390474423
872177854997573632
63136498
16339576
18055737
2365943066
947956236804337664
141019494
1336243057
60966762
331120729
30409200
134334373
4099171
4912172412
15194242
2783025822
3816567737
809884930415230976
31612164
26406958
1911718230
420694593
950580958524203008
3254285577
717504486370099201
115710058
16635362
19724858
30451813
19667986
808285115931652096
15639138
4421977275
2336573456
785461610
1909401391
371440992
14526877
115463768
2740378147
1428535531
27022632
250912539
20737755
587828596
2999158160
16788900
127091266
491710556
928640223218667520
25598396
2942421722
896146437263810560
18034327
892136874780745728
365629115
2227275901
2615918492
203060129
81951477
2316383071
824642649067966465
39668527
20097713
793490709642776576
18327788
162219704
551230758
2897942725
774337933893636096
917577036952166401
760155860966510594
809843478
94458238
89115813
16431751
1616151493
162436508
65260792
22737278
345442962
943314098044903424
15145016
834081571493785600
449588356
415773647
3218666166
84734907
2290583342
259652555
281588648
719634187465203712
292083207
19234329
1051396218
2260619350
319769408
938445716032229376
437716891
519818299
47369957
797190647740506112
3900097348
59554328
18486738
815964647950077953
18139703
2769253193
975893461
27624085
3018358301
1155607256
357110377
41444712
56436152
4824199167
21541950
870443165852905472
4864803633
780804311529906176
195099619
3497941
33057171
4823705386
899072131
3166120541
223560316
714509197421903872
408902268
3215160807
16863340
25704622
15661871
842158495759781889
162140032
303920466
719747832094318592
478823758
16326882
4207731253
26418257
15932715
47475039
24998433
36972997
169586297
798372097085108228
2497484103
190696516
40079154
17994199
834882399917854721
98247788
1471021
474643035
14614122
2613399908
17853760
14180105
39780359
19273919
2185519721
3242495944
23995748
846470336
145499533
1716581
78194111
3075522377
142720807
897565399771992064
239509917
3701125272
14336609
61371461
24312293
631465223
86330674
16580249
561955921
1571984054
74087670
214622133
36823
165511377
2910022539
110189578
187374837
1377451009
298293085
35206553
4620451
47285504
2868376075
72198806
163371676
2463208292
3201827512
602317143
54617733
256881576
1167510926
145589307
21417318
803599771646722048
1000470780
1407953551
772056074299944961
16265742
443215941
312860399
801311472
298672454
331036671
19166519
472587261
293131808
24024778
928481
79923701
46822887
18000919
13109502
802848907382427648
14155907
17565514
387186414
2968635633
20864257
2646561547
35586563
213478296
27784905
491928940
14190948
208643146
753677336772476928
474154291
125181345
40684090
33654011
15164892
35162405
22162059
158026337
909075413141540865
2997380855
199547754
2789392126
2537665021
2330625649
2955476167
482338695
225193809
19471123
926620369
228794007
2165590886
824369876013879296
181572333
52037007
1058520120
23574562
2735655330
14939981
915726438
900361274848157696
898629865317965826
97040343
3021354107
3517063335
751209160486694912
65698096
31312972
810590628727914496
22811937
172139485
2828695768
1639238282
254873869
24190981
2323157846
15463610
14982804
1656244670
289342771
119972954
30354991
73307386
877403265683656704
409486555
17006036
874423599343562755
18228898
26270971
63302020
1167735445
2297143668
154280902
45055696
237670274
6974622
22959044
17303935
193121884
256615399
290180065
17169320
17045060
937499232
115050842
15515858
1461233647
16302651
14154231
448476934
15161984
16956955
63112528
2821790135
1604931252
26044686
78525538
130922325
433439383
16513335
4726534534
409055353
49698134
89898430
85583894
1433440226
834950981297324034
331854460
14348594
149249831
7429102
16303106
800906652463398912
27792033
1517142025
30488144
13201312
23087513
703060885435244544
36686040
74669397
3472750333
1911422834
18924291
110326494
799047255378391040
47216804
427505253
8953122
2293315159
23544596
13393052
313091751
818319418367164417
2962868158
59775073
54730258
265186719
139823781
59949396
29450962
2423478840
15147397
2466298370
39804874
19119809
11757522
28406270
2317351705
1273559780
36735522
16372635
2779821
67728650
1858677632
