224496789
2905791822
958321164048191490
1096058449
378259736
628698139
742769911
158445476
10328012
1633496226
45255968
385192397
1522917078
392463691
4696728842
74287341
51111863
636216638
112475924
1620556356
16491676
1325951616
2764811815
33773592
752967707277029376
16031984
118975084
986794331582365696
1480385228
1923959160
3290762269
355036400
750022168675688449
203714426
1066868172496740353
786047748508221440
2602262088
3342257211
1095815640223342592
1203564326
754006735468261376
2560565312
1113225356352290817
2213140081
1062508872785641473
15359153
1089944758150221824
259113321
1028417600001196033
4795337299
3185209382
1069718786037768192
1078445942406373377
763900957004398593
761257471952379904
2417085025
479664277
250560251
1685849892
173774813
121489431
1090838164766220288
208643146
13852662
4881093582
369848802
154606542
701466490986504192
36618079
2358411139
1002325428
18496700
959179474607591424
1352749290
956163518
88498742
2573480784
15791142
21985162
25030365
84636694
22201002
50589015
2213246778
2717769066
331243341
860590488
533419289
362518278
16168696
3158602621
176190217
719405171642470400
3331636666
32870002
16061320
2394388608
843846882
545246916
256210726
943236263431364609
27950086
22850707
2561775570
116351270
21770410
73209774
191068428
2878406147
21623464
16641945
2585791261
452264583
904052542719619073
255036353
246939630
53130511
19750159
444044848
407377222
1905170940
3190190551
198019455
492786829
211034680
3490579637
2639853499
15195539
31181785
427505253
475098544
26008338
564812821
2402064979
103392633
144306691
2366286534
88846611
18491917
93953864
49986034
993738031
17400433
23711852
29995782
87371781
120995738
7632132
15587189
710433071313625090
1076951523920273408
1107896723936940032
130557513
892275857779118080
2579133678
115050842
757009786168807428
354279444
735093058862190593
950952511556538368
897466731551219717
19682187
950531
777537561820483584
1070803139320778752
1081222837459996672
29771100
215064934
3816062073
16039252
200514238
1403373624
31455711
23985504
548384458
435331179
783792992
217064621
215696948
30808826
1826971
288277167
561635737
512446262
40784594
2181299862
40079154
386001751
1009577803304656896
985749294
16113072
2967402199
15489291
1538693988
546472520
953691495361662976
3830097076
3225411736
827339176479748096
40353407
110189578
2724095695
4031508494
1387725252
4283888655
2166415653
18839937
470708968
503772120
510459414
3046883766
20919626
137195253
3944550434
14763734
162288112
15934076
61792342
487712804
3188804153
445153884
25671905
2842680557
1653477433
714540346617761792
94741751
2477854855
797229459803926528
15727317
39804874
809525639934046211
21445143
74878213
1307080273
3907882693
161883628
11342242
2677970287
27303284
948073727236775937
863320472641044481
307577710
3406065993
355696940
891381313
1088842781081128960
942156122
836310676998078464
41939243
20068679
716432228
2432416417
15407632
34317032
4823705386
752499373989326849
14416124
18602100
73204975
247764651
214570426
3071040496
1006018894228787205
15970820
82489457
20269254
2462635448
2497449176
3740239403
47529622
26579715
482708367
46240599
160010755
2984206803
172325877
2937462822
4173571212
284265377
41134000
14981648
19278046
1167735445
224494638
85663416
836364971487420417
2968635633
420831231
1178930396
132029493
758659848955363333
15194242
1897487082
487942988
2783231383
154280902
30077231
39298589
60610778
260451506
18382184
20926233
1242580045
866953267
33500024
25593381
22537543
580097412
357092583
163297163
3817401
34740650
3604985243
2729784259
2885543426
58945187
341218443
42903521
518587857
80855730
67246392
140619509
2494206019
393413410
1316580733
548820917
2557920019
3304190561
15991783
193473814
361919460
867744392223887360
206425529
2893639193
16083617
323474343
816697861026947076
133343254
820746345036148736
385642004
148593548
14512716
80871603
223904974
4207731253
69986363
2828796622
473393426
28487492
145499533
3185257806
16721452
568739081
3229223055
23465352
138203134
438717402
20772763
40684090
113199229
186281365
2906928442
768462360
702643881054089216
1634248890
68752979
23645988
931210880968114176
828942117489823744
939713426594689024
411861905
239796596
179258468
30343566
169033588
2454160856
37590426
47632905
37824038
825518870421180416
993507739853819904
17891808
944583750
619050616
66785031
472630162
133401177
46822887
18052474
1230979592
920377708240130050
225249270
879714351321624576
860547911268139008
900516768032202752
14190948
75430270
3634891
1016006134161920000
2414827232
20110424
227409764
355591226
41444712
169775701
2209778173
1323214644
2337685946
824794776633430016
874916178
258871271
91292131
437879819
162436508
28257421
60790312
872756395992600576
910332056
424271227
25471833
4726534534
88463503
581101974
386049077
2541920508
25719221
818830485593866240
179255183
225970038
100136358
1206035390
3219645732
981309087764934661
80370806
16298441
39159473
21035409
750046943905058816
438665212
786309892990574592
3021460584
857009033882083329
634734888
1000041250668597248
14933101
21252618
2962285217
318692762
787149253302812672
147771570
15464697
22429979
2999158160
34077200
1232240220
26029878
267856525
467507215
34133456
845395325326168065
306128528
254873869
182335501
20097201
813158712
2942421722
116730408
4018919237
521528148
959532381488238592
1941458730
34240147
851477335052140544
35516339
388044550
20597460
19609051
163845877
947956236804337664
286476728
1899926606
755504
969745661473280000
35472060
982013826211069953
110213431
6974622
872460123125448704
965993235708461056
14074673
864851297215926272
41236664
879006259541889025
15969172
430965559
563903972
272191896
161507331
14345566
4829661183
925163369946066945
87788695
21526029
894221489616158721
2400005258
887704019296276482
26871300
937499232
1064206014
104517739
459932105
10454572
16451101
748199006078177284
906007284374835200
2758342215
1787201851
965231053119148032
1317129865
17008726
101344552
2349122833
70426799
867201591635582977
15270585
4220790093
48255275
2215067640
524655066
14717197
149249831
722242009
169586297
362111287
858466264875900929
910492003359760384
22310731
2846711961
54617733
4733728937
27529145
974033352943685633
78194111
849033121294983168
61220477
426802833
831972659609104384
966059064265359360
967027984426242053
872156132688711681
171685697
465046121
31034167
723537010552659968
1912161404
826472694426255361
842550390818201600
862393019173003264
15120464
27187343
52392666
175121836
46693603
212445456
870429873621172226
3497941
3060489838
92354626
1965420800
561516853
607721548
882843534750961664
17481415
4282171
937126833069350913
121795745
866426699193491459
955264652279074817
366602165
798953701972938752
14573926
82097756
122533830
110326494
221228044
903050509463977984
575779402
20021479
60506242
810619093749559296
41620995
438750735
964211769928544257
887363635692969984
106507775
791077327
150490640
718971110289711104
633092024
935982765266358274
967511791214440449
14298769
1512021254
16160352
816833925456789505
20479813
34323350
2327640972
595245502
2345877890
22321602
216065430
617266600
1321432124
3887467873
331854460
765773166
812361923304034304
965266179836252161
2174598680
22891564
84426342
15778047
22143372
937020045963665409
31339831
73206956
785545254208360449
965015705123930114
964481775606140928
849700305939775488
3347237649
23083404
80650058
15384720
797406769
2335899655
3011691524
52052011
3166120541
848580545034375168
366078108
833745288
250386727
1017637447
958502468295544833
46775436
755835576
569390581
955222653312339968
16028034
88471724
1451773004
29979814
2400284491
3167508269
949387848591073281
250492272
855240223432769538
35586563
334811425
46213956
46335511
253712142
41761325
14652182
398088661
382685028
366514970
14295976
69004966
23995748
47216804
85583894
888091668288876544
30451813
17991744
701750402786717696
34792486
225265639
1094922224
2237808535
368196789
40147738
88826456
292083207
751283435382067202
19166519
109025212
384678464
179732982
16002085
115563859
145711196
16513335
15323007
859805626398121984
27789237
186755547
1355181415
2384587135
996853771
39668527
701725963
2328421
825759441832308737
858557520058630145
856596564516651008
472587261
130496027
810590628727914496
851211
394724132
1383272101
295711337
29450962
3333055535
875029068223315968
372536101
29501253
25438313
14700316
237637694
759481842814726144
17494010
35206553
11757522
3420477195
830908366377611266
3311036150
846137120209190912
14869615
14594844
19119809
7786612
821782476515409920
6539592
409486555
24740039
97040343
32871086
17580326
510464011
19347791
2472108787
3223426134
834081571493785600
731132367058968576
18228898
39364684
22187085
17383294
106541624
76341201
40872147
21059255
91180720
82455213
242601373
240765221
2209742392
131500972
12096202
24881388
28406270
155286024
15579178
18155347
17672825
63013144
65375759
30663975
49698134
1220645714
14069365
47379354
15130900
14606079
29569061
30354991
16789970
386056280
14230524
79293791
26565946
28706024
166739404
62513246
714863750
47475039
27022632
45499837
190172686
95140763
68719022
335064692
25375836
112017297
52852598
2835886194
48294321
454237315
45668062
473493882
398323499
62831782
14824849
602317143
237845487
23083234
139162440
16900536
502135911
13215382
15418895
2201794429
28345661
1938585510
568825492
30364057
500042487
562381032
31312972
241382835
19879313
74669397
178051491
56462179
1512193483
21819430
40041432
2343994460
43812483
22666390
46917651
202766654
2691224665
25573936
20643592
50058630
14750983
522473349
62103
26065822
244255748
41293059
16246688
101518746
24692987
15914986
14951700
234523735
50149303
308779730
189896485
283234007
165944767
368391393
3679151843
115485051
20860169
30752163
259439466
2931977180
136441843
172858784
15764644
776006736406872065
939091
357606935
970207298
15224867
16129920
14159148
15007149
325830217
1093090866
1536791610
30313925
813286
1339835893
191678703
561516199
266697434
13213122
39706174
3075446022
478806662
15678926
458220026
2450950961
26053643
15110172
21280975
2768131616
277787101
2798525202
21414413
2693742258
2750934719
2195887807
16228684
8192222
14808831
429547675
978908012
15723281
1689419970
14849562
7768402
20007097
97327765
47406782
1855367436
98265780
1291770157
278901890
89887215
2557351658
294204289
1558652378
19817778
19950642
18213483
16153562
11348282
83039463
1716581
517984074
13029
452462612
2512264104
16253142
542756846
19540949
14090948
2471587801
520690173
509185272
2152636688
135184399
250435101
2215052628
22316978
28919159
16002874
36282042
204332672
16877374
22739861
8525402
1597225585
87095316
20725994
123545062
35294738
44123487
8936082
191332968
27786406
17681505
1362145075
316389142
158414847
14075928
1269837428
232733689
1122192223
16932127
1705876284
