42765016
56183126
783792992
14085070
134754225
27938182
2507788196
2365950774
1934319254
14397399
23618093
5392522
14606079
8953122
21344507
14294848
3111736843
316742293
23710761
4851104545
1130527651783954433
3420477195
2835886194
78194111
31312972
763099930487615488
982223918223130624
879783542498217984
1865158964
958321164048191490
2270376266
18513101
291405463
187518287
557068003
85728309
239499378
16931273
25219709
2306896992
38798614
141328091
130834299
158451341
1117205183560331264
1020952663
35440377
415075929
349142818
61354111
5687992
42338524
41509348
12267642
1569453656
38359576
716145348
58171977
4201110910
3948479302
198020721
2248389990
47605629
262404381
2986365749
2154127088
39935691
533116615
588770591
378259736
249329330
625070495
3519587539
65316869
2764466482
182839127
203714426
2746341887
14088984
1385861262
20904490
102417054
1096058449
407476898
322658299
13250642
234309722
152713253
1383133224
1436382126
63272186
2792340065
355053826
37149113
2192592792
14852707
271331718
2910350817
77907514
999293378
196458749
7093352
25728193
1544468570
174847568
636216638
2828796622
1155497149
337318821
1240034964
737073655004401664
602893393
2401608757
78744277
547397219
31443503
83925672
141376289
33773592
121869155
320376718
515865890
17791015
2944953687
898075171
524501086
1478030580
2377958781
2764811815
2894935469
2740728222
571160299
2331416060
1066847548927864832
815733290955112448
342863309
138203134
465046121
216065430
13393052
18213483
14700316
35803565
70415274
370310957
17452154
14581454
2529194850
2636772447
341871198
822512040585609216
4803705924
398548188
411182266
79923701
47285504
17998609
34487135
283608814
35642996
2881229840
1144882621
41761325
41620995
448476934
1653897930
146712087
937713890
50578347
16928868
15621966
11212862
36618079
137395584
974670528891023360
2303161291
66605892
200179075
2233154425
73273614
917494415823740928
755113
825178356677230592
866426699193491459
3645858808
625022363
3294026870
2410983630
49986034
18916728
1604444052
55997506
2579497028
3325527710
3701125272
6480682
19568591
950465455
860675413
21313357
2835595619
18007213
1238033575
203843920
2479224200
316801465
782757438135033857
4562173852
90672395
302883217
194836942
2993191427
41938697
282110248
14195880
63400872
2257407326
3325733928
22162059
402892185
53217695
169586567
339802641
1589628800
801311472
213478296
255773815
204688509
18243846
24795283
25101704
1353845126
38319300
2944061
1024971830
24960841
420624935
49333809
18470437
18275645
50457743
40306315
203062827
3167193462
2987774893
15954997
2225917730
804734898930151424
325830217
357606935
1093090866
1536791610
970207298
216776631
29442313
824010746090704900
824028553067032576
824270573203292160
3240143771
824320219866923018
824332206952714240
824190260338954240
824137712286441472
824264707641057281
824315778866417664
824547060749922305
824481247300685824
824417651560681473
824405906486026240
824066331167199232
824033695527030784
824057746366545920
824135739512385536
824285809650073600
824282005403746305
824294442097967104
824283253901103104
824343328837791744
824366696517562369
824400401797619712
824368251266228224
235196204
768968871214669824
2983295300
241382835
16158636
220430542
427505253
1007098568
2446290924
813286
28519732
208781336
2181567336
2497333681
267393904
2384833351
603025587
1339835893
278367562
13879122
334714655
168764794
101798589
20728561
500101572
11757522
2317351705
316389142
740895416
45266183
4283905933
54930650
43200260
71475675
17821740
88322376
15492939
28846021
397994285
3684869431
3057985950
3268344354
3378053026
787955930
33020319
26076491
43183984
2350614991
64308047
314195099
24827208
15831521
15485441
7213602
2751474409
1205345400
113560280
1891806212
972525522
274640845
21440165
220862315
41008438
1213874550
1191516284
1959513002
107146095
96863810
14124059
21581503
12137172
17900666
20549304
44927434
15147397
142157505
130922325
22084427
317809287
23086023
3168031
357987316
365386014
558619417
541520798
20016018
720744308
10648962
27834920
15754470
398905258
491453719
27046750
48307930
45436858
545229562
168757829
579872855
856005775
16958346
97200670
325832193
14352556
1046661
20060293
19697415
15164565
2100521
15439395
19430999
27103822
16086928
822215673812119553
30313925
34554134
58709452
319962967
498276459
772780843
740319170
29998924
18393773
16645335
68479034
740109097
376949805
17602896
341218443
199133235
15523283
26710373
19029137
83883736
19658826
138737516
19562228
19614344
18396070
62581962
17293897
26281970
21927520
51347716
24747105
71386836
29260057
137077542
19432962
137743962
18779515
14837962
17011345
362198045
64882519
34793170
31238137
190387716
41635901
262911271
313091751
241169844
409486555
362742545
49093
6017542
168730037
486169804
140606236
12108532
289039531
39342935
381138598
240422423
37732404
54980468
362286999
128956175
171275005
40838623
71014927
18464204
291003573
41871320
14315537
16630098
14647570
15728161
15862891
14345566
25330246
107145088
4620451
14448779
14505838
9207632
14589511
55570400
11348282
18997933
12513472
158206348
168700523
90420314
16817883
18713254
84689207
15492359
19725644
14199378
17275529
19402238
1435461
37710752
41712825
237845487
314895027
17224076
15473958
76348185
263342781
20972371
54923865
153784150
22521564
121887978
1183041
116994659
31353077
28199382
391047707
508786661
23968663
44523446
128408679
2172
7861312
6539592
7861622
22028564
121719422
180505807
42956761
16469809
19079492
257094713
33998183
14372486
12611642
54588083
1344951
8963722
21439405
16303106
158414847
15143478
23859156
28706024
24235473
60726072
20809019
25497028
41871453
5380672
17118180
17836026
115485051
104602037
21024949
18812795
15209344
23962323
30038595
14142167
50208717
9601512
16539957
