991752028924862465
1497228780
230604015
285198536
820378690920058880
34996738
996212426818310146
114917537
58833434
320409518
259939633
3192319248
518251805
2595788162
253652976
91137301
143126025
56467444
285439517
720811993
2842715842
556207855
737994912688398336
49725768
26956373
22319206
14848968
31435689
1638756846
51058669
923130743915761664
122130797
3933272240
1955257208
32368917
385391716
19695687
1373214882
1082416027260968960
581012668
168508631
415075929
920416009
1000483839800627200
1286506417
2165131938
378259736
720951847
143086518
771530876559634432
260365896
55117855
293631926
1035242557330997248
44138534
2461810448
15446551
2334193741
340613443
226222147
48120914
571297251
22252375
13557972
286998245
33315010
902564085543428097
138203134
130496027
174110843
804015436979277824
155784594
816869611480186880
767762599995777024
400703928
437645472
318692762
2191120380
1087859256
17943537
105966714
277120302
11104872
202181866
1876653788
522519631
831870428
402888514
130232751
281561533
21096967
16164856
1375583112
14947306
604949797
235664740
280246440
160123057
30808826
83850551
32804515
701725963
79923701
969376083119308800
922534706993709056
852222420689801216
299448712
24168009
16179862
253023802
627473693
101979623
2791014918
293436791
1430609060
156653779
73206956
14827461
378122528
1050389954
4348671
2855536962
56879674
17813899
1021861845106413568
17372405
1287172722
233364902
1566465486
14980820
3374431174
595394965
748200701734486016
472301455
130716256
21200171
1260166584
1420467234
253070680
23169385
19608338
61687158
1062227076
370258371
6603012
45869761
65736337
399655298
117561682
242555999
18532867
785461610
126722715
89887215
91639546
252751061
46233559
774986664
613088225
54891427
14855994
24374241
1730837119
142721190
1471542956
350478436
758860860781572099
217523838
2491375334
17842162
37893024
183039547
2535377622
507529506
271527898
133836828
68986188
27726303
164053476
183288056
40894553
94458238
19775920
14857290
27040316
294948776
309223430
43879159
17869267
23574562
205161611
2843231196
85112613
8129472
72875264
12266402
19242533
70292831
14110293
112506794
22646424
36664368
19299456
94374780
1246340474
460653134
44026107
46545805
23696533
75936862
62081232
4795344505
1683864949
109429186
1957655876
564511791
433034888
808774010716700672
1126806636
34781412
108094234
3033947925
16817883
19767193
72842277
14085070
19725644
1435461
104893583
30826783
17042078
221580114
42430107
25950355
27922157
17837184
42651647
141947171
2361570104
20336988
142393556
204599219
1913714316
2834756998
158832038
16151138
57150479
412841349
196918693
37423207
56554286
2987351193
153252061
1671362772
220770742
317808953
125860457
629474079
331230885
15458277
18481429
114584727
717874511681556480
343604879
252819642
40302336
2836421
18179659
32871086
16206682
19847765
14247236
19568591
29501253
755113
462250222
15676413
391583284
824724939496390658
281862033
2150927629
764645214
267123917
27033505
119867076
1311578256
915299296198692864
39250316
4827618692
836658724232024064
20109973
333162427
342181234
374386176
337753465
99933357
78807018
14464766
325558803
26559241
138139155
193569294
9532402
38709939
28307740
842291995385180160
14357989
3293956889
18198463
2358302612
17824099
2613399908
14065750
117869450
798281116327280641
556245362
14264732
121327652
203410283
17006157
5976992
166950772
81483163
32652567
163747105
130991061
199499627
18681139
177983944
2327933017
1241666394
73359920
81482674
39364684
171231974
15997135
2807795823
52765234
37517994
2819698697
38769519
423763698
2375990671
1652541
51241574
154217872
4293365355
525246501
2958998886
41916586
93589781
2990071516
3420477195
267856525
166739404
19936078
552856411
2740821001
4379939474
59949396
18857913
780104972
14647570
15862891
17089636
21248290
818905865151512576
1262814457
35753110
965015705123930114
1915033663
1787201851
965266179836252161
964032914626359296
14159148
103065157
782910704953225216
2883521338
2384118127
872126857944199169
103630698
20689236
592846743
238316326
235623478
805456196
108204138
2154925141
44711806
18956303
158415077
769978164
130857792
394224745
193797587
65416742
89724329
818554054309715969
174215080
944622912
2834854958
443033100
19893792
37444258
223667695
1234500602
347464538
2805580321
2186825731
330920201
38704343
965307946098978818
326600408
57371662
410171526
32719028
17481857
20181294
241669849
74036688
16478774
3075585822
902200087
3074604035
17850785
1915913342
897218253826555905
4296070272
827864963175833600
40012051
550453386
118828764
16896485
11014272
15110357
621523
19407053
25053299
14800270
20402945
91478624
112047805
186646579
8813602
4209511
46822887
20269254
410249471
37975072
23485648
292929271
222186782
500026501
735636576890408960
188047340
4083644122
791291924984410112
17494918
283059388
46664272
160534735
140852532
20236206
17068564
718542579130871808
15176537
142107574
712076822662479872
1970026129
240107748
738538436
92776919
86937456
93219986
3313360990
31197824
17516620
3235800789
3315766473
259399482
29533398
480819245
2847028078
23561980
17169320
266796451
313091751
40270176
43866447
92186819
117501995
293131808
1130662165
208725869
80262276
636923
138168339
267915933
57509070
46213956
253341847
16714443
108370814
45565185
3322073049
331816614
18173624
35031708
20029472
30447805
14982804
35990109
132242528
90679638
3047939437
20815041
17226612
164787325
56488059
116748080
293754638
183626808
50715793
512468744
24100317
103943205
2220197672
259130252
21485905
1598970290
493175789
21098119
43880222
49634218
15716911
39469575
14164724
18825732
627814055
376211514
150078976
777992144925650944
18531766
104517644
16076032
123545062
2812768561
2242373414
2429644279
321774180
5513002
88471724
931286316
19086859
35862995
44039298
50405064
16265742
22207520
719902068782342144
18885997
2937185044
116341480
4440118883
101103434
369096389
139162440
17900369
2363122872
3677832616
1604931252
2175281919
747834750350594048
14759013
59843197
362049016
196748174
209239434
798372097085108228
2743783513
3025362083
4143979889
77315885
296958580
22946355
37738019
837791920176824320
23844588
822127086194348032
158448501
483040073
1695206947
962227788
2272985172
1155636624
2644141445
65633843
1200220290
763959596
297882651
66870702
62499234
18662613
69170362
106562658
19885621
18276827
171220357
114816099
249390329
1014401017
2329682869
24280199
257459941
2193198242
87481570
78122373
359620546
38693661
471608922
15779743
7661842
436218025
16118004
23870175
173955306
155663100
1490861354
735120883329699841
58896487
3486414675
31650414
786309892990574592
827258161841135623
2953494478
4170491
4923310185
626024352
76971618
42066146
31396668
3433187174
15922687
23465125
153558139
47479606
2230047990
1898171814
137901653
76564891
1090026433
18618373
15026237
183351903
11930482
38720373
370113964
82789484
3577737257
1380810590
1308779473
16080391
23964682
48390434
193794406
19726613
55677432
16868756
1707427058
115941509
31188837
64970606
392795104
26270913
18343241
59804000
42562446
15827269
25709609
305771333
26792021
18750082
24959108
3310951671
351260120
14627353
26589987
103015611
48861486
19095524
842005325888790528
66448013
4905048317
726142931917148160
2581353332
20177423
203114508
24587951
3294646451
88713112
576655376
387050961
409486555
23151437
45071250
2439005785
381499190
512525777
50179789
461236358
257824868
223341948
443305251
499868723
2996330370
172068916
11488362
153196261
130617778
30009280
27055034
2575420117
235196204
57391774
538456752
1135904456
14142040
2458563254
2528303509
2521135701
2395176049
2606415048
3038250403
86122481
217569830
18939563
877598624892563456
53297035
54786075
23570944
64229716
15908429
24483185
4758330390
20214129
280709150
44155229
16396078
14242585
304611820
112504845
21097249
62889488
385778444
16616757
124915713
408192719
250323817
429583223
763382314629992448
227103794
474163917
15802980
16149614
42631355
130028879
376234071
443297726
569244581
196186298
53222666
19849635
286236855
15936246
1514442512
35240968
247852986
19562813
183735745
82509878
16067683
506484466
2527835190
1631539525
2174929682
741045432
926620369
16092470
16702757
260270198
20707070
84119348
533425202
588507814
21079030
42703163
593813785
829782369670410240
1480852568
49457533
208120290
40156330
47678782
576436187
2904169317
3331875599
14526877
74087670
40947153
476102188
539465577
14136906
14853604
19112545
459492917
24792733
55326534
17560096
2316574530
1731805261
25458378
281546383
1132533241
21440926
45865081
205299497
581212011
46004597
61267358
49697450
22669526
405880248
939091
115979444
494583213
18148480
25443684
258543800
2972600557
269852626
430397794
28991169
41587384
1686373922
69049771
39605560
4282171
15976697
215207998
19268706
26282046
7702542
34792486
71048726
18172905
130945778
25535595
303898942
15446531
236279233
1106501
69004966
2223157392
47475039
11744152
46176168
13524182
126629610
278124059
171968009
803694179079458816
101518746
63004503
313038011
47739450
282545479
231108733
15554922
15766082
21612122
620571475
14529929
7744592
860555190
21268897
4207961
7855062
31127446
17814568
4923811
38285038
234826866
463765807
144569635
211029903
17152685
327862439
20109439
14515799
372372537
20769514
45869342
3060489838
31532083
19914257
227837742
21113166
522282462
22676022
21314814
14056708
40112750
3317590708
207779623
942156122
124763921
16379018
277165873
71569841
2332617303
172858784
1071777608
21867341
52070270
36890646
42995067
20742461
21844854
1759181
21059255
21316253
460470940
138809881
18812301
22190185
248495200
114782468
834081571493785600
16073043
20772763
242836537
15939889
72198806
17494010
30354991
476256944
15929304
15433452
20474813
123327472
485018010
156768711
50101725
49118928
14226882
18363255
351065668
9589252
20067354
21406834
49698134
22891564
259395895
407396556
97474887
241201438
244655353
22771961
21251668
997684836
22129280
21252618
118245138
16244449
49620730
16006592
21111896
1096059529
21157904
40116885
7429102
85852467
39344374
377778216
139738464
16002085
299802277
44134773
50325797
79743108
39000115
12354832
224320485
18686907
20776497
18678924
297532865
92079350
31058145
114050808
21010214
32780218
13804112
16145763
18646108
325001316
2922928743
89820928
48459553
20975060
1350715813
18622869
50446226
91386979
238259855
20508720
19362341
14246001
30216513
37590426
22677427
64221031
1448695356
17066022
18935711
16849365
75485557
1517297593
34336351
6450322
27716826
18338630
2183129562
2163076560
38449898
44320452
109968678
19563366
15246449
18517404
94437305
9058342
2499172488
783762874627829760
15220712
14317988
7110762
55773
30364057
31418514
20139902
1527496380
23745690
101511628
1381667911
747748528483672064
27567588
20506919
2805978282
1442849514
23278248
232248802
406703177
53702287
204527158
3406065993
52923958
429528371
17870903
249854904
2798659231
22784904
59233606
50074068
10032502
1531265618
22739318
81412512
55591433
605890170
2250650376
310337337
41091971
16031927
1487846678
110445334
785414496
33414304
247723476
2887035161
351050523
29417304
2550790585
1264594207
709082828995108866
45934467
2305281787
55703572
20706959
18163042
254777469
18001922
15299377
289342771
294043284
44245635
2316383071
137319302
123107239
316375309
190360266
803290942002364416
48110818
49416874
15381688
21139359
192680469
3594189142
360668459
12277282
19734832
43963249
787373558
168502762
23103488
31122582
31128529
22053641
2962868158
124224165
136550204
1433440226
3429828693
19731978
21904294
27911635
3415693660
21731008
851709601
583643503
19584583
30968032
17995712
43315830
16893929
41292655
66409312
15823588
140235214
23645988
237773936
308779730
66476513
77217011
18343578
42748397
4911396297
31583882
18794785
15866188
24190981
475256694
21326076
106836676
34359976
48827616
60667856
16314021
193878351
14177942
8877332
247560825
166168355
85003783
18677951
61626870
506038952
21450717
18094552
284664892
19603269
3308454659
78717907
1342100251
25673916
18480494
1030943912
169262836
26256690
96396557
86373964
285685955
77005833
268371527
150711113
135677636
32488919
56788628
64420220
190718997
19719380
63136498
9506392
28185163
16210522
15855331
856866461377232896
3310067741
2204107897
14190948
21879831
4099171
51426896
36686040
885361
417526634
16378093
30752163
30695346
411194625
1061475775
1517757180
36070003
61218761
25728193
2965995161
462631576
44905536
23662694
21020465
188904786
914560130
1138611818
620549613
581910277
8861752
59331128
86129724
3290364847
29303902
16930125
606430919
75890868
368158573
359568042
16424006
2273592739
21581503
15461355
45860849
2433704864
127884040
169792160
33104659
21664438
481376138
15877664
538143820
798191880085192704
124767314
811054153338331136
17500859
709701786202972161
3427016067
14835931
19568178
562091457
15441965
801132164633006080
788027959999356928
1433702658
816514210116964352
2335072347
267512876
2559937969
275218718
980990414
341871198
178088940
2538115178
2577155738
2498326530
2883836459
838574691111464960
2798440256
14517848
2319435926
407960489
843800092964536320
805230144
710040338
800307952020176896
52716392
838584913964249089
4398413121
214905351
779673493847801856
1484091870
70734861
1408795422
16691049
451623060
790642892515774464
542936786
838563967647674368
3872993421
834380502123552768
711842802619908096
4784980606
3097165470
55105249
1473295747
11175222
302440905
726141398
135997883
270332278
798675658767474689
349324371
816570256340779008
152411579
60930320
838472271421444096
886371954
831940491470057472
814923187012177920
722528188048523264
70305643
4223870249
792305595940560897
18045558
735496771930075136
843003910780571648
3866705320
2343918318
3078942992
34181507
733416902178017282
144169582
72163849
731605371790315520
2651304651
2304093329
4638396636
843324407405727744
1660851462
389946569
33581258
2517715140
1341636944
779783354728275972
1709120538
1323359850
832107540037062656
30316458
3024042568
816755067445477376
301026302
701989660579467264
24314103
14178991
91583678
14572786
22558635
394243026
14702922
16822215
2696363073
2397476403
833159002787819521
104638674
14749044
2500555158
577774746
98735961
65037045
1240422049
826880495073976324
1634529625
248299532
17544803
101802390
774337933893636096
7152572
35943
46644822
9128522
96951800
261533528
329334470
93069110
185360823
14957147
1169760512
2196647034
23865382
429227921
15030766
1051127714
83585393
188282409
18549724
1618939716
320463544
72158278
35472060
15290180
33735219
542294637
16557618
71404042
57484067
41421105
2897441
70805914
68844197
144376833
15455314
724873891
103110877
2269570470
2214580777
751410298377023488
1582124414
53090314
415752096
3033098871
222436278
288881548
76131466
357648167
455024343
426909329
2800153290
124237063
561720479
106617250
559831317
111627882
16967845
18000480
14377605
28145061
73238146
19394188
227778014
7860902
357606935
15764644
48269483
970207298
14943636
18834912
360109007
321305114
367947872
783214
452196509
37515717
16041234
29309901
265606501
101720224
15210670
19752590
1645618513
550639428
46129714
3285150727
510554509
743784016214646785
21619519
162332153
2273872578
2287327470
15464697
61734492
55948054
65260792
701486361895763968
17998255
19608297
63262233
22162854
14764240
355906128
17011177
15935383
50310311
17789578
17006036
402957663
186690214
1671794742
2414685726
24663514
132627277
800942537083068416
21453086
166669818
887183990
30726383
16700555
25694156
232520849
15976705
17483791
13929092
5383942
37435412
2336426779
756275642262446081
1299634051
15635101
14191237
150797735
1383272101
14270650
15235829
39311638
85366564
18169636
68132669
290307283
267510129
34369632
14345113
24178302
94379213
19596592
84191361
3238356748
52345578
26053643
15485441
15846407
15224867
30313925
822215673812119553
818927131883356161
113420831
131144091
562385224
1530850933
2382117350
369232105
1135388684
562456722
369246180
1665386791
1135399020
1603419038
1601549102
73416019
330361451
297067961
217284148
378800745
52544275
25073877
1339835893
1536791610
822215679726100480
818876014390603776
1093090866
595515713
1613223313
1979039203
26579339
28348670
17779752
28368261
75876935
4755784030
234142844
4871819331
1109421360
20110424
2312520753
9425182
125181345
18479513
27031487
516918524
2478519991
71296175
41356546
166816646
33537967
17652029
57024517
388030167
98729652
238776678
157699236
3321353271
743476404
384524949
2313990169
763040013173067776
116630713
30109507
71256932
100301510
27691138
15147397
19413784
36583246
318629482
472587261
16303106
158414847
2317351705
130922325
502135911
316389142
1122192223
3017452524
3029301963
2605027879
41038616
221147815
27136797
1551239718
18917572
18278629
96829836
8320242
14939981
18511475
24224164
491295291
116475370
1974017821
98687810
2180760788
2818770726
487166580
34169085
1427982151
709225686028914689
474390392
36721509
22563795
320655052
1271483112
237278635
194294772
15849752
3413235239
593925145
863000600
90289733
3904158150
76493905
594464231
84653850
17396170
9801322
24809218
4639216160
3336655053
282741996
474403485
415232485
223010339
74240382
1560641
3030922321
39397148
113694823
398720677
600392652
22969926
24211409
2507731539
52055326
21315320
44956058
151106990
18938912
15309804
108968664
718396823
88368513
1484961512
587999163
54304509
16245822
485842012
2196289182
590444652
370489880
16018516
234041471
14803522
20603396
20553408
58371677
289587389
2490312451
100597433
27744207
18638333
288368256
3220521383
2980547693
309849736
2940000435
221768985
1611296568
185487499
101457898
41655821
45336181
15384023
67324224
337715775
2992496277
251573672
19687552
17820723
398269756
1483284205
4042631
35896236
1731320899
14700316
1197765638
227693331
625399957
121379670
320912452
139909832
19241665
380851331
20671602
8936082
4935501
8192222
14148491
536796489
88995534
30000912
34571893
27213584
1469603484
138428941
280346532
26089001
3108351
381149705
1042336416
32377174
250558915
236891946
4970411
125851115
53660409
1114004012
177095423
21774659
25116466
53057544
19909207
1134304704
54231351
18517363
23754475
173854095
17545037
17968345
15164565
19064312
61186773
22477940
58431280
5174191
107986139
41337901
16267101
33876760
18286505
15995214
75836762
120805609
25326324
15135214
17804146
117119306
16973333
575550165
15980084
62694095
27943891
349088826
17020096
83814679
193663280
66104536
14575107
23919657
100468942
14060308
2735591
317039382
245469967
20094535
52108782
300355838
46470446
22901197
7400702
19197200
21308697
14311358
4072891
60699845
20636355
11069462
45681041
225440613
26988024
4532891
239550644
1501911
367148126
39551204
42612545
128930532
16162251
23357735
21391703
239340867
260741931
117037787
268345035
174826105
16225461
68994806
16650023
17361641
19791416
34373064
16344278
27008219
23084261
37687523
20685935
305024879
212899214
74991475
29420308
36777247
88926201
20094734
14310234
18521391
435698700
17681513
172055618
4898091
20508222
17896874
5392522
495148724
21744554
58457983
19287786
22127241
19091342
42712551
28205375
16098642
392791078
7587032
7773212
29184664
78638438
39228791
19394175
18668351
379797322
14312759
458466302
19660870
14124083
19354128
19392259
24783569
495084180
19762109
2803191
14183691
18096679
15866793
19837528
26897096
7458572
76944594
17133807
20002184
53668500
23605284
18728869
241597688
64418855
14089195
241989718
17540485
155523444
62532999
420744176
19644090
81042192
29661125
15594318
79426945
56339429
214845891
145648706
151099524
6451032
19445224
20426473
135104040
11220502
10834442
15625377
102735443
261828140
54571974
70973974
188785650
16865889
93821803
226595285
21870767
47583067
98866847
6911952
40061400
27608836
21023820
16526701
173467215
22264353
14056661
11888382
15238124
25079449
16695124
398593447
34723293
7161172
56839938
20906444
29681501
20242504
202117571
131162269
44856487
16905726
117045912
44869576
18790963
111628028
21102340
21083345
132542688
67298112
19452099
138352384
21890668
7255722
22858442
28803899
20584030
36042554
40025121
28567809
18726043
163900673
108368036
46417985
8170492
22145200
69009086
18949349
14714172
20726702
97626639
25834666
136485978
7021682
760303
2059891
77565569
71723
18075025
19240457
274509549
93701658
423473222
43430484
19226153
14219877
5989682
115504182
784304
30689378
42303
14407007
14357895
19247966
17490571
38460703
30001326
134174940
217047140
242394208
24894570
19385576
36458541
14509657
89720869
317982255
17555668
279108963
38218248
17971067
136018565
21854549
123541523
17753033
37759047
19658826
26508357
20782128
24799500
14305530
18058741
8613282
31606867
31584502
18138971
65525881
21850078
1143031
22127274
14694680
9313022
28856675
8766122
15066760
23818581
17918891
2521001
40297195
117662694
14516920
11522502
138706979
759251
353113087
24744541
17285374
253287372
17093617
15962096
25854573
131194668
296516547
104182691
19390810
117760111
37916167
713683
10040
41243
102997627
41569866
135964891
8407342
43680107
18721016
21045075
52370049
23487310
28376011
168759944
342254434
29990600
25512417
84866067
24185694
46625346
94310316
45538617
75253599
19534873
15565420
19595628
19398142
117131334
46636681
6113642
82946804
8596022
2787551
1315431
9334052
12086302
18539631
14983722
110430284
12579462
12
12449542
18941444
38330624
17490625
23815359
19404112
67691067
50654708
20339060
11969
16841386
164620553
21341598
19818494
742143
20050520
90821464
16135443
15933910
18392906
19923638
418610037
22763001
15260196
17564497
19240330
78067299
44576927
30646719
14275129
87818409
314516613
27678828
119087670
21862209
20332679
33573444
325642640
2876261
61892436
275791788
113013037
20054249
21288052
18395177
20054788
16998020
141317510
47061120
16885659
14123751
20923
19411556
19015931
11649
60146816
1553121
24993
24154273
756225
18586031
17996302
20041492
19936673
8265472
68653445
85795724
38158501
17062358
14190551
54303312
17852787
25780821
760654
16936695
14301286
9855242
15095819
9375282
5959342
108656611
48977854
29191062
50883209
229852856
20135013
315086909
20129191
37977930
274169824
17520135
15437688
290020010
84161199
28201743
14288822
215937656
12021142
14778455
17685009
17219682
85368735
21344352
19152541
13214
681903
15687537
11937482
31469135
14625444
10013962
17214479
93905958
23135183
17610785
15234657
29758446
20043734
43312041
12528
13058232
24756640
20506922
27035865
22028612
16171018
10871032
141157155
72110476
20450208
34884145
114036975
23242573
20536157
90573676
81128281
16698419
21513512
28882410
87186038
41079443
19816859
25690886
38638180
158366651
8438932
15192631
16521996
14520685
179339999
338048283
322904764
20
21108916
98450948
757417
51203
6466322
7432142
16683739
54181373
17616057
12696742
64543
12539
84357570
13957862
20071892
148339912
36909203
14311534
15943342
20434379
13224
15442750
82243
35891303
313319914
89722791
214673465
20849273
15125585
16361000
136361303
15279429
16044495
6702072
7930992
20444877
60807058
17663262
14718218
8161232
78345079
213263170
191617305
4480191
18614397
36699856
16928541
35778829
15109297
34933854
16933064
20506424
1489691
14883450
100473683
376866044
23579344
21999730
191427343
16465359
16364734
8844402
17230018
14547107
73090555
7687792
42343
16284697
44652237
788670
6841862
5550612
20175645
7140572
877781
17990135
2952871
133893663
92390063
17285940
80663586
156967608
14519522
18764841
104336143
15023709
8948962
17815912
19278408
13455652
24901836
14759730
12925072
816653
34356968
96242957
337849781
20763024
23982636
40212366
121468599
229053937
20671565
23953082
20841000
17708362
54578934
16347028
36145545
28596709
14222518
177153741
14073664
19530624
19412366
21264576
251817559
16573941
18865450
16006856
14427541
18018384
25081638
25494294
48797251
36919334
23581907
11068402
19095849
823115
18958638
20823928
29690115
19656220
15019821
25101645
16182623
142992271
105837069
20903204
49596689
27453546
104813238
63402836
65466158
23116875
108598233
211194146
14465640
66551058
62290422
160941787
20840869
221321269
64623
41821255
755261
19288705
25568679
14771769
81859985
64411954
357486334
18762313
9310642
16241049
297169759
18164355
23074767
13207
15687399
160926944
28130170
22147342
314542577
19764868
40002655
23076449
25308173
164224528
14242777
133236916
159098737
262236088
127568851
19061877
84342644
111354035
14184143
14293310
24727891
22132573
321946967
356186116
21202101
22924257
1639091
38003431
20770869
26267413
177524501
15390530
7760942
11839642
14082793
19762365
24919244
14228074
64747406
173509759
260355498
192890964
65376556
15885551
52102616
87775422
290447106
14073863
55542186
814859
5434112
28099886
11835862
45093663
92778791
90628997
23056885
17898494
10292772
5120691
20157368
56120038
94544739
254080487
38152704
14224719
16548286
24404205
145577083
19288991
16467789
15905182
15748351
32036992
14506253
14511951
10955042
62581962
20518867
16965975
20689021
278057675
91086769
16631172
14478491
115485051
80685646
22899150
19605552
16933579
20035239
179551414
117785867
137409047
55615408
256950559
28321339
39240916
21387621
115660365
322618609
18427698
331566104
23220780
11512342
20685061
308509114
21996235
132828185
20758087
14913
20438426
278521018
16468227
19645944
196538900
97645270
112683666
107247684
171178227
156816964
16718906
18721214
23674485
28537609
394897782
39870065
53717188
50835629
59543966
131226503
284047154
228783468
357705863
134544230
14935106
245358295
14074028
67636696
21862457
176756203
21153091
41628166
15066958
18754728
2384071
20503870
18726796
19864738
53034291
19585274
285629714
21093139
20439102
57884167
14689295
30020038
2336001
1293241
47206852
263730832
249239481
34797158
115743759
34417674
4357531
56291121
33700523
410896902
80838047
20307004
60849989
18774246
39601084
17963922
18449460
219754705
43084312
133647493
159830034
23323237
36979600
136966333
19334573
17220934
18434198
115097756
275470448
16511394
25390350
16018787
36270306
43552500
7557852
105103865
19189453
18222815
16344293
177605752
17590516
89206458
37072820
66114201
186437782
147985207
19346439
72515134
465973
22615940
63176311
16669309
41407443
24158416
118882532
43862691
114739578
39268059
75287282
1953001
195769242
29952093
111623704
37241702
39047283
29603916
20691419
14804281
9632342
14091897
89690502
17225411
126654962
84306050
67569685
92112068
120092681
293525474
20587866
277435177
24709182
19530584
238159647
38176500
113058855
70933729
118662776
58842819
52487416
10498032
7712452
17899109
14761795
39957562
15859039
41683247
15631903
17801340
15399083
22166619
102452602
14049442
143636384
395312864
44952391
236621490
15738369
375225360
37868953
58518573
29687241
63147637
161685359
38633793
72249706
115062979
86740234
37818134
106565009
221131846
129859101
293993523
34417647
227271011
44580116
22939236
242283206
181643262
44101800
275493680
40619907
120134518
14857173
201050429
28658597
15255650
20473046
26262931
16126395
36072379
20175643
15453501
44410507
43131104
8184612
19908166
14562100
31779300
143016057
47651156
20521726
21414364
807095
76662895
15632759
54203238
116890546
153765717
125811477
190567339
15987295
16568227
15127749
51861647
23575732
821148
106878438
44285020
92430200
5402612
1417251
63222576
56752658
14492448
15391093
19289182
19588385
50393960
76878457
23976386
146246447
14718073
14387527
1440641
15850643
146509611
14048930
18910853
15994087
30834721
250831586
17336372
43313304
19589086
44570946
14681605
16836379
156453883
21444552
257570411
227455120
5695032
7583422
44228076
16786977
17234514
128941414
316510708
25029081
119372054
50011708
189038916
127123984
172879972
202258816
16192277
242274944
45570204
47276890
241083819
273894949
148276558
233962358
45782012
130081460
101243045
28949891
246677188
25496300
85259260
57298566
18082622
20583993
56621964
146005466
82049129
38143799
47601952
50048078
34904266
21652384
44824649
71994142
40147806
71992623
61844108
137357687
21855785
179608191
47583917
248589951
163009709
20673292
155938467
25488725
176900532
46384050
80295252
15002620
19647329
19906615
48873968
38183837
14866817
138100407
18877982
15700308
94066336
41476705
16719769
28427004
23305491
95648892
36364924
18708066
30973
54548089
157218534
15012486
1035491
263292498
16212988
22176407
25287178
52584973
818570
14149241
25888957
6821782
267334019
32487867
22413809
18023887
14991920
30059550
243034223
215952307
17020962
140118545
88551365
36412963
112441291
22038316
56379528
20953956
28401408
14832003
1294741
43654274
16648858
250370569
15218522
253019166
15834810
351271933
31171924
38276759
235707172
204539915
19392590
21649701
24885281
324986560
14758395
26002643
18900881
26729910
14943464
18542382
14782267
18720595
6651282
242280643
17201202
16536215
128216887
8170292
18949452
140067378
19703323
79712331
7428872
36631315
20548390
19226320
11845762
22516645
22061737
24893688
19986849
15776478
256996800
21206132
40030355
31086089
104237736
118759153
76146780
7594782
613413
25512686
5644142
14594385
29738618
92294003
19966557
34681960
38681183
21298320
16219742
137645230
26551056
22363802
84292831
15317676
781674
33860739
67358777
12804422
7614292
15748390
17057271
66670429
23585763
194504406
89211580
32137602
19780648
16517711
106692348
130587419
18448883
60849710
213796133
120654358
72683946
31111117
25585341
23600248
20225875
16807111
55192435
19900778
11923322
29998924
16381404
5673082
14516710
170815201
26773719
24447643
208026348
86196231
105571819
138749160
36054262
14791731
18699124
19194794
87945715
204326226
124204576
121394428
112997448
6132712
22659911
15787714
20017265
15176279
19042041
76637096
17287153
89486038
190224313
28368940
23453959
21309608
49973923
116772065
46393803
57013363
16295825
21319122
61161747
26333686
10090902
12998732
35555151
20681651
19085943
14347861
43108991
87064956
92307605
33299541
102532908
49669095
23748941
86111322
24862758
14677919
14345566
14887755
15944413
20624807
160817572
49655056
86106561
67535333
18807671
18637730
14704992
23438516
16825009
22126167
163729404
4049511
23094795
16455033
24186528
6233802
15790423
28420170
39807414
26250695
972651
18876942
37435901
14120151
25485248
19781200
27897722
25657401
104220887
26985345
13
21256413
148791976
15454030
25980925
17616435
19111767
16172161
8223872
15235838
38440548
118767151
23992315
711303
16401210
14784786
21748669
23985796
15057943
21661279
151532036
5409812
30513101
1281881
145409546
14601661
31710896
19708867
52541140
77740842
18977619
81204186
42911110
20897369
29311172
109224937
2588351
19408741
94428870
14857519
125770425
12761512
87259922
21272440
34713362
35002876
16581604
156214797
57051476
29695131
18945461
140112178
131215372
15579363
105886711
21861412
11861052
65343523
72523194
88743145
75852634
102447595
36769541
98732338
84300711
16684229
21670881
49108112
10810102
26003792
22153670
23586077
27212264
20429156
21861282
27962661
25087909
39522692
15748899
20280065
19644592
43963184
16272222
22239898
6297852
20326751
16947009
17939037
19530134
60959527
14971572
35699329
51434283
21818737
31123109
45549760
70729202
25881650
60889706
54680395
92571477
20592327
19255064
36359142
23295832
9207632
13616
20997862
23412691
17950510
19603444
48370227
18076239
22009731
23742474
44370062
21386695
27614053
38216503
39963744
34592271
23688540
31276580
24508650
14396067
43898145
22757088
16997044
26844398
65233735
15952509
59645072
14283115
19539428
15612850
31187910
14585803
80597298
38250936
20506417
20297091
16366907
15991874
18130686
23363716
655093
107438572
90880288
17366060
17625778
14939352
19653831
16343974
14138785
104456811
21202146
20235032
85396917
22493173
20084912
90182507
24868107
57673046
54843821
9454222
15714163
34649749
26793734
19651991
15425115
22670939
8109382
18559753
64054704
14567976
11073692
74465823
14481475
19801012
18507505
71820456
19810207
96681470
18477635
24358474
2479951
15738990
99155524
19922203
59805734
49702865
72566217
88843805
36176374
29743733
40858075
61805811
36084952
13203732
14221852
14499317
75072099
21199535
93253538
17286800
97145057
18792170
55018841
16492781
23769298
27025414
62833297
36407937
38186660
39992827
67283947
88825566
34614150
78355999
67582735
1006741
6840532
20622594
22059385
20458588
13843082
20320183
14476084
18900580
21782810
19050467
24155868
51662199
15723732
14199378
89802469
17399168
24216951
41427641
14056556
81099702
18973380
38827204
19726006
21596372
16681111
1118451
1531101
15208200
16310510
48408698
23554196
43871011
19994655
21677013
20851240
23074824
36100911
14302293
35238521
18119776
20155652
45347756
42263
18247643
14866332
35067421
14217624
49560239
95434231
86723502
17652928
86574079
641383
34613288
15735744
21107971
24730507
53260248
21132188
23933592
43504652
16560801
1028071
14397092
94541935
85562784
27870981
26475758
23085374
22008296
8788742
19237087
20425378
19811019
43077265
67901356
87300977
28307308
19226870
57027569
47344260
40322986
19534544
21201014
25311070
16218488
22115520
24788654
14985438
17973400
88740940
18693867
69420632
17789612
72906904
45547991
15296724
24376702
33582001
41557732
10900412
17974140
19596163
9402162
14390126
27872162
33852508
17462723
21910305
19363307
20696016
30812490
23989559
14461583
19983221
23423559
44874400
26727655
56986489
18028249
19654597
22906929
39533595
64417883
41777428
14073050
18332190
9549352
20626359
37477506
20157229
61190396
48977811
31988249
22016456
14512559
21982720
20038582
20682165
31892440
14684477
24663531
83372972
17604456
19188026
20136552
24864439
19026247
22799211
34358706
806133
19911484
45819259
42448407
22637799
17041719
50627903
74163858
17221180
17909306
21684189
26745004
16945578
24407244
40107181
18995664
14238142
41469938
27202670
17844640
17820312
74688299
18337367
16337770
33164576
17835925
75635776
21392401
19368523
16377749
34244628
14569900
19665131
66501164
54730258
5245841
14599335
20182052
78312792
26526677
71143214
21401317
16675924
21711828
17156599
50227161
15848627
44900847
24023877
17185109
9926652
18676177
22538462
19686204
1450311
23213207
15566901
16129920
11857072
428333
2768501
9609632
43731394
1077191
27126935
22474799
21902349
22465084
16727535
38620203
27063550
47139162
34895489
16726356
36723332
20442025
38920267
19587354
17498112
1317671
36357830
19277311
18668407
26565946
27854568
28320485
18820635
34237695
15116696
30639743
13841422
14418986
20664441
16369737
20434358
19505080
19397785
7905122
788524
24737621
19329393
23576158
24685500
15645093
20034091
19713156
1520981
17483462
19776687
18887526
15253147
14131275
14123683
20067372
20667720
622873
19742143
17889970
18953259
19931980
19234106
21410026
26341051
17547489
17683341
21054991
21419960
765845
14974630
649673
685513
15721643
22059835
8830542
6044352
19867072
19982092
21663902
20079982
19315353
14732889
17089670
19066345
14385541
19971012
14743055
5225991
21491795
2318341
813286
12480582
19427681
15687962
18234790
1511801
7087112
19562228
5988062
34203
10223282
2877171
15493819
19538290
19668193
15727578
14780498
18151649
20024127
17684568
6570672
1344951
15995155
17868636
19594233
21097514
14700117
2467791
14075928
7076492
18393773
16672510
6705042
15439395
19598415
