936355764532256769
113780858
16826617
190395998
4697243604
263473924
275686563
36128546
2836421
884142052740521985
317895749
1586406752
42729028
318429116
1133763795720036353
2329066872
130557513
958321164048191490
1096058449
378259736
628698139
3266258420
742769911
158445476
10328012
1633496226
45255968
385192397
1522917078
392463691
4696728842
74287341
51111863
636216638
112475924
1620556356
16491676
14981648
1325951616
2764811815
33773592
752967707277029376
16031984
118975084
986794331582365696
1480385228
16435797
1923959160
2828796622
3290762269
842550390818201600
355036400
750022168675688449
203714426
1066868172496740353
786047748508221440
2433526788
19429847
1389537156
330071328
19071682
34713362
789385808
20998647
454313925
14342564
36711678
552985513
373373336
21436960
103865085
17781165
34554134
8295072
15165493
19802879
14091091
24919888
15461733
62780688
246355446
374617055
143865859
211657420
32614190
567675904
2810984968
192942213
14142619
867208922
1110572521
138226539
205278393
2775010779
1095187791510564867
876097577640316928
4140244033
166415961
1104408685902745602
614953218
2277887712
35532191
20663500
85598254
19399038
449916273
97040343
487857297
21001599
49689504
40550119
165204211
1042153649198125057
1571493764
1104228390272413697
17234452
9313022
3081848578
17939037
184860130
180535644
1103609284481429504
49457868
1616984785
43743472
217858590
951900990
26579339
279036722
95204831
598379922
539421221
4216847717
1305556297
627740109
1116764587737661440
175049339
260759782
1343400990
1144882621
449301286
334393876
26668729
884823973313335298
320866953
2369042186
473399394
71660581
21163170
301142794
361951160
898366765
1849584247
424540461
2365127000
2840680205
318482708
704330232224997376
285190720
14677919
19262500
1198176368
28700831
355978772
37203351
71271115
271251442
1134541483871281153
2413216260
302769804
41582030
202276242
829881163472916481
3111328187
73406718
1128977972646387712
4043106914
42836999
15698452
898819561
9300262
466783875
49698134
259395895
15220768
19107878
22771961
738834573065375744
26059158
216423266
420694593
373683618
74991835
2300426996
2369536117
2557037323
1019954148526231552
347372273
399530280
239597917
70625849
26131763
40306315
820681010438246401
313490867
363203751
871686942
864940077402660866
617828235
851512352893698048
1106050370084573184
713143
533214733
835220421389733888
911171572626534400
756584190112591872
1020313300054216705
4337019732
2969910456
111700161
176296076
36381496
602431133
605561439
2584545637
570695095
2820217755
435225922
1561123663
16581604
1601955067
248472528
32742926
42974921
237038717
98509211
898000644
2966774301
97752150
1368026125
20959057
373154208
24215395
11420832
611955888
24913022
93002105
250364353
66820511
1251778856
16106522
434990772
569475013
16617208
15566278
18062054
203207356
180456951
205916039
246479768
470802436
23670746
82447525
376927648
3079986094
241226103
431220987
330574021
151649030
14173315
15012486
19038934
3249132655
2291634883
471677441
242143073
212378628
2381246233
112595332
2525756887
17220817
79923701
1593735630
24260086
49279876
966157855480078336
433112513
1297756530
1453717669
1057740986191933440
14384745
117414115
567611653
15195539
145647271
28140646
1355181415
370308968
6089322
7391432
7855062
14362404
15467700
15640456
15744134
15985111
16116519
16129360
16369805
16816471
17355668
20094409
22310731
22429979
22891564
23281108
26165922
35505635
43469833
47267188
51547100
52392666
52572211
57362322
57362673
60506242
80944765
81186186
90478926
96675300
129905901
135532631
144300104
152686651
186667011
186755547
231328483
248884036
249966525
293159149
360668046
373522445
380268462
417802349
429531188
443946182
454071012
485826899
544506033
545630206
601985933
745185680
769999555
783394970
889745082
910523023
1286161147
1382181853
1507338108
1578037154
1711586252
2209742392
2964707406
3039781324
3094790117
3223426134
3333055535
4091551984
4136353708
4862156160
736726795068805120
756146068652429312
759481842814726144
774407512598704128
780206406024691712
817787882395955200
818830485593866240
822131894540083201
824660966315069441
827339176479748096
828423981858447361
830908366377611266
836226687272632320
872460123125448704
872520084253704192
882618440938385410
940958810885312513
1031579659862007811
1034205948007645184
1965420800
2513432804
1626904404
22187085
799513205815046144
573845836
9420322
120176950
26538229
83466368
18938646
14980721
210824456
22631935
291332154
15549032
420537199
1143243582
1668839232
249967853
41626387
1850166984
471706157
6044272
1093694846
3884379503
236196880
1978687296
536877209
132959277
26559241
82689705
28482819
14515803
17390390
37727635
454160384
449030179
339885219
1262532858
572317680
320018669
2254068319
880496638493511680
921799332487032833
138297393
34667105
343028221
1327406971
376816413
402877913
3282629497
2646555510
2439055122
1465513824
908708592689152002
742687471226388480
480765278
1180266398
1601555706
2887319291
4269843078
410851204
19078932
41141448
84181532
103085208
361313270
2284215476
587950211
46063
19098201
340126118
187649890
1032700763540086784
1083143903509770240
28162211
143723226
262856460
1345185876
47529622
1020058453
44726326
27447593
11922492
164397041
263220322
274025365
142896252
109350515
76066858
65551087
603734466
2864381561
499638760
574888642
62869013
635176497
3583966878
22840108
15069992
1561614954
971077184612745216
2248020229
1055940465059553281
286339472
176609398
380489682
45672815
3826724481
415773647
123417995
626589337
235196204
258135801
190012537
12034642
16905329
753211515927465985
3121476587
1321631450
25557864
771202023853174785
771191617596235777
770418575106379776
768952136944189440
768662545452392448
768648852526075905
768102382714679296
767859059793989632
766475075331710976
765612423726428160
765579489392951297
765228133045800960
763765345039581184
760874195379167232
760438895494492160
760298558146748416
759995367370870784
758848854338908160
758701788321243136
758230327051554816
756491106448240640
755018435407572992
754855017220182017
752849510443970560
749974024437071872
748180450300985344
749656249600540672
748137759169142784
746522306449539072
745370661598564359
744826358061228032
742508545611038720
742436919175487488
741313263246401536
740909558286192640
740480661652279296
738799345034616832
738221400784179202
738028585512996865
737769892707848194
737439114505523200
737379016672444416
737000747741675521
736377232994668544
736181036862865408
735582528430575617
733019938949074946
732908574158901248
730494697492381696
730342721513103361
729458540075569152
728573897365442561
728101317072183296
725902653465612290
724582782995947520
723610559581540353
723428798205587457
723343346673061888
722071597625057281
718960061092126720
717786245443751936
717755749271674880
717630551780364288
717065491504824320
716576919328841728
715633997766860801
715294016024088577
715024122024169472
714942456937242624
714918223809024000
714183597910061056
714025626705989632
712662999568244737
711933818874273792
711587930171637760
710463762139111424
710102410077802496
707797060481916929
706089794443599872
705930831265734656
705822099600879616
705762604669669376
705144229299785728
702943901590626304
771426085460385794
773561528817750016
773634376408109056
774048004697358336
775528016625577985
778658403702931456
778666757418471424
778862706921185284
780751772717502464
781049707413987328
781681472310771712
782914871943950336
783600112677351425
783858842102661120
785993461413601280
786273157799813122
786487113692819457
786584886345814017
786902354943586304
786968290916757504
787423146982842373
787474413302091777
788080140546744320
788154610242375680
788383057581604864
788784818456764416
789112711506432000
790885702347218944
791271691813019648
793565760530644996
794462244436344832
794510051637460994
794589876997918722
795172443111428096
796061761606651905
796191446323884033
796398841469644800
796431801862553601
797101813875011584
797159559563452416
798791735153262592
798953919212818432
799171579469033472
799671141455380480
799815731252752386
800578596922232832
800694053301927940
802204322708656128
803106530400882692
803619382165311489
803793171746590721
804073434292584450
805860211961401344
805977060170694656
806133640447016960
806302116570546176
806901253074718720
809437228061454336
812109500408877056
813670216597016576
814473886834233345
814670573733167105
814844446051274754
815815930500390914
816211741352804352
816536499751677952
816592081200279552
819182346880610307
820946482631098368
821182479776227328
821200022750404610
821365265128529920
821565734388166657
821831266945368064
822708010766241792
822863955806732288
823489973001322497
824262229457571840
824310822314721280
824654826806059012
824678718165577730
824718064818139136
824827980618752000
825021770860093440
825239952464097282
825392150619836416
826036035796746240
826119251933200384
826839904067870723
827205419642785792
827274719195914240
828190806557204480
828303552254664704
828992214793584640
829387768476360708
830084059246112770
830151261387386880
830875096780771328
830878719598276613
832264636019904513
832371833890443265
832541931150376960
832621606782455809
832730048046067713
833405355531051008
834402397556502529
834480455739121666
834587607799586816
834833874593148928
837077603324395520
839143637015539713
839994427141636096
841752626735775744
842679437263028226
843673191163691008
844203139809116164
846191352912097281
846369770089988096
846662315349037056
846685829787516929
846745784213229570
846925942371028993
846937953574150144
847183474788356096
847214123083542528
847473631705812992
848217115756777472
848584672028364801
849592848185995264
849644795832279040
850409528252395520
850438405230080000
851521595550031872
852247770547269632
853403899541245952
853820987632009216
854418965405335552
854446620678782978
855192821422317568
855232926023376898
855529246332116992
857246819126046721
857998633937121280
858628632868204544
859362691533680640
860543307893665793
860974735596953600
862652485974069248
862939962450350080
863038931021033472
864800603179974656
865196485381586944
865226042620903424
865251556660301824
865592744231682048
866643136940040192
866990051837792258
867096660094197760
867582172013539328
867617395174539265
869838434965344256
872886026590711808
871790921070899200
875522612981628928
875673939145625600
879252193722982400
879755246788124674
881615056437297152
882026625210007552
882204616556982272
882330443080531968
883003819642298373
885214495051845633
885843494924890113
887192946407243777
885917068645863424
889565702088269828
889912797420818433
890108679881715716
892624663519436800
894037378410532864
895211937075785729
896364210296426497
897334934372798464
900030934870884353
900709872798486530
901255438414389248
902612761837846528
903448396861669376
903522641864269824
905075448798998530
905821947774115840
907784554362130432
908793378149629953
910220874212618242
910258370589843456
911284161360519168
912193467886968833
915039074624270336
916194775237144576
916729440448770048
918643053564379136
919126003917770754
920039687430868992
923710471886184449
926169559295393792
928055486712127488
928342158221836289
930544405760659461
934222592826802177
936258605757665280
937016677035847680
938050292385533952
938175388676538368
938822467249831936
938913866582544384
938938048422825989
940360336955277312
941037344337035264
943072506923151361
943517590818668545
943797345073942533
943908751651823618
944364827580837888
948409042061291521
950726771397275648
950823549341609984
951169766869237760
951524522594717696
951931529344770048
958407180486668289
959715102781005825
959929054185930752
960658643770331141
961644115640438785
962122766945153024
962731303421362176
964446819785814016
966436741258403841
966450392283295744
966781018416979969
968650868911357952
969092450168995840
971837840983248896
972177106699472896
972657846247665664
976134467252240385
976483191279284226
978330573046415362
978714512336543744
979085322284748800
980403612986814464
982443479014957056
984828622170152960
985952533435879425
986016280124755969
986201726918299648
986202436820926464
986202623836606464
987038006895837184
988845479751380992
989958931794616320
990783749599068160
991333110498263048
992124789941833729
995033626696822784
995456250480615425
995877126464303104
998412541574365184
998939057110568960
1001871330197819392
1002597497427124224
1005026173221470209
1005586768354332673
1005886689003409408
1006260359395758080
1006467938541559811
1006773039760134144
1007628707836637184
1007781390933549056
1010730619448377346
1010494198292901890
1022493914819952641
1022772673967992832
1022862129420886016
1024364136657039360
1025054188588412928
1025308559058366465
1025490814800220160
1026522617459761152
1026926542331437056
1029627350948999168
1032474473692188672
1033970806097895424
1034187157693444096
1034502130386825216
1034590866059407361
1035895180849766400
1038094946304241666
1039443893018877953
1039545729616936960
1040992506706644992
1044846976800632833
1049310047635996673
1046853954599030784
1049573177649782785
1049799475194224640
1050400199032606720
1054155260103540736
1051648315962662912
1057323794245681154
1059152753967202312
1059552128484630528
1063877927929028608
1069247556188815366
827594824723394560
1969426021
72927328
889693214
199846785
2478827364
37000452
40880721
390787724
450738176
450667347
80813493
2869060776
93676569
436322423
331195013
2800581040
398271367
298193494
76961493
28133800
29463928
115979798
31511502
119106683
23101207
1104327972
59287889
811985771154374656
250442770
860954303028240384
107146095
22156213
539053432
3138132930
15997377
101575858
194627130
1106946792
1093052461
353869425
965690324
15581925
22386932
1225018734
182650731
23971329
111005623
55459700
40809678
50657158
21221149
966790240764510208
955829659027099648
15007149
939091
1976143068
2791988124
33933259
120181944
14159148
13201312
28657802
38146999
20596281
16958346
17463923
2382737682
220124175
34317032
14216661
42153941
857667673601302528
824642649067966465
16116073
322379585
2617726168
25375962
933516397
168708614
23839713
136994566
2386404368
1050745955996364800
4228952249
472301455
16133530
832720691577417728
632498857
620197006
839420851099471873
155340175
14713787
2229017600
17079649
15166346
801955868866658304
80374392
1354745053
1429348872
1360406004
117453967
566041697
256803631
744046387365560320
1072270926
978961098
2174498916
33553922
82476674
1025377480566300673
149517978
1163583384
20617509
16184127
25198779
1052567251419840513
49871605
39533250
804172209963040768
343627165
3948957564
344275242
862047835897724928
739601280440532992
367440946
1848915697
625789422
41866259
212621119
362299457
488809450
18060714
16453337
246571189
16317570
16501022
3995325913
178287743
276595634
187792547
82991014
22877823
75876376
22828828
18890334
158390042
602336520
1523397888
702613776093339648
42131029
1035238562042716160
1137813068
85566061
282224204
49189944
40986853
464385113
748590561863426048
60687077
253429407
591355449
21879831
2962923040
1480852568
348076699
278342281
58464742
3165912372
125656432
884505990
15009111
19400875
29731124
32871086
851785814
102251724
1077609344
48017261
299853848
4737758608
329959831
749698640
18386576
220426991
744475168848945152
145208608
738767160395321345
56402844
48752324
1231318243
44669326
248415220
17826999
21365909
18981482
248850628
253648668
968866987240841216
369806270
29217800
98518188
3568873940
3293406121
3873936134
1570968499
269060909
943891196
18594543
43023073
438063374
238779776
263655275
18448279
189251882
128563125
328246894
737448396
133452472
262199490
1870816801
78676649
805362313
121803563
4167506333
2927358374
899668272785891329
36465468
156442878
57852539
98885472
32882868
73844084
718894362986430464
19362299
16403943
61830970
273060588
53374954
41280851
34104616
18048496
30459968
34998642
21921231
19750789
30016081
130930229
40820066
16672159
11771512
419487011
22856697
55948054
634394191
923281156153401345
292634416
29657843
16285291
27380224
25125905
727638360680960000
185738688
796107317548814340
2687279697
2857819719
218561795
298773359
510464011
548384458
1621265162
14408107
1016708306750980096
257529281
196379452
774010443023126533
625999362
22838331
799617074100371456
705424375772815361
336548480
1279451731
960605939740106755
3185421630
709943239
247476824
216401711
315341543
773787228
1014140963185405952
862768065636843521
13393052
61521038
2749676911
938525696670003201
202463874
28478090
15538333
855246260
109140768
1730897000
519150699
735782702
265679587
212657985
875778570
4724467344
23271763
16538135
16524832
39000115
25810548
561350082
155927976
972671164496695297
15115280
1964734532
4829637983
1689419970
255784266
27281534
7739582
89820928
11744152
39155029
2334193741
39997930
16157702
4202878276
52504312
29357163
15432652
2789491163
181314418
237477771
15976705
418111268
2338481306
43886970
158438814
129869196
158018462
118824116
495325243
716699611
59660701
296985107
2528003407
2434090982
92501611
944608789
113152969
31466910
16040934
45918501
92335270
91680590
16808905
18730612
15173192
16709280
145400342
25070342
24210993
15112314
20542096
17913583
179627617
151249697
925615776
7130402
14423351
20539937
17654134
17163265
12880012
47670565
70422953
705069368909017088
132839879
119679411
112448318
262846232
89701184
41569866
6580122
15836200
18217175
16404772
16812515
14792079
18676162
7348612
19692478
20715956
18977822
319110295
589358780
574828533
92399294
15146558
3458508796
2789796048
175471321
139525231
862076651345203201
17515979
12804652
42926413
879354713698779137
901088979617026048
479648324
140933884
20615708
34552637
459624522
25245405
319901487
806685588443119616
46955476
930459953420210176
721521956
746101394457919488
981978290465398784
46413608
430750361
472017340
17907142
10204762
489218573
14811775
78208471
375827239
590142671
340613443
1890151436
34030502
251918778
21416322
20460231
144994167
50416535
536904693
14046504
69625014
15766082
35304538
2597063455
990988835336093696
54622050
180107694
1202033696
185432349
2202200084
212408548
58034894
828717670975447040
800739876752617472
94141566
890891
22637974
912795390
162495525
949096354449534978
27994020
466590339
2394744000
128237952
796009601128943616
376234071
23905560
293550848
93069110
717900573610213377
602464076
35627833
189928750
1253773256
14647570
861057098032992256
29931309
215723692
714923687040843776
4268213783
931021472
807319527444934656
471423578
17193243
543822360
326572733
2513131207
2218530650
19084896
372536101
258483856
15984676
58709303
151899189
271044602
4644564432
3300143215
13880132
161993637
135553041
168644967
485999145
3097848509
1060751816
243717793
247383235
963256116
200949979
2862044992
2279779670
411675958
945023312
17035845
444996355
2457320617
951160170804953088
18255672
24297208
1920414734
2902702024
148091926
365445055
1202058846
16129920
13850422
90572771
22287032
7123892
2600556841
365194541
376875289
191881051
204646101
1917731
2315665368
553078887
737989000145870848
86428993
1315366046
749511732
12579352
21626814
343106879
106789371
22375230
110526422
334921581
875731963222478848
16106584
384923143
239026022
36969574
233561717
912988142
413802355
203132018
157852110
88119238
831314911
1933872894
3197179177
1157513790
787357121402642432
970563998
40353407
935255162897227776
281616813
934899067594858497
50143093
823640064
259885954
275869621
980903810
60995063
162136736
150671052
42486455
281756281
366044248
929551391592292354
75343797
189376144
4212999921
2640673598
17112878
226299087
2220388494
2230201537
733170759829327874
24973759
891927416
146299618
73189829
92532097
246081637
379871110
329336703
214155860
3023063204
524925148
2499007566
419604350
19113374
34738867
900739767607988224
912346623673376768
454070441
18734321
908393697103847424
3071646499
850397136583745537
40400504
171594853
1922461214
896245322942263301
2764254095
14869615
2735655330
287333780
85583894
2529194850
398146813
727043863664312320
709835222
14258196
461513506
1499916103
1499806806
21619519
2330837658
1535755764
22757063
70511174
502087896
19259102
129634387
1494489804
1651522832
92845011
19186003
1626882920
358613024
31344051
19681331
38705353
19050461
163580953
19786312
4470882855
55616934
184901599
601138695
325385270
316319388
28163299
148529707
327375508
46260740
23543947
132067492
158469454
314248208
21201941
2863996955
1849810626
341784671
344491767
26557459
905000178
875029068223315968
85566766
190392285
133554378
23970108
72339761
19041357
21806473
21698940
1250121462
21332348
20793276
322233489
370962952
360692309
427737899
2987448628
468326912
188343397
864562980205150209
522077696
216978730
30354991
803694179079458816
372372537
226669863
407396556
787373558
29450962
15764644
36686040
19394188
29501253
23176276
1132012321
522282462
834081571493785600
839931869357469696
22129280
2924394931
44196397
2389246314
2601939114
965704518
14801863
757893380
234698050
188857501
2827042824
830089318685224960
709846637401649152
85131054
19346439
2889924959
103705772
33919343
2869819060
2963536496
702210829966516225
3277928935
841063115722805250
4809840647
717519847928803328
1491670183
34363347
187289134
469509327
946046198
942156122
1080183367
14885860
130617778
606555938
12354832
173676124
700425857534287872
215307708
16662766
50348167
56070554
30249306
22485748
16006592
820354372827758592
104692306
304932002
817546629670531073
14270650
20370923
299802277
48120914
41701160
354526798
816066355
34781412
1653495560
505430410
18686907
37677496
2958983005
635608354
14529929
19568591
225265639
11134252
432330747
359755630
605727053
36697854
1357975226
807310362
43355844
315331161
43740286
3306215340
701782830800576513
90672134
28370071
190817371
188007231
16397147
612473
265902729
1323260832
2155691491
810928168555180032
409486555
24272129
25227444
549796382
381638701
20081707
98533052
140252240
260795359
200563080
494134556
24258396
142506214
102448827
454099919
4599236569
21817805
57042914
362616965
19753085
2968651317
2866586968
3041647030
35797763
74178767
105252513
1301645077
135947004
1135675872
23124715
15239391
24277551
1582161781
807431958242480128
25196075
97463664
2180030324
4831186260
14348157
3000055836
2899787986
272724991
68616468
2234695944
21631981
89609514
4851001686
164460464
1173695748
499584878
1674042260
2710946063
41207869
146357149
16055024
21419070
29695913
271017604
37818981
17903419
182027998
1427891330
67133680
22829525
18630243
164308831
31533092
31421307
89183580
72966192
40071154
32134081
37547375
37556052
139235403
1381911
10579022
15614711
39092709
3236297670
248999264
354427613
21823306
2238337718
215423552
26747046
82669742
443173832
705493322173796352
432077327
1902686658
33763478
179676414
436360829
105183770
758383008
790989563523063808
318821825
81902909
825666482
19697415
19617164
16416512
163562125
159263571
35218566
365260965
2812440728
158815192
141365124
180039627
316389142
339950929
501323661
2458575451
164696531
245224142
772494591455006720
143597858
57100687
336071389
192248791
2232827756
1110475561
52422878
743155992997691392
608611561
128319062
163919658
76726157
1209509390
97247997
3328159015
22872643
3377582547
1654471357
140070953
129960904
66698132
1000262514
3365265253
28193043
709844127668514816
724377647980015616
121180472
4825421067
3377352197
499559507
1873246573
615357017
15941028
242038643
19000019
227141892
2332105681
2440339134
57540523
1077020533
103948050
475186162
346611655
204810045
2222188166
3044847540
271269846
24708917
86416188
2777078520
35265785
42115078
318647692
216776631
325830217
818910970567344128
33784182
140844060
15236305
50883209
1339835893
187838951
19596476
21071916
436237812
24829097
58569513
2892072498
521887760
31646738
110445334
245042998
21724904
4842745994
53959941
244768359
16015091
121118692
23954607
788149117
2888940962
602435786
3120713197
491934687
253895587
4734760520
18167321
17469361
90433641
525659631
156394076
531652858
279598812
244338830
19413393
469689725
23645599
112511880
3033103596
2467791
14062180
5392522
14293310
759251
14511951
35773039
17293897
28203528
2459609448
5040441
181288948
20929521
16228479
1531627676
20106852
4396773447
5880462
244243077
43205195
1371085129
84178714
1851875672
34961375
2883324256
29442313
2414797100
1952320802
1247950970
36256102
47533676
347412694
335455570
238220689
34613951
60180322
562164937
409541868
703940610
39533864
16044997
60637549
2835719551
137826351
222193300
2359926157
34960432
254232149
524470508
1488700596
179347030
251233297
3248143442
461456610
190396461
130627387
180507700
2302096164
548650444
1101547346
815725136
277834808
3074983488
2833069042
388501383
280775723
3314094464
3192707088
2240218110
346169215
454467342
760788162
599420375
2780874870
363997684
3246874980
188603907
463489658
3280294466
809547764
25162265
2363053952
822215673812119553
30313925
1330457336
3249225547
3065366569
2953954327
2468713578
822215679726100480
1536791610
2421064128
23453463
3189947347
37251871
28696045
88270276
87299430
385768747
55417572
115462563
802649408
167398543
397786572
34743251
107136520
2947913106
36236394
3016305770
2731707747
970721059
202269158
114806906
23473326
116034569
18080144
2944609153
61824637
1325384155
2416434962
97767732
143859912
109959589
2760992074
300253369
19957808
2789100559
257551086
153672724
2304253952
469912282
1187251434
2365674354
207232932
85435515
16219502
253340075
219072942
2370799405
478111613
579392162
242794022
1379424312
233429625
20916240
24954656
515791763
2805998377
474229798
130255187
176795551
36042554
1572733226
319411878
190731473
243442402
1246808738
69949241
372952770
190395805
14526582
2442381762
2781242936
71023061
1877876856
2742295864
36237863
541317476
2480057274
2750440401
2642470332
1714030279
154175423
35441526
56810175
147896957
97719672
52818366
67796017
252432583
465063244
164384133
2614723874
2606063804
398749202
2590519136
284066822
93153388
2586325699
1087860428
29912873
17248920
874589102
29396753
613631041
2427659779
150415780
339290706
570483807
177204710
22894394
28498303
301553911
35007553
327478351
858666314
304714011
280771945
92360611
1418745782
328810158
847506104
29561652
1579422614
18965772
355485080
155744331
123377452
19426729
703503960
15915843
1109471892
323892715
1146360211
317570680
822057152
170026094
1360098198
312198053
24113867
217618621
1542260683
158994834
2218255880
1575918264
380364424
443212497
54231056
29773272
299540252
371455742
263798195
194567046
18902499
194657139
14449903
250208340
181580195
1945492633
851742176
218728169
246423499
41446349
202437889
1955540954
109451593
334079523
30041336
964860308
17812282
465982606
25188462
239526697
1966141862
249983470
43451898
848535386
181355211
38491229
252243722
171810401
190749229
27108650
259367273
219406327
118710252
75050644
118079990
19379889
392125864
274869670
315586911
2304180312
120943272
59949396
361573856
201329331
69728249
14111710
23195912
860699862
1335593930
1213223809
298691732
18656352
36419991
237845487
181268935
45934283
720367435
2261701489
103174428
1872145160
1116991922
64516431
189274859
28164194
369532797
18464653
44220138
103445419
36867960
274096146
1296892974
1344870990
1363525038
1376009694
1564115456
1594305108
1606344739
1686645120
1707771750
1879840980
1909691636
1945571894
2152317000
2182821944
2230850238
19995938
14188580
14079852
8314062
17009992
18490743
93663917
19290107
142752743
29544159
17464397
8108062
27343703
37661813
9167802
22811855
17410783
18980319
18609893
1063861
16429603
17074378
78646538
354484311
16168272
20117418
18229413
14238479
16468365
42954206
18996281
22783783
14312391
28144343
14307494
14812510
14225711
15237937
16831933
18099162
13723912
17315658
16914042
17503117
14308362
12947512
16814180
786223
14666783
9468242
15182200
15814920
10298
26204074
29082715
216144371
26659703
287900504
283212435
364133675
460421600
120620560
186584987
4481901
15926169
478291537
8124952
214924806
15384441
392901435
1019143291
37704577
117564287
1099233343
1955047284
1275169070
1551900385
461753291
403182554
93756517
87736445
247407928
35671210
57141484
588017994
1568493205
39764214
34660688
625286571
345567714
51978159
1071794083
309030772
1912961971
1912964377
502078569
84936481
206131723
1441954692
25297291
620313303
284925506
313044433
729110221
38422658
677353
1433369900
619123502
1866078116
389731854
1098364164
1544637834
3382
24118540
19081351
624402712
201862960
1676691458
154253850
29658452
25028906
231421527
456599068
1534135549
386377235
337545066
1094922224
1582853809
14063426
88763317
438550809
598540507
16548978
702168320
82959058
14357273
112819445
191204504
16164636
18839937
761811236
32697273
915159973
385660881
244751848
122787309
374208316
215367878
1453246046
143862660
25719202
467909009
551901627
1286377249
1556770538
10496902
156806826
586894750
24836006
217177918
1099438284
237574507
42812025
175232831
255632853
25261319
17750632
18927441
148881368
204832963
106725205
626552447
34731451
395049316
1411755782
1393497007
600347606
82692359
915027631
283262936
1408824055
462287315
1387671774
563511573
1002958764
29418172
42706358
18424289
33418652
1327622551
1327199359
289216303
29818068
244251775
113897988
1110627326
62882128
254178196
580333306
131351549
339325736
426834503
372501146
85680482
542908970
10621792
39390671
22570570
403043406
78084857
16653010
245935996
14367183
1003383398
434691561
113147075
133799996
75081196
157134692
966868879
507945354
41839765
359758010
283648755
607544515
25579958
547081606
477053543
313657292
574196340
263084044
22808963
525768069
155989182
152682457
375227729
9624742
148752612
405051576
441117264
37360915
421148919
268708802
395781912
19926055
602070507
607283869
27312199
139820235
244181193
1040134080
398431167
23556859
1093835942
506680342
531525569
509582589
1071186680
257767395
866618072
7905122
186154646
27351299
15503764
372970352
45112524
191713253
515901879
887437286
332242649
602317143
24275419
613023601
500704345
368620129
535948983
252239685
336116660
343817208
16334893
107556834
123456648
963115452
279151055
52613032
25164867
316649571
883359710
55037484
766399320
77826361
145913995
375748316
451830337
14702922
346314966
291850403
787612423
291792912
258916744
21841528
72948160
66485134
23818581
418157967
21897334
838910227
575646270
189784655
870553267
14199378
221997646
766071374
74791999
289998339
529510263
103753989
516221574
30870308
279950586
27466319
398710726
16896485
17524927
25952031
34622881
349297814
28709890
721105106
160603850
39371919
430837817
234529681
18041677
70507914
278855421
24650495
361690304
547880432
434617453
46859971
439339763
295611036
191851006
21563159
609203554
249922558
517340566
50668898
23530168
345725724
567874376
576539598
148590058
557385415
631594803
56828715
15473958
540562252
468741166
36490075
452715318
26483183
519135380
148999312
228918333
205573261
400857091
33273895
486782604
620142261
635153594
370963009
16031964
9668422
39364992
15814663
10846412
35463045
135897307
901651
29271900
5743132
14401563
17473278
324729550
20619972
28399104
261256706
302878435
197587372
322950246
405690854
631215704
407441467
292411513
559140801
93039277
354142420
204430966
19276506
16417157
467174920
519075651
50055701
131575586
241841209
27943550
387431764
451198762
23998538
14821347
69394398
617679061
71388124
82908461
565701066
211670898
91930021
581320620
572821114
489866973
38455533
116921072
194408507
223679734
583430768
501447655
538832346
204208981
501591042
575899667
574705329
259113088
548518654
133956291
279317439
165888790
273829656
483368144
573418554
25856905
380486450
478316933
564750044
422171023
236233943
194333210
407139298
158502985
256360738
467059670
55043118
318571154
74594552
83772694
456893586
167418063
19715003
19013887
123995126
366887526
318246522
396917583
181181932
210167897
100300056
20279424
257544263
121528907
540983120
23875419
423937727
248377796
230631751
16193578
546308260
243303034
283893128
212037979
474559505
54904679
57787309
471608994
214322656
542783405
14372104
56381997
278653650
39651895
166837154
421571652
39364684
405245080
19413784
274035497
245396123
454560332
34892616
49322096
159523955
55307193
305323118
510969142
251949398
437845838
42473045
440279919
138645566
485182129
198326647
377452963
490775820
470802428
300902466
282255413
175821846
491436972
491946565
473653372
139855438
263917685
312821913
22324975
43427867
261829181
480075547
23214456
381822459
458776290
26053643
378729234
427698258
608473
18919233
7490342
16646918
11435642
711303
18460854
754556
15815424
7457322
16934205
14100972
3652891
17641457
70461418
8769212
29382965
14262772
14279055
16696633
16438898
19273104
17848135
6435542
19713521
616173
15706633
15276401
39616153
11489
16886925
18185124
21279340
16465359
1035491
8820652
1315431
17463660
13348
14389031
5768872
8596022
10202
178377718
214163919
321482430
455522952
399816341
80202190
122421674
331211495
260101961
389268857
36633238
297632194
444931394
349311142
404143896
688583
14780915
459950591
69116084
435119054
454067230
105398648
277685915
128766421
448368334
167804492
98988930
16460682
440530854
27768942
395703832
56674666
274567177
25959234
427690190
368706454
364488011
24131182
221054960
38270647
313330147
8453452
331352825
55253484
354741008
16143507
26029336
4970411
385488930
74906797
23117444
16992939
27823922
311579518
391719073
15806738
362638741
406255924
246565905
34760919
16486901
184649092
38749878
19541890
44046805
41165284
15209752
113648808
18208354
21879910
65174274
6634632
86116032
116017113
396339840
377828288
392559217
358579800
94017542
307608059
65547145
284133496
374120832
14380036
26624216
91382477
41664701
291481129
277686073
304817224
389081073
16803117
96423812
154263689
343793640
114915554
244274949
18138767
355741893
34722669
375325697
373741003
248498946
165959117
19041310
372212713
107640408
25405192
93953692
34262243
48065701
67091879
29573888
59206746
28122170
33679998
107159920
21407696
19044702
49544090
27934142
73495361
295480761
363264494
91631194
23346859
359045497
332130139
20698595
291918186
350417354
46218802
240387512
61629831
348102509
816154
252738334
349473841
276252774
248817411
19040665
287869069
351176943
17492411
28919436
351153771
61342056
14117774
14051297
15731895
100592354
27828974
15368728
52166809
128319010
345617318
15971805
15130891
156056818
265566732
344115594
31050769
114782468
293202957
195210645
340039617
127967449
157040000
22323319
191692374
20071211
43633246
336626155
216874188
18751046
237459732
73323875
11777522
25741505
309944862
325644394
86675687
157194083
280152982
146714825
192798318
195208081
121482708
284271341
72981099
292095968
244221894
250797528
322407742
12683662
78717322
212456517
216559224
41468683
23097536
128389331
314852777
245576093
19251886
61779487
267937180
98310196
306356872
19546277
19988458
200244333
312501573
304222020
244849613
35870805
268530189
27190162
74035157
135766255
201915852
19397785
82197256
26258555
250426086
294943595
243846803
219151723
25763618
138093427
305396067
215459125
241793801
284089166
110330779
194860490
181837354
291381162
295366659
292144677
234284264
20479813
25726160
25897352
133110529
286236777
289181497
183904523
282312857
285390276
20478895
2890961
188297924
283177666
129863835
66462332
40316065
14557257
196883513
187688566
240277474
63010566
16787615
24990215
181199293
260282996
13213122
16809022
30966415
266653082
229620114
33798654
221714309
3713811
3101571
586
42226885
23976717
20313093
26802954
46167489
38267932
18895794
14062869
18932756
22548451
20876350
295
6145622
27736638
42826771
22255654
44771048
1000591
5943622
3226561
49736166
6033852
5251831
10078
6036422
24901171
99882347
29649761
178828958
23605111
35184346
31663183
164832397
276072989
137575347
55000870
10671602
24780038
275729686
180913915
156708039
18967986
16220555
21665234
17389318
16214545
14231419
18071187
55318972
274711310
272189325
72752105
3745781
130220733
133067823
73299652
26445435
100619488
252380575
20033402
31019101
33974896
82294279
29015910
233365668
15050695
739293
14120151
25009837
191129571
45002679
242423311
32477676
242561730
223541149
253406537
192179950
29489360
155804749
131961636
190531461
74650784
23910457
204546314
28912513
237576104
143550898
41379246
258460335
221786833
213820440
270024282
259094141
78511925
26342309
24026321
26548594
64863282
249345513
193519589
131437531
116593456
46244144
242790172
109051906
15227791
206089399
47891603
171780151
102716123
42285551
128790295
27670918
202018046
76898971
180037492
241307540
159462573
146954804
125450805
24227758
224725595
42739944
235634444
256573865
144630527
165612561
26647273
159967760
216119479
15485441
260869005
244815831
50571027
20833944
21356902
25940261
36584322
44311084
40016759
26343275
123488815
254890897
184964515
245545259
64441784
22187454
130369163
174455574
34701524
18194219
32765534
18196326
38266269
219818971
244780752
21630482
106454967
32453930
25801229
17299063
56567252
39537486
62150962
92176917
107844108
231328335
240017861
15430849
53009420
14221588
39105280
16228398
28191425
57389437
26257166
783214
16252784
28413427
17700894
34036028
23529233
14850955
78818472
40575777
14295670
114092538
15220082
114478604
66912620
82967197
24624449
23273514
23394982
6067802
69510413
45941642
16589206
22952668
25145879
1715051
144883064
23500226
119185757
138334616
145519190
219896507
188359178
27653404
211008253
191223226
206926578
75464195
12653722
24756534
2557521
29095419
16670996
6433472
97693231
18665800
39288259
50532092
65289126
51263592
117270375
5741722
15675138
17471979
19159726
21740090
153858073
22504089
22159122
19225408
28521141
17486893
6480682
809760
86330674
71876190
50374439
15237605
12611642
18228898
16303106
24224425
27487343
17881732
18173624
15687962
9027932
14437126
8343832
1754641
17006157
19224439
16334857
8876122
24253596
14514804
813286
20416406
5658692
14997793
118128700
19115415
100396248
20776779
26642006
7871202
17853760
10810102
1435461
1183041
18948541
79797834
115485051
26538513
17071845
17242874
5380672
15380717
15066760
24585994
219904982
53971346
123702750
45896279
26352406
28960514
51239821
175399908
175266900
84258118
33680251
54580282
86176167
142468802
193158283
172069803
20554152
21776104
209317021
25875713
178044780
49540377
71943860
25769025
225129180
22311971
112952924
34845359
15256225
50004938
23778898
10926202
64826919
20609518
90420314
41422962
23883319
20221159
36686415
21784616
125460721
23142742
183359083
197574577
224800383
16013461
45168041
117839158
148869627
8736882
176812192
187789652
76786292
22292529
114035105
128114625
88576774
193159677
21600520
14914770
37788608
158766031
23691502
26149021
41444772
14499829
22708797
18999585
25093616
5402612
51241574
807095
428333
5988062
742143
1652541
91478624
14216123
624413
3108351
15110357
14800270
15568127
1046661
11348282
19426551
31122496
32135704
18479513
47650483
7401202
15519886
15361389
54791458
14260960
18177126
