189321763
3016632889
1149942961
784397947374964736
378259736
55259925
1114200323910979585
817078118
409830641
831534083700359168
322842522
303722792
1057286349139644417
15492359
2203395674
2819976351
16581861
19622050
1035079342215364609
836531154
54027030
702980380287225856
702223243642609667
1111332581486874625
1951344654
28668072
1030434552060280832
1060571770724474880
907738862
758222178080985088
1045402510293422082
44737267
731453161815322624
200980707
445745146
1913708635
912673863657562113
303298991
1031100655606353920
866559398478569473
951723141142892544
3309894064
997543896992317440
949343574772080640
362975208
497299716
990347583485829121
964060583992659969
1073241356989022210
952548863084244992
932977665228836864
910565579601440779
1070974067107397632
1575799680
1548711445
1034567244498526209
3063556413
88720453
141695825
1044977048429768709
240644677
35270579
21753847
1022480452693753857
1062999631485980672
41822696
173214793
2308222658
40556788
402672255
786111619076096000
1551012824
861504468
405670671
2890807715
298721581
14499829
424576207
9590262
1014463979404525573
747983732
980695761431269376
985771507581374465
970751367806619649
707330861054697477
3346555161
782944208965476353
104255811
347923520
4577400995
753257735047802881
578804210
830802140482433026
29669109
950824252562903040
742745748786323456
978718945145475073
126591802
169445077
2565625076
361828036
1019967199
370728345
37898172
190960735
2843882253
956159097065345026
3289778333
791182738149797888
130365207
189275261
2310010477
2160226238
29442355
950596668
2217401528
2196017375
1563349772
204828437
896037244485722113
955497181787586560
2537518341
1864543237
2533457503
303578317
456147567
954083484246642688
2411067431
50629266
878295746130452480
439779366
29533535
83545972
3247491089
89975589
2195202015
2290891831
925430643554684933
438606336
970771308358324224
796400307479658496
260627938
980509838
562048640
405050849
278072553
2682736394
787623715
1006956313
246153431
928564205543919616
527733738
867033343396900864
2209604677
902491249
515946434
19453808
872061129278836741
427597536
4880810369
946036297
865119624
959112639464071168
3092808557
2890619063
1729929350
569130639
399571554
193237254
873621701266944000
797777499249901568
389540698
880402168154664960
67446277
46922550
850070875793698821
99092207
3248802923
857539018405421056
64214063
2370519739
383684885
3031105816
2887870065
20159794
885599961903239168
2893511188
17441447
617547819
180505807
14749606
1157813940
395866680
804555482
836367984
17386885
386654472
19603790
