1110148841217687552
2173400017
942156122
2944953687
21917716
2458573423
1048153483772231681
1082359264490868736
833670940273819652
182839127
601352223
801492317085368320
4126216823
786592079468199936
1023860830012694528
964519177649344512
1297489866
2467006321
2308970509
405101510
311543423
4828013916
1388496048
1512446430
19409508
757695091
451131659
963631905878036482
938424931230060544
1101631262
1732534783
1060545835
233278341
2799862698
29837407
3051574946
19717244
2862441010
3394395353
219367211
19971161
620155677
743310343833681920
935332760
879026787833053187
961237580829286401
2786463316
385522168
2616050647
1613870376
15941455
2157819141
848277993722175490
1040083534118117377
223544707
1098415652
119888337
25171499
14499829
1435461
34743251
14647570
19658826
15862891
19402238
884340144198832128
877198023234813952
2340711870
1018176164362416128
16670461
394154071
2271638589
1126143913
17877351
378171907
321029318
20731304
168987151
15661871
529126022
897861037
71272793
226222147
1915033663
2907612386
817494728140800000
999783175466479616
36101861
1496783341
1028940829
2304319056
353780645
1711024998
9667812
836631809794306048
2482300296
85096443
227148990
16458383
150078976
1055907624
278124059
33537967
1363206528
3240222951
2688531696
821066103120084993
3107789363
4032367415
382400537
1066868172496740353
128275616
3266258420
2192592792
2537867839
1032311272736468993
2699500634
703648327322247168
1029907493789544449
177316454
103019546
114813714
51111863
378259736
3380961148
355036400
625070495
999336665746477056
62788078
986794331582365696
3303263673
1385861262
1923959160
763088358562205696
27763091
1851554534
97582853
3315693572
3321571439
1629970141
3351949930
4796553994
1007391884
1601473975
1551758084
713118326
3221393247
3031435623
3222222666
3223117567
2469950395
1314757429
3315353991
23591774
361015439
126750134
2348824832
1114704491549474817
755655889
63641720
1975567092
1117971272
895687893339000832
812068124
75657880
816089007436267524
872303750
709396629971841024
25236245
96217141
3010404323
971954447181066240
993755360510038016
4693959697
2418111247
339868145
2832105360
3312221938
1010215104028315648
56810175
1911502220
1026949507257434112
1057347826043236352
2867307381
832351004607840256
247914527
848827681
2202163974
861982730451656704
1399895204
576863227
1054836013145710592
377379475
1546041704
1112691680732274688
965695916740001793
2936346314
2864709087
3327720838
978797996228988928
1309113919
482099458
3782482996
787707104618487809
981376738918895616
883352631195951107
2895006932
921839223497482240
74287341
2478729888
636586551
79923701
479226018
1097759564894597120
185112963
1047283699086061568
97739866
16573941
15635604
35369214
178812809
180463340
101798589
100322679
4658209888
148274121
310772484
2920364152
1030023244219174912
900145192359120896
874456737889361920
1120168179161030656
958321164048191490
862037690597953537
410380828
822500695584739331
1445020782
1886226343
2538192022
210157054
755537328429563904
368551889
965373836517625857
24293236
1446875676
1065827005546012678
2905233711
591553407
1961356742
3354342724
23690214
1138400881
888851240
55156143
2467919942
2561351552
520461942
203126212
360117184
242960415
1019651005020037122
899732031210389507
703260518820159488
219437430
755057897583804416
72694909
134206307
430645155
9377892
292141642
982766419799457792
957053936908648448
3010471088
1428265766
824465689306079232
465046121
771152516
251918778
820705814906339328
786047748508221440
1096058449
742769911
791474119594352644
111093392
2828796622
1628067084
4060929377
2808133426
3226323457
899092129540132864
582321188
443303008
2283927883
1315585327
1325333492
2283979046
292984054
701583865
1047813205987381248
750022168675688449
3300847132
2745226392
3436926827
813028210598350849
7587032
789633062141255680
612473
23094875
14677919
785291299737919489
16935292
335978747
845893680
553863468
16041234
1934787661
14513611
19088288
20891103
980611
21705181
20109343
15368940
21717987
112475924
1480783994
575905433
16867101
35586563
2673648210
771442401252704256
1870227042
869982661
837000891001683976
2724510362
2743268854
892388250928594944
1056620604
3529303702
712479197474775040
2835276183
1045065798916534272
753266640
1625833124
299178919
352417431
2884254856
63113465
356566540
3167151993
308526298
143761668
12609292
188475330
211701241
1902799584
957364351081631754
870687979655712769
2718328489
23105773
216065430
31013444
29417304
435331179
755113
783792992
138203134
834081571493785600
820354372827758592
23561980
7259302
342863309
43963249
17494010
92186819
247334603
125481462
624056226
80096621
574168493
23976386
31239408
268439864
2327680081
219186693
275704766
310859177
218922500
542993956
44953111
46503181
1733459113
31353077
113420831
632592632
722825145866301440
15764644
1002230968726540288
1042108010749984768
1268333353
998542527253893121
956454271
983889739597144066
982761174965112835
743978036165414912
294966279
917336936
35936474
21681809
28669612
16190898
101928415
54938044
15518172
1629244514
855918131495219204
502433825
755541853995401216
2209565730
4851844980
965595506259918849
1000173483010080768
3314159153
880606597227085824
16491676
297612957
69247669
3609607276
73385250
865946951988035584
3448345161
23315262
2229857670
255644127
778820143
2541981212
2325126489
800584524379762688
1301903406
45695936
447416567
36161044
958099128096993280
438665212
978760888487481344
1001562558887809032
503776268
1552581901
366280467
3813518661
1412136462
2498784942
2464872344
903566106442571776
702399171005980674
384914539
92557448
20999272
738000349194276865
26778595
1132291921
1864502875
930405801176522753
1032681063687102464
2460007874
3882521414
250545054
541400955
712006890775941121
61005910
868144050
201408052
1900883024
260416718
858017356337086464
237415829
2239703546
3387264753
948540075184279552
228794007
718495181914316801
65537597
281217033
2847028078
30447805
20029472
750751206427860992
18173624
65289126
2818322000
976900581687283712
16374678
47790669
10252962
21091954
39532767
2379219529
15751988
91701244
44196397
39364684
711991416625324032
170554164
398455991
63168167
2802127411
834596780666941440
558797310
19701628
384586373
38020398
22981265
735252529890529280
1400741599
771190609113559041
2887423941
553926031
18029055
988140422194065410
888130007029104641
437767013
3962153832
760963186921185280
896690275
831295790190620673
1003699453788868609
26270913
920021913908387840
904213115138564099
698200169574039554
904580281
778933753150251008
822761190959017984
860249422403428352
2871091020
1596471534
2152082581
248482567
15463671
25375836
17006036
74669397
72198806
17011177
30354991
402957663
476256944
22162854
29501253
800942537083068416
21059255
16513335
810590628727914496
828706394073395201
16245840
798729566126829568
20926233
800704496246484992
20744708
804015436979277824
851211
2504452635
394724132
816869611480186880
155784594
1383272101
2922928743
174110843
130496027
56355790
781099879443595264
2442781782
2310923058
3161217664
795208760
1965512526
2838588126
1708744208
311847586
2792380225
266063489
3190738517
3955654937
716657520
1193935657
2975255189
3921830368
847457157448519681
266324942
728914011530596352
14544096
702110351039602688
2848813967
3342056173
182112881
90416361
37116144
3291491969
2384356729
869101988
3293016423
249017604
37016034
769227105594998784
2901795284
1195067995
555306992
171337448
790710354330341381
927621005153067009
1107906422
2289843159
1017717127
4865175701
2532885883
22179997
155620016
47693465
2480714952
764870963498319872
968655399904714752
191443858
29603142
771077307066875904
822087796773023745
66182591
920448752552501254
877997086394003462
997176141675933696
576935598
2557689091
1376826272
300296783
1426491774
942423152348540928
1898418108
3740436861
2848911323
55633848
3835162827
131004079
2791937658
772126939
750892662224453632
769390770
4800319392
20417273
1325780257
2748559290
52858561
59240920
2206196723
18813264
996466117748015104
66369181
14091091
2835886194
19279990
252768317
821494117377019904
2433954854
169686021
2853709251
2850382402
1658084096
95627808
2903903383
27042513
59949396
14377605
887344943710306304
155823836
808260312
467843933
487736815
278802252
275349340
793442243734544384
29287436
48498268
163550916
17559706
270063967
446829173
135652056
762395028
18506744
55640472
12804312
1021257073
965231053119148032
964032914626359296
964481775606140928
4438269614
743606565144432640
898251325460410369
965266179836252161
849339150000152580
787373558
196977246
1637574866
36686040
152801977
15143478
961381327793565696
34036028
3277901040
4717280246
807735240
3141674823
3292235202
1373483209
23630764
138645123
223166587
586892658
44039298
785317076328189952
4758944300
28221296
773920970398691328
431765325
2678072634
19879313
2893511188
3235354086
2883841
8510242
29221344
71019945
17463923
38146999
20582958
14634720
45577446
16550480
21526685
143664456
50600062
90098789
89545649
719525040849567749
2802467473
275215221
30614676
1715051
31676365
14681605
92717138
3165817215
20106852
304679484
532633666
2832042826
2790849467
913147978596126723
891137023137824768
444007700
21248379
115705583
21249970
29845916
823860
606625312
974991379
308751479
919373695
706942214790746112
2347831572
2598620564
2361331862
3260325247
14957366
580299709
16467958
21263769
42521341
16821120
14233497
11861062
18638681
10913092
18103385
344350643
1354890464
292000435
1736490572
836285344056238080
1583154979
347999567
31614025
3306992402
3238272614
3269258197
22222761
3312043321
18082945
752621952322318337
1167297902
1640929196
580312540
3318956939
112803001
4490534239
510967485
1338065582
28679890
226700918
1546412148
14995355
564718909
66757780
590146882
871794356113600512
862314906544218114
17911340
700737888925851648
2904630494
10328012
237499252
222096961
1202140285
1191176208
267618565
201935969
338795167
1242556435
632992040
85124669
92492153
27195114
116362700
34507480
20322929
268414482
3004231
18222378
100220864
34096466
519072324
41488283
322826793
28629449
568825492
16332223
43024351
3096295335
4789533014
2980379913
811153498721001473
12133382
29093157
20342875
271645211
19767193
16016427
538342587
1105012994
873758137823645697
3369234799
411182266
884467344000593920
14869615
3018968748
309743396
23377640
531140790
1682981203
1947870133
2724128756
272054444
3198089018
45947143
16281007
2838113927
701780382044332032
3303257224
2588402545
21403141
27179932
792610233277227008
2895209718
764556324860342272
841623267022635008
1286660198
45090120
3282859598
9624742
76348185
1041346340
36771809
3333120395
484415967
3303221991
827677049636651010
140984008
87780277
418090594
207614835
1132223004
3157220609
11113
830154425452920834
133880286
1081085840
2855864495
45865023
15808765
939091
36711022
270830185
29133079
189963921
18653078
1246504897
20630639
1130102132
26020351
287874817
277595625
28644174
19058681
57084769
52551600
50374439
500042487
14824849
142157505
26053643
1228516999
18948541
30364057
338727056
336116660
502281810
404137465
12673522
1927458624
1484077214
2838334028
514930667
3258053321
833711315000627200
33135572
37587253
397988514
265507777
155999175
45026530
54060157
2366193422
628765360
2154461958
88425861
3425143394
2313699698
42338524
701667727
701635518
570218986
701625379
391037985
701615052
250831586
393852070
241382835
824467746436120576
824494641890394114
824294442097967104
311002833
2361516942
30540379
788727472506408960
2561407350
844014873495441410
1144882621
1437851424
433631641
467219033
155014599
17396170
1595946541
1616055012
3071478718
4857866173
1253405990
33972693
3171008707
3133647120
280354655
28367086
42261601
62136886
315986527
34637128
23941676
785839645
1695053444
3668038033
278727807
51268581
408938149
41312214
402352715
2160207876
2332593393
198379762
77827927
120092996
579353270
1926513182
38918345
44965853
564683915
424537679
779319488336441345
3706759098
802299026242736128
2664667260
937267308
3459051
3554721
13201312
3223426134
3186124933
15224867
14529929
93069110
61734492
215207998
731132367058968576
1947301
15458694
1917731
9300262
13850422
2836421
44134773
1286312880
49698134
373564351
2573480784
635608354
19346439
3253981518
734545045261570048
784543293774426112
100200218
1333219885
24206645
794227200811667456
4775698068
3942353172
780948124873269249
819659689122140160
264224131
18489897
392328306
17884677
715066190083665920
1703282845
4250394494
1296135012
109664499
3199087263
2856030754
3005116410
2480706308
1921721048
236930610
1349849700
2428776326
2398276105
106711101
3074649424
15426668
18554720
206028618
16795628
3001811212
4222298591
749240912102830080
744791299090329601
743139914401914880
4397791643
127700439
707452046019072001
3232824656
102514608
2174828818
111836525
353280849
175098387
336445332
803285132547424256
1472447022
62513246
822517901294845953
824123782520537088
824248798948052992
824119137031094273
824422730162405376
824270573203292160
824439371902316544
824320219866923018
824450140131975168
824473943931293697
3063032281
2715115656
47786101
580097412
47285504
4430439437
743804456479916032
3033330877
272802770
2821274614
97219875
19426551
26257166
2557521
10228272
783214
20536157
972651
816653
6017542
2097571
5392522
1344951
14511951
14075928
217281621
14887893
2254399340
320316891
16019697
14774158
41346792
803694179079458816
32639230
740597986846203904
40255499
46452468
31927467
23375688
85603854
409486555
27260086
69588213
54358730
44223051
29581140
2811748908
628698139
3008834569
754747225213849600
803697434094436352
453892183
89820928
50325797
48802204
205864193
182503471
158426909
4207961
1394399438
2303751216
18622869
16017475
1692022110
4850024344
740864424370638848
273007003
49710151
1905756164
1131788148
1491297115
215762256
138989602
27598439
23668385
453264794
144040644
259365088
1250345472
334783907
65128318
55968191
33892790
2351890220
50371921
44409004
3139512330
33427374
758723320086945792
2352136561
4874630099
2620694115
740029682494492674
827557273568473089
224369929
16343974
16973333
87818409
4898091
18949452
34713362
91478624
5988062
3108351
14293310
51241574
2467791
742143
5402612
1652541
1367531
28785486
15012486
14173315
15754281
3574992439
798372817
32324493
559136746
182568413
1477699849
778550398093135872
378578016
223231071
104969057
115485051
602317143
90420314
237845487
18396070
15227791
7861312
2356627616
2333664102
4854254098
754346944630317056
19725644
180560224
139162440
71273952
21624951
6480652
17732153
18548221
22090361
20035593
20322986
26535267
28406270
60520655
23613479
236699098
157140968
23617610
32959253
25365536
19397785
15846407
26565946
79293791
17919972
21447363
14230524
18681139
759251
579327281
850095740
1550676954
14592723
36177323
785780437863890945
24236494
3387373071
814604556231393280
3367898615
1080951222
3145573607
725431681985994752
31213162
17962204
46335511
2317351705
3420477195
271725689
11757522
253712142
14652182
22665816
267856525
31583882
29770501
19608297
13493302
65698096
13393052
10716292
16017753
620250601
108247668
101831103
107324539
2964864604
28593358
2521641632
748637163357499392
824264707641057281
824139632354988033
824326864407822336
824315778866417664
824137712286441472
824190260338954240
824116562768621568
3240143771
824332206952714240
732515283902943232
331159390
817978527760793600
808768734357811208
816254476285685761
17793194
391673196
70784139
18028922
788002217731043328
804845955765960704
823001828363116548
4685953284
113684710
259892619
16451587
110918426
139528270
15294598
53151247
304392714
18583722
502135911
809495281318277120
799702710098370560
348599973
780104972
574023889
278472948
729040921489182720
14342564
116559622
732634682832134144
73238146
818910970567344128
325830217
29442313
172858784
357606935
970207298
23027237
947986136
859063940
576936107
325385973
1559700620
15687962
15693493
394216985
23827692
2230485595
3916434492
392987060
69231187
14159148
33933259
17899109
68999404
75069067
757303975
1330457336
1093090866
818876014390603776
1536791610
822215679726100480
216776631
1339835893
18816614
23231179
102231484
1523437020
783564752
2962136956
227102437
84157175
322018463
19578796
256573865
88749392
27711685
14996376
166739404
31080039
55117855
8892822
586671909
1228389222
15521075
342560704
23545799
2255580679
3355657804
17048177
17454419
14444256
1468157731
2798873679
223847023
2189443388
3038582293
14519030
3095283735
493376882
195874373
15153542
2836625812
3762561916
4645454421
23481654
266146406
3004283021
430313116
1601413508
25460615
4345066695
15175368
480930665
17844280
23544596
514526669
950409998
2346578499
23314049
46730629
30008146
44666348
45055696
43403778
589443702
305753801
2372194897
172408544
19777398
5796972
618496409
18049298
20793816
14740219
443215941
117662694
25521487
17471979
1396414512
316389142
16303106
158414847
11348282
50393960
16129920
813286
358116851
424303769
41465164
30313925
822215673812119553
14857382
110263320
96389165
174972753
1510918164
44381332
81480697
112481670
65184105
381688396
1183041
1418745782
15666380
308613286
343573021
2534270553
304844046
1690460022
1691810982
2864172328
296286778
14506253
54615652
14641534
33587536
21921364
100367386
246481013
15947602
18171994
18539210
25110374
54069039
32508984
21272824
66286453
14468426
21982720
30390842
41404738
15998131
21623531
30726235
24245649
14750983
17217414
22970670
53130511
20066995
30056489
14263586
54850568
35449630
22547778
17596622
15939889
26557157
22013822
11347122
18997445
19697415
70768487
26657119
21209409
19991117
15485441
16409683
19637934
1468401
17220934
807095
5741722
6149912
14099695
16727535
12687952
428333
780457
21131816
5747502
