486530534
90258002
82533074
2478954626
1630709755
708893493079310336
1020491412079603712
35315865
1079513789576278016
156333623
908226487928594432
3146017371
30870576
176371696
11383092
1715370056
30354991
197662233
226222147
2228878592
15808765
19682187
342863309
357606935
14879591
13784592
787628592616407044
3215281629
2820250640
1414186285
378259736
2438399684
26003792
1136255249826476033
2318213621
370290486
1064206014
42602780
1025045701649223680
3001718353
902266039005798401
881882604177412096
14914631
5392522
15524229
931668104
16454206
587714412
573184119
239248029
29279717
36475956
473445478
16998179
1011892991487856641
38191352
90488742
1026992398885367809
866828224906612736
192947735
717359259864997888
950453013612843008
53769577
370800514
14784550
824740600478126081
28596803
602314892
156605615
153067265
989337470260207616
611597719
21245351
44903491
42994048
78196808
972511715945533441
1593354438
423890530
31928507
229085852
1896095874
488374618
1588486417
216065430
15764644
23390685
75922109
391934111
12221852
803694179079458816
1086030270338342912
814824506
49636886
1084173670556196865
394879847
277830302
500392657
60865132
1416646166
899195057957416960
829881163472916481
1069907880441192448
2460034164
80135530
262424781
17169320
408544193
1735608703
317965625
23561980
498753368
810173876466515968
1030095969742938113
560889354
625112544
752967707277029376
1421929814
2521364365
227117166
1105277533
113959202
2699046883
1036925935017254917
21116962
20363159
108899342
191180388
271129313
926925155728752641
138203134
2818770726
625722067
2886972634
499273646
55066571
777564859344969728
10328012
85100906
3676932858
1575414624
66532055
2775030389
1699039021
374636494
1012351320953708545
2577666613
2806640767
718696187633610753
4107087193
2518922958
352650591
316389142
412502936
2252528918
558509149
2859518327
82242654
245493776
444927395
3335564147
15467753
316832974
3149875827
844300166215745537
24514075
3161559676
268334292
701278017801195520
2476019628
1031571422278287361
993555096150700032
881650677797330944
840728997461913600
1010914442761076736
865622395
1597067594
24539444
320376718
278110774
423671718
2176278920
88845873
610843667
170162075
3813580887
778902430985641984
847502245134389248
3837815958
1037695123
602181171
2777274744
835769065444552706
1361913858
2647293930
778177103942545409
815169124322201600
16441619
132619519
6816962
2446534256
45579282
2364583939
267305045
23375688
756272184386084864
1320475297
42882279
32309662
3651047297
22478416
396611207
900521479447695360
2317351705
1292209657
2801555848
113479493
2401901803
272191896
60402615
24603893
186947827
748838449516511232
2763178020
221188739
2191002960
726420629319213057
841537412
469960224
246459126
60817380
16075585
740935048283758592
884717285780451332
636586551
772131308
2290024064
634955425
501293202
12
442866144
4099171
302769804
49174156
1247375072
726758167
61939960
1102331420
728958897529196549
831641023281561604
987096784177639424
713648564
366598666
3824028441
916087333291810816
460927732
894883354025349120
818129577990033409
870580617829916672
196458749
16727535
1915033663
174076626
161838894
788692108190294017
2386204954
712002538745106432
2359395932
14146473
304587603
33773592
119836577
353029369
3211499315
937050321951580160
20339829
20015311
476943325
965266179836252161
2900110647
592761140
466626618
366366835
301155906
544469035
2192592792
2584251577
823518894182846464
798018708446658560
2772149848
258069365
861731641118662656
83330531
2758499704
3009026375
815537202
382763253
505776423
1087442293
15405306
4052598077
118863246
32245365
302666251
996020192
990009265
2854435208
6032042
38466098
3531737352
786253774805278720
711260983
60919240
26637348
901023593504673793
15146163
546249902
43144173
33872775
3406754831
466429861
3148625648
811988927040978944
705392995298717697
3344075643
1279002836
484796656
36686415
26801818
2511091573
317522823
191232431
153808620
843213931
96578083
2149991511
139156709
18463930
4028846059
3120870947
761567284750147584
907288402868895745
27823036
253340075
433112513
822197472994979841
23151437
25021769
222618390
15081340
53281785
359188534
716803719979933696
864376798129377280
211331885
2647306743
1978859582
106446275
61417559
4012136117
28406270
230025585
20122661
4896023595
2711458135
155673750
788660598187884544
1372497216
104299103
1927804574
6480682
1130356441
19636948
40948604
28785486
759251
27260086
2185285639
597180455
2308544844
818876014390603776
54930650
409486555
813286
822215679726100480
827299595604463616
807095
4200716788
206004713
25086369
22421578
361753080
183230183
832682391323832322
56133110
478910055
811889647848656896
1900422313
2401716482
24001758
2595260136
18506226
910094054
1004731015
857955524
1448304912
71293921
2776209289
715573452535496704
707433649
740434891016392705
737286416372207616
86626845
241787677
722038699844734976
2222188166
551112681
131942721
52584039
3199079085
971704646
3300787924
1524781
1677056665
136441843
249308339
790901946777559040
3099613624
585817510
14283508
836548849
3301753713
132660956
3042719249
2351827339
308407719
2310797532
1689062472
2645647650
2272286599
181561712
240321837
368750485
2257558088
932805374
423433891
3081982205
771273787618762752
33856936
776481824
3898598357
3244724835
174847568
3070386906
221822554
2583592880
2789457827
2181735726
2760015084
220325857
408055724
515884422
531697681
473897988
21013798
17387342
872983796
1731561564
398323499
807365647
1046598080
45668062
48294321
473493882
454237315
214653213
38146999
43210328
2262407222
22162854
46493607
39596022
2252370040
42977712
3010731441
138166008
735825375121526785
787588659239346176
1913890034
2495060575
16941796
448220125
107225267
16266037
620868413
3754134982
1895019607
2355476886
474853213
133040246
1397000534
3022856493
15738974
308151547
1545031921
22171156
4820804277
277997152
778084207
69277202
371379500
2729087478
316881789
3248756156
512446262
257436924
21324258
35796621
4846360264
735813566691954688
156376767
316658561
173514316
748207924686708736
163165628
279614869
728299781991337984
1290000733
3699591385
423441661
594816093
3232811052
2687831276
933563761
618424641
188783061
14199849
612473
788524
87818409
742143
2467791
5988062
3108351
438897828
713160090
6208002
2480581850
111216929
37338814
495346704
2424151074
2425619292
747807250819981312
1863811460
1620604579
202328756
86837398
82511170
85605334
24236494
198738534
2176166298
19658826
102768569
2675315808
19515424
2352784309
63121936
1511938453
1507617380
719445913903710208
3260322790
160952087
27768247
1151865259
130927428
602680982
1020247382
25073877
2904172474
20174643
14133970
1855328768
265179248
2879642556
3253256552
31414290
1569057342
3222466069
2465280446
20769532
2259718631
107070851
215952307
29442313
1376604715
316327930
15858751
2370031078
151257881
3293948950
7162582
301568723
4845263614
198194549
635283
326453785
3326367889
1873782870
17905977
16817883
12133382
301643275
2207554376
173566177
14645160
293454662
28007091
3297535251
1120186334
529561107
26247698
17852602
100606370
24583403
143266238
351566257
133469917
1630849633
495517322
369758524
96102210
837693559
1364330197
718776816
3187048295
10013722
525785424
1464676063
155999175
30177232
2660523104
40182400
2485170618
1709492467
37780719
16895274
461691604
3344607792
104475938
2174978828
2372563572
32372834
15454856
487833518
17089636
1615876674
100030266
928184822
1074708625
522235184
3417655097
440377953
14174897
2900146091
3483151155
38260681
2557335380
401643632
103943552
212382437
28537098
3180501588
3193724203
15038742
87657092
87657446
87706747
87656389
109379148
52889950
3235635142
18049298
2693270983
524920756
6705042
17939037
22419487
17233800
124332711
1519492520
3186479613
3034992353
3349062827
3192573188
11348282
3072533817
10228272
1436250157
18100201
1656774264
3041703343
3300602777
405124299
29171457
416963802
2916285099
2946356437
22021978
374160495
143903442
22302457
760804669
59257007
180858875
19020928
947960947
592912724
466600034
823905
1345024105
2656601671
2992496277
9033762
16996837
807415160
23662155
108006044
75633116
1289104908
50393960
720740521
701534212
49519258
213282389
1891806212
156622641
54999357
174762283
1193378816
21113105
41860032
724141423
19984919
634109297
395355737
15754281
1449195001
1145901115
47454264
81219921
1145448391
82119128
16137054
228150912
20990898
89053307
19078387
1690802738
26268870
19768204
396730472
39357410
1109591706
18822263
713021360
1705292234
335939030
637087464
127839157
556151596
1938777157
266076017
42101874
16960279
27585991
2188800116
114796408
40080940
19911204
104786280
594666501
2202129271
505708327
2161574304
1536637417
14191265
1258367311
165572420
165879323
19767193
538508885
1612560042
90309257
340613443
107145088
511402689
137115737
233342030
385611620
19725644
1615445970
270451177
1435461
15862891
44116506
38717507
43540843
581882836
285698560
120029735
921484837
35304791
33055690
290582982
28355781
370879693
29593971
36330030
127537612
534413947
38981543
35303344
26861998
14630696
37710752
1666801356
152722527
1367531
8005492
53435986
16356796
14738561
756475
33396367
31415130
21079277
18937428
22059767
127305588
14700258
27028248
29342640
138737516
104443729
34396201
1322944290
71881399
27596259
121237095
14075928
221808649
14761795
528095623
25157561
20891396
997629601
15959709
962997733
12819112
8963722
19837528
352673744
276224538
28567809
319118333
172317565
155916643
15962096
136841649
22075295
80255892
58742042
84122625
993264547
525413893
18414364
311657687
236985991
483045795
50216928
432538896
16486812
581012668
16319097
502383869
449748111
18950712
17394240
28657463
16369335
136514464
35598529
320706405
227312507
27726303
19512493
257437336
390381662
14085070
415601652
289485255
26689687
24862758
540281606
509273285
140078461
195361298
20038221
19350455
44077683
38752569
1715051
14762341
491603359
17567533
229219088
259925559
15912113
15143478
9207632
158489102
1344951
39769510
14293310
14437914
23965121
243284052
32729442
14901848
79797834
546938582
428333
305135655
562368770
225608212
87291990
7230722
24599923
469508411
35618126
185314895
66561957
31239408
15439395
1434251
14800270
17471979
8350382
380903325
85772748
29840295
85353927
39721543
20214495
5402612
31443503
19869102
162686169
621573
28694307
89043072
14089595
51837775
21626287
76637096
14096666
15125585
17997789
134429434
16264965
20542737
19207266
118975084
14267595
86065887
53025463
22946999
19550533
22130393
50374439
71876190
62591681
20221159
15224867
22461427
17909306
25899872
210226021
14677919
184910040
209994211
