48491083
378259736
3016632889
1078151964469481472
44436908
23999371
1344951
25170188
106837463
16492009
15846407
17995622
17793431
19784831
34097876
236548159
181647126
180505807
23544596
87016821
17002185
2347049341
353701419
16303203
1426645165
253853902
21769127
23333010
14511951
120153772
1775731
29246547
15566901
19636959
31239408
946372675
726976746
25581439
1198406491
1596639318
482591078
4674087373
357750891
36042554
2949131574
18806753
19247844
14985126
1062061675396837376
970207298
6974622
37710752
138203134
39523386
2289938047
909944364838789120
3389143301
2349042853
154435010
38203776
780104972
2842828954
591920938
23482952
19546942
50292966
4898510243
93022310
292250240
3034892963
54203238
39520275
3201380495
141598384
2900689691
752631556670386177
926180373712723968
30221842
148810980
19923638
45564482
901816744007917569
273898680
20973817
1095764374759698432
2735591
745712218637926400
2831619731
915238630058266624
409486555
10156532
14868699
236296947
790539539005648896
756295827316846592
445634433
18592579
133475125
68891131
3126516147
563957624
773142480082665472
4294040114
2484799916
1057647670024638466
1003731670275510272
48416851
1276356900
790733015957798912
2405011844
4876659982
285681923
32496789
1058520120
781982295863484456
4730910856
167969897
26589987
16565696
1075420489
721507184094240768
56490073
862419464289001472
1244655662
4083468854
867876189909639169
3291202537
925521592951586816
400268695
22283370
38489613
244652534
1176743989
131166049
31520228
256301157
258004768
424102241
532689016
1539537396
2324181656
61618315
963480595
7141302
242475100
1325186096
700742027638493185
91135990
795683767213912064
28706024
18682756
1396037845
2320414296
631532178
784534686022393861
331144825
128565636
879452582875353088
807006275884220421
43683175
3327608539
3751170441
22162854
942292200
153558139
51111683
15442150
267281491
336225702
24827982
55256287
18293526
703043802504691712
15119556
408114121
98199951
854172139485900800
25349697
854666561155723264
1909285657
2370921800
890267965
65409755
714892836
104210887
22560533
3194397318
21668101
17882992
786992066169409537
100124807
1597183752
836531154
22836244
3124869999
2327571810
4912528542
217684514
101253269
21766870
37895093
3315511728
1347994603
27953
515946434
8055482
36136974
14537303
125924061
3320401
56004404
25728193
33550291
269320843
403162985
41906909
1962318438
71691476
55147101
1963502413
137374647
103039345
61118465
14212360
195409453
2284346656
704992250
511272593
2937463316
52392758
80399136
468086323
429091729
300921787
29640656
105177172
3110952765
770105749481590784
2526908348
209754358
47865477
283560988
2469367922
781274918185033728
1730548807
781577518746828801
3439218106
175340205
30633781
262786886
1553310020
1650350804
16877448
128755259
99040953
27995913
2318985702
284287181
457323303
1358308736
2571835788
2834774182
387304587
2341922274
22959618
64110984
188637445
739947126
106220389
2317876645
754914562927828992
168473211
1514857122
2499388261
278717665
2492589402
384604410
178815147
130535553
100376432
613915229
97246193
312938140
362673000
520577395
95579023
718336627
168893362
397469574
25768863
552747499
18088824
1379325138
386335744
404819771
792125268
6188152
84418338
56871717
571362557
500993988
726672061
595412839
1117578570
513975534
437346656
910909718
985581338
35575942
2169099235
426041627
35886518
392826315
2387846486
92359509
33116659
2474301236
970415876
626767677
377812620
80651103
373037685
489084491
58829531
84229369
20534493
2423925875
52510101
2546219584
55259925
718888154
122436018
392350277
4639431492
92619072
54289147
27898122
75207722
4358476632
995177305
118389461
167072131
2705759674
4709798526
1250210719
4730188221
2712814818
4210888653
114810754
4784712872
16691245
756927849370492928
94687040
902491249
256203071
405050849
17620527
30744756
27736758
252614250
300228259
205542402
29856791
625053069
205821548
31497014
634848556
3420936333
302172692
1231196365
2761419799
532573662
399201103
756286190379151361
760122287890857984
778629653313429504
779007835933908992
3692160555
432131334
244677079
22782577
409434919
104576097
2755457558
16426177
19453808
439779366
130365207
821941410
3195806999
2241816505
29442355
31407388
15255546
117486804
813286
1613223313
39364684
2613774924
92068299
316722744
25087685
6450322
360985915
2352367795
224244250
108638625
17154954
44957814
18935711
24028386
70837868
86697288
2403284288
384745292
4795271600
3027814537
1726618986
18131988
3777562223
218620085
26053643
32062804
26077026
2798555951
11856422
1117912124
13787352
272549702
2259475837
2993582676
3341119813
14592723
27922157
146569971
118286624
34923877
35275287
32431468
35743346
34375555
26642006
237753698
78603268
946276392
22997834
16716129
1175492222
789536568
145600904
2550608658
227314127
94919897
112600924
1268578477
399780435
1845150314
205962247
410252256
18752652
1463691018
550108339
311454817
17974012
16310534
26798553
152004262
29228904
15134782
23615586
2281307263
2385899280
2347868848
202367186
112317404
2228356028
108421735
19308735
162664467
384836050
25760048
358507441
133750826
21923909
548800205
20508645
292893800
1727819917
412691185
10814422
111754887
22209822
38118014
54105556
61815583
37982264
1560895854
63524788
545254148
23451657
900383006
2187641492
114484238
24224542
17251657
151067114
25281063
186397303
64250735
586708111
257398673
267510129
67215899
1314100418
26115117
20420945
14517899
31196465
17641055
100846973
17625560
27993589
260971119
257664900
14571534
34002780
19397785
82142715
39613736
14499829
158542224
116983434
90748401
16730355
18710600
36639482
15394037
35528536
21278966
12414552
44162011
15174710
20955168
14438417
23472996
16022682
108421266
20678895
20481131
48219895
16571541
16703461
36950455
17026041
128961883
14206711
38696332
21090522
18775850
36782022
18967578
116081364
8746882
234200119
172482948
17311563
8539242
15485304
603661603
396643418
1316529264
1067270640
50074068
1090150400
32258290
16860787
18708066
18997715
16581734
17086831
18784113
29730065
760817382
23361275
147696582
40786192
167912446
80669684
54548089
76068280
156707233
22150308
22990521
109617055
15842160
1613732948
710671412
19026854
48706233
20517526
272723963
1687583041
82904159
887176663
