47228247
780152329949614080
1156286648122056704
707151094
910549878740279298
1460947177
23782932
2386074031
1146100788650921984
1154077801441636352
805792597885206528
103295057
1043223141777125376
1867803366
758113770
2308995876
2584414633
23478955
50651221
70736359
1729866499
713419954767405057
2788259801
799321644703645696
617187200
14243008
174847568
378259736
2553075912
904842971618566146
788884679197880320
1110074768215236609
953411137382567936
2997913712
1118868900484198400
1072611446255570944
3904675042
952934082098450433
1438162062
919694963662716930
19496888
121752548
2732847444
349978216
2187344461
491468477
251056368
167531427
24621829
14315537
1377268357
2195129287
452733956
1017775752153100290
1022109425228828673
1127580769956827137
17836053
4172702662
4771841175
2280353497
903319008321179652
898190294335840258
893645824298766337
155385137
4805461477
776046474165706788
1106594285942644738
789292674
1022089486849765376
3030022479
705807268835672064
1051667060751773697
381825461
971969539784110080
971224789280088064
17372928
71150725
715986643061248001
771371893710426112
3179908702
791994575091068928
1024010140167618561
725027503753023488
67362232
4835232609
3097671358
1060940813209866241
365438535
249759177
288915923
473355030
621353919
2886077429
371938231
1017779520873607171
766331676167462912
1578251917
4322916635
1627514622
1399077787
4838506977
74287341
1050809121275039746
3229496611
871873527347064832
327079753
1008811677545005064
99592283
236549818
3431374869
1055550780730695681
1050227943656574976
2409997292
874292555411795968
2923130370
924406238124769280
1545857694
2790211261
821940546449108992
4436981717
299798272
925061739548413952
883919305280110592
506166729
3226505335
988920586750619649
1285721196
786335845271810048
1392151658
920419380374265856
737954995648094208
1022042626562908160
1020854796868177920
256615633
4852816143
852076586
2794285106
71648733
3315851812
4874293917
20125458
740277480532127744
388335677
765973005382090753
2884862075
1016474996367978497
315795783
42936497
763376872562499585
947529961639940096
3946114767
561997266
2681166800
746107609741131780
4876812832
2735267005
761257471952379904
72575785
900623055113773056
322554291
57365114
989111225626910721
2963238181
734744564465033218
982468044751495168
44457688
982841639168180226
1704035064
1915033663
3764717013
257617636
836911639693836288
2280868969
3347550119
3008839924
959857937618366464
977700035554050048
334969657
15982558
976554275093479435
498428017
2656977350
56791988
899728702388547585
3142872240
2381087190
183218923
1901332344
309056651
3295866697
968810868438896640
1478107597
965357288553926656
518115686
395569850
189253902
1451773004
1949689806
3653223443
1513800884
733801205026033664
887013907260473344
1659037038
927893211959513089
877138431473745920
789203479348678656
811913062752129024
815930909576798208
231216809
279663381
2882277423
989346918
116024178
948152575303606272
788727472506408960
15910501
842550390818201600
3291717316
2844389758
2868173895
11553392
182839127
2888961606
705798450860986370
39039499
113985546
308119119
522848757
928389921454166017
3223426134
905201022800453633
926463219442569216
832324750672351232
838429556075716608
1360378478
4230839662
794484039969280000
2705490432
1219915111
913592544440791041
87757675
720029009245908993
399013123
885882167557009408
912848821595521025
908727572413898758
761744581
728598262807138305
549333976
776493403492196352
910631638979284997
1469552689
3120461741
2375707658
304679484
1494206268
16017475
1620556356
897622997082583040
900429444057268227
230704787
813286
757549827211354112
20832352
886136923726778368
1529307889
868430459759407104
367577957
847812061
868133366243229702
2335369820
838887334410092546
861767210385256452
773519254708752385
2615335021
3334533555
254570191
806637560432758784
862300715322023937
884142454580142082
3361414040
2591695369
389492870
71391981
843860153933971457
838806427468763140
365217725
2610628633
764235887777423360
98268439
31390084
744046387365560320
37350044
3346057720
612196433
842114632735174659
776306991660724224
2912895059
99538658
345123454
832532425
791369701897166848
1380279390
520688944
520705899
2401808527
842477458452439044
325035671
65431632
837659526924947456
3015894098
795252784727781376
740529408
33773592
4417323807
3537346763
2603020435
16526606
277954760
897861037
814824506
2157949932
719536788323377153
832717178
252983095
13393052
2535389053
2670099200
4265009482
824027211158130692
628590046
747751022454575104
1668640254
4194013692
85694915
289853473
2178344408
289859486
230508595
404579162
815921804267155457
3323579352
1955504874
776789099546116098
176575058
5631612
107481952
2766685192
2836887803
370879693
3131597297
1242788624
2284351501
1500585769
760498324952743936
2294625258
734866857103110144
1340619120
767318226070011904
2333682625
3081773310
770702067233161217
781207033227849728
1336016779
4843164676
2853785482
768106552997863425
620761847
1622569182
776730457958408192
776124792466538496
773188055389855744
2400997896
142136399
374624290
1875527335
2150041849
42651794
212310318
582682214
444945609
625924840
2830054593
19169604
756127265231175680
28840059
757625628745199618
927915684
755566541727342592
2436355248
2420858653
1726730198
3293021824
1269271525
728645383430230016
2993673090
3910218255
104368760
738366479142424576
2327417043
3324037438
1869057972
496588321
746758072333283330
1378590138
2873845720
431933297
26287962
25189194
744214513
1665468865
735908471841914880
241747976
1912054296
18770597
65905779
3125154047
49539454
4777767515
586284452
707581563203145728
1473666374
16027546
3873113652
3361401359
3281186311
722503832387719168
1962762229
155669457
131286391
722420010874978304
52730969
2811455581
720778811697184771
3996850865
34743251
47211631
716991722543267840
3687583396
3029204662
40457895
2864367904
2891442018
25983346
715573452535496704
2750121667
405543136
2724168151
582072947
14103189
814589791
2996005473
1158770582
15580686
3158695989
3376304224
18950681
105132431
2873761419
2833952793
359207891
33972693
2658107287
60935380
507420335
1589046073
2895752422
2957678116
2401836872
2763264732
259990583
3061822164
441834155
3051657986
241578594
3690151757
3691072455
2677532642
3168031705
4749547525
4786203747
455204484
1020952663
4628475497
1015364172
324136888
576469214
607292914
4305569474
3180145025
950233694
3385459665
870045162
97439172
901622635
3107553737
4236544768
52852957
53430742
442866144
37710752
3133647120
487624974
2992633912
4025926959
1112357712
3402896686
213675177
3201911199
711695708
77020683
543705320
55252155
27540099
348411849
128163675
3893519081
3868024881
1949601277
234525371
98722236
425530661
3787206493
1435461
27690657
345009811
16112517
2916305152
14384317
1464676063
39698841
80269190
3301860092
3591231012
3568586475
2370633102
3549860181
3362133777
3426255747
232736695
48306484
250024481
58425101
1732829419
331803536
3430786757
39263564
3027651167
418815546
3407649723
3002080342
48567026
25386003
1530921433
3353501242
3387604695
3063874276
827502528
382652991
1320471949
1624402566
580216612
3341363650
2814885498
1146358332
515813048
2874588985
3355275604
832183933
2892197223
181298647
3163312514
2655747020
3250828722
2591710723
1877372130
44009412
211167291
1392544254
2530401402
2153041596
44483406
3079701749
3061405998
87306006
715321886
1268642581
164773428
3129711395
1418498736
2336098276
550368190
3238748943
162888125
1740309666
2413201746
275100866
242269760
14734393
2869036246
24467650
1554287316
173984769
2255505626
2147519084
3111147909
2901995989
2790694369
102781382
2189319798
480021681
25783227
1700305818
2575229209
33388399
443041161
3079374313
95223895
800732790
846733464
327799245
280645443
559024485
3020640045
3047003389
2800122219
3034214643
223953813
2776799503
336748775
51100652
2396802864
2243927750
17738855
2598620564
948947168
145654100
2236711462
296873851
2749389480
14093153
450970703
163892052
720523873
2396552059
420656455
2348452464
216699311
18174186
421744069
2830164690
2874225077
2348101724
2978586772
24967615
1938024164
2713155841
2957616267
2810554960
69207106
2823551377
360324153
2800046647
146032999
2936627002
100255844
1480125608
17293337
52275340
23185232
2871161111
20436192
7909332
1652460752
2873839239
1238373264
2834275325
20832730
28698351
191265053
2864117520
2377815434
1131351751
159124769
728809656
26786596
30038587
871698506
2833453303
2803810620
34540379
14589654
556278383
443268181
1935434348
2800888213
1657726344
312305835
2208223435
14165038
86063056
1626017726
413212483
1907492330
2802059238
49951756
2467840837
2708308418
47512804
236362119
196187990
984777865
539993540
14075928
1333480531
949628132
40463854
111533118
119392977
186819929
8555
1511250390
222799975
28979793
118191162
2710746164
83910195
1462834692
770368572
1259300658
2731614606
316757647
2398615128
382934523
1561646785
2240363107
77220986
80767687
1111698842
2588591737
443280384
59289401
2560199970
2557165123
2615738778
1560030481
406751803
136325134
1729289264
2471613708
2588982680
625020238
1131711230
2467878368
823939969
1537076652
437154961
571518016
2213909486
359532617
2357181126
1494655406
2577018678
2575175606
1690319634
2575216202
1046894526
1355205943
320268880
45373841
1510992662
615622346
15855389
135025729
1472560340
90045933
259380140
1183078530
28610932
1774149098
412451811
763073412
2473025251
1677547070
1879923480
265062049
499396922
87706747
43353950
13787402
17220934
208104274
280922916
472226568
47611442
2154432241
2401780724
449155076
531192423
86176601
2474428616
2522187603
724827528
1673396222
2469822019
208203321
22674756
2432763469
2432088217
1708659876
2415457747
317187060
1424727566
2374037234
2395493588
2391920288
874355659
144946246
60709500
26099938
1891806212
308670802
177277336
2163464682
2195838680
193103650
65674441
1967096384
2326305788
1016613097
1571270053
44196397
127984917
726758167
2312363970
45264368
779130031
849999588
1568871625
1131230442
309207293
777524797
1073588023
938218356
17810254
1484182819
18926099
1360557012
2252850199
1252618880
2216529629
20977701
972327576
225806243
28918647
2214785990
312244254
389529702
150970399
1060117518
16343958
484154023
469444382
981213074
1643827760
192027674
1694782680
2156568094
1350784466
622300794
388422353
506000376
1288574072
1673426071
240333587
141991931
376834348
979529449
301528196
1551066960
1488286388
1209658891
1526117282
1364876107
634943599
329461376
109108947
225780387
1320895058
1460511146
518123864
26396117
634348587
332565927
1330457336
359962102
102087933
1264554914
247474411
24259724
104070525
258973787
16037759
192679212
193496781
44906350
1196615359
1166029573
53127348
14956372
23220558
21087053
333804372
68459075
1155653510
245627114
1141540364
600803781
1140602832
37705193
71180562
71700176
60022147
87446994
119085866
28387447
952414933
1069063760
84489909
633095212
80052709
17944873
49932193
143844341
937713890
999982554
1058139782
5725482
1012029326
253114253
946084788
14269711
33504087
29527267
334048260
611777565
852870050
24322716
599741995
432948518
19725644
15473958
620475288
624963759
430756222
23828455
16551000
363276113
605814330
539373321
561372441
3795281
591793601
400086007
330055239
540061820
539843353
523379370
514408636
104910709
32729442
51915788
88440274
18569484
15163872
466717262
297784452
392068804
261007247
72337845
61593294
360034197
185461044
43172389
27928198
16042396
136060663
54780669
8963722
111678563
37933008
65809357
