1048226465169506304
537567953
548384458
496174501
630319799
386513
45184172
45869233
2835653131
1153687548457377800
17763515
117934629
784464743184621568
1159973653775171584
1073028639497826304
286871259
864503926938271744
964921289684156417
1586230357
1148660512290418689
4914384040
154740852
254828810
60841112
222622640
32411838
71635905
1081594834085916673
205367268
1078767905095991296
1138952187537760256
1042062875542663168
21789463
2228878592
1032891935126708224
884129900617240578
887924208
952629310761742336
912487528875347968
1053369838184345602
1146533735569022976
1083037811618414593
1135005492999315456
2466781346
1082736539493416960
1579422614
20130123
897564180
1042646817949798400
839874182838091776
845687738502385666
880459138773512193
27645523
1099366823106097152
1143316818687397888
45045443
1104005499861782535
796356841823408128
18667799
818030716000890880
1002111098219302912
3133251
352691921
975297933603147783
112990433
1153344415777378306
1102284523620851712
1152355001970384896
880755743800127488
1641283411
957065735850856448
986235307
44562973
1053387514390679553
296459271
18916926
41984111
526456651
1117618120951304192
287658082
51375725
14345566
24895131
112917356
14807920
1050691561791610880
1086802748924940288
43622084
740677145840766977
35862271
711031364
773568228899581953
874106117886005249
3040931302
17881467
18072740
124922186
1145224202426826754
1013399942
236570721
53792665
49492494
1054460133693120512
1143588289879969792
1080700212170145793
792963348849582081
1074643286269280256
890396396892729344
23038118
755835576
36623
33839296
212510318
18509818
738478104482455552
3038591137
13493302
573173793
1009928224959291397
897889669811142656
1091399247705006081
920247963129188353
1127744603061276672
493526610
270459817
42970367
16944995
1069396688488595458
4493173634
36713184
14276290
357249584
528134204
1110315985
17122662
14295976
21660021
95228628
122130797
29675916
20406724
33537967
4040041341
22720855
15819632
17243913
883168176
273579364
891139977224105984
15740776
1186532348
1021751592280764417
1041979421173923840
959173934766837761
1134480889247948801
1085336531567628288
558040899
55074219
15760355
741314892
2530667366
1095182235844653056
2528617561
313484500
37873860
2228644813
357606935
15458536
248817681
766084605816471552
3392101504
834205583637147652
250310762
275207082
92397793
2476855441
3640360574
555570821
1320656142
869572218552012800
229765124
4245422860
1048649173212561410
180501869
943545048704143361
24536595
1857043092
142877262
322735335
755024353708892160
35288455
46714304
261157191
1121492192235806721
1049559807185887232
4053884297
265705962
1062465792212717574
747603337864941572
1098016627604504582
1079019647465271296
14065750
102745381
89503894
27753686
16369805
925311073208606720
1036601045835608065
2172175562
2991360032
772518110666588160
876219102
395296194
233842454
378259736
4541535439
805550307845558272
1013259079601590277
3225696392
3488471
819017035204018176
1533073022
805672359575179268
4794716414
1025648336408330240
1105466136282447872
3438084023
23944798
30013010
16204801
507663875
1898480737
2338661804
1113817270566961152
4222917148
853123740951097344
1087338259863212033
713839291210792960
2291740471
837893415035613184
890381594170712064
80638910
1063844677139476481
1082826454898012163
787709936
725306376852000770
15914986
1116706217223757825
46434870
298824108
1116732922659131393
80921082
764889541371101184
1115087599201214464
2712480530
1701074515
819559693492359168
706261734
802986909958029312
392952772
192970470
337694536
757592401330466816
158471931
196794775
16170253
1093604973303250945
1005928343378657280
15607662
985472161178640384
893630742
976602707833352198
17056433
3248377110
119837703
1091715396829413379
16832810
1087871641961537537
213074743
21249016
454189198
553140675
1060302488090349570
329171606
156417319
18531766
14436943
16233071
61206798
40302336
2534803683
739853906533076993
151713485
326852318
248884036
4851532317
1080959236585283584
828084526408536065
2247966660
407409272
19038934
15993122
24733117
18508603
17376893
17375057
2729061
2993230373
571297251
14477723
284265377
51462013
1009756630332866560
1352971002
999052297786159105
240700617
3671138595
3099288025
278175882
246995886
183785121
2834067696
1098824250327101440
1091627800082165760
121849647
929458619049041927
1109612742401552384
13342942
243717674
2979574462
236156953
1019322561824296960
17740342
1107896723936940032
892275857779118080
2374881134
45499837
733780966058004481
19188730
277261996
1363545236
1047930942667608064
273418969
1663172653
1078469406194229248
22100541
759201072397357056
703982241433554944
3317233336
811792770121666560
248495200
19166519
472587261
181720256
21879831
4265635655
1019720501114146816
2875424925
2835058924
896158685533220864
76858873
24752038
168392491
415418595
60786466
3063996411
817460680748044288
24553095
20479813
733086202224513024
1905844556
252742529
6994182
895469674141540353
179255183
2549047974
16113072
241010775
856166772923355136
491096028
3023204220
83374478
994435260078112768
36735522
196553866
90993111
874485745368653824
267915933
16245840
2513432804
3344489236
819456138685140992
48132847
278901890
258072099
926601
706022763002261504
75143696
33422288
968846168
922037873628667905
2382106993
3701125272
2209778173
128186517
22929686
702239073746837504
3400894845
422433217
1363473696
36073989
874713703924473856
1074735039529791490
17471554
50058630
1966921812
4356169936
57362322
734783792502575105
3834515897
16555985
348764404
2732736139
1525868310
3398787207
847397801445040129
924147663355834368
1005484718983282689
982241368700469249
228794007
2163076560
783792992
2707322102
4259948293
188000721
830809363392507904
969327316328476677
1037608771294507008
16008617
811635029814153216
771398811747049473
65019636
861927176
785209740
950531
1481054280
104081761
274294204
760418367199117312
2223157392
1076457331888660480
2454461966
72198806
793195931978137600
1231936753
806499921281118208
830283259
17027378
2192094371
77852581
14990112
259724945
4452322521
870377281281306624
70144495
18468007
15729844
807442387
4140023653
2314055840
1656244670
836076335369900032
16661392
102594136
149219539
500391228
15330280
8642282
14221144
2862506062
1078064701
758999808765927426
954380025679130624
1045149590973018114
2324646655
3360315484
818277212348674048
4828013916
33276161
11003092
926164634570067968
800704496246484992
407013776
17006157
3504279460
1931772224
357634573
1032309975656226816
14167540
933313719634972672
15396823
118968460
44808326
925082685583785984
237559236
3388754385
1078979816584548352
1019438437756166144
234014087
866953267
4401548594
69073724
22429979
727672186010480640
3938173949
59553554
704257307
1001562419343380481
14522162
23273206
26504143
41154223
15115280
2768307661
1073274152293826560
838831764500013059
944317021709271041
1082778968212811781
15653204
1079104563280527364
70775995
231108733
19113820
874614669310255110
1080695666760929280
1643932014
5513002
47529622
725680636321763329
2743952252
1520108017
1060584809095925762
205347100
20770892
168295477
1072134139560620033
36577227
82953547
17466132
605106202
224685124
329115426
2937589897
19273919
824326864407822336
4881842831
851150005540761600
348082699
771152516
168244767
938956821930397696
4080475522
1062009263307014145
103652362
88028442
511402689
142157505
26985403
41084386
1021359251703455744
536904693
1059331200261767168
20508720
373143817
30268269
503901840
824072368603668481
14140714
416645771
3299672584
174110843
324066447
837495178717900800
1655987768
1069775906871291904
19907840
30395567
15969172
22669526
21717987
16801580
25612070
3240279083
957948014793957376
2191120380
883929340857266176
968194847428567040
3061859825
829304586016006145
2714877872
485030463
90182185
190906140
32871086
801549353227841536
1041005485065789441
999193183610339328
424284871
7429102
43332560
233111629
247144178
15978412
4823733527
755057897583804416
1022788878187606017
982493449286029312
2885543426
2447764274
15985111
906101847198507008
942384423533768704
35469930
4207488133
73537202
913527639465447425
2477494915
24512942
15907183
407387443
835601619123322881
3885680973
731167584
15111876
526426576
568825492
813929797
125453969
784803577722056704
234695844
1057124531087659009
161723543
18978553
198688169
35258484
206262374
8548612
198830228
875943234
14245755
50083073
286311652
3949123572
2778740623
130557513
216065430
1053361403535519744
3242666845
1040524891529904128
2792919651
967609897251753985
783752492521709568
15201979
836731582459351044
921684273890934784
96675300
1607352380
93478603
126722715
218325695
3304679458
435331179
998946897728606209
1060143985774223360
3058713120
16322680
785002854
1048110904754262016
79293791
155784594
1283934055
58106546
711216518445539328
17843816
372536101
997433486071029761
809140295367618560
3380227725
3638549117
745155922180210689
2154718209
465046121
977294890961965058
761603098863210496
824320219866923018
2797449017
879808304729477120
256237869
949304169223122944
4799648924
1915453650
3082986275
860116444239081473
897584752131289088
1040811867378278401
1689419970
399158330
411809185
472373959
28706024
755504
2519311870
61564714
940643574194024448
788227477491425280
1035819782745010176
3072987243
72181752
58105965
2421113695
412628096
968965611232509952
3182046313
947556120016703488
137440152
714518060
845296875620175872
46038355
1012155709646163973
30806121
308501672
820378690920058880
15463671
3002213163
2887284202
16326882
722853853
1019649047966216193
562257188
2355808260
1040663074032644098
2758255985
31455711
3830097076
2291350040
1398016675
1559566297
14335880
16106825
41285376
73456033
1020787379555069952
825570701637713922
4900070889
19865053
839506007218757632
22737278
366010246
1878268614
1369061910
1369031910
1365940633
1365917804
1184647243
584012853
1262099252
561516853
2822184018
22562934
14780086
16513445
30726383
260217673
744543668137189376
390287262
1037644659571523585
720573139776876544
1007189482821517312
755886754180243456
112292592
2573587962
3302401127
2428011866
59256282
810654457096785920
268414482
1390930730
415859364
570410975
248540363
831737294218489856
1640917298
1969426021
17603168
972780273866854401
1602638826
164166653
604940737
18061669
17374309
804550171354742784
2904851865
2932942216
1486906052
21917237
875029068223315968
928104429231906817
2448047358
4865578744
857022178042060801
21753847
1589251639
251136950
780575384311959555
800392088911130624
2263768920
53172711
18548512
108094234
6622192
1002269968178786305
3887013074
200479706
19608273
3060075937
2488157222
761514313391575040
935671132967002113
4765169125
20281761
20491750
149402723
453929050
60215105
62734246
23176276
2209742392
4617515060
1013213067889369088
255747911
1022517048134516736
820369640
824045054075539461
897623426399186944
3345363411
342863309
2416118265
741450836421664770
15007149
4724894836
750225900021616640
3123940594
522282462
129061216
956630882189705216
737103644
839530040895422467
162069635
622993275
267470228
2610468775
882564019764289536
2180171528
12245632
804015436979277824
177201383
4735017273
2948211
2646520694
337290712
2790247268
609265351
14080447
7334402
4831315102
156382757
1163618839
989921835784507392
4866228711
3096356146
634734888
323120520
36889519
30074986
34039362
3297278852
584837611
956812705
987665720
3660271937
386076684
19260348
921189775251529729
408024102
998329325404545030
832196045555765249
48529904
15161984
22771961
20744708
897112521978544129
881336677138128897
773209497003298817
700402237999353856
18742124
14873767
14476585
27444772
28162211
16941646
2209581
967888967658950656
1175680142
995584988157362176
35309981
128774528
14276679
1286905933
59331128
317878664
901211568398008321
826210403977949184
710618079626039296
593258856
3290712274
18259232
22049293
182398325
2496335227
4823705386
40519877
454099919
948265463141752832
3774640392
19548847
7027112
811302229223346176
856596564516651008
1000390320662700033
1484091870
1906559318
1112722104
18663393
759003
49542937
17494010
884992812743364608
1180468526
2467550312
157720431
14659092
2391232777
315122552
384420650
784301004762193920
168560126
66561957
407977463
555448499
966406987503292416
2418876808
3129181760
44764009
951155744308645888
138203134
390781513
45869342
29309901
34850881
948605721964236800
846962629222563843
1449527383
2183111508
999265241249865729
216056059
513679089
91150764
524024759
60932386
29465136
2925441313
131204770
878739731219189761
784575415457308672
1000908951087714305
471677441
4005337393
17209415
17701397
103392633
14111650
26029878
21001599
1003781510711988224
2923124470
816869611480186880
786007659778408449
898533348
154538358
259395895
384913290
24289602
1458907094
3430472675
855874572091932672
791311160486170624
14247591
66520512
2912429969
721595524944654336
55334133
942156122
223166587
3162705050
109974187
1117748922
3150638263
837738324076953601
844962265887592450
929399289436147713
2227360182
1096084052
185797506
14268812
595245502
817067100900564993
976445615856082944
967027984426242053
16721452
824320490831544322
13163012
711637951411830785
81692128
21193261
242773223
768634170557894656
230715484
116009507
924836857988313088
2341900426
720929658938769408
2179394869
347599287
2992517678
16046375
896208841
1810701
40353407
799017801063141377
907759856429527040
133723860
30799939
30354991
89898430
267856525
2372164754
26548315
873620275077632001
19616219
622493
291497477
64836175
828396908611780608
716432228
954968413507551232
944835650
40644000
944203176
748286531794767872
748283488042876928
2501938699
2627375107
1365637340
4890796968
206631462
196748174
455684839
811651567510167553
568712194
976900581687283712
2215984256
982617201973882881
100791970
275691941
17136680
4873877597
703497684
868692494799716352
118312058
922049508
17154875
51632152
15735939
859889104045080583
918905350123749376
26056482
1096914824
2779030333
21728303
339411799
15308973
1228462620
2218124766
218203596
35472060
2697360069
71048726
934500442364559360
2508485209
895432899650039808
861672792554696706
376613938
461281625
292620863
806346272852611073
4412867373
823402715376037891
2922928743
3023272478
263433398
825518870421180416
831597930708623360
29417304
431871482
3863605355
62103
2804332645
2329212889
910492003359760384
344074088
964032914626359296
26095502
14634380
20926233
19910041
16618982
243970176
85641619
87969610
134240911
761086098646851584
16513335
2492207159
14535884
476213099
965266179836252161
130954763
1265788178
966790240764510208
15952856
24742001
952055141745672192
154311445
21104257
15764644
759481842814726144
20196258
224285242
17608430
724353622235090946
226222147
720745292220481538
3102959943
540208425
16490454
1915033663
15818978
17387399
22159841
264270338
18920556
459872442
161420644
272130267
46197784
168736823
886239052936163330
2444425436
4842878215
3116850868
13262862
743601656097443840
82652901
292605099
14707666
55053954
819241069565116416
990165008
18812795
27252562
323561063
4282171
3226282347
47909049
17634365
252643801
950613679430549504
3121769263
2869858477
954089628260212737
2340729788
766646443071434752
37216886
1270366926
306055499
17507171
19186003
59007798
36068929
776903357390688257
24740039
29501253
748939997575680000
2818322000
999031380
329345985
21363449
12837932
1267457545
45885286
1899294444
940182146714566657
22408312
21931632
2444383267
936667326862188544
67799200
370514608
281217033
950580958524203008
205120642
879422045729079296
827972838
784799572560228352
340559759
1374848251
2540752350
760268809236340736
825366228256518144
237388308
469706697
62729750
399382619
838091948862935041
739844197935644672
248990540
912620403964727296
14844867
1557331530
802598906630705153
2284344372
763560344295878656
55948054
22033893
135544133
1483064670
275686586
173113556
14345812
263269829
27649741
96851189
40613666
134146476
14606079
782605457538084868
1240217815
314202511
14869615
401615084
17006036
1134877220
765189315378810880
732193887570300928
825058654776762368
23993642
3253121454
14573926
22814415
797899198645538816
19038768
944662610
33014217
24222368
2873265395
829466312
192935052
156300924
768486347300626432
3327160301
27195199
863104380643311617
822131894540083201
875461576748261376
736918640
38274910
1135464354
845984788569870336
2379716815
823565852922576897
825151045869432832
44993830
28221296
18948541
44039298
248482567
97630019
14871302
19568591
4573405572
700706923541204992
2263265881
2760722713
164925863
163971168
21059255
23041630
616307352
16173435
2822589019
932441064543105024
10615232
45055696
68611923
22798241
2491808149
569053272
217127065
871466086293794817
47747074
198357693
15976705
101936528
3311036150
16041234
23896773
152656121
305318105
2467720274
761749962577227776
180107694
45573240
455705805
797387117101981696
3914633063
295304871
384993861
2100521
6815302
759196558957031424
37350044
26502718
1585983950
780905748096311296
2962285217
4207961
357940576
20544552
28440197
882375412080406528
46722509
196016156
358464377
150078976
318797952
5477812
3712590975
21733692
14764240
1924071992
2995221770
353066164
17366486
613729886
2264809616
259621868
1428680539
27336281
19550262
27649069
25466022
830152026453577728
76997832
283724911
393460809
909623691440381952
353672532
14377605
866341008828768260
36139751
319806589
809043928276238336
701725963
1668303476
1458196394
142510845
822812877761499136
2856307798
4327242015
18742215
258810089
2480648858
15285181
144091285
2364416888
863027975247343618
74287341
21118184
16305370
2364492667
26053643
43786528
1457825778
828452915224272897
907296632
187311429
340576198
18205531
248300454
710677085556121600
145344704
823558302290341888
16044192
796578568176365568
197169956
108977933
896463115046592512
16116288
2236640820
23019009
772840526324400129
596639987
33642059
2513268149
820781644281942016
535803749
341191272
863320472641044481
17910183
109958944
109958517
22857171
17513316
113036028
3133488306
270068926
889973724287352832
20516977
716813053
380784634
2331052747
876930820308467712
144883123
16176754
753936090017439744
855330181585620992
4794128292
2458781599
1335419258
4585954341
709095240
66409312
3321788408
1216661431
2369925014
590100250
16906137
37975547
11104872
262051887
577757961
11757522
364488011
1488797300
21144314
102362707
27200364
24762949
392866463
43391754
23004495
1126806636
7355622
942865957
1724204797
805973508736094208
19638752
894221489616158721
898973912498790402
24322032
53545365
16265729
1143288666
374277869
260371201
19577499
19158118
2999158160
184128260
454563298
772182842772185088
401625957
858924511
732649152807469056
436112235
14364337
3240396234
20245775
59625691
323719839
2172886130
235196204
26642006
63568032
83669466
41761325
253712142
14652182
96484826
24578837
278124059
3068594637
15638162
14578032
829667345710739456
3969349692
25198779
55289075
321774180
13953652
4894076828
710192352111898624
15383825
17201202
83945286
1835664422
2863996955
59195634
937499232
17429939
293303534
31448660
11621822
794748311756505088
18006752
14062180
5816532
45564482
369219105
824460816
15233715
289342771
396181599
808341827338129408
366498596
795997627
359605848
133012809
14247236
826090618053083137
21722109
16124824
876043248518778880
14736005
3201895630
14941817
18255672
27988038
4519689507
15268600
818941576923742208
3181124167
1180674037
2191790107
1216789842
757707744
375146901
196994616
91016375
16877374
873758137823645697
360153651
812539441751343104
16556523
15667827
780155430412574720
19479094
23954775
162452290
2402959072
3006651837
39150236
2319062221
824294321281114112
854057889907998722
11447182
272746013
441217202
2824462458
704696823001124864
2962868158
16228479
2428776326
3438469581
245548093
3085515429
32671625
2841834951
144564702
162563093
15210670
330330371
15846682
29442313
1345580348
2450565163
476256944
2761592377
449600949
14921435
2421067430
95610041
22207520
2474546987
4588114813
760843711534080000
64033924
7385762
4872729485
780206406024691712
2928209793
2872571512
72582823
594175899
263394600
255173386
822867714280714240
4894738653
1465916677
563031738
1623671340
16721061
8095462
797547199928422401
159065451
17565514
14254846
847843925851348996
65082850
43360950
2951005084
778933753150251008
16002153
366943003
289118612
38214128
2889924959
93069110
821024846477979650
30917096
846929906688774144
806855634146705408
192354019
132784189
3004136455
3261045068
92437155
851211838310055936
175114195
2334732225
18382184
22971125
44177383
1078027472
37512393
1604495562
325385270
2924137486
344779704
23593446
2784772082
247351724
28587991
3224122195
3308590207
806248636657139712
66091994
804761215780212736
54015309
433079542
2784851176
488991879
28256366
235766068
50543268
18492409
507729200
17642747
825091341000572928
148601461
16249244
59597987
763755540996431872
790333980373573632
489975747
822136948752056320
48169786
17261066
49752556
15808765
148529707
860249422403428352
178360891
332905750
2163374389
17539385
422552457
113819586
14968484
363597002
850070755769434112
37774152
28406270
3816647542
4522621
3274847815
2962923040
1480852568
225265639
402637402
3290293391
728261748742983680
3684098017
32709070
50212556
620383441
788525440239480832
18082945
827393575
123641025
825063497256013824
14100619
701786809
507877806
805666198142746624
14478260
1694040764
25442580
2786896878
167894963
2204144798
979905056
2310244752
66263785
233030378
2474597838
352486630
835704232833581057
132056119
853030259578384384
369605838
53226992
23833641
5392522
3749677108
101802390
394351710
166655653
19660388
133456403
889115678
77015327
4236957022
293650530
32520240
113729414
126086206
44657902
4276158575
4186303883
429874309
636586551
156705421
694968851998629888
822237572780982273
15446531
617854798
1539058874
174048465
427505253
144923254
33556130
35988990
4091574885
54617733
14190948
9942272
200244273
837753167118938112
2336573456
92367751
552121630
102278356
24024778
130636009
2238568044
1056832406
25443684
185499165
18686907
16582131
31122582
824467746436120576
138161660
891978900
832340953524432896
438928414
30092032
18018355
169951690
3333055535
755808822506041344
813895401979813888
18361000
798729566126829568
826472694426255361
1933042237
2995486940
45881767
14248988
2299068427
803694179079458816
309850930
13723032
369798013
7019512
824412404473851904
267884847
57824679
20803768
25366282
459269265
738814638423453696
61371461
580312540
835218686122287106
826309249315725312
145353450
804036710090899456
50152441
4049850912
36686040
149249831
2857479956
823384095917010946
277071665
926620369
834081571493785600
2709152000
950928116
27187343
755113
3100853818
41410667
2316383071
773634376408109056
837654454795128834
856723778
23544596
14125005
970207298
40019751
2800581040
14529929
138102228
16160352
344955115
35551733
22811188
827876098595766272
3048439233
24889586
729484237
739973665631047680
299802277
1107747439
3004231
304679484
799047255378391040
15077819
394905807
550581546
38497702
827658471000600576
731614543
727972807422828544
797080559839309824
242555999
809887021
57419364
193735380
112481670
142849883
45607170
50701663
65698096
19608297
18650093
1537558634
803237155275472896
2362879488
824368251266228224
824400401797619712
824264707641057281
824153054731759617
824139632354988033
824116562768621568
824315778866417664
824137712286441472
824126001936474113
824473943931293697
1612067526
15766082
817552342753091584
555287830
4442386647
217284148
1612056084
4939401
738767160395321345
67337119
458525164
2293315159
109025212
18957805
776198324747575297
824332206952714240
3240143771
802333405358735360
822517901294845953
97040343
824028553067032576
304392714
348998306
22187085
372483103
809034419239424000
811064631355588608
42995067
326507914
13393052
800942537083068416
4564356672
242653461
409486555
813286
1536791610
3242362864
586291040
41073372
238862918
18664100
21266548
1850083927
386056280
1051396218
16403943
115710058
1090796659
3898988306
30156863
130384973
1342861723
11388132
256596567
399682809
33652667
19346439
82687751
612771149
131497030
15667291
112526560
61734492
215207998
21785215
158426909
130617778
43412697
980611
69986363
20772763
47475039
15220768
16129920
19444865
14411304
233386754
34175976
334321077
15190378
78194111
29299594
49698134
826740883
29517014
19268706
1629143468
94929574
6974622
95463107
2195241
159191482
790212812480143360
1920874004
39000115
453319164
89055559
568519130
3318800851
3602639073
2324285378
723613712783908865
3295902108
1462860422
1690508892
780936952098861056
104370200
12096202
84899676
166950772
830253571
702268561599950849
448053693
753357343
322964721
4895367185
807095
2385603896
782237742654775297
103394487
431765325
25140900
1295897514
3938549536
190371395
606412878
740892950784290816
743877679565410304
87502992
3036186137
3564127636
40720689
2240756971
17579312
30631904
31206614
548370963
7786612
3588277825
14202817
776950110290898944
29480700
82017157
30447805
410089108
38316003
13357022
53358442
16395449
125171167
1887543085
297100174
2844713857
407042279
157746741
191678703
314690530
869049313
20786801
25203361
170746832
49560239
43514656
16102671
51265603
3086605763
624056226
701615052
25917171
2180158081
570218986
15670644
123015364
113439399
4888808435
2246304439
21249970
1486118238
718495181914316801
361270172
2439032786
2670449197
920104904
2369030473
92717138
104969057
57097104
306541147
574168493
2155649270
83649051
230919253
31407587
2470203513
704719521890869248
483192121
329746058
16158636
35031708
387186414
58545637
31353077
139162440
32652567
2180168234
2196375463
14162415
3119962977
3320621779
3048539038
14869497
3000230307
758305559032528897
27602151
239982146
2352399006
2847028078
701625379
2180170945
2327359038
44656296
2180163722
1112465706
701635518
16998020
10798802
22091948
29450962
2480954209
382303129
16442379
81482674
3260518932
19789439
3181408939
100325421
750751206427860992
124566473
2835276183
133373863
194347664
86467459
18678924
52551600
6539592
19089165
30065770
17853760
26604904
739888692769095680
27042513
42052422
15147397
2875485611
915726438
271725689
46335511
2317351705
3420477195
44279901
752499373989326849
4144443129
87595338
1888924062
2785698532
30488144
3327720838
701667727
2151416029
2846982741
752743856941125632
4724959268
1111940934
130496027
21035409
756593
586136477
47216804
48785884
2796910988
70436289
46775436
7805842
48631209
263649492
3260309088
609845873
19562228
10810102
3161564275
119593243
1350549294
308791733
13213122
714973048185552897
1292376426
1287741234
734493372295970816
50684256
2859167786
2664532711
2693837167
1378000488
62024240
24489406
1355398340
3239439347
2861354860
2644697608
175180732
1339835893
9012112
30903992
1431301
700081176
398490298
1089937459
4145095154
70740986
127377113
400448353
406745433
627949093
29857351
16962208
377586542
234270825
82455213
145134836
2862441010
51895123
2548655126
19739874
1352565379
95969487
19984453
22674250
419330180
245086980
53525113
14982315
22912997
14075928
4809782876
83910867
196401315
2361558554
1826971
4706117707
718869104556281856
64417485
105290638
2870816765
20244875
2314042194
17336372
43963184
359636049
19742143
81859985
84125491
19111767
44874400
18887526
25087909
858716964
15164565
8192222
928481
16222904
249644395
36171004
60200577
25555553
196516385
438125534
2796926471
190919939
7243
20348856
851975023
15358421
16856857
836283571
65665638
48569578
1827901
16303211
21838500
195738329
15639774
2863488598
79923701
3165817215
15905103
18057459
1334387215
393852070
15687962
88749392
15962096
62290422
90420314
75974281
456862468
1715051
15666380
31676365
3077585634
4726235071
14681605
18713254
25629019
19039542
20690398
18956020
19740363
19124075
24586611
32323398
182438807
165511377
44570946
14749383
4597092982
4625687418
2871094552
37349404
2855047214
21268897
22161174
429227921
75641903
19370029
15638615
20689378
17229809
18667907
200163448
235700566
65647594
443215941
28409795
24807616
149590738
29837593
75350799
59949396
23389205
43261065
2342559334
241382835
34188932
2465914735
15935383
16899796
377397229
4317151756
172959279
591920938
25732540
2394912944
14750983
2851316298
552582271
581971753
43399264
24478346
68172913
66884558
73177902
16606144
17446621
15143478
37710752
537663672
19725644
23314049
216776631
627643923
130922325
414135582
18734310
18131961
52613032
117848769
14506253
130491582
2715115656
3063032281
391037985
47786101
580097412
47285504
2916305152
18213904
3898598357
500042487
225096034
1451773004
2472630098
2201794429
55117855
14824849
30364057
50374439
1132994426
1524213558
830096262
2192887807
166739404
144408677
62513246
35958982
3048462827
2974998585
16024323
5976992
579006169
93465778
394331949
19279990
21802889
573764891
19879313
442237496
63302020
25625513
11348282
17717466
512505091
2745692126
1668270211
2319108198
2577356263
1330313185
19238265
18393773
14580197
180540375
31080039
144003355
18713314
2303751216
50529281
22534863
1243087646
90079347
2330721445
15443224
244293586
20351289
179040242
15227791
12382582
2984161
69761615
18396070
1323187164
19029137
2289970135
1137700339
128956175
456924391
18009781
785924893
602317143
561754773
325832193
44060695
14549513
319621818
250247983
249395206
22461427
1323397650
750368076
55290381
564686965
175378976
1711406461
15411858
1183041
18997933
65289126
16729240
75086932
16714782
15074642
215822191
56768257
1694140094
102763407
243627457
302765767
146491026
13784322
138044104
20638991
385187734
51197470
18173624
63314524
180055456
227695686
419854605
14736339
30000912
316389142
16303106
14523801
313091751
158414847
237845487
276091570
163460069
80630322
14589511
15473413
18907022
253244211
394216985
715133
6119612
6207162
18671559
19119809
18691807
16469809
204832963
8198012
5876082
16017475
149180925
355041692
590206792
