1018573826664357889
1158229781558833152
1375959506
1114561434086723584
26090181
2959514332
14968484
1149159932777730048
89880356
72819944
15488811
2575178924
3388808835
1128295781499375621
170254080
57498045
1143687311814733826
108720107
2847763210
63322829
593201255
1142645682764783616
1094095928343048192
22200760
2967402199
2516186077
110326494
1142286984376926209
423693990
1040303012466450432
1082968466812997638
20419517
2742319887
1480385228
322830973
69444800
1152032809583894528
104040220
1960031863
512679424
1035856038912827392
929399289436147713
1053741660872589312
2763264732
579390379
236532457
4773061958
2902283694
839590899562737667
23152358
873606505169166336
741042725605113856
407933800
423823660
13925982
17681505
97769756
30727752
986666765320179712
4794418649
24544195
234562192
948965100
3065860529
493712517
2841795280
141376289
781526400918495232
823939969
1526117282
2252850199
1673396222
2553075912
3324037438
28840059
91593332
1647169136
382655887
1135750244308623360
50734615
522519631
4914357602
766326031259230212
881729520
754006735468261376
3226303103
3248963739
881032012613603328
227059800
51547100
265582167
352886904
34032998
582872181
2413216260
351566257
22926862
111615811
1522917078
2161027910
224715866
2197365898
247426491
4009593327
1044022254
20458261
1363206528
384009624
1116370079753490432
330055239
597924995
2497161146
1032311272736468993
2794669747
3037176144
94000713
14243008
1029907493789544449
974442790481412096
31443503
816095933322629120
1151915137
14729597
986794331582365696
168508631
378259736
2755126584
750022168675688449
158445476
862037690597953537
1066420699705815041
959161966030766080
1085372696471322624
872145614016065536
1085372373207998464
1086283178505953280
1085320169939861504
1084128966720532488
1002623044685312000
1086080487422971905
4001272947
3834354256
1011075440151232512
995669492029181952
1083497833641189377
1081352372692152322
404515072
113179705
28316564
163285383
3329832377
3063975765
776062825693184000
99642854
505508218
4517034208
994460912
64910099
109668325
826120508378865664
1726853551
158080256
3063588198
89337224
544635971
142952562
1070059901731385345
2482300296
757362706664067073
451844700
867439531271876612
1050459019444477952
1044972482111963138
617757511
43418723
867929010877190144
297688038
357816281
1146926238
26044686
65698096
743477260481593344
110189578
98576802
834590678361505793
1135476714040156160
70784139
386056280
1107045439457636352
4698028374
24852465
14397399
217766029
251951780
153318410
1092477559999221763
797298550212329472
162493907
918490481511804928
362720950
2919005941
31069486
16468750
16597324
932969294
21879024
928022995964190720
1085301763710861314
745645734649692160
16031984
904869467238174720
1060232166221770752
924836857988313088
97723778
17720108
292438708
124003770
27938182
189594028
2852289650
1036314243719671808
363402747
982537596294213632
917511276036853765
1038689885933068288
1053942347728388102
18957805
1465481
1018734420994371584
355591226
9488552
923730057276870656
954490204752035840
786047748508221440
1496191844
897283083795259392
2924823770
1067048017109426176
1017440151352631300
872826012794585089
15814350
835213468852711425
598004603
870566128346697728
57625403
1241540293
949841690776371200
62527063
17199075
1416500532
14095344
33773592
1072371758
3701125272
159121042
448476934
1025519911932768256
2343874567
1066307945686810624
15832088
14248784
492070009
361430755
19554040
242294828
219505926
473274808
52087269
138203134
941197321848737793
100868651
15360428
911696836825509888
3654439995
877681343433506816
15970820
2789857374
916056694114750464
790745282
879782073329790976
242382715
138102228
41875694
835252426265481216
15169032
36494964
14750983
1144882621
280835476
1089762355
1020952663
980990414
60757808
853092074048147456
23618093
4517565515
1003781510711988224
979909999970447366
19725644
3554721
15309072
15431856
15862891
19658826
14414706
1694040764
96637391
16935292
194714001
16298441
27711685
1090026433
14075928
