784397947374964736
1149942961
378259736
750344739430555648
930743287648083968
26203847
1067846524464496641
498351723
716380057355292673
19025957
16831522
1115688858643918850
976306317773103104
185290543
64434700
1040316367487086592
168487515
2650932535
831767154
35255375
701782830800576513
1001781924
2926993218
132522933
846131613058555904
1187004211
17670732
970127857358909440
845350469056770048
14717311
25629056
55259925
974340082667630593
46435756
4324519876
2850716123
863689993612644354
33313353
59490293
161900841
19392894
3218229703
14260960
15844405
22223377
17948003
270373224
4438154961
3256369731
183107904
858718512
60838833
257636542
27288119
84944278
930575629
21951711
19449419
3382970475
108437189
39596678
250792315
358887139
1091143022
92561225
35894498
347410848
110613439
467507215
759687799
2308445042
237752011
726249218
158145014
2911018787
111326268
18870182
319225490
235764167
95964324
478703405
392506254
407243130
89760824
2456985320
48780163
3147548399
19967517
2294633300
102095809
24105706
114487592
17815546
334635869
2879681006
14498824
1956441
401036506
331803536
270938299
14181214
309412426
50952829
458480423
173843226
2788410366
480196886
109315305
1343471011
108382988
110509537
1536791610
36957716
17559395
17314758
44282451
2547890984
2842566839
106907115
1921852140
87723270
2900658160
16935292
38778248
103709540
2329066872
16076032
19562228
1490625156
16220555
97618796
2837353904
1670174994
1283561876
273468342
1269425228
368220699
19902330
2359476565
1465166731
15493820
16455755
1223101
15182145
7280572
16351521
216376676
19003664
18173399
