3369234799
1150993041513177088
874082793331896321
378259736
2728819065
40098528
7996082
801614917002375168
923207976097378305
1143154046834024448
233251684
1078954421852221440
4620451
756147515284557825
3431867189
1088137659883667456
1023321776946905088
797869498757955589
1524135188
484796656
4077214098
771097812855558144
1119798886116331520
743268726053580801
21581503
901483041540984832
601888277
1571153389
902758873
742348395747106816
838221674264821760
20458105
15938350
781944637531394048
1063685129661382656
886961203003752448
4107241000
261815101
529540495
1080555099246788609
1069854632371863552
493889332
2964592979
334085692
2478787994
612259656
2446295990
52585460
1067523310517280768
72951538
65562266
1321014871
592880984
1006728752
785631337021571072
1017102634384314369
738041558591639552
904192480874135552
1007628765206401025
57148575
40949882
977508618642669569
15877310
14075928
966298205104336897
890177653
1027995288693338112
3299475519
1282098547
1024368214590021632
3267371
815659065875582977
1228622010
2896213781
103940777
1413528254
738348927968149504
3436154283
866692451687440384
3220867465
949040844425891840
1172731100
827713613871788032
1491640969
2787898404
892030040929599488
483176006
928334823663587332
84613584
35977487
976928679392628737
368499359
43628497
1110315240
44196397
491710556
64456342
407433565
112581391
2163374389
2660613438
1545661284
3219552020
298682376
2370811735
767191852978049025
487833518
840269198597206018
2290335055
32372834
16438248
14519984
3117307763
565097390
1043410754
2224073966
492070009
714839191
117971004
3212890373
714272227043250177
309160091
738037291289976832
1172795293
185739738
266336410
712174493662363649
2655459625
1230837734
205957912
703031330859159552
2281215013
720924522657030144
2911422027
64714144
916490353
623942526
50626996
295302641
3201706312
702922893122867200
551749710
14529356
25084660
2179548362
3174407916
358757941
4625687418
4303173459
624953558
227324947
3096642344
4533350413
1245320090
3075615204
3410304852
2161963526
2305754346
367996297
2478124700
2889611499
416473061
236602177
575204358
335724958
384575012
2374130120
192712569
851633965
195199835
2715777163
57893319
632528021
2449242313
87148957
2833146058
612835986
816357392
289607893
490686554
2555111858
2273992814
342950176
185691039
572989841
2330937368
226285866
497370073
498110466
1014064436
25767670
2395434766
1607358680
1423824241
575592968
1849699602
1697109260
256011377
30686649
331971473
15187314
192033394
435385650
284675126
368881312
260959451
408021909
1433870258
1587712374
766568654
142433098
1688700176
69152068
569585651
1430955164
279197521
70969289
16998020
403246803
1305626234
583442936
167221689
66846672
99722237
582185202
398791609
1554660398
243991897
809983117
1526573606
1534613304
567640244
84386063
290091548
219752532
34133299
18211473
82999259
611218969
421756259
475041980
347035301
480913016
335058631
1205563124
1548744674
763572744
1152261384
604176254
434338176
604191408
997695031
611793287
1450202204
1411552046
355935638
1453172563
1041386863
183388189
416351257
1421705011
432776078
1383263666
1063726681
353877322
550466490
981649291
351699183
739756999
401576930
556456243
184660099
321748871
17349537
890007865
157709132
212319513
754253856
25990962
630511087
86391789
745143055
176566242
627970426
711020593
587613922
16582027
616635783
542703879
572359285
412632821
480031693
209708391
346743399
368609626
168838685
38556337
