1027586875316264961
1157236876622696453
847419642112950272
1951166706
92191282
88175494
1066987679852576768
937860008032714752
2197365898
49398383
1156770653631946753
839230407090397184
1514657192
16597324
355036400
430645155
1072308240891801601
837250432149905408
885953601067208705
1028495609852911616
1147218637939531776
876770998514851840
4262849053
1128169690537152512
871772559963963392
298160181
1152096197630468096
522325755
2964584867
18930015
979183150742908928
1886226343
74744393
773237234686230528
1052958026477506560
14862794
3207919371
255049813
2821539472
83109870
3853074935
829728188
1144036957426769920
1103814528620326912
864560037821370369
1613250103
2983985116
79945197
986172021783461889
1146257269492862976
859280035693318145
575168239
874743410
3058881006
2218622138
21480471
25795541
2886984307
2442208757
824038993209610241
2460836206
1146131478570557440
1144871589802053632
882437995340550144
1949101381
712485582
1075106825429770241
1732534783
128275616
3008072613
817408825728925697
2890854922
1140985040379101184
994225962
3875718672
358786353
116280954
157888796
1489206901
1002317165175816192
67362232
76078018
1387467505
958046214
827363889163677696
912077304
993716910008094720
4381557856
767314626547556352
115301272
1118868900484198400
1050227943656574976
16182261
38140504
831118450143682560
1135001481785073664
326521133
976262095640637441
1098911568681725952
1133323162840633344
486542353
2848170622
1517035471
2318123455
920305544430309376
1494228283
1035827399462506496
1125581405964996608
18477298
367588501
27072712
922010956124733440
3158586800
4871667584
858132934879961089
484796656
480362864
2377700719
1135822200177668096
1027616531608494080
750892662224453632
1452354782
1083906719095304193
1119195032572055557
752597374707654656
37632852
4700288609
267825443
1022397107934834690
704282873231237121
1107989608657231873
83223036
823740494781911040
1353259867
69274431
14134375
1128416832342376454
825828658812116992
1130631041109057536
825569108649340928
914493538712383488
2980189013
951572702346825728
927727303895011328
1108068854574600194
914601168327897088
187763403
955431447246049280
829881163472916481
800760858204770304
1736490572
1073035829885456384
1081000693845106688
378259736
1923959160
66182591
778995726298783744
1388572298
1632725552
299753000
2434883976
2742693635
1066252716
1014385604090630144
3081511423
567627175
104011921
926123093575307264
559614467
385192397
822953187447541761
884230295427268608
1116663784385515520
2967402199
1103511431423627265
770362425124139009
1706062868
636216638
1107997022081024000
783529058936188928
735621053783773185
38648816
38566799
3351472329
844138047239327745
310393748
203674192
299580552
41561657
784470155300483072
349698894
302763526
781600661079224320
609723974
635738446
983842775228497921
903593322199080960
26089718
2676329593
1087207604307165184
332965020
937648547029233664
926140076974895104
703952342916403201
878819185031168000
1112613873876492288
2849296008
3051505474
2506641560
1941242659
1121506994
1107955877565235200
1183907521
1106562147453206528
1059978090183565312
3724318816
938296007263178752
2918337603
704898212440760320
390168209
190452232
3062067115
779548378958925825
794462244436344832
4005605284
634913
923596684000718848
3243194459
126341171
1873706053
1732191036
981681813683761153
15901734
742769911
846153740474236929
1261124768
2228489413
704585001573097472
2277847016
267197457
1019449941603770369
632801962
1040115232218083329
172748492
1074924790492721153
41312364
889277413552730112
69133574
3391783527
3232380838
844949574817107968
4757324228
972287019421331456
484352291
2398356840
861964141531193344
2800773981
105045668
3854856617
3345260074
2572906098
4895574216
1337672149
1019263898766184448
827502528
1019590548657713153
1003674890355052544
52835040
826548734238547968
16017521
1935704928
764180271092543488
960310288221376512
1017771166323347456
814969023725182977
1045605415843753984
885977385987747840
3021771108
817266452407255040
605471191
2180633233
3231983912
146810598
761735501707567104
833376066966167552
1080670542
3393967275
1009985101143236609
3236617345
767589976661893121
842184951919464448
2915992526
279550671
934133920492240896
1006537929215430656
828767414435344384
1079561797642772480
97582853
1078086873652748288
1077764520678838273
40914713
138222192
1015111978744889344
1314586909
14191734
2339117135
15186930
896584826718896129
493276617
880455499673620480
619913312
2465869068
3220752032
239073354
1072706151198863361
720771727760977924
281031538
913491278708510721
3253285014
859172053051559937
2444099148
4780092075
1103945466
11131302
2437042466
596354765
2826556069
80059140
27362312
819028390191603713
1888443408
3853941394
1235466620
545362698
1444065481
1833392575
4119020726
1509295170
4785222726
3301192874
371582237
1054583665705938944
1042729382
36363860
2762659997
799622056686002176
105230604
1049966005819039744
2891425188
1695037309
70517840
869977169501462533
280017958
22378059
628765360
88425861
306107164
805935874974175232
1093793516
1599384764
2290024064
1058316220351631360
2540678306
2402497014
54887627
65310811
863781117236740096
1582450490
759951800715784192
1677127723
1214681005
967936507045543936
339636326
28296527
521247049
4856364754
973973594
2154127088
257651752
1101472765
1287041862
16491676
784790210349502464
1057880864770547712
60053737
1057787949662650368
748117621
551600672
2159593434
887242609
1053656419
2786463316
877323479078494213
395237581
748010113101889536
2154461958
127558611
1705990704
2155881368
1048476586280767488
1350715446
60399359
762719912276090880
1056003978188607488
634109297
1053084105733099520
1234835689
23242375
420946457
753613091859030016
1052259378089193472
49270737
4481377235
1014534658460184576
36248931
326355708
1553327664
3294804162
150183878
632403091
950690174
993913676850782208
1049405369003339776
476271725
592358235
330164748
872133518
2754484003
1337118332
842328415
766647415076229120
20828110
388570880
888646019076042753
1043681043797237760
114473015
1046148763109249024
810938240
2761450992
941259963451576320
3035136978
801292754890424320
780217214771171328
1010534825436909568
2972541035
65261484
54109908
4353878783
826443471930146816
32378628
1039512752694259713
787160127103041536
907142934289637376
502278199
2933394008
389895888
867243995939962880
30634846
608568292
1291452385
962314174192930817
964998101298642944
1706981030
145329958
1039007328089960449
3945937273
804272680178327552
3678557658
378827888
35677823
726288590
1038982503288070144
372863204
850277164427563009
1137135674
191723833
943019091266342913
2944651994
1033111082284605444
3223181072
3288263700
2269296309
2518188439
4182885798
23946982
631655257
1030355092275249152
114813714
75937326
2752325292
977845985392041984
908659262057885696
980950129057255425
823468760094965762
283185031
3304913886
712707313757360128
804320148572274688
620593956
1012598787934773248
345507995
3065924818
325688264
866716049894289408
1335366913
4857450832
999345873225166851
1173623155
2653286827
225623761
1001897921627983876
3294422759
1002620665177018370
352171763
983009532350779393
1622569182
2188294226
999878083921428481
4226832557
818543700
2353824966
413481403
561365226
901399945621778432
2568777570
52203887
161425634
140440938
197036058
1038102601
861767210385256452
34324409
2841795280
2414645220
855057222627454977
2631088551
2701073637
947942891028070400
152597932
2436509563
2153925164
995711396112318464
3765891614
625070495
96283324
2396481253
276819143
994668724471975941
2827316918
946379910834216960
987332499553517568
914366199491940352
845654382213455872
2439313181
2214956617
2883988803
870080730
231042208
2987285817
750847031388889088
2360762586
1918882958
1679260675
481569684
919128203796545536
2691075720
197062233
362915200
145623354
63951334
14145626
4682410807
21466074
2307866934
903517830338842624
842819230898819075
728303888
818129577990033409
568196811
3234795033
922928634477907968
905573430
34800396
78873087
2482300296
291531619
226301883
928760400
3645858808
974239746754048000
899728702388547585
1102449222
3937446081
216632770
2341136005
846616526597738496
886157259025207296
406640217
156493032
867875622
278305611
82247170
3265970798
3314084816
950817304769712132
2970258455
958649520
706265599702233089
86774930
359188534
842358761947844608
2888194308
2457544326
2772323634
2401808527
3074946044
2408060936
885882167557009408
3266258420
3180019142
884777885764120576
742436919175487488
933401898467475456
934009644296568832
1086588858
1408449174
725640856242388993
4877243555
599897463
794992162509377537
2949759884
3443329573
927695714116710406
2586733693
2757048200
5428862
795407106216050688
1268982752
54774001
755942615921504256
849130682227933184
2191550874
1385861262
332967893
2774054918
224715866
2715046843
849596865918251008
3232147704
349563888
955233678002565120
1170021114
947529961639940096
44376499
733903166
844551121427324929
931540649874284544
888016688695914497
2866016101
928167152800038912
265522609
1333072531
56791988
1554287316
28023025
2444103572
2203533015
243479125
3066142810
933632682604589057
135691326
2408688637
948492358500438017
876295054930853888
228324850
798607230945947648
941048190941388800
204677840
3168247662
2872961599
188444270
2726694792
174083824
750163907868708866
4016180183
933365380327923712
2910350817
16603936
19449019
3068888053
2804444029
732611818951151616
2803811892
276677568
796518919087521792
156107788
946769353
578847740
2364855036
522519631
432007099
841087200578035712
866426699193491459
720647605873700865
3317236669
834405258021343232
472696935
2207416514
146298160
798656238263234560
917054125896069120
839210202918449152
318093688
2618848100
856815612261265408
48652378
4089134779
770824346184974336
369616050
274063094
394879847
2177496018
347357473
2463588193
272054444
95680758
906230663031947264
860476833686540292
857711337769652224
874347336444588032
754984
492248801
21284159
104721721
2514770538
22468090
1503065166
785237391837716480
3012340658
898546020627468291
902351147553382400
808264550017441792
2281839930
25647990
34540379
280529768
887701595366055936
4224759333
3142912098
836047142707830784
846700141339914240
874321670558949376
2771894656
873377215588610049
284476979
47568235
942337135
2834275325
206593448
4740232370
59126394
757666082052304897
841063115722805250
3243819832
2991792631
843585726818131968
93773437
194871638
2755664374
4171207295
260880504
2930435888
3305763145
3091618271
228433865
206246919
1624505732
29873000
868672706
1356104833
602403521
768976342369071105
294860935
831726136551841793
726305556
216366855
74287341
1412415037
2317086000
68391809
2891781
216496607
1663219249
1682555768
48388501
2158785493
776773550958977024
16126957
157357953
2989662502
37732219
3674939957
4053203116
477545769
1075868107
2959535091
2856342156
721438211369799686
222256882
48995780
864430981
2737465695
708020319764750338
757902592492142593
712269577435144192
1097898625
3306462303
257617636
78420357
2813514115
292778552
3002563374
3000719200
381746423
1672269618
1284521965
2409592178
425340596
794631618
3240143771
618966574
2688531696
818365632651481088
54956437
810000032971661312
2931528546
1109674706
277478106
20458261
732841519963607040
486796044
1402244550
946065337
3365227522
3290762269
3830427194
3380961148
741206209429155840
89006119
748207868
2985957968
2722594750
479973667
1362299294
1117852561
147295417
769428806
145136771
3192827780
2675340704
2999294063
2786816541
224896427
408502148
326847100
817178754
3812519593
706712541011947520
55235098
742548444774965248
1263785088
2204655270
2983779773
35865470
2799537158
306854368
2543116909
553603739
223226324
377971028
320675637
801233354225893376
87657446
2423604818
2872657674
3342140236
520087088
79043124
3795281
628698139
2478729888
1363206528
793560840263856128
306432100
1364296105
3197226663
355450315
338226829
2221323534
767657260810113024
2609944778
4671220489
381314257
219569714
769846998
359430064
2169174613
12432262
2240082486
702945893398487040
476943325
537028278
123055036
2153455128
735170536997687296
773525255981830144
15913794
440743680
30721392
2414090816
434747154
35489632
1157319619
3883327000
1710550544
2412544298
3168807611
112475924
384560318
756052565192761344
4200716788
2176056967
2821563630
3351698086
3256220315
302412035
1859269063
1041346340
1876472126
749779355694313472
2903119124
589486923
1153697318
9377892
258971278
193570988
1877372130
728352151
19645781
1448709577
1894816830
1464676063
337754635
179674384
2433200646
1726204459
98877698
728121149591162881
2826832092
1704906438
3230276933
54856950
41626609
1559994895
2603069150
1486945806
97641692
2411283722
3445003276
2599324094
2318309940
3003028801
2298240697
19325156
2794836115
245869990
2850381365
2578760617
2921262970
3034808015
180967894
21653311
422225183
1088788854
1969299078
2305464854
376019079
3518864172
19911204
269958757
3101015701
3308448954
17396170
3296092823
2207990364
571902552
43020461
711563569297395712
1346487595
1166029573
3013636888
2583382082
708027887375523840
27596259
363323483
2910722481
23326159
19155739
561608343
2435334979
3107789363
757668055
2794546942
2559918498
3358713963
481519696
1641282108
303804147
3186124933
3575760196
26616462
228586748
2436455767
3324292377
4842038789
2823584339
3277172304
142208545
3257327323
4776277148
2207527682
19416598
22421578
2857480619
4836492125
20755579
17160178
19843630
2830555692
3908664221
1372497216
870870170
3389167425
2433052783
748018813
3956671218
561372021
173865377
2900430125
1255085364
585551104
76981621
2740817077
229575976
757959218
127806906
2295673790
25989748
267694074
3524383937
727094240
3873963795
1471096206
61876375
3792317417
2240363107
302147399
397317974
2154027642
532495560
23602600
20280065
2642080494
600029236
365581151
478127607
1144882621
268391782
113152969
1551565164
336728335
88621782
245696194
2439502969
2363263796
19893676
172072075
468535521
18546175
15397609
1492421408
95221142
15684633
35315865
299273962
28838219
506467360
2429315286
65634864
1551017384
558967792
2870992104
3256236810
2906929741
1653015558
1832806106
3310913551
2837391159
3308307708
15365588
36655349
538429402
3305006567
35713354
3293760129
2668359810
1543319982
2387414858
3191529668
3243744461
497346705
2477038759
2350510640
583988542
3089141441
1055433787
463428936
320316891
23892094
14109075
2815973198
1340395070
860675413
804105624
2925821145
17907891
209119275
54100811
3061631535
378462828
50582907
374627781
2711949744
507594658
1941281227
186819929
632592632
1220182032
16685763
2993994029
1210753170
427653305
2645602164
2765880822
2586522110
353598511
3030120945
369620734
559827722
2861464262
2999815327
121978907
280354655
22491693
350419653
93723543
17869160
551825995
2862441010
3013510755
117052833
393948897
2924860811
1018962877
2311513070
1170154944
1545378264
40554517
301842084
20813165
104266865
2838173680
156989502
14799078
31632468
2363624352
10695152
169632361
401075090
561472527
2904630494
475232719
2882277423
58088947
1327865594
364856414
1668539136
1154767956
130829379
253536357
42936819
153844071
104897050
2851146208
369621164
21237486
22844341
231244706
2833024980
2327909557
22135023
147357742
112386661
569423891
2767552191
2572789243
18716851
591594692
616171439
1391797789
332715097
313054802
796398541
245021964
237893980
900201493
53560219
29260909
86292908
575472896
469419447
264138087
358835365
45373841
472272881
2717918222
599927279
46371428
26732222
1708856215
1727466480
2468199924
220542468
2318307013
1868925908
17175139
622993275
890868258
2561407350
2600331601
191181692
381675460
134533291
2372019452
26287962
1251420342
274198449
293809371
13318492
2153459648
1278011
1604459690
322411475
2335142808
41852856
2209641480
278256893
587736011
59842124
323854120
234947344
2382989821
2168459394
463195633
19661252
193581246
18607272
1926126834
44427667
382240338
292141642
134993381
74754887
22029897
122973487
2287115144
1621268653
499327665
15713184
415615951
62940362
84371634
30054271
400321300
1400666096
805810843
16174686
1706657556
14819353
419774507
2485495904
2180030328
448476934
56202639
236414313
185066639
276736172
31443503
1282844094
1352628000
2347779074
2251878291
17938345
2346705155
427958206
26854931
2446750633
1192968446
352650591
1405966890
20565196
855845088
48473838
1325951616
910094054
1448304912
402875257
1198515985
1113439933
1608950586
19984919
79489732
151650579
91206387
233278341
1536571813
189253902
1571270053
307220440
20342875
2236601611
2345923291
2362479642
14207863
16435797
255220185
348783351
25981543
2421094333
14499829
2300188999
19539314
484959613
57625403
35749264
30750869
277830302
1489170506
77449675
20373494
73403072
277792348
293418752
20582958
15154811
2251623492
445065937
198350602
322658299
581798418
808309855
16630098
2381380914
539033118
86913960
545535923
71019945
69331791
837693559
17596622
992085643
87656389
52889950
14199378
490203158
23638544
522593098
21992932
26849137
403116484
395355737
2237468544
411889287
456760820
799267980
825314196
224631899
1352962327
625924840
28567809
19146944
331202983
65431632
609714086
19202541
102448827
2370508272
45372777
858668046
475059150
405543136
1938129180
85906238
1380279390
376173030
204323559
2313867102
179537749
2238040268
18194134
10716152
35418170
14505838
244498663
334180397
70349754
518558885
14085070
15492359
16616061
14095644
96102210
175150751
87715935
298029693
285165232
705226320
199360809
18198832
288746782
31094727
19255050
57043553
16619709
2196020286
19711765
224991073
20684753
37011196
455839750
1371668696
2339171564
19108922
751825850
87657092
273984889
95894506
34060482
603921178
244200123
389084659
27834920
613700088
258847118
88642597
541319730
485109912
13787402
16817883
15521075
87374085
2338074237
577364577
2338000289
538342587
59423440
239334021
90379242
275079661
229045433
1306980163
109379148
617811327
428694938
87706747
473058057
482108339
311052101
339831214
25503785
396221712
37733121
1020952663
1530096648
2305283844
38670218
473281149
1732256947
772780843
313403369
15518969
1952243922
2330464639
373415930
487833518
19402238
32372834
16922298
14647570
1093776547
70784139
2338635704
15473958
19767193
222455370
486196943
1673298673
17093604
17471979
19658826
584328028
92676153
622082562
44940629
55011889
197665324
102728280
7748402
950514937
40472886
2336835877
581012668
2203194241
306120377
1154354713
2330004972
177227740
165622311
105973401
1325304444
1662861522
309743396
860391206
2337315346
1069418820
935351618
17156053
1171509542
166022406
54795290
186154646
180000404
1179265111
10328012
28875628
14168032
636586551
117662694
184931891
1891806212
12819112
323754242
18223968
414282353
148825532
339722887
19725644
37710752
19596074
838464523
14879942
1249676186
139020295
453892183
1460016181
1103376337
25166330
882360324
633095212
15862891
493485766
1060545835
