2237868823
52714957
95468980
65770439
20476263
830311298
1090914341472399361
827163433015578624
1234686228
2530698811
191125421
1122772202246377473
734679097079631873
1399429982
614193962
727967991443378176
71008925
19512186
21258339
80001289
20781527
956250134786002944
391839956
522920501
28282828
96997907
14438306
508192094
299776583
434725454
18838558
2884929017
15222083
69137806
104574264
33030256
1144055299
20012387
18106796
22159846
19767193
415075929
168508631
14729597
378259736
17385903
289732698
179129274
1130747594706018304
3315693572
4875900423
1662016292
90360929
180463340
35914882
198584761
16910582
101798589
1039696332213182464
423132310
3935845456
22570018
3987827837
22140392
413111733
15290233
16987571
93492319
3152224059
237557200
30699754
183334236
251428027
88048542
581029130
621974333
2334725502
28319391
3145127635
138203134
216948028
4122280403
172418264
290180065
70736359
2315839860
34317032
1482779976
32202200
68128023
467818453
1004042806778884096
2993230373
1922225269
3163184588
307005530
24911432
3068745199
867875622
2829615362
46828208
26396117
248072986
21467787
21396909
22852800
1052435842722160640
3960765075
94908080
329171606
22779172
296985721
132253772
2788794288
116952382
15809934
309945349
404283614
369457509
723189924988522497
2228878592
955291799584559104
903710875571208192
2329252147
2937083309
856459982237204480
760426611292327936
585520907
1037326268465733634
2231213587
1050657096033742850
923735481958854656
743524422972149761
2225646300
16977592
350597421
183503882
72478174
17004746
254974773
52765901
34035826
95306459
70725281
893636112165556225
928758856859000832
1134531883
79923701
19010065
18988524
10671602
117652722
19629125
328876193
552364876
20650610
22445840
967898052907421700
1061472287965233153
2187906247
45268666
2881465338
70196896
281705462
120181944
14050550
2565872238
209176493
242176069
999293378
3327301130
140543843
1047734292699181056
14091091
17471979
511402689
2373271651
17222440
16705661
89634510
593131686
816291044325261312
762772181809975296
12418482
764438904284012544
2297978858
2542375742
3350945225
41110545
14842344
13332642
18974553
964097071744610305
106511987
36743910
92717138
63929779
31069618
84185133
20002004
2831190506
30806543
34574063
204279818
806470210798682112
738906146753249280
23032632
26607837
22335394
25629019
80863036
105119490
16305370
15624805
855629378
3392994893
154280902
18730967
472167333
81142131
39356200
966131128175280128
221474332
27042513
421126740
135765868
3253302967
2862441010
16151835
1887710996
458368375
23837900
22066530
229665860
18320938
917958928968843266
235461792
104969057
18980276
129402565
1953612884
2999477532
579788487
18633184
50766313
775626061237194752
3374688273
20605259
17844280
35184346
116213384
524070604
46636964
273354091
21147300
174083824
24646005
268516461
493451679
321523435
379254572
946634029951889408
768636303004930048
18208354
178890944
1708670754
762342324668100608
20480555
2312333412
20794662
38256988
2562352676
448937180
997629601
556151596
15143478
164081884
325050206
152656121
1078595977
5988062
14293310
927013390534328320
17452154
19562228
16847082
2437806571
80203745
3343002159
467507215
1618123422
1192822950
897037856216166400
33887397
333953163
2176527421
835252426265481216
16519049
42729527
880616967324880897
900897990528847872
133880286
149272318
1023646652
19964948
23578176
95610041
376679430
50239585
250316894
37611292
62776140
25298569
1450169474
708894666649837569
888641892442701824
815591614903001089
15920243
95092020
204832963
37258686
60512777
80989226
20609518
384923143
899912210654281729
875241370625073153
14869615
894808568968298496
2292488509
843263416412356609
703375164
3032082945
2903183172
67942677
243820925
399080466
937499232
778536764931657729
308439963
19942371
65167734
23749409
3408892947
360391686
71202862
3024358651
14291684
117777690
17354377
411182266
377633178
816653
1344951
13298072
34743251
44196397
116994659
3334855288
20678866
1275701432
28187205
490039192
860424006851231744
255170850
257100167
3050220046
1561948926
15741820
36134459
155927976
84251789
768357721
180014124
216945930
3033635220
18393773
3246403435
743249839484370944
2862633748
35955968
4876889632
2970458165
6091632
740061609398177793
29442313
13393052
231753473
717996329465544704
93481276
23762505
20419879
15944667
12133382
776196463336448001
2537428388
796076551326429184
766020211355054080
772941628134699008
2329240315
88966735
10416
19279990
19361397
3068648978
3070839315
786533160582393856
4010618585
216776631
22333048
2457672792
107341163
140317619
14739684
23503500
147431076
243525545
101942294
384714935
1422102560
1380168979
22431691
19494287
155876965
6208052
35493844
181572333
723300295430664192
3032173236
2175241309
4909570980
76351820
121516484
75204696
431760830
22759625
706962914477903872
1633962685
3266062338
745504035642302465
25960714
9560992
4553061
121328016
17939037
33773592
433179952
36663339
520186778
709554967254663168
17029287
17431069
122220756
847123669
299112358
3227602530
26403670
216744325
87059698
37895320
2515269100
14925700
3161564275
17787502
84724411
54274523
62121556
250860474
14142946
26385463
124602155
2444728176
166337046
267100344
3320478908
20425537
10403562
16857864
20298328
109604829
83055545
322764946
33276161
183096830
111501157
2851584670
2490469946
183476043
186367526
33825035
30566517
16213013
509239965
59325073
15155074
14994465
10405
108382988
2491070125
14100619
15896854
303210935
444120228
169686021
19114170
20515264
38660742
387491491
182813098
26189696
1091276906
17121651
257216057
238575113
206979151
920296350
920248176
53303554
163274390
313083365
949029948
140719299
1261884704
21654257
15889040
44564878
59042306
187756121
14120111
17793706
86156194
293329773
44295087
112662696
4563323801
4570241835
4597092982
4704937584
4625687418
11348282
37710752
19725644
35324363
20946600
17638368
14655950
14321648
20720530
211858494
46475424
2612310985
42570359
505249186
1003865202
34886346
198830228
111678563
130256365
39699580
35942019
24917062
227144083
26691922
20006373
436232285
461806770
374940868
252352063
3253425379
3000130902
18887526
4185027039
15439395
35944242
28205458
20106852
304679484
16385222
506476647
247141687
253023444
106878278
19413047
19262614
16460916
19323697
388817555
84196875
19773713
606776750
2916305152
33497388
2353032139
35625088
108852414
16319888
331603151
1630896181
44835347
19274342
1258533222
754961216
241207563
2375065424
206956111
19697415
316389142
771370664
2497354183
76694398
1353327606
380130398
36767299
16229735
28037132
396800511
3244041786
158436793
270031640
35437174
1206449052
113002446
3147548527
2755188475
16570090
325692980
3319618597
3135812591
125578274
1303296984
96427803
457330621
18007213
1072617553
39621559
581406453
1003432291
23670204
3195988614
23818581
43003845
100107343
40981798
294149128
516212230
36942216
81063628
41982514
37599575
106372136
46309759
14740392
52144222
19342962
78669910
2226602064
18510296
1679925241
1191459234
149695396
356765870
3036474463
2911169622
2264785178
341142617
2284149338
19373710
297047872
19081001
25403689
120774873
971406020
586459987
180249433
222984161
174452508
2370033673
163819815
25237901
1319384737
169244182
1965907668
1684572968
447627358
2171857650
940408572
2173700736
30706978
6761682
95334657
241340669
425738997
3344248390
31408295
23561980
17919972
2233154425
1603218127
342517509
14460985
2653565682
21712000
1353122526
48091346
18898283
28184986
39626053
25579029
459729529
250557161
15859099
79326955
270293632
20862926
144076256
86848460
436187029
150914816
18702213
978908012
46115311
1152279248
3187033238
203494358
16958346
214298126
3221185328
386498293
346199862
2647515918
1407173880
15144757
308906842
20968539
3029222720
985939620
113571305
58111812
968895684
21826627
17968886
24231531
60918510
150197125
35697878
2891898300
2450705821
2805587397
50981222
68946381
15645639
14599470
715328450
150509947
388761822
58933865
74304220
429409884
53624671
39696536
354860056
61898653
98675420
16911125
620343915
111275999
293853132
68033926
44826728
30085630
78037872
73408697
733966370
64732567
33183588
31021664
52329027
88571766
70073184
84138163
174540176
24357319
29622368
33232300
113639797
1962711
33704304
50811146
75916540
383020446
38154053
620822514
106244495
18935497
19705747
19494097
23379162
19115359
282165556
216872000
242557878
18051348
26824188
18165581
277317055
174348584
238262421
89638759
39687157
186808539
37788669
1371971310
23588483
85862360
103775873
30360967
43504444
67494940
23045383
41106967
285352834
45768474
40630583
23748448
68352132
17503591
71804710
3184866085
3184830656
3184780818
3184829396
2876671574
3184824644
3184841017
3184752540
3232610619
3184770080
31175985
57684402
58245493
60965716
2983295300
102269229
268719454
30601969
38778473
265283084
599870448
45862133
38945413
90635015
28014864
16478689
25407657
20014592
38395458
24959165
39956893
34450688
56538006
17071337
100312878
18202441
18666185
30128953
178633254
226825668
2823492926
25266895
808168075
24609662
24132124
88336684
1249578828
83634620
76533995
2557037323
260062202
237845487
26185309
499454252
507269126
16925631
16339785
26388692
237480239
86241959
24650835
18156837
19564629
21053050
39921192
394456495
2716165502
166739404
62513246
140011683
58545637
