863833670179848192
1014810486888652800
486533584
831469505574531074
51878681
3402909411
257778230
102271974
1173008426
905885911006793728
184230763
701714119251116033
472696935
634065472
344687002
1155259188379041792
936510193214488576
1110189913
387351874
1149775654231011328
1123692876486119425
2845131040
760898748608372740
3334533555
1008811677545005064
757775545811644416
1055923076708261888
4300104075
836911639693836288
1130059524377841664
968692365660643328
142663569
958927127046381569
2863880869
995035763820650497
359197300
4848608243
3657353117
330748408
887374620126478337
268617199
4209098729
1147822280921292800
473517954
879672362874150912
378259736
881100201301340161
452448154
434685646
3582243981
143146811
326625586
253034260
71283780
1025384975267504128
750041714317004800
898297024784859136
2427786757
56483610
834485807746580494
2960609109
2990720446
821721948480741376
3107625670
1083680419709632512
127806906
258281970
207171810
1134099633548943360
1232706212
1135982812006273024
2435491110
1244799158
767240667869356036
1947197976
741280391491948545
1048523204875223041
37699043
819299024
4793659523
2838035806
885674077591130113
793690686
2896449238
1123913074350743552
1089878212212129792
14310841
237026895
802445181647732741
1089495418566856705
1068572256119472128
286916794
1253932242
143789841
1003695242636419072
1603801807
759362276222730240
1047167442504564736
892091623441649667
38831546
903225298493296640
840012494
1054005970307813376
1054013549545164800
557578975
224743331
16923207
3041301855
1113033494278627335
243264294
778623007967342592
847061450174746624
951913630584524801
1138709240
2444099148
948103112039989248
885063837933817857
952595943383359490
904697998952857600
899723886455132162
2717403444
1122454150619516933
933021930827010048
2629694429
733355754900619264
3074791585
525306165
1026392222592364544
795962498855948288
1053084105733099520
4359462022
1142039527
828602335236603905
3591231012
730298231763161088
67499751
3385488141
1077595740
761970320198688768
839143573471789056
1737474631
774063303316402177
1076875119694397440
839095915847745538
915892571683082240
908913839378452481
754937215302631424
198824316
2447816565
4899768143
247232439
2813110155
936936150769569793
3133060425
1021460490529230848
1107955877565235200
33856908
725027503753023488
844291413403734017
3443819596
964449359696879616
1031959846269210624
981339955321479168
964249915869270016
2303542183
1278340604
802665247
1093353697986236416
31559960
1027889220378132481
102668662
2289819648
919487790525673477
706570214788481029
2822602299
2161187840
1082255070564179968
897794694335344640
54766238
833998728675618818
960569567654436865
1036799081849348096
1104212804326907904
3898915157
1138395685949267968
2500689884
1056902682135482368
1059873726395793409
1065342545553747968
1027942256928542732
1130270947838124032
24443703
258426678
1085583989887373312
1132667385247408130
1665831919
1131660982319755272
1131487793853681665
997146233855795201
879177476
976560396151730176
174699973
2309839753
1121052202766884866
1133413217286463488
880523728781750272
72307261
3230498503
3096008166
2991893948
1072262646639017984
1137025216847196162
889769956233162752
1138357374303866881
776170780195512321
3818039713
4525396455
902547334357274624
733641367881158656
742995272
801406295400185857
1014420393971601408
16225227
2231060515
1389112453
732146493319204865
1131999510522204161
749897620567396353
896678325782970368
2315983291
3466613535
882931680453025792
960498359814557696
781919456171786240
873588959133224962
984455746728419329
978228468809977856
1973062699
269755067
755129568579706880
1596123433
1004681701644091392
1111571258553090048
111152469
1047185835257421824
993944996381446144
2409488466
575528486
3710083761
1025450471773880321
4911099888
1262101512
1125290486808313856
1110768987485290496
1086551314547572736
1106022100433862656
1037717509733007360
953690355970519043
833453675045650432
2467505430
109523472
3214623641
989873044024909825
48848066
4527772212
2586522110
922438077292924928
490778973
1206910104
1112397075420012548
786047748508221440
1103429582550679552
1115302949960474625
43216380
697351149834395648
924954710
15685804
872094288
1044856240864727041
1072402032
705117572879015936
3401319615
3960860532
1227441024
436186525
789397677108662273
277678342
4771841175
2272640742
125685714
1519472228
1113446115515482112
818599325156737025
889654548570222592
783208571647496192
14075966
749911830957592576
1010432906156789761
3431374869
750724296138452992
2706352196
588517049
1877372130
974998599238062080
1092533807197106176
2324352938
71229689
1034029678699401216
4718866946
735121090574422016
298278488
480550873
1090527955640557568
385522168
1103812986123108352
1015154224336982016
1066339237195390976
355036400
960622908849696768
779297126597726209
479089281
3711316452
79012735
960528305219923968
2522895488
339918296
288195018
335294738
931965170372321280
720254167
252228778
209638014
196931562
857208085940768769
975756029999886336
257984107
479409071
3396881458
945626109302976512
762899323
934863044542386176
203420880
611126268
1093870612857139200
805792597885206528
1089302193474277378
918776688531722240
1226983531
1089946880111534085
729781671420112898
1084863740028354561
1091437851831660545
1091006669344133125
1091330535715229696
976130443278999562
1009194833087467522
1093883972378152963
1034399886177910784
816637737054994432
1039845737436196864
1083120177078620160
1097202834
70614980
33854653
402585658
1092489692317126658
4852816143
947529961639940096
973920572613758977
1097232616858796032
1001877590192377858
126336452
743294643127754752
1093816117527601152
1096810106988228608
991730343060254720
1059434009493684224
905209404219432960
145756386
1092859140672835584
1036043443041005569
1085511817105981445
1058769174355501057
1022945312
964474616205987842
2718646354
2190170011
824267780715323392
112797735
907534014902390784
985803441321795584
1051239054203908097
63542428
607183918
103603877
1029892256
2296283035
963964672536805376
917054125896069120
484443968
2970723568
1062006100055244801
1090241988014661632
1561424034
779237563601129472
836370398
1088485566809817088
1086221430168141825
218587908
1031807484254724098
1551091062
398449123
575647800
1019617311009968129
290752884
765381253071642624
2961944590
1073357761365401601
1032496897666084864
2316373236
2457239742
563556601
3781139836
2464872344
743559908939882496
574900125
2439850506
4227525286
975109001934450688
1064234536098250752
948515665480224768
2237247044
554203026
4217407227
4253441186
770917405371559936
972312126
1072294396991860736
1078855534315368449
1075881354846498819
879413350408605696
1075866113869799424
474088850
541008436
3071799793
962750515766579201
703214613320622080
2885511245
2800244199
1015482436615065600
923131552078409728
1018955219571494913
939436385781669889
1014978503350079488
781082355507326976
1050914922249547776
1042806094060572675
52548757
999648069296820224
1047415631153434624
66531487
42641251
30904889
843863064927703040
1362299294
177467662
2931160138
935235464168198149
6386372
3586295840
999345873225166851
1059440914240815104
22983878
113684490
2688504309
998256359459184640
938902631640055808
3024863638
340326578
60948170
4227452777
2541944000
454683334
2685697008
988921638
1015597891556118531
940008692635881473
1186702928
710907086
799622056686002176
1071200293738565633
1040349645724102657
394312105
545114718
1041666704789561345
1069518051417223168
997854002
1070792761631277056
2270659399
2837965342
776106957262520321
938089123306491904
18239725
551672284
3206758347
2827699340
1039103400397422597
205387758
1032699473753829376
935607973950509056
4142798417
4113443121
77980211
2345812473
4066485802
1050043870430588928
1028002241112928257
747104767906816001
4743935248
1008711593507590146
2442840726
1043954099392323584
964533589013614592
370724025
1035208823001305088
1057660352094134272
968999487304863745
4259947878
2993005518
614416340
494105997
134927754
2497282117
111426281
271287419
1674181322
1050069547691241472
263353247
2246346446
407770579
160201609
109257819
376509542
4518947594
1633170073
1020967464144973824
1056147617867055110
931176253322706944
780845945944629248
116541776
751872121622695936
45591929
1054110555890425856
721210506
935230030237589504
2401808527
2327909557
1018931910201020417
322411475
3881321060
2192253985
317080711
1045709413535895553
1721605364
331521853
973168315093876736
3240241701
736792379097788416
770639488645300225
927500719762104320
1679143159
1039591229091209216
60353929
1573527428
757979726912823296
831821306819706881
4471343061
31021290
762980445525082112
2287537660
1050131978710859778
4398079892
748363707831427072
820000862164709376
726962439112151040
821005643553402885
458914431
3386233793
918173162872848384
962133620
29970376
1036168400702078976
497372884
1039927431233191938
1034372420948373504
1042226592724840448
992069441163812864
3500679317
1041404215489323008
1694576978
22356866
2496927535
922228051345313793
1087191709
1025427551588638720
2798139072
4320893007
445440137
84309535
1041284562234486784
14207863
4921336084
3903137779
62562722
861536725339963393
289184001
857249140723593217
2944351306
964910629986455552
2375523456
1028739137896099841
753549006299598848
24215031
102132252
1135404980
898163634425253888
919844456421056512
934639309331632128
1033898968592334849
706979704386031616
1031964616132321280
895405566117511170
763452859652403201
2798873679
708779774827692032
628698139
3380961148
344774595
3365227522
2930435888
3290762269
2996045632
821365549091405824
738587018192556035
2782504171
800760858204770304
774225553339670528
978945332875878402
2555773283
988750747998310400
3929606476
1027130559342960640
707592612597862400
2505216187
1025480091537760256
884595972591861761
2411712558
1945382508
920532582323777536
1559024245
16009745
1620148538
2160993004
1894841064
533554803
311662618
776377781483634688
3891607936
632323844
1388496048
833792732602703873
925042896465784839
3673546943
448408740
2482300296
1728757632
760036083249930240
792367532749512705
186370889
67388060
4017420196
1269271525
2967819555
2987813621
921716469062189058
913269964613730304
781653795004518400
2915153565
976262095640637441
859714717828427776
991272290062086145
2791761488
71198959
2401777386
822460614937296896
987667905071538176
272305045
3534207017
868711803290701826
747970136439590912
984579778626904066
4473564945
804387326
987542174
829036612461928451
797775175198580737
245869990
838062439631577089
890188723706630144
831726136551841793
4689372030
747977476861726720
959430399133868032
482290075
1676557724
806598115201523712
3190867958
1014723647926226945
3232380838
4777767515
19518147
88085043
1490039791
39174224
4167525304
409486555
4791138977
2360981360
724647417635688448
908075733351727104
108691306
1005431610903269376
3422560750
3429692175
932607193072984066
1006663731663663104
1278439573
67024352
335147962
721438211369799686
82109690
871659654698344448
922433540544966656
863008747467177986
728854531828764672
3224555901
36248931
3098112552
30465471
900424642426540032
969162363596402688
976066334395117569
3101015701
785343632
868133366243229702
884899682383802370
3018077983
777142978200629248
2915661255
625964220
2876340635
278393634
303804147
15246964
51754277
971424066799263744
441178723
823221319940665344
965987746111160321
966596215210160129
982042810814812160
840157926123741184
1024470068
887678591701594114
63179315
113128934
95245460
885222162956787715
978564342839988224
703260518820159488
986842813357789184
987294662418423810
84382638
63185570
917653903797313536
2495422695
440985828
411076507
1603594296
871752513741094912
958079401878544384
835024452
1486740432
853822093787451395
954821541144952832
3324037438
976903769895178240
25246979
869587249402437633
788805689049309184
4149564505
316217730
2396481253
3217660516
827502493080940544
73423299
466720413
4861915875
3192609028
3302298698
950395384781787136
2748718819
822574287131394049
1637256811
907665364154273793
988802669010710528
59506278
741336421361844226
850809399966924800
142438271
2562541716
327522759
61420177
18020612
1900514046
849108131518881792
47616261
2260527277
958078132946460672
2391280207
2196649856
2901996996
42083430
721947162
4406587099
924084768454651904
726889545216724992
705329370194382849
2823062315
816283113320050688
27983273
732869070815694848
1449414956
2748592326
211936468
2842596337
4854643529
459572763
1252553646
1280475240
2841894671
3403917455
4212588400
901040605668794368
3065787695
910121486194790403
931313448214032384
3074536276
2821205806
750892662224453632
487812528
2612173261
1490475474
816604553030340609
1053656419
935932603957415936
1864525388
835259923076276225
791317635820613632
2308995876
837663068846972929
960801470705819648
47594415
1850353416
783965762167902208
116750387
981119924591583232
3726565038
978954226024964096
790364255967064064
873364846900674560
3158689771
879353661452947457
48599945
620761847
2751101232
858900275154657283
930097871927566338
964913325200076803
946710794217181185
949154557354950656
855962907108036608
934064682079485953
3298975755
2971923808
719636770980282368
933257512207257600
922847379719639041
931484342475460608
950030860077666309
976974556828225536
2258732107
931495498170675202
3319655667
876295054930853888
795361790385422336
969519650060099584
2966944246
1319519688
701922572145811456
232346557
756306992831008768
772482834959310848
2790694369
785467652114378753
861964141531193344
776833037745197057
846416982941618176
2957273387
878647369356759041
718923847655776256
2992426599
725543183858458624
4773451583
205195655
732266449
1898724552
2516472546
776660229530329088
2923130370
2658107287
2651212470
774004425388068864
227422194
3754727299
883376604822380544
862300715322023937
2334312247
429310263
150970399
776765734902964224
2329402710
4023561796
2834123327
264973284
57319246
21743590
389414784
35307491
351758515
1402443632
787765068
4785673319
2990939882
3249274501
566724856
725492101018836992
1549185673
3812519593
787058187358773248
4901581254
3189709418
889188163620569091
1571949493
3014066924
3834912673
3120631297
40019814
912699177355890688
836297490429165568
4092210865
3936394755
957549421826396160
726866725065637889
4705053615
821356367835525126
4033311856
258397095
326629977
313709440
898093159
386734406
805823086050295808
778907812810330113
833497055448309760
952956614071504896
14333754
1662057727
1003904809
935487232277917696
572470115
196713565
120213334
771383605
937351929499283456
948552829
19903099
803741291670622208
19472578
31237480
718009445863788544
2618344414
1394399438
2247801741
899159130228891648
3251493310
92761302
1710550544
1275699072
2798678043
3882015555
306432100
2668359810
2782130257
3007876401
2485293444
720029009245908993
708020319764750338
724629243045535745
3153749613
830199217654108161
823391984618508288
2998150713
757902592492142593
793235115648360448
701774293173010432
3306462303
1206539784
712269577435144192
768449019160866817
40484978
774728543410454528
949802979166736384
42882133
627948707
843032657474850816
867722765918515200
2999438926
1977800318
17153008
470976631
33804465
752720113225248768
3318299346
235734869
73750671
1415475320
123671639
1063496552
51806144
1886838235
470118781
860456383
1225346707
811715340
3091298573
1108787233
839590144378187777
935276386415206400
3089872277
2502562584
494410391
787968165028454400
974855689
941619754548318208
937469955225849856
1280961308
799215067346640896
794833838774030336
1735954446
2755664374
3106174829
92692300
54100811
2818977844
878496337146368000
798190837930672128
821002950285950976
54637505
852656842308284417
937830627474395136
140137815
1732534783
263421212
56863383
4656630863
827447414852374529
2872313750
826440918777618436
2778980565
854268772819103744
789945720958746625
1524408044
3972295762
205838503
2993673090
1959324253
3835048636
453501256
720141566841602048
904039154882895872
915303469895913472
4716096808
883469662775894022
726204226620116994
18768534
807387996806901760
100824713
880552808918827008
839301204836511746
2402135329
419989992
724351093665325057
918883743644962817
849661314796572672
2327417043
41590378
1280984599
1929959580
815187427614748672
1774149098
2542048502
946600818
1528285614
330164748
523420349
332965020
148825532
1389821618
217104548
302684933
3092526525
914646826745319425
848866830559137792
316808548
25152378
4205385434
718089116169158657
2648002164
793052806735355905
25597955
821614117073145856
702242644420927489
3893519081
3065924818
779737139777069057
702065919401525249
707874301
840201735117369344
4016169381
83634378
1098267866
141266003
70658420
801527264592728064
890250677783494656
64466884
52116836
2350957986
907979035543605248
905420914694737920
65011226
897815438347862017
2769994652
3166161550
3553844302
877872025846657024
2477038759
2409979302
353598511
770498659431682049
780389292195581952
2926145410
798607230945947648
889543240453640192
795252784727781376
2589476659
880807855049388032
2280043696
763259227662012416
895611426458411008
907296381769015298
4114802103
2561407350
95680758
2786192584
2368858674
3863334400
2568732936
467444967
708290058852429824
376348563
1038102601
4823965522
423314746
874541586687852544
777962042879799296
2426993330
4160274844
3023526661
831472691349749760
847373005919461376
851730524
2792330284
835300632898732032
3091618271
753200711744286720
835961822712901632
902909158764167168
863367643075620865
50382497
859680781140205568
845248364191059968
748499739172286465
3781895547
852515469152198656
838887334410092546
842068938431311874
807580010068451328
865431445497454592
263267917
898122879933440000
4862273771
901622635
822207573139066882
801187787215081472
2866476539
444945609
2269781100
839429839513870336
211810133
860054482247438336
783577521640050688
795020840119267328
225356436
3419933914
493889332
798285953936789504
473281149
190452232
18644906
4178528253
90372176
4601167453
3249511269
22398797
712255566815617024
57052934
67279342
978260300
2577184188
1525149440
706116626
2223338270
2316714836
166344856
426935804
498856204
2446750633
116024178
491559156
1009763912
835107208933359619
2784018256
847476283571290112
3666858867
198494684
104585489
960709321
14055636
501852965
361856018
3174474721
2161027910
1306916694
15529195
372487553
352676636
2343240374
184356481
2490055417
2403374258
3328449561
46431514
341128239
783703145448927232
2355081675
1049644164
703909640875147264
189100457
746107609741131780
2874333172
19889294
395388847
26276346
8665572
16631693
94081671
16632149
15392221
16451028
8665852
21783395
14758257
2561091
703648327322247168
2699500634
4002414802
177316454
341762894
212981562
140804216
2974366191
257617636
2820250640
710654891941765121
1363206528
15357521
4009593327
2854062729
1044022254
215915760
267066757
34324409
89273994
1411768490
2910722481
872133518
1340395070
173865377
2435334979
30220862
2197365898
3070250543
2346705155
3089141441
88185191
2984648879
708758235306713091
1060545835
1372793022
70784139
2395015796
3107789363
74287341
2401860770
1954119728
498986767
827559873000984577
2688531696
341409178
48306484
721707940395270149
355549729
718498981559578625
2164997576
63076720
519683539
41572208
9366272
39811348
586284452
129843174
31354207
399892837
38581521
199115823
268367797
817713067
537440966
424261445
821974585
743129287461588992
423609815
2678011634
3092246435
1599586694
913393358
826854367915626502
827917806939287552
705132963718176768
3323845017
811913062752129024
912190603
2365532328
1393114555
2285415268
915630715
926058746
3807017721
2294113194
3704377397
44583927
3517370548
3817693841
4053203116
2543101286
319060589
2888252387
1309260037
959751828
3956671218
279185593
3323933897
3331227137
3689299935
3400470132
526878028
362317156
2330354066
2420295656
4752471254
3297556244
3836075609
87707869
4833295535
418952630
1146340321
4864206052
3298567813
83910195
269930820
1356271872
100243477
1565716987
3131134786
2413158198
438195809
2208814062
712712890772561920
2339889272
381407000
711524058895130624
40955130
3429790829
3115235764
3178746073
723805622077026305
98399324
552724637
3817655356
3285803112
713678671014469632
733656244909670400
725265778723938304
4105672696
492578842
729410798
3270644749
2661715746
742765427948978176
4923776777
61631547
2864531803
302102232
252755393
15541153
781612899626344448
1534970857
785975470319861760
705905978462625796
269950318
781405548306628608
3438875319
765872447480557568
2816678214
786772253199310848
2337592874
1004678102
712576043140431873
780435799049396225
48460280
974518320
239035264
2792537247
797196947136266240
1641282108
784709169416904704
4348239193
476011670
763439443231539200
3223835397
15964937
4863260408
786348170485915648
797516912708165640
812240615643762688
1485351354
814590032887615488
3301623089
4234335622
3086840691
31734795
805191609960828928
822010055914618881
27647841
3221150825
1214983526
780853509642084352
1178556390
19903342
827961097751773184
4827459161
789475146725810177
721061433388240897
2938531607
2845595351
322643946
787401961163386880
3068889985
859322436
3194746867
3384095860
3235758218
783396224019865600
826084654314823680
3258511790
784085139533860864
221147528
772816975152222208
810946097468338176
229836348
734077157081812993
3240143771
304392714
783580636749725696
2722594750
2745567077
2858415514
726513
781195971116032001
2935065634
740068939
3165124495
3256260319
4481424194
3813570677
3232147704
2409463076
732963686311178240
810000032971661312
3248934491
2383736935
4046173517
1536938744
86566994
216411112
259332426
217403591
1566816554
1420063022
1831596756
1328973661
312667707
768771847542288384
1728972637
790941254368526336
17030680
18926099
2763990767
153352996
2413891865
796350370247278592
320709958
799511033316515841
932114425
2240363107
856943516
891454394
180421943
211802475
445576043
4339667489
886555710
787947037652377600
2901995989
115669343
1372130516
294786717
236913095
3362496771
16590605
975918325
2530504706
781992947088756736
4835634815
49616273
4867085140
3513041014
3907079593
1429984764
3687583396
718369703949922304
16210949
25345561
2561086361
2985957968
3004302332
747519022493642752
26063834
2476231243
736296370764582913
2654031992
273625332
4815546262
744703186909306880
255346428
2741673553
2572809672
516485815
2925306019
720966339549126656
3023202851
786105333307609088
1443654878
2693482177
745824949793849344
765976286951051266
314830088
730735640141266945
51336023
813286
722297810452877312
40019748
763432197277618176
2384950779
3635285543
743857993234681856
763363611066728448
2307470228
733772971471339520
774102419105906688
758261493842534400
770171291173326848
4244722515
2554874090
614139193
8858212
27438655
1323290426
769188695312330753
906638953
755821730900299776
3158351586
3166107148
25446380
2297870515
4202414531
632704519
3909027142
412764134
191777099
2861223577
28979793
3317783211
3030209913
1464676063
3129084982
33251918
184720652
167503023
449872176
726013717931003905
3186124933
700784143316054017
462157402
27830610
38146999
2906054649
2387863932
338226829
2813514115
1206076800
525990304
3305763145
206246919
756347525330710529
1296471300
228433865
2534950746
1013578454
3785586552
4030710669
1647844802
770230812
4016823467
355050220
4037461816
752896350237388800
725962346582183936
78625347
16630098
190066777
757711275526938624
14315537
756512511596302336
1375529910
2790121175
25134868
2518596950
19940791
3221536382
717149542789947392
3329500751
28097924
933500851
716155358612484097
1140683876
2281259504
704933158064693248
432007099
258847118
755342945541390336
3008726797
2616084710
132063885
16017753
4851325574
723958121153060865
4753830673
2664955759
26775098
18049879
19712523
202211958
717725420
732236635807551488
2214138864
1136652464
234145642
1408663818
739759748145352704
29873000
2984472121
548655837
3304913886
1543861945
916957915
725935387307200513
706941503302664193
3141919198
143909021
179149133
2271303650
3061527387
202542618
2221323534
175176750
3686398876
736143948327063553
2398625900
1690412382
1101161509
41400946
22905057
23232821
22531295
20667335
2989368375
296297553
472852148
440900864
54901338
89521517
2751959893
46072277
111555168
260685403
2853639446
2351800310
2811770483
3460333274
54277378
329198242
166267995
80212044
3245728496
398113828
16227629
4200716788
22245277
4904629187
4904438668
3851509275
1872986773
4776704596
3990937828
18996872
936666654
96879835
421274906
2294625258
291792721
1617524918
74635236
3150544995
855106909
392987060
87780277
379813052
2279375461
1569893648
356587119
1948935782
295602344
351946390
2321283510
1708744208
3158695989
1083143204
1640343302
23352923
3636871161
28099702
619222997
3235591346
4351355421
247378651
236478999
4697065178
401420741
2842631795
4403955503
3524383937
3021550013
3827860041
1705669368
49640546
3614131103
3092194134
26376460
207043580
16619709
188444270
393020169
404305400
320316891
221403680
2815299063
860391206
755252174
3255671017
1325304444
4074846227
1883406973
2745226392
482133423
2693270983
3255926772
18895192
250024481
40079154
3912284537
206593448
475954546
44425357
29169161
20604674
15309072
28237946
529218984
4098399148
733366621
17938345
2336098276
47681555
2895983004
295408648
484415967
2623230575
3371186242
1568160313
1688720052
3729399257
469362502
359867999
978294234
3487256605
704814349
628654205
599445767
1717315062
91206387
22029897
1156916180
1156913352
420200687
233060965
3344302349
2294912978
1735418180
2411297958
457178711
3927093741
2787968323
2546943558
1016889924
608398548
343232371
1153659588
1108612260
2204516444
76385501
330860720
488802767
2894514988
119440033
72892920
71098841
74974793
2907030545
76305413
169053175
86913960
2724516488
957524712
445749337
77711880
142136399
1167222458
169858305
2678236062
2882277423
40001204
3526930817
3844997008
87278028
295338833
1395425863
2367314384
1964908538
224607656
3834953536
3313766453
551074828
2767552191
2771894656
63135089
1306980163
226927271
1154894766
3158274223
2893395429
2459956826
242895605
185144894
853897272
87899230
190648901
3182316329
265276284
31384630
176377488
1303145108
80034402
928122955
970656350
3247401481
1238230009
3051657986
2215842863
2314804407
2919772936
2722797698
2805023176
437564646
50219768
2833453303
133880286
504853770
43020461
95881470
2903369911
838464523
630141161
2574559213
2164851697
355338630
2893887497
115084463
2237046830
2203784582
2753824650
1686241326
164345736
2557441026
2811455581
607201060
3250828722
2904948021
3271518397
2491852765
3376247981
2312165800
24522700
3036493696
19441856
106398036
946769353
47611442
1526117282
2696043308
3092746990
600121396
2455687826
3202855067
374627781
20040886
3311739423
1595414648
48800708
3166741731
1706045490
147696312
2561446608
2813752458
3317663067
1029667602
1711073353
3044991139
3029455042
69067156
191766825
619846976
287590905
3016404898
2857208846
2868581725
3189582296
2609650411
2613545972
2609272351
1668121958
3066408565
1862392093
2608832424
2669237954
486551274
3091194851
514727834
3224896912
8224502
2956650433
2324009414
16922298
1510992662
2925840909
2925821145
2987285817
3150900694
185716178
270325488
174083824
29445539
898229894
885437054
970818870
206275396
3233312157
482447238
18579723
281963087
399559862
2798810726
1209121578
1474740974
2874048166
3096949911
2568777570
2772919501
2263618774
2646712256
3186708944
3186709046
249806750
1362209486
597924995
578991574
904800793
20661056
229963644
35728079
177575549
2978209319
582185202
2990332588
2287975409
2247215917
2865081953
2293118016
3036654293
3033034389
3027351737
980699918
2758652351
3041009133
97109803
3046760594
3060055950
2880899076
1665404540
2985802828
3121099432
3112139238
3126690549
720010657
3135901282
84337252
2905348780
2951385965
15211949
977995758
590813151
900449467
705837228
3120654375
365203037
3120900970
15932734
2221690933
3154338182
385097105
2194090250
3161621214
25858488
14466526
3150945592
936390450
776828046
742798658
330055239
1378590138
2553102433
382934523
86176601
2680119205
1893972752
2602485020
1668275161
32056650
796398541
2442208757
1866073410
1903866691
3005551278
3159399123
710929956
1548091620
322553039
1730628265
606549267
1851134198
217743781
2272856588
2460532569
85337244
576268935
29292195
30547095
732560526
1134777486
38789283
245638339
38159069
72846270
18730773
802266372
1725593413
561149677
1209380952
516591235
526610679
525234484
498858187
338407260
36328963
1058754396
20106330
1673811972
188901261
116480271
63532749
56791988
104266865
1058139782
33504087
523433085
183660651
38177845
1696109952
1968965077
938218356
1064822851
345123454
307838249
450009951
17535273
459299546
1048894039
70091391
714824404
1965594678
467818802
92744755
104759192
126648937
1221626335
1914528673
1069418820
1000088682
301930567
1856734146
92027622
978152190
261338066
180668837
1379662802
37911594
383916089
519493182
1007481320
297436821
929413796
440830136
1734894392
374148642
109379148
194625337
18381832
19332405
97559392
443280384
243241312
49013317
85137828
1482070027
38748284
2261750815
198775697
2154753163
2208790814
871698506
148715590
533028058
971749614
1179265111
1352897346
1587088213
245804339
445065937
324401603
309743396
927428066
27840856
633095212
398210254
2317134145
45439189
316173689
1569934735
426932939
581534680
419051172
770368572
770172865
914862595
573878644
1329402444
105230604
757268462
28918647
24457744
1927727102
620844329
1620857322
2163600139
787939369
1688454416
180709447
2167726141
324599106
499396922
66004174
625588793
741477042
133062068
902072263
346465893
441774035
556278383
207070869
1423431932
20604228
76427295
1672437800
61166995
329352422
300140002
21127620
102087933
410250082
74110421
387083690
76979926
569423891
93773437
236952777
747016724
285049799
17222625
2232964002
102964618
1842639350
1911127316
302412035
1884327056
486929045
26296025
1700471420
508977875
19918353
609464258
613407737
702031579
609715457
1226814872
485195397
108373657
120457342
381314257
1673396222
610094076
171689825
141170083
339454354
1212077382
198584761
20493179
22844341
1657915478
44261504
265507777
1360995314
443162721
2305283844
899397444
1887615014
745610563
112475924
985704439
1382230009
734793530
1089242414
1432422163
1684291081
155719046
39497270
2355457458
518123864
138360455
277431177
496393900
23892094
1446870289
1352420299
47941902
19509644
289860300
372159625
1482761672
2200367588
140317099
475832234
1285704176
59211281
1932203233
186391235
621507832
2295070758
86268468
2255218795
1278011
360484447
292141642
490440078
1648623272
473355030
107769150
21566546
278583063
21654549
2243689477
1192968446
2313775850
1413879883
222799975
16095519
550004757
23521469
255351902
1689392222
359418199
1212997022
1359653610
265492080
274000727
259990583
1643827760
607881615
2203509619
1592823690
1242347953
44839034
564170059
302147399
243108303
934182889
624890501
421785951
571241349
544355487
2414974064
2427877663
793390442
787111596
2440163671
180147957
2480391774
2207389554
1105862568
321226829
1832050212
2510354965
1137972612
2350510640
46383756
1131609012
988976929
448301794
467890008
47584923
934704470
2496554520
132826243
1363772713
634943599
1273482582
104606913
312088325
384198208
25080613
236364519
507391181
1220950261
2474428616
597330065
2522187603
561997266
2440367625
969960007
2542584732
2453474300
15242547
1078074846
248377113
1360157540
1074533450
1527231168
208180865
161497413
560089262
1252618880
155715522
1872377564
1690470391
2558050878
41852856
1026691052
1400741599
1107642668
632801962
949901322
1308801499
225780387
2320917588
2370114460
453482473
353139378
1107736993
1688296927
1461280302
1730982649
862769305
312239157
2461044415
159124769
585326315
2354639892
2672217566
2456577548
2511666194
90838531
601293129
1427424133
622237006
2547576627
1594623548
100344718
398433565
867812654
540516884
2608190996
40411094
2192072359
842669612
1285829322
240269078
231055503
2780659520
2649251888
2804153677
240484546
2588591737
1900629534
19790740
2695651339
403116484
1490781727
2541485226
1867845302
505674494
1064049110
19911204
2209799083
474823395
2806272480
2838359432
1627364341
2592820874
1252196444
27021858
733372734
2803534123
298709411
544447745
2585863458
620593956
246866596
19427121
2338771688
171177649
92213623
2784464793
2795959061
478868166
944008027
730204110
2213892355
26109463
1691141006
900201493
726018492
380411305
16779600
359207891
2589517116
1683262669
1678667264
583385227
50651221
985876477
2411083962
2882938323
228886262
1145550002
1629716526
359269765
917211276
69710893
182302692
1090311026
2427562819
14757999
2886734565
387334680
2779844918
1000644919
1874504786
1949689806
2148009361
2317095283
288306686
2320690482
45964106
1488678638
2546846304
1599970080
1284199292
2535200888
2282419046
2903808579
1706738906
1684230956
1307256163
2563315838
2741370864
2159843300
485843166
413714188
427105520
164625954
343322805
1543319982
562495967
2714351574
2895055576
329914568
582709989
742424748
242962797
2755911807
1685767224
16244372
2281665829
2493092454
95698220
15185534
267256091
1640454912
2361422794
310736229
116049140
421744069
2458393958
2348101724
153814910
1134707328
169913717
18164887
2831590148
2951061839
267666014
564557931
32898335
63951334
140052621
1096453344
408356484
2164559623
462578542
242289744
48012553
2359214462
538489875
2162604842
3001513096
2608600369
1691463276
3001243744
3012340658
26467798
1573697186
16223121
1170154944
2352983220
475232719
1551565164
2786348791
3034214643
191090628
2756460502
394268655
3034275640
3032843506
1415740117
1433039906
2262778207
1879398085
1097127420
2964650969
2961758979
2849588205
869546678
3008713792
1288651682
1367466000
2877057597
1693664520
1953994832
2918985174
2876347756
538149729
2906326684
860675413
2283370375
3130039508
3154070753
2496500576
463046415
551099250
2252850199
1377268357
3091214290
406513716
3118119862
1653776084
2998658351
2696727835
865346112
582249285
230699350
2784249184
420697419
3054505016
1522917078
2416385275
336015810
45586617
3064697728
53416347
1151462532
1411274497
307361738
224715866
1227722352
3063982102
1695955956
2709392930
93604170
597530711
2759795537
457870166
866128902
2848931345
2956907164
2873971508
573752878
2913126054
2925289201
853811094
2527195346
22873328
2347524750
626578438
2802471069
2991224237
2987122924
2986487829
232887680
441822567
753210098
720340044
3027868519
3020299201
2368768202
28181759
621353919
102389906
1652715750
392463691
2872657674
2991170039
263236237
1666321278
26849137
1261841623
1405966890
248716571
1692098880
110197748
34717390
269839047
1481512880
207736139
16030374
185234783
175756099
2987091983
104453073
875383045
1183954321
2295576116
142044559
930331274
522593098
263084003
373874606
972316837
395195718
199222248
180484829
2871395529
356021479
2291196909
425790025
127984917
2758551696
541319730
2316290256
2944189174
2195838680
36452048
2415178111
33842146
1244782736
1002676568
155484697
2179791505
297246121
31999403
795214586
510282712
509793099
1919913914
2590820124
543944701
2307583382
2666894965
1585900837
551486488
1933754684
44330701
8923182
110311651
79313210
1205015173
44181361
1245754460
2613467576
295089111
335863379
529727583
992085643
389529702
829772340
29525099
1017557046
314217400
523379370
2748633791
267116475
349563888
229071355
2924956993
190181282
53614847
1469896718
32851760
39308951
15838767
22819917
255489796
711695708
20956102
1016613097
808309855
1234835689
236785669
581798418
484416898
1025287742
786473418
1727466480
2433052783
2168614538
1290991254
132139684
19955714
2747329752
35865470
253099207
223226324
2899105431
431064134
1601156784
2423491320
1290028058
2446027938
15596956
300881463
923091217
2835535992
2732531708
368711188
35003814
2671474818
1537076652
2849686847
1674943958
141667638
761537743
14239043
2830210750
90802551
329279084
953284544
869574199
2395221258
791940565
237358504
304518185
2466428245
1910593544
2419563273
247463272
940744424
1876863558
955145072
1583082877
2161550855
831344942
267457127
17774854
922604617
1491316783
2197567582
84566744
2163065168
2381553288
27671142
1060898881
24811046
1161084428
2430635228
168345250
76479095
2696597779
319641961
18299065
2379082350
2833966902
2730245911
750823638
299942753
2511423589
233631354
592358235
436364288
368106388
4277241
2253576074
1280597161
1353925386
359919502
2381380914
506381488
301920587
1171639159
89153759
239333743
65071020
88907248
636216638
247927883
112978043
1181140134
2802490798
1626147512
2745331633
383353242
381485762
2715701683
1675772708
104539488
16126957
583922853
111605282
71633419
1608950586
2379365293
2406966588
45436858
272336089
1615905662
1344775004
146188730
90908448
105552050
77320960
860852792
65102038
169636533
125047838
1635979285
600391981
482394648
1526687053
162960812
134333875
285688054
247207074
148139611
216325424
971822822
18766296
838266354
1164797808
2765838872
216784951
97450926
159202932
2244306120
2736974821
2485929126
2518051129
2679788734
436061746
23636580
2278910194
20869437
18072452
2467737212
438776203
41404597
220989525
2598668832
92775763
26213308
122349398
27012251
567189090
51399280
174325287
234411459
123211971
75314483
954042103
298671177
392929879
754679016
262344745
572976044
100255844
273984889
548258108
365512730
98159201
245460027
870870170
601250676
361032953
1635262658
588399263
1231805600
297626502
1909144214
2404963280
1367093497
2469436471
2472549037
2258903513
16252248
2473139844
2525807155
2416473632
164236961
20471553
2494289580
928265190
2606006125
2661672534
17555345
589334666
467865538
225806243
99243286
55197603
1338780835
219713076
1883594424
2233394564
21151492
2353805124
618863271
195567901
60917553
1587042187
18028367
29434362
273862860
7215512
16958346
120181944
21786618
17862883
15639642
16550480
20068053
3554721
34113439
14634720
14786217
10340482
27740227
2256484196
152916720
32507664
340331600
19918988
22274117
23068217
123909308
129957659
498865618
1630098625
29967605
20032100
36843988
20214495
15110431
482108339
608201708
126657639
14085070
83850186
404342557
28216461
517933959
34582879
1277646650
60289613
2580593418
132538723
157799157
209745713
1896887292
2641569147
1900012255
239806026
518299208
1491902058
1832112859
2587458908
2617821149
2272859029
2609521899
2589561090
2567564143
2558964050
17443241
2568710520
2598020545
2466173413
2231625883
1242270336
331224165
58439592
815131460
307220440
267336892
19563103
545535923
106752493
169314369
153860263
2232371084
2444578830
216979622
444597430
557989227
633087155
66421943
363332454
1623811602
451730218
906042811
22392231
1965300030
1939671649
395366654
2477537544
19505749
403163083
2283031298
636586551
45838084
553026016
901687686
2542103640
1901738990
450477753
61169599
847176420
467068203
110477541
551007390
798820940
453254790
162320138
393084588
1353755628
148088372
294091156
78579314
407186158
401025324
421849182
439872127
193625274
2220187159
2356642206
134892778
16438248
629225037
621573
83209197
17842366
93601153
854354707
288274475
14199378
175204121
129315347
297888385
62123264
120670955
540281606
493339159
297454892
633002065
27114278
363135186
78905469
123816870
20582958
270843039
7580112
143844341
821428501
326090904
519548904
545362698
463697017
1573916005
121802757
1616641218
45493134
553630184
269449812
484963255
604694512
305215243
2293503504
84281580
18608280
171617558
2203233120
306742091
2340758461
257577056
2354861725
1728335761
36123817
625840211
510196000
1495940959
35562735
89321071
1143105354
103272596
1545378264
84073300
2399741610
453483191
2554263224
763245391
1662510072
85818687
349062804
260476196
2215917067
233650010
257396212
19396413
47331384
579091796
74688411
145217542
17099499
102428367
80293950
183999491
295880318
358396169
322594069
81642794
331574297
134765233
486526123
573341740
93040282
90194595
321339105
97431354
187860087
861380851
224722265
903601464
468406936
378695975
884613775
158306682
14787727
391623434
270481852
882616806
1281420769
594727719
632685489
90199782
1436349108
68727643
507594658
14226651
335101782
21502546
1907927660
104596112
1462946564
869642244
219342673
113069624
864183661
19869690
2214133777
25689270
2336494304
19591396
22276095
579996624
2398055316
2166867888
634438040
2411246959
1658877170
104954576
122167036
14853252
55940585
873747090
549111617
195359446
2233067653
206713914
2446250785
242053801
94623339
1408536114
279057000
2445731046
938835583
1394224740
1908296372
2533124242
2209060620
397231191
413253495
19719076
15154811
224631899
19722699
16817883
23962323
11162772
170045047
1499122825
2319898782
2335464729
497535978
832199996
454342033
1952921821
413105073
853592702
620163817
1152034376
31802395
30038587
17831464
19711765
89167656
1665287646
15752774
18359352
814120669
766940335
382438760
473613033
57625403
195094665
1466721061
1247937122
1278674875
787903927
991838575
46180114
8283082
556008219
164732892
25560731
16304004
145662820
202640741
188436103
59184319
85810820
420372056
45577446
994730755
962962850
161705350
21208560
809767471
96116759
57043553
16926572
70662204
74054929
93424109
49449948
68030903
70691181
20764026
149329919
707510108
968546826
1879678358
49042836
104114157
2395812625
73876997
39522692
17632266
57319680
19255050
31094727
94581683
620850351
186406982
41602172
60862771
36413800
524785196
510957175
483335553
106683522
912077304
194871638
924186024
209539315
372863204
1217483376
258715893
334048260
46683307
26287962
396302788
21663346
100579120
130999289
474562161
828292838
141336598
1196808529
1136773698
587439348
492308313
445200554
291980285
465923932
578313159
222516924
952414099
990850854
1268982752
385622940
389151043
315283506
537485080
771526831
632370722
378969901
1330896223
745810532
110388244
559693051
33726496
128903985
1289559763
434079170
27143501
1300277353
355318108
413977851
776140465
1460984456
17560522
985185752
92142934
171881218
217813436
298992506
1653620917
321968726
380580136
1244956536
1663543052
517930471
154997473
418153023
292118399
1619165023
337648031
354808027
623451194
378020694
124420972
237320011
1535363503
95971072
734744342
116280849
849999588
36651479
1445324233
576296299
987748351
141991931
238528404
87110494
304958688
1056769562
635738446
349698894
507085934
1964657959
66821161
112885305
716947748
816471540
169415220
51634102
1910701892
2279207418
2293603104
500224515
2157332946
36202186
558892811
820945591
53921077
2179051722
356839801
1940147581
226717512
1155331772
21843193
263073412
23775881
1168042098
2189567755
27125132
52275340
2363545994
772759927
2390163337
1642281306
1228453171
2410397190
2408712419
2233711782
2546966823
1217030862
360034197
497768716
197481330
1203814418
2432088217
1952299148
343045067
179398386
350129954
586766664
43208158
179537749
1345702129
1269239299
481800180
512230288
409456871
17491397
1891550888
2470537310
636816655
458797803
987506022
791588996
1247299838
529957473
1643377381
205345945
414198758
572778035
571672255
1357061011
1225993400
120811932
202786666
571982994
965101735
60611576
471884813
279987283
78553349
2344657903
79435963
330903990
49393813
421782852
2196119893
1303220984
24886167
528404643
39575580
16029780
20038221
727094240
98431048
3459051
13201312
103887642
23638544
199597866
16895274
21581503
14647570
19402238
376686449
19658826
18700629
224991073
32372834
402875257
96102210
53560219
184931891
27596259
176575058
40914713
12819112
59126394
20769532
316757647
19256096
311052101
314479556
238922609
341714417
19717244
48473838
87706747
473058057
87656389
726427068
204462765
392844325
374185842
87657092
46452759
87657446
20960846
52889950
18049298
5402612
70725281
487833518
17596622
17471979
304338078
1533988032
2304840200
35749264
59460397
34724341
297687951
255924868
1960368258
2449067900
