520514825
763071379612708864
248471377
1086001021199872000
825823726394445824
74808975
22545453
316389142
2835276183
195409453
505888450
3819073221
1426033680
1651858604
169033588
828942117489823744
444044848
575779402
333730426
826556841119330304
122130797
970872238886006785
1464998024
884158650654351361
1533844754
1275136292
51547100
834205583637147652
3021460584
552621458
586291040
14729597
378259736
168508631
415075929
12710012
21165059
20292157
490727430
16737406
28701175
2155513160
929164546937368577
402957663
2801953387
710865956
1032657426
17086831
5392522
86330674
93121635
62606201
15084075
1024428000727580672
613806968
841724330962747392
1018182129086291968
1016416807232704512
549754151
16310951
3901792773
810619093749559296
1362730236
148529707
723613712783908865
14230524
9505502
19543385
138416662
88887321
40798442
1071437142
919627255164178432
266010664
3060489838
23995748
37340424
1287741464
480819245
79923701
14982804
493427523
2165596296
1317508154
986956174301032449
8865742
383173
2191861
72198806
357606935
244706784
26968963
36007510
13215382
21059255
46831734
2792641067
16592906
22841103
33030256
161199620
187966792
115050842
998748511855263744
1010983588156846080
17261066
1105238883606790144
437176698
50457743
298554828
2992700749
4340118492
47475039
126123976
1191156186
103106629
785537038367854592
21879831
17006036
7860902
63136498
15907183
239796596
24810051
30343566
3185257806
117155917
716432228
14348157
226222147
1048681219746140162
2679395407
22959763
892275857779118080
856596564516651008
15770483
4421977275
2316383071
85165134
1483064670
876527942247088129
2794535639
31013444
872156132688711681
1418394145
1194617485
3937955663
37774152
17494010
1058520120
15764644
5976992
831291192125960192
37534994
946551
169586297
22304657
149180925
1858027897
1880725393
22771961
4207961
18018355
19119809
2823088888
27823585
28406270
117652722
3687721995
63302020
2172922045
3911586953
2534956747
18924406
15585752
625651544
881615056437297152
1026803466142969856
22140392
809892522805829632
95610041
2294733114
307577710
108094234
1630709755
1139106744
1022205418410520579
25382170
580097412
783792992
167425926
108328120
820705814906339328
267915933
22656149
950952511556538368
91125308
286476728
325830217
1536791610
206571376
772802441716854784
2641596128
286703
772610544
24985198
19079595
620191882
225175633
130689753
6798762
17764522
546076148
21280975
15407632
4827655669
965266179836252161
758455531610644481
138203134
716435110845808641
36218435
95073890
46966900
6487292
36137348
47755632
14878485
78134115
92699184
216776631
251918778
342863309
7019512
830908366377611266
1479840834
158414847
16303106
426802833
2828796622
459460766
15934474
636287283
760117912850014208
782279150509887495
474284302
845788208503795712
843556423548067840
18698555
4376835677
33641183
420784051
946549322
17237610
1339835893
232458878
71841212
842550390818201600
27695471
607579159
19386625
514933476
72423061
304679484
3148736402
16024323
61083773
144003355
796389672771534848
181308310
150078976
30354991
13393052
369602017
16302354
142849883
129679132
14529929
19910041
1135159111
16304230
22433673
2421459163
2987915524
69049453
140233086
76480547
382823424
2417938562
790074313
2925137960
3240459912
49759849
874357293114171392
931729996468670469
823860
171968009
939091
970207298
1640929196
755113
27187343
254873869
83367875
771745581958107136
308334301
813286
834081571493785600
473891929
3071162052
16513335
5800582
796910354781634562
241382835
191598056
20377054
876219102
19042491
25387735
38593200
471800205
14681605
14452745
78805110
626608723
286923412
771521
619278612
20744708
24913074
239949176
36686040
248735463
89560236
2400016656
411194625
564000560
824467746436120576
45854669
24549680
314626383
824368251266228224
749507362134716416
824698825499701248
235675226
117874971
304392714
3987940593
3418292123
2412936781
2635340887
468989653
2786778870
20413873
283895895
2861508283
494564462
53313340
1158452509
619240392
177953846
92333179
149590738
24807616
542056669
139162440
1525128618
59949396
267856525
215380866
580466522
2053221
1397134657
790145792
15808765
355906128
1347052286
429417446
17788698
282423354
14493200
22720093
168427822
1059865104
426156752
162326550
242825331
442237496
31425001
17969410
259892619
398440872
400020202
23932737
1181275934
31080039
15649433
1121094204
17583966
26003479
126881128
14446902
200962338
745632422
242409977
180505807
586006893
17107093
17266725
355179049
15859268
11740902
14590700
19725644
510617026
74337439
22760824
622646638
198672699
185119878
520073150
25276728
37010548
133364382
14118517
595970175
1186151
592992524
488012941
18993601
393445216
25613273
177005061
26116830
106873819
79401620
123071061
325115440
23799023
15576772
288395980
249002023
17611596
185338971
374808386
164579732
249251887
55825929
415031527
240472917
126835829
256595307
18269216
331357080
16490790
394331949
392186520
24880649
173669648
23494669
25025381
10481072
317540665
121981388
19017772
251954528
56436152
313607870
20259144
8613282
24345684
64466475
75863742
97089235
107178967
232117109
10228272
111114287
71273952
8007552
207078963
23470225
164803881
702943
156763824
57067816
452495262
16186995
34654972
72831048
254813873
49057486
25456478
15633
169987640
196313872
50626884
126450373
9231192
20661527
17907941
90481540
359174173
38503712
40556806
23860475
14345566
15119140
26029878
17367246
672843
23909282
63858347
334321077
23121414
38232159
227545557
286914331
23690982
66943273
41614813
16597562
19658826
17057484
20570769
30027335
40250716
74876771
16588866
14353392
343476401
14134908
43400604
224772259
64554142
18082219
299958924
266204102
45371222
44994486
166853688
14051989
12101862
19276486
26789371
188843590
287859313
49046583
8984102
16462046
12299242
32036992
20622594
191493449
14718073
15348317
118897783
1547221
16480522
6017542
17446621
67819221
121486521
32043784
352947624
258466049
124818259
180124279
52171738
20492399
18713254
103130238
17796018
19519252
39689218
21897587
128066134
28521141
105189580
15930616
23544596
41204215
15485441
38466083
42594170
79797834
15439395
190643442
290212624
294155645
298193332
24724698
15249156
22686775
15226433
59598109
17768307
61061751
14982315
107198898
24980246
44269049
21823890
18671559
263292498
84250385
108318026
6844832
151207501
26430899
37802112
95241831
143988282
170434591
23820989
18101713
23421193
19279990
61220773
7861312
58740034
68740704
48027925
73448241
16145224
22873323
130962408
5768872
18840983
153475501
89545443
115485051
112508240
15666380
14489367
14170609
18146605
1533411
81501069
14497313
16106608
16967196
71611228
28859065
46763539
18498684
14744838
49761051
18948541
17980185
30044360
17696167
14382311
21523946
55656987
17013072
19025270
25629019
19260016
16305330
12616
30905755
15372377
22677790
44611075
46525534
14514804
41564971
15287423
15495464
31150677
45274216
33631825
10810102
15661871
22511769
26652412
22067198
651583
15693493
24447643
36412963
19658936
19877186
17074440
18749716
14049120
23111586
16129920
23942934
23667621
31069618
29002871
25696032
17049502
