888890201673580548
821066103120084993
2478729888
748207868
636216638
378259736
750022168675688449
2291603786
74287341
14734393
2678236062
3127734324
1144280204338245634
531939774
2887832127
2357230213
2822923440
136186969
2918337603
4890071779
1123403711148101637
109379148
19108922
980767395223621632
872077754791055361
107222077
2699390574
2724954280
3550143733
874292555411795968
2252850199
4902880520
4196983835
2882832747
3226276827
1522917078
3324037438
1655594318
3355569275
164345736
2204143046
838887334410092546
754174904157765632
28840059
24467650
824190260338954240
824320219866923018
3240143771
1636240297
382945026
1470488978
3909175940
703559772675510272
297471236
1392333228
3289552606
3214393899
1006790738
228586748
204012967
1234835689
185910976
2384004673
2634523877
404421070
2411283722
3253585217
3091713533
3302601992
200762598
11824072
17799837
765250931726385153
17762023
607201060
42558652
8779352
582016028
3172826650
304810427
3243796704
4777767515
257739095
1377268357
3257266611
1526117282
47611442
2811455581
746758072333283330
3199079085
359532617
2191274160
2735207551
3357498573
606902925
224223395
2485603867
3241566553
3316611755
2826832092
842669612
2907776741
186899490
269043415
14749606
860675413
362626246
194051293
22029897
74754887
56202639
93464739
17241004
2749920579
14315537
60862771
104156791
161705350
2431177392
382934523
220238525
49042836
1915514191
415822027
330055239
141991931
86176601
1464676063
1264956462
493276617
2312567720
2342817746
2364779197
2327417043
2290299360
2349051661
2293420669
2179791505
18049298
597924995
333620830
2553102433
2432088217
75694920
19722699
117662694
14652230
1479937892
17998609
19658826
17471979
16630098
575563671
14647570
36105328
380044108
25273614
742798658
1062202064
561372021
1378590138
1909144214
1900629534
