180295902
944345845
1149942961
378259736
368929389
772007617132716032
202048021
442847698
717301192892801024
3131073640
4706729423
218430860
20419879
20039964
369103850
846137120209190912
2676313880
381112363
1686629125
527526077
462299646
26477224
240611893
189280488
20661294
29735775
214908867
252473432
552818402
1139805877
25061836
1286168509
57579512
59949396
18228898
39364684
3650257397
781804943334309888
1534075046
21356840
3356440715
3501199637
519766838
529503249
61781260
19397942
242705466
83944544
7117212
35737385
759360654
457105055
2445659663
3352906445
118750085
346742249
826309249315725312
2788089391
35749264
76351820
18028249
3298645873
2792786385
794242208018952192
246301679
25481623
68686173
1735079407
43081192
1024076492
1128257106
408333091
2461360291
2989566016
3784214363
4875054880
790670073505705984
2572779067
4171291636
783606307702050816
745192042360348672
1111061784
742724283831582722
891413648
884169877
2169169544
1643478973
4278833085
79976230
747423834052124673
747706834010710017
40537963
747750934923644928
747837534802223104
745517942880665605
49438906
1055677224
701702165073506304
745279479958876162
404774269
782944208965476353
390048390
610726148
108390812
17185109
87818409
54203238
148386845
14700117
47319664
806133
22906929
250742325
3341259291
593879340
845494015
198496513
1013558329
470380811
1213283748
3909440602
743430549121949696
1136738294
4920020225
226606138
2700647103
3125154047
166099808
245749405
41822696
747417264178204672
745962433102098432
20364362
747417379135700992
581616461
745947887780106240
424511479
2316412300
33875003
431362068
3542084596
22393243
63681020
186978677
2786901137
33546465
171114552
395243223
2938243996
34655603
138749160
43353402
2875493224
898389314
1093090866
818876014390603776
193608102
221699966
21849222
38489678
16949344
1536791610
822215679726100480
500704345
3961592480
743407359196794880
2885010728
211909745
2359377606
9247252
3299177255
788053513
61755229
554996426
891009422
1665439760
148720743
3084413020
2561574704
856227966
20508222
2229971947
2887902898
115197668
3069620847
19855305
156384553
394416044
1729929350
946036297
20990898
82649720
19903360
16184358
62773510
249213131
438284286
352646670
438292384
438294555
2666284200
2415353216
260933431
3902748556
228795129
2420534456
271986064
22659609
88937690
73371587
87447080
1944366589
14266714
369629233
20015311
157509793
20505533
15288851
14332297
3173172609
3385123931
2392488440
1890197654
23585776
556392637
1148766312
2880184317
3058579281
1057968542
88703900
233548833
2573575094
20414217
591612748
39481305
15131310
1399607646
2295990798
419614390
194381672
384810678
791379685
140446487
239863898
393261047
41430242
79004056
33612317
13058772
27025414
322584140
47459700
32469566
14511951
340501364
309978842
15110357
2217908346
24149800
155927172
246153431
62075264
384750529
456492728
618889714
475675437
733300429
1542865116
80685646
304360612
214103937
20235032
399571554
570715775
339662863
31152288
561430822
19114381
289599607
586867644
6843302
57766616
21660884
46328741
231183280
138845026
22242149
2294816904
2461593661
92819330
3293931867
15255546
2425151
20139902
813286
266767725
53043888
2282045221
120724593
3291897329
21475540
1133825870
1964577865
579667622
2923327751
24035623
2842616555
192171698
111338251
167335653
1245699895
185202717
2785959439
2280313958
1542862735
179569408
982659696
200485740
46751590
74991835
106156986
176842884
1331730758
21756098
2553390170
2532531024
79293791
1339835893
19562228
208490036
2439035485
174614404
20429156
36684314
2191131254
28091206
356674830
22124420
49585215
748994598
2785634018
2194401426
396215889
21187777
219393273
253200141
234344628
110113516
786982861
286128154
778336748
20032100
20214495
184756856
166739404
62513246
125403342
15492359
436182619
1184053790
211636572
153563285
203186835
551426814
476311526
108375255
55195309
594617548
37963496
260784447
485756951
2696081424
390287262
163839847
42707752
84582815
162072635
315286990
484018219
63490201
539044350
604851737
1066908762
40879084
1524096638
110403621
275528680
2729952402
62768609
18760904
14613723
15439395
988474993
323238467
48673814
15084853
69695007
18887526
20155652
2250772507
44874400
300807465
1978806080
69298376
819568190
179133685
995769620
39010298
140768149
1207893546
132295107
14543569
76420529
39092982
1089832994
93315494
65007412
156969952
210208506
2541614301
18676177
550306976
189321763
173195708
1394717438
700615859
18914585
94513786
1946636138
336198226
19351307
987367088
1074561708
1499493972
2390892690
2435653974
277596593
1196707652
2237863646
263656559
484792847
227675424
382853387
538082088
23085995
401080105
68954473
502767264
2319629045
43855995
1324962392
53027613
2377180886
1546228189
833037091
435283611
761337764
385503584
118495875
1364414796
2187045239
2578200849
2252171226
2203094741
33933259
193237254
32431468
27013292
113479168
14499829
85555796
110397757
136240652
16040748
532550978
20520810
518634298
187569718
104182491
357648167
20745784
469415873
409903803
22536315
17221627
420370077
300921787
23582990
140480501
782141130
176376005
551782957
741665269
356858606
72678546
52055561
25087685
164244249
119494687
20955168
391004791
222737578
303488599
1344020353
