19422321
160534735
1021697672
387778715
378259736
43910797
758383008
2294769438
1546359992
2918046266
208326727
501228871
750297690617982977
3256659211
1147527828360982528
1147754118
52835699
305426621
4725526294
94228986
22200424
206639544
2414517559
865131420381048832
1459232030
3195628743
559544513
74629807
32608975
839819096686530560
18247160
1155819110594469888
365942235
2699224166
1328674116
36968970
270986351
711555216097681409
575429484
51426896
134793154
3236558747
3192319248
729629457171005441
1100096319631343617
1374135962
18730967
34169085
2546816869
17869846
160773064
158148054
43181986
191964731
256199675
22792313
16579578
928432260
506697533
961229480395239424
567651069
64092459
1138555947989815301
1006419421244678144
29450962
215954615
2153408051
714063625
1379172439
896044349087199232
39885375
276495313
1176777469
3910200387
828943754874777601
3301346914
17302588
1648445370
708292294735036417
500066062
48076741
14215322
917551703578238976
102613047
14230987
256693871
19881863
3308631945
15159913
135344339
977021137
19682187
33537967
72198806
498253855
1511371880
192424439
142036724
867455539059593216
907102100
130998809
415053388
1142053782123110401
801859345969455104
3321685294
918777589237473280
970367123276095488
85647547
1884600704
26203847
9875342
4492429693
950221746799632385
1463059626
3065012398
1344603788
813286
254863082
1095405060748652545
1024329447577739270
926450047222517760
913335104428232704
880355283968577536
811585688995004416
776654577743433728
733206587708440576
3545929161
3298574972
1340324970
174781531
169270303
109334072
89933919
31418514
417398596
994527674323234818
3110283177
1132184097290424320
484194776
837615242536448001
610223759
8878032
781720020250402816
786522769
57364434
2679967712
296274372
17386064
407030098
968194879
184366196
3349158753
1118783209922269184
40740245
324303244
167759169
3099361373
555507888
135109362
1193170387
770650559699386369
357606935
278652369
36134080
25728193
131301936
250529708
355566472
2821330426
3947882843
404337301
58503762
1342373456
4414665203
4832444782
212163638
205399807
883669000630226947
763860726
1622933460
105464878
2925595632
1052220283254464513
734110428788297728
2792755842
4349708549
445586377
1924050589
1143459318
2845906212
1063284455635247104
963056676076183552
339791868
153535280
3759238042
2781092388
238130111
26093
944710987
238592837
28076256
1277906485
787055870488285184
2334077075
933083124707315712
829451219928166401
931628377
834760740527562752
884596056
2473509158
847484979986653186
2830270511
2375184666
18893785
1111277857010003969
15245653
1503479612
35109144
2794535639
4874716671
42036726
18822788
1102645153825607680
29961751
4331098813
33719183
39697009
207931993
16449309
731080852956925952
991573698
39579828
3253069145
97223779
2980171179
22863780
89724329
800936305
980423257
294605558
25868508
742743224951963648
389576898
2983622336
835172863502082048
1020756879667089408
1074139781888688128
959507751222349824
47288381
1024285670
3162459391
247407600
748462868287217664
18945723
961632056106274816
831797306
319064668
90866209
1702110336
98704135
210888934
17793878
2280836953
3407297014
1288437786
779305107141918725
2530287103
825243374
3312317120
36118658
334699316
998781828537503744
3272720660
881815925258956802
102634424
613469003
3302369182
625565175
2408201160
40969168
36083751
397464109
457604984
1577956050
50429772
919387607309737984
25753805
2645497015
1329409206
388285890
434857136
968497471633723392
509101893
1009012670790623232
15426691
1734940808
2876597290
1705521578
20544252
229962755
334603983
810045476280168448
22140392
3115018017
850615634
518308469
1039876442916618241
877724056866484225
1063323407180288000
2196260096
54643262
187057762
704208641650466816
948342019
1623759422
756272184386084864
910380961
1200487274
148593548
811970995795922944
781319587669377025
493139715
2292453175
2835048591
52959400
232285407
915621458059001856
143789034
548820917
112238123
831581928247721987
118071722
933897886869458944
2711983028
429393561
16378093
734411522898812928
3895269897
724657776
434128251
412421032
25754471
278184247
1696668974
4536844403
1002319113136627712
17363943
101291642
15137077
82622776
185147784
633786758
3184011989
19608297
297480401
62219492
127908397
783792992
364427442
2433661986
1043463980
15729673
961168160
822072792124366848
911322356429344769
1637256811
399796571
2240161736
74693590
355666246
306491708
3248097133
104130247
3140747351
29804165
12169762
76112159
3618639139
2466123505
3016632889
750354658628108288
2683931742
127375220
21861624
1542777373
267915933
34080939
428392500
899257349935955968
3836199688
30354991
138203134
2573254512
3759298041
2579790396
773333037731999744
1031113930993795072
613496064
20087684
176757005
174145542
453639812
1059367681772576769
18622869
1050692246587285506
561215080
42496256
1016753147463786497
262803494
146123790
1056155136047923201
758268288342163456
14729597
885594949
91423895
25511340
559652727
17957176
429231476
158681111
32472387
775768446785163264
2176299018
20519164
61338922
264312861
2544041056
893734214
2618278975
295427830
106832630
951547719667126272
702652794612944901
52227189
250307159
575208647
884293918107590656
271499807
14084476
724735311205392390
596907929
84944278
789462536
401368484
1713118033
2400284491
983386579082227712
46470015
62869908
584327313
1485416828
1727058775
2341108710
1271635550
467863005
142445186
330555157
1047165448008228864
169062372
785296974
865586751938502656
1021825972004315136
342117543
1011240134732378112
884447157079748609
821782476515409920
226436240
1382108304
19627362
763243905953501185
2664814516
1013870121474052097
1096179054
362390728
1047927759081758720
2535813769
554709376
1100077674
342863309
2726480794
1040263694075273216
3723109215
92454650
269976145
2153697142
3244297860
1047479185508356096
968041974845595648
2809505531
18808527
1561232988
723172387798147073
22759754
1039921235117989888
986421146768703488
141791518
4865045293
3007986975
2937104326
2479124396
482208619
2153177246
581138129
3233312864
841253076103122945
293517173
1038133267394908160
1970399154
862709386116030464
3857837957
3030403471
856835515450093572
2836823982
1051127714
279071223
357626762
465046121
3075753126
1139338914
876061357073936386
1687742233
46243937
279217847
786099043
4812052875
168617734
414918793
2194321279
1011679992827338754
1016999096220037121
707463510
996089222669979649
376765931
2377128488
1563924860
270978251
24604051
16170860
2617376670
487686112
15409330
853961328150667264
256656695
2503866433
14751995
418452057
1597175274
18983473
875718421480165376
2861033644
255481609
131079801
325415551
915175551706464256
540812894
591920938
631369192
1014428972489191425
74914721
15989326
1933501723
123670791
556925301
37911247
439583895
181774974
22578437
1726231291
49298707
714511930275340288
1482500640
818364106222747649
403660359
2391814340
406362729
944344627405918208
339333191
2278840170
215757991
87989135
140024071
24291804
1548480804
743817403780501505
8876152
41205692
976774856418168832
17220934
104265378
28325303
985409742
3162856536
234918972
576322316
15173291
34288833
524396430
538104730
360470255
355696940
1652279503
537303377
3288712528
844171472
318324616
789045727
334548719
1550104710
789038665984991232
897574230266654721
2797533390
2176574563
927897067418202112
770378969153671169
711888678478548992
18943859
7459282
465628233
4049296895
45961660
3320542732
3000778582
2175021342
118788707
2610182485
4098318623
601922436
2539492413
360046324
29562655
105113029
200023594
867374709935136768
3352809579
813573283
369658636
572996413
526154200
2226167131
3266723624
253925359
19508784
462119058
154249883
18905119
308551011
799995301
958775310148866053
2453513244
701600129166389248
714892836
58321014
2220574226
906374994
788999575
22986148
1055079392
3401407191
1338316182
14177942
189873080
751082317985251328
31543730
47756582
15754470
3116124632
37074061
65447322
3656234241
14911000
427687855
15985519
366265802
353510815
866724419900768258
2340594169
2682745410
849293804
973213746909859840
1102526136
105673442
897938772
961232815957430272
17024837
299781618
911326499067883521
3373882325
763797391786979328
797309742980988928
877837417906143232
2316881251
23177523
4881093582
86711514
606724806
522343425
44315238
2383930182
2153427685
214412969
3586243753
901172009035603974
473334345
29193463
2773692164
2451840349
218625943
2254236379
373457468
1916989982
351269352
16863543
918240500188172288
956163518
137433807
18270066
976353182443016192
4763725522
126062842
953905316642598913
194132774
1507338108
131322596
787187341999869953
191865868
49155241
2497449176
354187880
3386569859
19221235
941111103970533377
940274648415121408
4815506159
536610418
2777249888
583911577
301528910
306893694
589433697
2881172556
707512656
198889287
786232397956206593
872396592
969493444677787648
965015705123930114
964531745893863425
883746512660025345
804857032717271040
290231755
373471976
873259742638075904
2976506999
811862993764052992
963069139115020288
961335489595957254
794607678253199360
476232927
22613350
286867442
718003371639066625
959096935373328385
4781140454
3009284795
307344485
1514112072
3031313298
1541668332
922699377554030592
226901296
48665546
3990894495
2184593712
4001127017
281440041
15432179
3089135931
1934701724
418822293
558570071
3438557002
397975690
6312782
252087644
2773628173
2445765961
56583965
22022531
740854939
522022353
1900711344
3262139751
1007164790
593289567
1157000700
364511203
844913667871268864
26264743
214340112
3058663791
1005978763
49866984
48702842
2744317244
2902992244
927581325661560832
18087393
3418000149
20715936
1129175436
705424076924444672
80611424
6528812
2886263075
293798860
917369675176120325
3994013463
523838847
1267982563
2998274217
2414812230
626398949
920945990487732226
721428470
98906407
885152365585743872
721292347858952192
2804780070
787767375336726528
796104830796361729
215932449
46742136
718738688767823872
918115083007512577
221211398
786627032541073408
401463721
331319067
1074327054
14982804
1139762875
2833858359
255628022
887139324118040577
913035551745495040
278949904
814630194233405441
887795372369862657
913571808
2473650980
214629758
19449019
452521774
19837528
1583321544
349627132
3119820711
278736069
846528280547115010
1372586580
774568375980814336
2812472208
824467746436120576
856312633418559491
313890182
17440335
756491106448240640
208600933
2841830411
2507144761
3896595553
274248185
186388523
2285237311
19340959
2498841984
902797524712521728
1402243844
2888145461
874612869970747393
785528358
1489932968
4685434002
832727321878540289
1447287811
17729873
1712296868
4257669844
2413830314
573686772
2591945533
431746588
306118443
857599841429532672
215924496
792378206
1470321924
4490002048
22139351
237813093
156019120
2335708764
21114659
46335511
97040343
252531143
2340558698
2937648982
768440098081935360
610659001
1894451516
312996979
852156281746018305
867744392223887360
824334459696795650
38805413
1942320564
3430098100
1092004309
30000912
237303089
28355210
437627160
495463485
524588218
2732304115
778575189911175168
405828131
17289530
4877582739
381017271
3139615076
54637243
2374345550
494922535
589532696
1270238612
991275517
286319515
518657569
19694637
2442779264
2821365117
986975060
2271609759
2912443371
817093916
370563875
3342074453
819543366
1257535058
4924021283
2987304574
599551829
2880266506
754682998293950464
2566742212
314244850
16132286
156289017
77235505
720865515325882369
2312341831
1344853884
1937869878
2959114157
174687121
809024131
49741627
2716825429
68212401
2805088141
847424815547928577
278988388
790961377850589184
3015760863
729745712003620868
54991084
177537151
728392263555026945
811229675758505984
66382691
838734604748132352
2456665489
401049647
75797367
823565852922576897
718561470
510366393
9963832
3099409123
57947720
818282957618216960
765556359647690752
1151534478
289516877
109317395
764100824423362562
114757825
101794201
378712751
502197207
53339966
72082730
1514419766
2499516042
48375030
208640090
2365960728
1891432459
342168369
255797635
2966060626
218537469
3320579758
430814324
14764240
5392522
81702177
3303426652
108608706
848905519
4099171
16955991
2303751216
36743910
6974622
45182880
65698096
189376144
49377348
2869021587
1327254528
2886488690
2574108490
272779794
340393140
2539084314
352372793
221471703
15899765
3236190114
263563844
20344740
2698218907
137122475
3335540134
785996674036490240
312805517
784093476711432192
19564533
72899232
759870138720149504
784406922690719744
193154882
80048596
531685674
472341161
216403092
3093139337
342181234
4020456561
153454898
626800207
2733320850
629386201
23397027
700389145475227648
177689413
772894279895224324
282714925
198926513
59049972
97392827
18486586
18487054
16145875
632247295
230240898
223848540
475037441
34934634
1492869552
76693843
373024636
260337090
251292989
4431315435
2201064042
147849987
260873421
509816122
16850401
251980793
342848259
4836834539
2902201828
161982919
3318857819
1364431609
1912142396
3160201248
4329998356
148606062
198944394
423658186
3599516716
1068061242
982294921
725654724591099905
3547267697
607181365
155872994
17004618
74051281
263243802
248795646
1227524245
259897430
2572656817
124166064
69181624
2731676958
1681855998
2294070524
1498918063
4221606617
352260848
1639631371
2177805565
386593335
516927700
1546041438
12413032
338078196
4393637662
606552633
82350437
231071790
25329393
16619103
3299215367
43300047
381008158
373981085
16026103
346716849
3383887905
552163607
138164242
425339072
43119695
364199140
250250123
62736035
57767887
280596525
16129360
3107412927
233777428
302055608
1167013236
1891806212
16785950
5715752
2183130914
349160162
174672235
2359981849
710565500154208257
156001328
1229348900
361360464
1204240428
169627203
355872591
161274031
3891887193
3877924333
4269829273
2658245576
166625603
27648752
593837736
105231326
2931826017
29232646
193629792
31554250
1928871523
2509133126
27849265
550059210
3501367156
2389756339
3026209914
2674885476
954935952
115029839
1483166502
3266824302
481933457
139810516
43174324
200471333
169007075
1855280618
362043627
1301672593
2365672292
30324031
1410393937
1551895466
533116472
1977970711
2207259409
14677919
41805556
3350956931
517697500
1979393906
2364292352
901645195
39020545
4351672872
169856545
1539229615
3816081406
280127588
54160718
35810531
4024575287
3023302181
16027838
1491066691
199426473
3947088795
234377232
122525211
3152164055
2283573187
4068850816
124468712
703758324
11695472
216356915
137741975
384397845
3345405629
3315572537
21026596
92839860
2482052942
455980861
15634728
2207167747
3224176660
70942394
993213337
211358203
1264961006
919162986
586521942
3731247202
30844417
111561014
325123441
1656378272
348623400
1305428461
3589267637
132912041
136338779
305226081
1379123929
3201915556
1224502885
39570802
3188242721
18761665
3075054814
3416684915
933299100
82335906
3385825005
395848183
107795355
1250088126
125995973
113679065
596394340
2751594014
3126283059
3321917207
209572944
68937023
2815756581
35803565
1726851547
19130800
2846820162
1931907264
2552911957
1087901725
2785370829
125986853
54824275
764684670
1435356133
128501924
1105081806
575137745
626881317
194054154
26782145
1510208275
611916206
849529698
3308662385
3280299673
3376190463
126675363
19541930
481272937
3291179056
1278619243
85576077
826348741
586960773
1857099596
175786158
802779709
44988185
2556618073
1708864002
1166606946
505511732
332624154
2849192381
359628368
268474563
1003295551
1390238012
3066095291
150233148
212735740
2524969622
80350340
63441389
28333066
26707450
367253793
508013938
125181345
267129004
1133861635
431857830
3081318022
118952409
28076924
89149231
161972900
95176946
281648346
18458170
58821552
438241243
16024877
917228694
39068542
327652235
16380814
2354721992
1397292698
1539712033
447109835
2841953560
38650624
615247967
1326060433
605516533
319065738
54890394
1854459900
233806913
484972955
47570376
377292128
2863683291
16795628
171691486
110698631
1464224708
78869862
2912714937
106836182
284647429
1475367342
955316442
1704030108
44482736
17137628
153375558
476716917
716514530
2154563352
1849172972
1324083584
19336092
2732983620
579007118
96002147
2984685381
71643224
95673988
2881117914
110207225
37011248
158414847
16129920
39119873
1411239913
613712440
15081340
1544175998
38753356
2411261167
1002082129
545987321
1250049679
23088417
486234331
706825897
624524941
2543494423
2338072806
65510158
2813497482
2168635254
2888988733
47484601
2208017198
2864357277
2803500312
631148527
1173740058
2441922444
2599872517
1378048326
922002439
2354391477
972802519
2330953999
1501725710
1969449174
719775662
522157793
2788066351
2189170238
278611019
278034794
2231031047
31518999
918734395
347936156
558396664
90839033
50072900
95373441
39473747
39980193
2334732225
14465466
243697932
244814505
103124377
40218646
2434191967
957539090
221437490
2189742522
880188974
113720317
486587309
192842634
59198929
117769081
533252351
2353407516
89800206
245802638
1729077721
2789400108
582655576
19911061
24919308
102703494
471165077
119805989
1710160338
174619737
33569853
2717694091
1724370470
240664803
363161160
333050777
2458495970
732075487
21254766
511212220
804181104
18913386
458647237
129619037
295743994
2369508938
620056144
1560507337
2281928869
1633099602
20280065
14363213
2698388498
236111720
477825821
221704593
2565311132
1040179760
277926052
483107974
464878136
288121107
365012893
416592091
1545941264
31654043
562746998
486648324
18243006
2706094825
16109701
990009265
991745802
15521075
21311325
298993329
16027225
1626964088
1633117279
36085407
309978842
18510860
48269483
486629332
2399400143
46388145
95263046
16786960
1196515243
60632018
1434251
279092719
227653209
16955870
295713773
275132657
621318159
16492548
48839054
747440329
1560250550
1511062183
612500655
495833352
87556243
60898019
22498322
474163035
842808853
336218991
22493750
257387439
159102335
70985635
482313511
845485718
20765816
34570810
35757154
183585021
339044347
302832068
294599537
534190218
262178953
1246508436
114416213
277912844
2529808417
78709708
1242033770
190631331
29083969
986359652
153426383
34165887
93710519
742681004
245386306
163274390
27000767
1580909190
620086556
2151250524
1636321076
227471940
2559144163
169021842
34143160
15156219
575542915
17839398
18213483
16153562
102934369
407280334
246809826
311804895
139734641
607345828
1320326359
311801128
1219707318
513594626
835781136
626854008
252618624
125306362
32632910
189881135
2321929510
117403514
1256220858
551054604
33882760
264350081
69231187
367278269
822122862
550261515
2171370474
214821759
156651229
89185283
12609292
303774724
327341328
13259932
60743126
50310311
256444687
21093785
24671422
234691831
988690687
289809062
960291698
1220420276
288876085
103554972
18179682
2305386283
561262389
