378259736
308323748
115884789
248568377
60483082
38751107
9609582
15378041
15631238
3653472373
16163776
3286950318
36088862
23477879
179379726
61636429
1864341974
485568180
1481862912
2485507898
52106449
246130881
23041630
2831127972
296667710
2325252980
24502450
717754718
2349568388
44737267
25298261
1165642526
205542402
787623715
45837004
34657285
128961883
38118014
37982264
1951125085
170026459
1870134876
1227909073
1569485084
1189316166
519471430
41196457
25442307
1456518156
388492811
43417019
763671007
572121883
67333343
54105556
278072553
12103882
24861669
47592813
41088384
706860678
772878103
269935803
20420945
181199293
703308253
569882236
16832632
902491249
61815583
21075591
19397785
218730857
141052723
260062202
38576013
234200119
576952223
140264549
293798985
29640656
906368809
716700846
23683895
716346757
759169950
31255756
841515829
25029434
308180314
585602008
92932981
529147678
550758152
598209512
153029181
808381776
53339966
285681923
297747487
17056177
234984417
164177574
133207713
16123107
106230935
409996947
873506948
409724525
36544806
156951907
30380016
804379177
867229453
133234210
735624769
229278801
227531567
239160456
396472262
300228259
521144992
522608993
17929934
19968812
252614250
508786448
24655906
89282669
2768501
56036036
16834659
428333
409486555
139681091
15112070
9560992
473033627
24650835
268414482
290191987
290174208
289843609
6450322
25087685
26189696
29576445
259379883
31660439
1367531
28785486
1435461
23575322
67995848
14230524
28706024
15566901
14882699
