89501249
840403363
629067977
3224063257
526624220
129352040
508181227
209680981
3090188507
283192515
626510417
8204342
1496181608
14858158
266975216
890328457846149122
259540958
759068652
1121100233335767040
89314772
17976030
29344169
1009577803304656896
46775436
1123967892461113344
1102327962
885564911979507715
99599045
122715689
1399640347
415494767
702853537361952768
3312317120
895814938995957760
1118283691111800833
1108228174293299202
2686017342
3800078354
26665167
3393737009
1045264019928608768
1108803189522862080
1086309631562051585
1439590734
3248777683
15432179
1127539981356945408
2708824621
904869467238174720
742769911
3095283735
2342613998
82034305
541874309
3843002536
801952101622484992
1859194244
1095392480827183104
1067540921451986945
16513335
978671691965583361
885953601067208705
3673672777
61592079
47909049
14681605
899999123746824192
22659657
559945829
14949475
14942684
14942701
2197365898
1128295781499375621
1421480034
788256368
378259736
1091524384412585984
19682187
862047959608954883
793017355664134144
1156704365266329606
2701073637
1480385228
177745111
1375583112
220265157
5392522
14750983
817510395829223426
17108045
2148009361
1080188052365029376
2938431029
1055449773333983232
1076612647305519104
844888072957374464
989382553386692609
21301376
2863102211
108367842
3010426722
864476174994595840
14511586
154638730
1645133150
861321521884737541
890337301
259591690
2435509679
1183907521
39384517
2799983923
915360631250759680
237548529
1002841207
14505838
2417085025
65537597
19907840
1026896634
1418955470
1117872180598059008
1128150273757720576
1013537936892153858
985604532158812160
2990609868
1114978699357478912
44539395
4242060552
715949840610562049
714635611085389824
915344728857694210
258562514
1126627279
750794700865449984
330105456
831578466407575553
1523876396
398754763
3420716327
121594838
204890149
389838644
16573941
467790052
14755254
1132434325
1120890914216529920
249308339
517902068
953096331668566016
2909691652
783792992
1292873774
700432586720595969
846957698
1165593398
14538808
374223270
407387443
1668303476
1075455127551700992
1106692020456718337
829751770431762433
2163424327
67418441
1119189168649908224
892021940671610882
728399812643655680
971258375882379265
729458540075569152
3145127635
2678260008
885146651001794560
2354256084
42914038
16188864
87281493
14448779
1117239146488025088
150203641
753984763115950081
277595625
755349160094728192
2910571290
1378000488
287874817
480930665
3370017299
51519218
20454914
137667935
3288890523
824467746436120576
825153022653128704
60932386
57162282
989629430359379969
33473521
57084769
28644174
17844280
19637934
500042487
1355429886
1130102132
41223126
4887535545
20448698
2355808260
22621879
15393701
722115541058465792
907633142990651392
3243561805
409713189
3320478908
3242495944
1416622795
754860209877688320
4035503243
148043274
21249970
169558881
163436555
822026306544078848
371458375
117777690
498549828
75051887
3223426134
37599351
14260960
599530439
232233351
14159148
822215673812119553
826309249315725312
17494010
19418459
11347122
19394188
2916305152
818927131883356161
20776147
13393052
751266026235453440
18857913
801159713035612160
823565852922576897
574023889
234495211
49661993
49998539
45869233
81593962
49660570
159182191
126032803
126032312
124544375
126033442
121504426
117501040
84390526
78028273
91119211
62719269
116261098
44992814
45854064
45855425
65419678
63966574
70523764
44984641
62719868
66761483
66455220
65670121
65671278
65670632
66454524
66453289
722148054716063745
65672980
76808487
48033899
111932837
45943457
32887168
44991932
88756857
44992488
117874971
18726942
24549680
429350258
247048493
212304085
369615224
298047906
271060845
44984439
57339949
41675868
824320219866923018
824027211158130692
3240143771
139162440
939091
409486555
19568591
354232325
2602386181
298187081
720265901115711489
12378512
1330457336
822215679726100480
967471464
398282459
15639026
2802714144
26918779
710645163681402881
29484644
400210040
47230249
746655611903967232
166707531
701081673681637376
30818153
970207298
2161093885
357606935
737927700
25073877
1881225786
2472895040
849989623
94891659
339933856
355591226
28044044
714535384013623296
700503991331921920
1404151736
29442313
216776631
1339835893
813286
75641903
20106852
304679484
122092164
14140101
165678616
386056280
40262799
2280838598
740895416
7076492
16153562
316389142
37710752
59641483
84838160
14199378
759251
428333
98061754
197732698
5402612
19066345
192886701
807095
157793458
34223570
1849525362
18201450
1323885218
595995896
51241574
742143
2467791
14849562
232144281
20002004
84185133
183554186
208527185
97314708
18918939
143171779
356314280
155947652
402801439
251908666
2577726673
