160867526
1116370079753490432
1073482219929260033
1221377785
1085767099182710784
611121924
344463100
1156140588993060864
2253142422
19125212
760542272500801536
97754306
3289440085
193424490
47475039
146215177
226346115
227780275
15139049
224456162
2909819105
41259104
415075929
378259736
962079151346810880
1694040764
800879028353777664
23534420
697089377072119809
2312423269
860583603666857984
3185544168
960560004712534017
17138634
240902966
9057222
517902068
127359822
967800917683789824
19734832
30409200
56733392
460546678
103075451
2734698015
49251910
25728193
294980090
23807759
933060792425041921
624994513
186201186
1220366400
27179088
3076111561
739441436152725504
18729095
107773189
271676493
12418482
1184003924
222890854
25757370
15608555
152133339
298293085
15857447
77216385
423548238
110189578
45672815
385979846
2828796622
608931014
17974481
917511276036853765
819052336425242629
1032071209100431360
210676765
310307962
433034888
187374837
245503005
156269681
16491676
146967921
3193766737
46262637
922006978225950721
372642234
624155877
14287105
27513314
377125394
1010517098395664385
2534024970
2598791681
213193688
87123445
564511791
384953560
43650325
1308524682
997873045971730432
82743543
43300047
586291040
42338524
4336068082
726459773076525060
809884930415230976
99401353
708872800052719617
886008505
77929503
740782086030786560
2621110917
2697059406
758659581530832896
14183909
2897133670
234016104
914921474179264512
381169722
775336357728292864
33773592
863320472641044481
2931306545
4104902632
779203152637669376
110890615
19762342
17063693
479060147
621194719
18945922
2356657550
1008808249
16355996
15195539
2695143194
1004932530
213508018
846551291371409408
14228991
2847763210
73217682
723380232141430789
28417035
2812167425
2347690564
17542254
436544144
2716942359
1278229878
4188898392
2397010364
2785707557
36372256
4421977275
352486630
1113439933
789134847251980289
38848092
778062382832742400
757786856268247040
188523813
193121884
15837189
3025261
11342242
8716442
47369957
12869332
77883853
14172719
60610778
17768209
32164801
3078583849
2546258378
15495464
18256259
2285472985
995715920
9507172
2280009656
116838461
332564562
717363
35206553
5990782
802513781758849024
865682484037537792
604691997
803664172445671424
493376771
29387873
2391626589
30631904
2778492622
98576802
415114505
29142515
97040343
1728295878
835209278600450054
63242060
17672251
14843424
15216089
468693838
37102540
821568092212002823
256561702
16035269
117461147
25370313
549030107
2784520128
138616596
519651490
3794984713
403874186
361019472
499540310
35163668
42394908
3271633824
1095624530
39818540
351141135
2565576048
186000784
21862223
479843779
87877111
56484843
25916697
2205361238
720018121222795264
291325588
19789439
550270216
1436258888
26029878
1244114060
14420097
7140482
140579875
353398631
75391984
22720093
17058103
624953558
45109741
16188864
169303468
1629019278
435068642
22200760
67427757
17994199
3816567737
82207637
16002085
3292526764
616391194
494612269
163535738
16731640
260893582
270517917
14786204
117256703
377623036
29730715
3142221665
13742192
26009829
50136254
137119759
2990051735
93989409
12267642
109951643
166526307
47344403
36395646
30861631
22109714
42252308
251434927
1570737536
18518052
625165662
1963661444
879824064
17488457
3021946865
2892168202
1609405682
18179422
518900540
2917991
287507644
14269008
16751631
418197997
70916488
19609325
541106092
942885330
14136335
164075542
15013452
7210952
17165559
1418554968
1262116632
2235609943
2377126434
2402352661
2668394954
2573619930
29026667
562625803
61617150
17047982
228019505
319159294
2228881004
801743592
16472804
1133035274
715069634
823639482
320266958
299820130
564827000
2376770509
17540700
9505222
1478086579
1265918270
252352789
2282543042
24035998
120341917
19539314
15180948
1257953844
1621868702
1400180390
436737559
460777668
51426896
19001819
19541777
282392576
17580293
430239145
109432152
987078816
14550673
45607805
51080280
140148647
146569971
1532061
268328453
235322011
483120598
14190948
998143742
981314178
18177763
17037466
273256194
14259623
304435198
30000912
125181345
22184329
1722604849
478823758
16356796
8525402
605775500
26065646
1360472252
1397795550
247877648
28153124
756475
12331802
6016732
28838219
18000189
18289196
179732982
133454567
10798802
471628817
15166785
14863163
857259662
12905082
14202817
182954380
518493687
141019917
362714271
730827589
859950486
440407905
174285518
413535543
505547270
602425812
1716581
611983526
105623130
35910939
20538300
34175976
75113883
48419410
80468100
3170651
357127719
299230301
351881819
1585761
14414761
250765814
104470692
82364064
6743802
44979586
389055162
46244830
4250231
24767660
17828994
14188985
47635974
17819390
13481532
21058433
133107046
30257746
15579178
18393773
20492950
16155647
18574081
2100521
3554911
17336784
4620451
79797834
26062179
21208413
17430475
35411545
29032762
19386778
92373080
76667837
17001490
20603918
82627736
8005492
66162716
28049003
107145088
