896508499710136321
139910170
2920234311
950425081
156872982
1919864550
725189192003805185
899808009475510276
20665235
32647066
21415395
36087937
826885963548733440
2230603152
715861628969988096
783240990031159296
841068588324786177
2334732225
1002862598
2869858477
781218079
768827551804432385
15463315
905811834397048832
4821515421
4145293661
820024400074317824
853584254881681408
1345172978
2818654580
820536789429534720
729010873537318912
850365040733507584
753269110344122368
389806804
2856205943
2729034976
2798616359
841480037517910022
838607054268948480
868843589832503297
177643557
1895317778
829512693233152004
4431639255
720216449134895104
559175096
2980272732
113462277
377796715
842955064755077120
881711874827595777
785510422875021312
101938339
109854452
734913447197048832
911964029962407938
23132135
3078134492
809414682708738048
825906584366804998
212344773
50506021
893189275088453634
3092443319
291774022
581123612
2616653534
833724275286736896
286388317
2342986453
37270422
788417346092183552
850330743473455104
2363126492
253632852
852287863244935168
703038389726146562
2746218450
749329877233504257
162452290
4364923707
28937832
725076563302174720
756026497438146561
18398582
797547199928422401
1452861104
30522287
2347376304
474937638
4040665589
42146993
225189494
2379700903
220863206
1942483842
823583545100816390
227188239
824860940130586624
795842391248924672
870396788288741376
286809298
330509973
745823533838655489
2199831698
256670080
2589045737
891375182719238145
785263516043227136
717796191384182784
3687709042
433129473
39076989
727816286
824469842153664512
735824718515732480
2672494308
329281644
187238144
537320811
15924671
817846787662704641
47774243
1631877504
869917651354636289
15081378
313172711
706154024958083072
890254129284743168
462288600
886774289738874880
335315794
824281921714851840
707557609855844354
55841409
807407311375372288
896868358573916161
698919881547366400
912139835858710529
871057886474113024
1135769804
372536444
4861649376
822198009639370752
1168572306
2905749286
392212735
791078192635191297
771465973157208064
823298254435717122
351830324
514887483
601418794
22763983
792909703
2788972943
123087976
316449565
3092194948
373612360
755835576
889589208846827521
2562119504
495509842
787092446727380992
1140341359
1367655709
616573748
800536879179235328
261549123
914170202941804544
796849197840531456
3505441818
25239100
705241168586661890
351859136
827873909282324481
2871273557
760087898
413293702
2988785197
823017783516598272
834067277217665024
887204089
846137120209190912
904724100
1278723385
1600678208
806445296892964864
804330898720227328
4833262227
742384439116890113
740597986846203904
20836364
450438845
18146892
872835420316463105
889585550717538310
856054412682432513
1962117602
30089980
706120381
11101742
18874834
471333409
824720887991529472
3332729856
2943581143
2557213436
588471437
597630559
228604552
745213628077441025
825888270143746048
784771562595573760
791690230189420545
57429677
14549566
815104591725375488
499972836
833032249423589376
836769261984980993
815817273005002752
3038333566
876417399175626753
796076404484042753
3329332379
749416405846548482
22806783
25995579
3045106796
767029620
912864259259777025
911279599312502784
824312410295115776
854528323531276290
851205216934522880
893308458652631041
885862726509240320
398135564
714280998414979072
18182718
751434137010049025
15102679
2223789247
45283825
17411581
3341635251
824257109005139969
814302058786361344
32741395
823541990772133889
362251658
827302314402836480
830500196329062402
503437704
156421710
142009437
1190716129
904522863608287232
3969254843
904874105924714497
2661842046
845750304024899584
263028042
809586511331074048
68552069
3227276122
738786290313920513
1403261666
36831319
49376398
866713490295279616
839416776421171200
822874285446496256
904866954934194178
3017732286
911733623853903872
904536257711054848
814590942502092802
311167475
22049275
180093612
847544146214739968
729698192
323965227
794482779874467841
817186157880639489
884890093303066625
294991606
1238556926
520845471
84364578
896012568514281477
733098923552825344
1284887047
866382573420908544
2743901041
100868662
2770066531
826871032913022977
821067086688559105
737506308463550464
334937812
31776520
462958223
17756037
806191336021983233
858049142844772354
815958011785121792
17693765
344633710
525678474
17138865
3345035954
174150141
839601888131702786
325346424
25767806
1122756668
112532110
807073358978367488
168759825
360388536
1966921812
892998280472285184
2460749166
850765289641963522
17006157
130617778
827856654951538689
424652221
757303975
27124758
44101746
191678703
1321271178
274313263
3695853373
801172797041082368
2736359780
538380361
2343715926
36846904
3526256423
821846067591286784
3306678619
71232154
2428776326
30231573
825196384697643009
25526748
34858992
2384527201
831594251188391936
763199328156471297
787441478024859648
36771921
503472917
80466390
757574848881111040
16074930
330319115
128763579
22204106
18298094
703575516280987652
830079124077211649
517815026
20800366
830362708658704384
825505618895085569
1453095230
938072430
825106733253079044
885775148
172867574
575925999
567422544
46775436
1885444430
22402658
1131661417
525595860
2883299727
403932208
20852175
319777415
858835207
2698185847
2187025542
718634951776665600
1092188078
2943549147
223951506
258834617
195359738
272175633
2291428702
1395923928
894936587125108736
808441955118186497
84502548
560483970
809732450733740032
17245005
18825344
824400030970761216
279205030
799279985898962944
885833246147305473
1035065172
4008335784
15212700
558180233
1013466666
449449967
3405259520
782190659297873920
2941363200
3224717928
722590718842269696
4704680596
856584003960414208
2163597692
819535337886191616
823150559804985345
804573487767703552
156860669
315049219
3573499573
997682274
780953441770283008
826856464304263180
25332216
48935222
752121341369675777
766252923462574080
3079237827
766121934
3305158857
44043684
382475814
60644777
907380371314151424
38987167
625895485
710810649060741120
35221306
819323117881409542
907992713601024000
4130923997
24357823
2239855208
1381088924
29951609
810310974699962372
869638861529501697
880933601478684672
80235953
16619244
39631299
2983250529
845788208503795712
826570605168381954
2855937448
3138454448
899080803338125312
52838571
796400472970043392
36297832
796817946832175104
798764450048184325
366163310
23247549
3252998768
822585233249882112
3054355601
3167667448
841413794429460480
828389568659402752
832256230819188737
87445520
20352497
858506685136084992
818112703218778112
23935697
705660988398370816
860189500731011073
754393413550833664
551978109
909182439091789825
801476364046106627
263390081
896173491883450368
4790374997
721651267920003072
24932455
26681924
820807018713845762
559876989
820819505009917953
175654607
790317659325919233
5513002
2990964220
3285503460
429402328
707276683
1561348519
755455172093046784
351153307
2333566868
792223519
139956991
17164121
766389098118582272
48898354
828320196507029504
850747776216555521
796905806818144256
713159737324544000
826226593253167111
2989162198
44226254
16480939
837173140946026497
917902064
89742506
881654132406353921
242890984
30372536
621944705
723160733911904258
86659367
848716749860163584
509641330
3938173949
87480406
344747525
323271922
726872852968931328
872195582340759553
823021480833228800
808096675122147332
987252752
122173354
43600111
2211896856
185303686
53486677
856194735995858946
67511538
823346676614078464
4675431684
1295959370
703237811940540416
1909309741
1248759402
879147821915615233
2865726690
2359337692
24038579
461447655
872605532217122818
890255306516836352
2211730434
3995849711
745695254
2729541718
2955555394
595769410
37452416
755057897583804416
2470247779
902424874840358912
3643179372
2319013403
2761592377
839026325968965633
803567505650384896
807989942
2332662804
143159404
780885884031766529
849841043059036160
820717123618148352
829506808691748864
543121522
904815096848932864
832377671300558848
3047265886
35510622
32915405
825121284426174464
893448186983055360
818602956895481856
3191347545
321774180
762484767275089920
830443467624943616
883918991407927296
424548130
122154297
3131275857
1025834546
896158685533220864
360959995
4722204972
829611052321083392
827393474051796994
849516678
242654920
825854633373483011
299929232
426118191
3341407092
2389310258
717546814623318016
2902931482
824965088536887297
1092848395
842922241
4401517813
745205937984671744
2836421
10289462
812023361723240448
3679122017
2165922462
780584321207848960
830600917082894341
884451348875444225
348478575
831891230237786112
1199052942
851678533374136321
298924537
816119896442421249
2263320834
33581984
818364375060725760
823344122543177728
304576511
27619647
837325700625391618
18857707
210954755
890914012149501952
2206239824
4531076896
28179447
17566234
754016814
17441389
798697937496702977
506228902
784741782294716421
428332685
361234725
19943886
722573792590094336
794906337146707968
40275719
863933592
831667966882217984
23708848
3037353494
893405045508763648
893900539083313152
815954119567540225
754698636496347136
1060660339
1482654672
757987650460680193
890959578460041220
2720054246
372364542
48824429
3227259348
137902822
16315143
845392971381927936
822696225153708035
31349399
2329177933
4751882834
15115280
80662656
79784897
3968916747
15545122
19693970
75720525
883487453813895170
3309978409
798296697952735233
188195180
780751880691388417
891036965402943488
38330635
827654988935610368
826981946760630272
870140138604691457
825457429718630402
745075681558671364
3329874167
816036458335236096
820919477374062592
64202555
32189132
772861466089099265
815278404303929344
245075258
2363066263
341190477
558545453
27032207
42447494
88065265
864636075309924353
867138436624515073
826611876
755038937609932800
821046036571430912
813317718199832578
805802950601809922
808150105316429824
3224649158
2854865919
272396530
41877640
39588132
250769616
500391228
2458935073
489975747
2967132341
708021656074125312
902969820525809664
778298162658193408
795270955245457408
821080860963246080
757290242428854272
1380181963
3077515383
2822640558
776830741984444416
822124776026214400
851711263
833105332469641216
798936281954668548
855992979265343488
824501132793880576
2820811717
891182956173250560
886088229983846400
42373491
2324528760
830280201191829504
762984797899747328
2887026221
52381776
829068804483272705
23726559
109658696
102572648
845506343414874112
822893782886739969
2323308414
146160591
790316490759299073
735715416396337152
867156450480709636
829098861528489986
1665066384
848553564519763968
174552094
758675716695220224
2379643106
612057704
24789484
376472551
830538076799766528
823421617980211200
4064408333
114577331
796245613058756608
18738783
791712550110973952
798281834111045632
833208590785794048
825865933080010753
801328301553909760
859993803066716160
884626778848993281
492426312
906315371195514880
824039443401150468
443844472
110790607
1473678247
804035329422262272
3253923108
2385887293
819089343973163008
780806537644093440
1155144446
77902948
405736150
742502593943900163
48508105
2435517199
855567777268027393
23235568
862470633086525441
400089636
828323539900063744
41000261
218396108
383836745
851164016508645380
850919605962801152
760053765210800128
849372179535990784
29112110
265665561
2859797801
18698555
49012596
47011582
863941393256861696
876774463
89063522
874348843885899776
848361364175421440
126676393
879044852952035329
44253771
844047746701185025
486277358
109394930
786811991394430976
341249739
871899060092805122
233808687
819191648710168576
824255224302944257
382886484
819128285967843328
828038191974346752
4780784385
829847699692384256
843571300098625537
373042824
826476069201010689
876062215073300480
43650621
870809450013052928
811965274429726721
262420136
795340187161202688
1386077234
875051638809137152
729104018476273665
280110910
28452009
1079944946
877204145429721088
835180457662758912
1862324090
105007589
802900916127072256
802930184655667200
4870002028
2916909384
3020102474
876478059414728704
823312098239348738
825364822476873728
825862691407421441
1618459364
56561168
2566312566
3544676597
814893953954758656
14139469
3236488542
814876509651537920
366575137
3373858493
2394482912
817592449841459200
2681215902
788608403455217665
287690529
810197059731124224
778655775275229184
3984546562
831711011694583809
237929668
759555100293656577
3904973535
845316320900108288
866114580908576768
885964768338747392
881988762573701120
786803654
875435796404199424
819535723070156800
836932120622747650
886371706335625216
3513956295
132767707
878828330623094784
16549769
466953226
798224046483734532
19788060
820441649645907968
790165412
834479367250182154
887570782359965696
745039403391672320
45505601
37035913
819405910678212608
4615594696
829912548132532226
246078393
867920480942133248
705613169872478208
811121437
35048027
879924583985537024
831577691719626754
824706494079832065
16659005
884166345268514816
2409241868
992081976
1229007625
512417432
1455506612
49865450
815295817871491073
818823731837485056
2149915710
55887469
798360561264115712
805094082863394817
797617218511060992
834950942139248641
18086309
801100959652970496
818995397146378242
4252553543
758050879354175488
4219456873
858354574893219840
758772487060676608
845465022046232576
728857110
718193927136759809
847627361566695424
926620369
113182207
857447150333992960
533968111
822683428244094976
826101886390525952
849119923918053380
26642006
4248188893
777616574203170817
126869528
47475039
2573480784
1575980954
2882831009
843204271575355394
2987823817
838503887686492161
419244079
841713120653508608
838944474831196160
832840107023593472
449600949
825457288257245184
3770392708
785291299737919489
90350267
850860995337736193
820413772829364224
1176937356
741286249550356482
845833560611340293
113949650
330488403
26443215
2169254929
15554072
819999198720458753
804576334110306304
223671790
784770859252658180
745770663944683522
21705181
803810059490709504
799641775530856448
49800332
819085509964115968
1522461378
825181839358701568
830946630819991552
771068042151288832
797103046824226816
804845449588850689
815708250217840640
1372512036
48497926
32917190
629143437
2389077738
809842109339594752
1708695000
824056293161766912
571953394
289118612
784221950000308225
63892173
4740030283
825498701502115841
835209728556834816
896493388190633985
834586606866616321
425580285
783459062604177409
828470337067171840
427931555
796381380892655616
823338671822737408
2421766225
872049236560556035
3342232990
825784897071517696
2334341293
734735805902508032
3949739120
87957969
822701029649215488
1428245454
1201535478
3261789056
3012462963
34023470
163194830
759515577027264512
823005807201525760
27592155
24764205
785313443847008256
810906614379253768
881310164879634432
4230785715
796735018043404290
60745624
817453551102267392
2552925459
550605163
793894892
817145698428874752
2773518366
700981141390671872
66616282
3310215452
888893210654670849
900406288055758849
989210029
339996742
39994183
845510787028406272
810123569925619712
736935466604363776
244328801
127624661
793902637733146624
775917494338891776
140183736
937937995
865022185475158016
81281442
797215904085975040
833777334528331776
855109542639751169
847545582
784575415457308672
2183488547
798182763631251456
825143318891917313
902934107897909248
832089209007636480
766152841
3124664090
837478237706072065
2563777934
4094462357
18853438
901900458746314752
22138134
2316496189
169463072
435564722
61149653
46197784
732515283902943232
54139139
4490534239
4716252866
34341362
275190051
4925188717
755808822506041344
757118699212009472
747871856347078656
2567268222
181638022
111683028
252357183
879886416335052802
802649176299466752
827208348433006593
32522055
34643610
3479325072
831621236786499585
15656663
794281298223398912
2444453023
1611832232
799511998308483073
755960322003832832
590256479
164706963
20639694
28225322
3455796672
14247236
18082945
829035894413918210
878410455580127232
796539851843764224
277229509
820369213759987712
890172163944304640
14435027
15731259
891766136076812288
247611277
4468426519
2770199492
817923454456373249
876976776601272321
822666495440392194
1696503140
873911832045645824
553542482
3152272854
822517901294845953
1746261176
833190907960717313
861229975566942209
225283361
47140395
4669251013
1856618899
1592316451
442296361
875782349757194240
829851320202952704
829708858205597697
2918161040
823977977226498048
857689330038358016
270634060
17325135
756250953322491905
18179420
840598709385719808
850301208971669504
823552863985082368
797142613744877568
4195564180
886042863997337600
902731622243602436
808644757316665344
26329254
114858014
894015498056323074
518896557
405792939
815277357871165440
17378581
797853283557765120
881274780170698752
3219664258
861624579978125313
321583100
875688640055259136
777121477875249152
295285502
3354643578
632449309
2429352864
89943464
825024893427277829
831532143989776384
27345380
816406404684652544
241955334
833074694739726336
893316758987128833
332807597
461296462
821941122427555840
828204975645925376
3279945986
29918146
819135838587977729
4376835677
19120619
1325239976
138639829
4704369878
875801087256735744
115213091
826582750958231552
871065480039149570
22721937
4538211017
827199374086148096
782292383450955776
703406992635797504
824395857625808896
824877094236680192
813279496296013824
1537533894
877372087366631425
109055419
51944245
267228781
65222047
863036925908852737
336176278
843556423548067840
803694179079458816
755113
186667011
625195519
112526560
1409177269
1207006386
844695996428959744
729086825172766720
1650410052
797205166718119936
825518870421180416
859271243899580417
825043982006759428
848148994102611969
2316383071
2421067430
25203361
165944767
254117355
111629268
326560315
22929686
2863996955
4091551984
2492149208
15464697
1423997096
2924593731
978908012
568825492
66409312
953278568
1407277784
14478260
166669818
27493883
29501253
21059255
787373558
36686040
873902109640601602
124878669
326255267
4558293923
55948054
476309296
834081571493785600
2233154425
73238146
15976705
47285504
738080573365702657
704967105402114048
1640929196
752621952322318337
778933753150251008
51735659
3765479422
15784302
810619093749559296
18686907
36177982
522544405
824333698728333312
3243705901
824433789699026944
20479813
14529929
824467746436120576
17494010
29450962
816675269138268161
242426145
373149937
271725689
16264003
128664931
23595586
93673775
251892709
19185333
824116562768621568
51241574
824190260338954240
824332206952714240
824137712286441472
824264707641057281
824139632354988033
824126001936474113
3240143771
824027211158130692
824320219866923018
824473943931293697
14602259
77764733
818301812805513216
4484765713
14420767
5741722
8953122
558040899
191092917
409486555
224004614
3225084991
17486629
720323553292193793
14850840
245841182
1243851643
714249878
3489164186
736980336786169857
2309070512
131497030
2837996969
19568591
2260373173
137512415
2602413667
14437914
48144950
24619328
15537302
14413466
18622869
33276161
14677919
15164565
113184599
3252284916
726626166551908352
16826425
1081982948
19619541
36498054
17579312
155784594
43464948
17573212
14515799
185408277
172858784
15670644
22097192
36171004
28708146
4119741
47707475
30364057
139162440
1536791610
813286
1339835893
16017475
2340558698
2303751216
299802277
373617611
15588657
3420477195
334079075
215207998
243639047
19877186
766020211355054080
61734492
17303510
39000115
426974872
48120914
28098358
30972306
15610400
91130111
18884857
24461387
15007149
59331128
632301127
939091
86129724
59676104
455288410
326507914
50073507
15931637
463765807
138141495
85131054
19107878
17844280
1902773580
30313925
40720689
710163251242405888
9300262
148529707
13493302
15458694
26657119
43412697
4057220501
20818801
807095
2467791
5402612
428333
16129920
32871086
15458181
15463671
263292498
130496027
174110843
31533082
205864193
48802204
500704345
20609518
91180720
357606935
970207298
14592008
2317351705
158414847
29442313
216776631
316389142
2835886194
19697415
28221296
244655353
15220768
19777398
23544596
15485441
15131310
245202297
14075928
14985228
17041361
13784322
759251
51197470
14062180
20214495
95431448
12133382
14511951
5392522
15846407
19397785
115485051
534475006
