353838102
3129345501
16378486
15446551
50669520
780240
280121510
2987671552
1080188052365029376
465046121
16456074
580312540
980191328985329665
1144882621
18513101
17791015
322658299
378259736
524501086
187518287
1140667771518423040
21001599
870053473638854656
26270971
586817005
260759782
1082427779583541248
1072134139560620033
1080539438508400642
1083472286089396224
245480756
46775436
256595349
325342540
169927426
59502660
2461810448
40302336
15808765
50325797
62633946
951040321609191424
18125335
290818587
1027317706767314945
996790477902008322
1958798113
59839834
21848018
33919343
124166064
893630742
1703282845
240509290
554468819
32871086
21692297
2228898228
42183032
219367211
788657257441468416
903388383514312705
901886689
502135911
4502730252
926628181532119040
4726534534
79031518
397205096
1041334590768525312
2824097451
339283438
835717413685579776
273629690
1108023997634174976
926601
892275857779118080
1009577803304656896
26548315
1627330442
15463671
155823836
65466158
19135516
778622174240333824
828068715790901249
17242918
900213367113224193
111116475
24186792
17957552
1078064542108868608
1378288759
992895640869912576
39668527
20768781
35343960
797080559839309824
525678474
21741086
2316383071
3223426134
18602100
3244542348
2416386150
7855062
31483387
785564943366193152
81457290
11762572
96848695
2915680584
224285242
580224794
866953267
929823128259387392
1063092428
821846067591286784
17936352
881336677138128897
884079557367795716
88733231
785209740
2876041031
297532865
224320485
2918161040
12685742
979473297279782912
32515106
779081827470413824
20857273
1080844782
726872852968931328
22185985
363976433
1320656142
401442464
1097452640
192046061
875502569795313665
1580617380
910500818608156672
1048723399
3171775336
174972753
175098387
1890586057
774407512598704128
20094409
40353407
548384458
242883110
85583894
57729791
2788622431
4091551984
2383871725
887418059501305858
386851602
569496652
831722171923730432
14435027
14717311
35061327
825404143447711744
419108394
733369677628461057
824690719864528896
73537202
819596768056774656
69507529
818915718049726464
1612067526
45275237
20715936
1394399438
3202537078
36424664
17378581
160402562
36329776
879414690060939265
22197119
370979803
471677441
91390383
27966138
860123351154556928
1022205418410520579
19563264
951102149186019328
17891808
78525538
14230524
45266183
33475365
1039233093616332800
268414482
961113187453165569
182972598
100802089
33537967
19397785
138168339
144003355
715597252752900097
16190397
980941053363662848
766057748316422147
572939196
724266556268666882
254274083
231510077
851147851
784890784273215488
942436084134367233
760581738338791424
3154252605
791243051813462016
15939889
46484304
44177383
19910041
461693614
9346312
19371411
465944725
959973312481955841
24977968
44984439
17633862
36126762
784519202250129408
332026992
163038319
1154543316
19394188
454071012
36139712
26458435
116589820
16463853
23083404
2783231383
209176493
474240801
705598999139475456
1216789842
322286840
40433607
2887026221
171598736
20707070
551507199
264924050
952314738
16177690
834562111
826980174398828544
1915033663
1691881141
945855591964200965
2842136801
887326813457797125
716432228
17710965
454099919
32933502
3193788217
824981114834018305
2151483192
22429979
935732776338378753
16719435
153090938
975087193248227328
806922258476244992
64726781
19360931
17358750
532545097
21833728
138203134
156509918
780414349601017856
3118833259
800713486229614597
830908366377611266
701725963
464726875
357262809
834078524277456897
131662310
53388429
44956534
17810254
392388579
1585983950
826982179204915200
1935838824
929399289436147713
7793902
18492409
801100959652970496
340364935
67203827
942447002
1053717816
489975747
387332001
216065430
125262135
24897739
15766082
3161726547
800084313932898304
734411522898812928
824877094236680192
15441965
860555190
18137749
988775489170018304
621344129
3333055535
820354372827758592
2954981939
22855797
32876210
200846651
928744998
846137120209190912
2790976980
336851461
796389672771534848
4669686018
47459590
108983354
109025212
1976143068
316449565
2581682284
952350353328132096
825469388656480256
522938743
607788559
978024776659865600
817460680748044288
3452968456
595944337
57339949
2942421722
1589251639
825478696144297985
2863996955
32671625
21228708
2459993437
2512514664
55948054
788174053022367744
4183535129
864626940938002437
78366205
889636042357297161
16334935
111690672
4165089203
1422241538
742160124618248193
239260354
225193809
969745661473280000
710549160366358529
1058520120
1787201851
39364684
2369117648
951193739581640704
3082986275
164679813
832616065259614209
16027904
851711263
755946560794558464
52551600
583511541
847942138545422336
461513506
2171127012
1110132056
1362281545
1337568668
953681936651714566
150651320
911711400271142912
19865053
82097756
46451072
4898700609
17736232
36101757
96675300
950781707396919296
543576297
800111181058838528
4778328015
167625926
27782837
47336979
2329252147
1231630856
965266179836252161
19098960
889639360152428545
73206956
33639255
608246684
53933574
44787918
4878610324
2283920237
655093
802184729235554304
757118699212009472
252357183
16205960
4399325477
824051310349680640
835762912996249601
139956991
843556423548067840
37781634
335060282
823729085318885376
800386789257068544
54861430
935296858510856192
2446928258
84704680
891036965402943488
3164902753
829712720542830592
743215796474679296
269478702
758050879354175488
32373567
889989663972352000
18964696
778248464794841088
2161652898
174593833
1245409088
23094875
916395979678433280
845465022046232576
876256867831492608
86993064
449029618
613088225
96910486
18533219
139823781
18018355
126592212
855240223432769538
72198806
239548513
66267486
57371662
103130238
352625379
16583846
20109973
239949176
267856525
96973902
715445893810368512
44988185
43638469
18812301
857457629592989697
336176278
302881437
2451684921
110513957
295285502
3058713120
899788413569818624
1109981646
15907183
15476712
14247236
68752979
2689085024
875029068223315968
30488144
1330131140
848390172450443270
473014087
784096713053204480
225265639
766358613367586816
2534761825
884578187392544769
63514682
2334193741
29106329
3171093349
1383272101
906553994830589952
801080366
16225949
3420477195
41419199
258127708
15764644
268657749
1250155182
494583213
79923701
194168215
98247788
2365731936
476256944
755057897583804416
88675356
81724227
612057704
2815881960
2784912836
8861752
33276161
759251
23593446
2766993342
45055696
66409312
874916178
281055314
610922415
115563859
1096068614
22265073
3473549662
61149653
322396984
919938306
4207961
171968009
512700138
2172922045
30092712
937499232
826822492794798080
5392522
18227519
221298491
873047301555593216
16496156
514122240
839871566791876609
33235771
778983966
297042983
66211398
96205284
182503471
771388593130483712
757303975
36712233
29450962
29501253
36686040
21059255
243510590
864970278186754049
460485003
43289545
863027975247343618
188978256
3331875599
834081571493785600
1536791610
76786462
21701757
4100760801
708469135211044865
1842701690
409055353
57517696
292599839
80937511
806862084277407744
42790254
14606079
822124776026214400
1398302539
64427156
1098309180
823583545100816390
500704345
824481032485400578
402957663
21035409
11744152
15012486
119460225
14982804
3202028009
619278612
116708034
107862350
46335511
316389142
26441948
25606671
18082945
4794182534
2421067430
831535807869702144
2530788518
16962939
303361757
9126412
796811192924770305
36240331
82455213
1055907624
2293131060
262041062
145784513
2828781408
3313360990
187848410
2973646983
818751588068040705
2573480784
16582131
712764532712542208
321029781
15220768
119829799
26165922
17074440
18638502
271145998
11395432
18396070
290755398
808555197416906752
271210394
61734492
47475039
3038050193
564000560
564814516
797406769
23779501
20479813
30354991
130617778
738080573365702657
778933753150251008
803694179079458816
407282298
157102563
21040811
132496568
799748204963065856
247378651
774703880705675264
806906355214852096
827876098595766272
109287731
166739404
62513246
212304085
36771809
2525546474
737392451678130176
822517901294845953
304392714
40277679
15007149
19674502
595515713
2293315159
775721318180200449
820378690920058880
17507545
145950327
482312984
2717254872
574023889
112508240
16134203
249346453
1000262514
27491578
228794007
73120594
365825064
6249572
3339858202
34423941
443563637
2416578344
79736871
974384082
244655353
19555617
47905488
743856512
50826280
2735655330
201308621
21220931
91180720
87818409
59048820
714902543415914496
70499835
4741763907
4101359667
3153122011
185408277
22872643
17573212
280852429
16017475
766743500402651136
2916054140
37990581
1323187164
3390015394
731132367058968576
50684256
18216985
215207998
637338906
222508177
74755679
42052422
746337957808906240
60190930
340613443
28706024
184910040
23690344
16160352
172858784
47216804
19119809
75361610
242881097
34322542
30267826
970207298
930160098
2259187610
130496027
3817954155
23737582
336445332
1546412148
235236313
1510918164
180463340
185810178
73019589
24720234
20726900
3576291194
45105136
92464299
2835276183
18911432
26642006
168374159
49114382
2254702824
245841182
2233154425
30177232
14360757
247114704
16439779
6995942
281224997
17047975
19150116
34774807
6974622
1075158853
2172800753
2335969459
22162854
340913970
124949619
33627557
97474887
45671898
21352879
55117855
38707559
48725171
465149990
467111192
1921468950
94215989
375826110
80700514
3248114985
239539927
17495447
17899109
161801527
2693837167
231577953
88719275
115979444
230919253
103099657
210921551
29811763
104299103
36498054
2330975353
385260852
267251278
2324660027
1056328002
480819245
2891146951
487412249
96776968
184866698
586136477
1403449562
2458017385
625022363
542025613
15309804
1291995642
890032459
54027080
2521788120
405926813
35355207
17565514
25160172
43383705
162501671
300932757
59959530
46527223
222185665
115200070
56192905
147316823
22037660
14824849
47983954
1868311554
2324836086
263227887
255747911
1059528404
30313925
822215673812119553
244183930
36980342
243840035
17227992
142222398
78052430
444797715
38474409
1112588304
296338754
23049758
27677483
17602896
215506582
234929994
158474145
26303602
169224300
14592008
96025701
485209182
807095
357072235
1339835893
524396430
23535809
2836421
301187201
8984102
21315320
15295015
502281810
153588231
1730133235
86129724
63853689
318831567
23600262
140427203
15458694
17789578
138423773
239631785
275858639
49698134
237845487
602317143
60972923
14647570
16955991
139162440
262543492
8839632
15749216
14677919
80199724
39604436
629437315
18510860
409486555
18760959
64997885
38228095
813286
6487292
67060591
16396588
343992799
124003770
247560825
106921263
249902490
20609518
1106501
267921808
9334532
16129920
34548473
177446118
13783772
15492359
