1126282874649362432
1061933405523374081
20621072
1367926490
1123885547540422657
477974976
3709443862
2910506888
2966938666
251362702
1140634485542871041
1140604284624654336
3010888277
224037772
1141692581635645440
1142125278866616325
71932207
1147801428045570048
1057379452936691712
144621619
1319699923
3194044715
254754575
273144235
3052313003
1047142595648995329
1392483492
1004695445975814144
121070737
832379269972008960
1159921670032744448
200528191
2429653487
929072625632075777
911307842698842112
954490578913320960
404798967
357600098
2984724097
2729146423
527324115
949244125496225792
989842754170707968
804126724049014784
990807158
726147477867532289
418788091
950048242686930945
51780171
3033543892
621182683
223957966
1037211277
460601835
10967692
1074235580
3623647169
754365496288501761
235056088
182824028
709997127129292800
3351059513
54687816
1180416139
447128070
761971720831897600
73594703
165826730
2998429991
525663989
19346296
931940490521600000
926177664100110340
245351327
2321300388
720707160095727616
338326105
793078543093735424
2934136000
1005015630255452160
2182994245
1055968618100543489
35470552
55015478
55954415
3172786271
926972908856942592
2345130715
307358948
2175367500
355289665
14614694
892052166671814657
370308395
378635997
1558144453
2215874889
931015081
342963053
497543738
1082102060
2201633565
605824568
884721250303713281
27945208
954140023506563073
1142557623402651648
1329921834
3304853996
30793425
780004394104389632
34447717
36856766
1400459708
2429437943
3073725894
1857334590
2764217119
20272911
999623842090844162
718888154
195448271
424469085
2906305060
3253980634
2927035791
794281238186065920
1051968520509149184
102658609
3028293339
3216843717
554381452
1392932370
2155219315
2722646211
2353396533
2886082275
617266050
829481994
1099275552
1168836656
148114734
1934928500
767043415032885252
299148073
22559753
3285432144
765815012694880256
1012696943653294081
3252723881
360522585
30859789
1044744697426714625
1046185596929155073
578160931
1033705737552371712
433700375
493351240
61507185
4187646557
289248115
378259736
130132977
229568909
456304726
4242867749
260687606
841420026020298752
19463338
44838601
934428866
966424276214657026
425345770
2863893225
804315596
306129452
1016485697082019841
1056959983949135873
88149506
3050280361
1004261426654076928
457013666
3230376823
2402084226
799662698816409600
42944764
181309931
731129941
1244494117
1140675470758989824
410004010
2694510186
1059377072626380800
1090003362324582400
2335411055
1534043894
619274639
3023416147
2692380695
19600538
1115947159
1163827056
893399614757490688
101810365
73956130
3018775893
96582351
2805893429
147565296
1101302930915946496
1004118174
809546892950601728
882511435137503233
1105782807656390656
972577940176334853
1711107536
2955221367
722101424
352614866
1022397780910919680
426929654
74482355
116540437
20991078
712043266443706369
3491090542
850490848102010880
2817715076
449110958
1517723245
47590594
711312303
359620544
133734396
929583306
2449318238
839637377316433920
185725258
294636214
41115764
856933715477504001
2354153329
3257336870
291050617
3377472827
200605175
2827398894
1179601093
1059093354858905605
20333065
227942915
277456352
307283671
1129020040026710016
992080641603854336
752857249173934080
451843675
103232470
73486435
1881515299
19559608
310762215
932813748
3217581226
3233891354
873164123726598144
2919574953
1059779754436542466
1710481926
405682577
21646269
21040879
1731871933
1135210057186963456
961544757548867584
202664520
3086317109
1311991424
489569112
22496183
2404924936
53178037
86781551
2493433268
2870979072
142458942
3160794196
1401744906
3555044113
3862113587
120288612
84560181
3384180245
975107786383265798
986310912138272768
2278409107
1039725732119937025
1057229307456733184
1100342474
527484229
131474163
324010505
362610935
467874484
636285232
985158751647756289
1486431205
1108798711075880965
418267717
67097881
1116165275370627072
1094797044538134535
277770494
2476652836
16810675
33947922
821900138054582272
809490332
980613306024001536
442278516
892425520180318208
926552638744875008
992099469050105856
915570252238508033
1116695034588536832
1135732202384384003
125037759
860496240294973441
739898735031951360
975526567420952576
447358290
291937930
495060112
1059937714013904897
3252487223
771800846887743488
1585669866
147116902
876849364848824320
2413878102
1049061085347831808
319350502
540190321
550409092
3314089205
33698222
563920119
1139399076821098496
1137787067025375232
984312702305579008
1042113258176565248
989532320955846656
374660556
902530205427920896
612591323
119481318
914639101361606659
981994154770214914
1078342584857214976
2877704013
85320834
711825193526755328
1703281502
140183463
1127919298960285701
324596380
2983891243
964308978908897280
1070703734164987906
387369491
1072847992460333056
2364378188
1213667370
1034105748819718146
1122945361943912448
3560261420
1134954737198149632
1135755111010095105
195297449
1045262152339263488
4646922089
1284419154
754941622480232448
1123755625236893705
245684896
3093743562
2276156852
1099025843723165696
3775851733
1016696480286085120
1001959422049095680
202834150
553908714
956109776
22308774
62548677
279154825
4839849964
822807086237106176
912992831417077760
1065557438970048512
1050547682467635200
93837927
768066840
2474187576
1226624755
2877598176
3147476260
94604474
718146346637791232
400421112
430191592
4835348825
730152464230567937
307495733
925710297914015744
971198255454412802
918227440086016000
131561282
297604991
2225575374
943605118389252096
54635319
1573568028
845272104748625920
68723275
833475927321374721
16498480
836601024345423873
384304027
936272385577291777
747502852168368128
3057338326
850812940601184256
155614542
908772229206413313
98188391
169424667
155259112
4417227492
1048128228622323712
493926998
950090388
16949344
2875038916
212673185
484216466
932238606420160512
811287056
728555521771331584
195272104
2295820832
728074278881529859
805858775928369152
21282662
26572457
2171626126
837045415585411081
3709251663
20851762
3757976123
822484401254780928
980763818
19962221
448776791
857024208395620352
526779920
1643703355
918148929107189760
3245670015
411733279
32202865
1001084129650401280
1090421084699193344
438747066
931604171870130176
799323599182110721
838679954
72827339
1438905188
3890864363
2904166930
1067916432699203590
712743021402529792
1084896847938891776
3108149147
254564048
147893972
372352009
551167388
1091614789644808192
2463489870
860383305354551296
2724352405
878396646865997828
91353807
465087126
1031474244
930169180908908544
61841955
55033696
363559690
1057459194549489665
118088407
21413041
2205221491
2772664750
123656423
362880691
337974991
1439651042
391014773
867069669102034946
384212974
255033213
1069253349017612288
93481355
78320526
415154285
4809223218
934420218390220808
354983714
563791306
255622323
1104302510
317337687
1052500262642995200
426158466
1623976692
147360243
1021121249844621312
320994586
1954890853
528285209
723856898970230785
360729290
87673799
3959000267
230640859
1044247782331219968
921840937
1218044479
934441730899836928
876043886
1364507815
773972821903048704
594001613
818434396994867200
2930137552
892072547176529920
26710622
2153691768
3194403911
2798240586
3032392923
252733505
2597949610
55777041
143020924
353561455
21762858
343270356
1006726188729917440
3427174227
2519434061
2526336152
2577178357
1047968740221042688
4914123437
488616122
964949498
420284683
446876396
956296260
1945635152
1477287666
157470458
1018322325182115840
790630582279663616
967705240756740096
3950526916
225957117
1069421078693392384
25793833
77112565
69750098
2599277365
714032618589851651
54850118
2680314657
1427640787
177983304
1012356662
1041367306415349760
859882773091373057
2865435431
1193190218
1566351828
279275878
1004109289
838445340
1234369759
3098763557
187462748
90843425
964223536708702210
764674631806496768
2675409236
41577521
605520945
1463848854
1045828085881483264
874533566595694592
398338250
986309245405712384
959563329470545922
953517091906142208
728568047884062722
307333577
60742602
1055467047268859904
414915332
2184862779
757161638374014976
842924471228887041
744087588
141175352
118618473
753134774
637087464
904644486
1008377404841185280
991590045504040960
148684831
3229014175
3289806749
1007649737338703873
772215550411808769
285828868
903304387652669440
1057941909535100928
2911530267
2201422688
1002694301736980480
1030978028749221888
1026752806613475328
1003306903156510721
1044593914219565056
1055149400706564096
877165837978710016
872261534638067712
736836727474651136
404020377
337178008
724695566022795264
972751873
3183332211
752830471
962182401068642304
3207971932
42375778
433468645
243819689
999309332943720448
2825774418
717819132
855938246810812416
335999733
886434141050347521
1052104265441976321
485615887
139408596
899718992549601280
726148460492128256
136240652
75113288
3419696937
2297329114
865855607420723205
3209055369
806034228496494593
2874031076
1018044415103979520
2915417805
862917618
715864587745230848
920058954138488838
554252080
937041046005080065
1131989360
57790857
4767955174
2677222979
216815225
1473122695
1074835850
893411042826616832
525677230
134328166
1052719586209017856
53818208
25303069
990277268239978498
1029076959161147392
2525711177
846293418707963904
2316745408
857894784991735808
583808793
25950355
2721049641
837045241861533703
1031624140459896833
861749209
2315956598
10969342
1023950558439387137
22796961
1036810750293995520
2441721020
271442031
436998967
297073544
853347971710300161
294155891
297331364
1023001822703833088
2809011527
4505195620
498123171
970987265454428160
216314816
1149942961
388713617
839656076328972288
3056829926
829690837806219264
3221372625
737952562809339904
1009309648904704003
857200210375847936
719588640171696129
3323323828
182652185
4590243256
1256482436
798969507335258112
457444522
796338583250567168
795044567653502976
1606596066
104586681
942990965911855104
471365165
3042231323
486447664
63938656
978824543891464192
119247723
907054027
41541697
4717700423
979333129
479725929
42590805
757641075251154944
751181122978152448
973980134893150208
2296172906
740727313
902642033654980608
54327995
103401285
2547280123
4209996340
864368869
193301414
1379662802
121685027
801010479460184068
20058825
2599249849
575269517
606325697
116716199
2818831571
3226118481
2709026210
377998324
78088315
3513720795
28650721
299223315
3110745375
4120145183
3296427021
3084188897
345592273
2252171226
1164862640
2613861325
1336116900
4120269945
44162011
28252817
21442629
3438041513
838061216
245454199
160815537
2372243004
887529240
4275563247
163184079
351033748
3194297892
90081852
1311653496
3872236839
313472734
506863517
3307061428
4455847332
249441704
723991404
70184276
19402069
26712064
348208270
97476334
2540020758
54185553
234863811
2839379577
1497996746
125403342
25278709
919233492
486844089
34923877
26903206
32431468
14455476
252614250
91440013
914726077
573799805
1913158730
1669843236
19491410
291715440
41220928
157981564
359962497
194132774
6450322
569003724
265568177
2270707610
851689172
287750109
123848899
371905827
424216387
701090949
2229565658
2408546502
8539242
159078828
987810433
216740036
240895040
1424966412
878785026
