863972252840116224
784397947374964736
1149942961
944345845
378259736
3016632889
750344739430555648
189321763
2997991800
1496566633
634848556
43417019
473033627
8746882
1058520120
1729929350
284287181
152004262
913895731
99092207
22247127
552747499
299659975
214017452
1360219796
289427962
80049089
4246794253
35842998
3189324536
2798659231
33933259
16581734
1886468178
18784113
14499829
22784904
20583993
716871874555297792
2255119310
4921396336
1577730512
405670671
3280629282
3573550098
303155902
845869559986868224
2538291548
168498361
22350307
23626062
40293516
50074068
20598058
94687040
17620527
3993265277
399571554
2217401528
19246504
50127907
44737267
762613982679138304
2741617646
153500266
86038966
515946434
546172310
322842522
501705472
865119624
30943082
1920385040
547348483
1966430233
409375151
733284957418889218
273968657
866513982
707745681797226496
769870889592709121
260627938
2574405687
3247491089
2914554625
2342317861
67333343
21277715
898213045
182910273
30725767
226779929
116313988
751479062
269935803
392350277
41571200
726672061
439779366
244933378
821941410
352867640
29442355
838702950
3077603453
80669684
224244250
39613736
520939515
55259925
202288425
116983434
82142715
567291759
528550535
120246693
718888154
257664900
22150308
112317404
202367186
40786192
68713673
178815147
173849332
18710600
19622050
130365207
23615586
101856523
30494074
68233373
170514314
167912446
16382372
246153431
891236797
3023422148
29640656
84418338
162664467
193237254
19453808
493169382
163191068
427597536
201427068
3024364478
787623715
902491249
907738862
252614250
278072553
45837004
48203749
17241148
37982264
34657285
6482532
300228259
18811231
128961883
253859764
410171526
205542402
30744756
27736758
866267041
4892209471
32719028
772878103
36623784
1959107599
774090876
2413055418
532573662
1333125751
818405468
4908912916
719866229465464833
281485445
906368809
154107831
3855215839
717348092660609024
2783077293
3275305872
4668115574
2879727344
78401061
15485304
34002780
3062462852
38118014
31945942
16204345
2674796150
2985572209
32903277
20121604
297282091
2910715285
2556340050
75293353
1897319390
291872811
1388808924
2891778800
2496324032
21292972
89952485
520231657
1034386694
3235209475
627446554
48689824
141181663
29796408
3548379081
194569649
2465825756
138024243
3184364960
2493280184
17268418
226835617
2875547867
19922691
2958673320
2805525672
581092201
750109567
354580450
1374340129
976888124
2989469697
82291040
3156927672
1294769431
2446927734
884490284
2918334398
938741143
19789304
1900372188
361891924
276018541
2414031493
32062804
887602999
786241032
2148852127
49108110
1911920299
2551160120
2596218264
1479175116
518427092
472701214
352869421
574321876
2398220851
56950249
52042464
1014614708
2373784705
498626942
2517059378
60993653
30433280
2813271368
2186088822
302548758
1612147687
2605064576
43539840
106710681
346844507
622094740
165723799
2873048544
210084921
95267212
341351534
2853390282
321473460
1114526930
503069290
20510539
14905049
343235721
18775850
269707920
2309156653
33247380
50278399
704788004
1098793796
1248266767
1964332195
2576384850
785105894
27389467
311290000
22836244
15842160
437346656
83753931
1683313692
1734118736
283886011
17126629
2752035234
239699447
73066076
1805049336
1721838535
2177560910
15997770
20045966
25041618
92359509
92305497
21477362
39477357
25802471
350713721
265297974
261576313
22323754
41355103
301388151
119690914
377858393
130106080
1432770607
582512831
2471177137
256787368
245464805
381355216
76001408
78265902
748671908
64643766
250175027
1855444489
117005114
630044749
519285667
429004349
107069243
1386659071
283171474
826695158
1320268783
600738386
944484055
244972997
2817144482
2378117616
2572721094
19494371
2679944780
16860787
29730065
206364738
18997715
38924575
834711864
2817361657
2429938890
2698477560
104827344
1245838766
293054081
1535103522
74576018
16426177
17974012
1684197162
14868699
305497798
122807726
859944733
227274254
338918487
410522098
