978824341969235968
378259736
825810813772525568
18710600
709479366946754560
67196459
3368562612
852569338641080320
862037690597953537
2783231383
230792524
1058086193185853440
19617769
1285116553
892043858728689664
2400284491
593289567
917416223541022720
1133435618984259584
2832261790
148082851
863972252840116224
1019012598820474881
462508768
565866811
320731480
40291895
824642649067966465
919017847
137402118
739117556137611264
26233068
805429550
1129123489070440449
892366930287497218
944657395363479552
1392544254
722884683722153985
3356098522
363312491
2972541035
500527224
3227563873
1101268740447129600
3438870793
1155497149
1084652789802958850
4598033713
25828822
450708667
338393895
1113553373608009728
1017105448401539072
614381471
233721185
1006559385357778944
34539661
1106306950206230541
201124924
760787055936933889
901804447764008960
971787688734089217
784150024447852544
1149942961
784397947374964736
32372834
2798240586
349338716
42886287
2334193741
910492003359760384
942156122
22799750
16129920
29501253
21765111
1103313429610328066
2511556309
26476586
808437804678135814
23336478
3797338456
1177718582
1004023738420158466
1097660733611864067
25072482
2761419799
2575178924
31444025
2477282563
726767006905573376
2810130269
229509740
298445805
3225693646
825569108649340928
983371093795901441
1089540312656166912
1016780087847473153
3234798157
217117577
1006537929215430656
20446182
253339566
16116681
2701073637
981489765353697280
355036400
904033519541805056
548384458
736913491639046144
3063903069
335944358
2286982706
817151267541815296
2375643853
35315865
2301737107
205129701
1047443446888390656
907334670282567680
19052570
774639101026840576
1517035471
1571153389
274832868
2466123505
573799805
28838219
1128468090
4919745501
760304697622171648
361896869
37703511
519697310
775350837321359360
15154811
86626845
15684633
19767193
520138835
268282057
151965668
18236230
155230346
1013293369
2893477011
91656434
1159323732
1070206716229246977
1908051618
1195617691
2278405800
952820307122769920
2419289419
786831450
20813165
19596074
20731652
18019105
74287341
72819944
121869155
2308483172
284071322
748908558066982916
613132191
1057780247050027008
757544516962451456
4038575620
392987060
1005436790734557184
1087458404220645376
10328012
49776168
247426491
238266800
44783853
935301052068388864
926181381574717440
1030863103767072769
1424621288
3370423150
50520435
3253217376
419544231
397317974
94542631
3101015701
1064337290162593792
41077147
3317998632
3845241975
1083582291756998656
953158853088219136
1102039165
1352962327
1063200614560264193
1259497074
709561453032775680
3041778101
857589911511281664
900108565708394496
887203562
98877698
45044548
2841156136
313054802
1019989323976990720
2547700101
3950225477
970263433319993344
1022564855188938752
864560037821370369
4355747416
844300166215745537
467924781
4612856479
11670272
2312751577
721250238
2859448331
279588627
2673908198
444830814
1006903940
27120158
54155352
295993800
103976638
3300794127
703952342916403201
1009580174956826630
24212723
747538445699059712
2202163974
759922542429675520
78889274
190063411
873542993231446017
1024395163
905207232769384448
773624977392275457
900494527
2789795462
2483843732
61538903
2240242531
829881163472916481
146569971
959271319484489728
24457744
50414401
334948273
1492731589
18585425
702909620755505152
300270852
2166116277
4113862169
125522410
2387236202
50295282
3322502295
4835486489
119660612
2780655822
144934256
1068159394502844416
3050183998
37338773
73811634
264138087
794992162509377537
2753663966
19267482
50778701
29717083
2458349803
801614917002375168
114276080
3232800067
296425157
1458631843
868504262
46581007
930532987535609856
1016378435302592512
4528949564
1511250390
270900518
870397749283479552
28023025
1061323780000309248
841340148
377150513
948167443880513536
95965477
466856651
895392060030631936
142003460
738937657703694336
447695542
972249961
3120461741
22200760
45122898
25950355
48081662
6529922
955222653312339968
871015470048190464
27116474
1640411761
2767875475
64717772
1031998878848090113
3786393313
759183809258545157
58009859
4771624993
732611818951151616
936017682
786309892990574592
879895802046447616
276688330
538476748
996240998840741890
290740081
17749086
2339538282
2992886868
2864719720
545674125
956995545528090625
433439383
2463588193
3061255931
175150751
76417139
2154127088
277478106
4633383082
14095644
324896218
25140707
303598509
87715935
298029693
20535486
54243837
54956437
285165232
2801712679
2974336239
121258930
870443165852905472
779203152637669376
917937248615698432
937729798457131009
100102221
13787352
290544031
840095393891282944
2813156863
2239767038
128679163
992575091807420416
941080085121175552
2205533730
2696503964
543469117
2872693514
356445815
21059255
36711022
87788695
784106870231306240
788025524073275392
14062906
798399508602306560
2217401528
1005698756036186112
2784804628
2459112954
707609043578257410
156737999
811292290484408320
1191158508
19624836
836531154
346791494
293826481
403567856
762389002364264448
249710733
77576383
3039570528
3166146244
2485452096
3034037014
52401358
1309003092
389085327
400298469
2429476459
33657625
137036725
517651844
161515067
277571546
132295107
216070654
14543569
1383272101
492492626
708014118721048576
14528874
15134240
124237063
2188806139
25728193
1345345074
975764459003301889
197295463
65497475
52133835
965266179836252161
932779154084417537
87964393
189184881
16678441
239548513
4691188537
917066041
571324335
29585629
17627579
96505646
2980473929
935757468109590530
61118465
320961515
268278125
902769558
309248952
393667129
29653923
2257558088
1526458003
11274452
14430086
16211809
17527642
117498665
3376737633
20012866
859062296
2984679029
399487617
2530789454
3222468096
293636046
307150604
503316371
1077996535
337877861
69027747
872758548
1117578570
1285120254
2492589402
30494074
2342674302
160568593
56484843
1339776601
35860883
993878881
418005038
1726618986
16547607
860521213
197901148
2222526110
48177931
412341995
16569176
17181891
40450846
171547343
3325431515
242196545
3221507089
2228598032
592406942
18906335
2894508864
2344558476
3152608156
2168245703
2377555860
272076945
18170896
26608905
41602160
435415938
285681251
1714187047
166707531
567819293
2751186345
242369430
2479161001
33358465
409442354
22708797
27013292
415773647
23451657
2352367795
1961176208
16622060
970415876
1872020400
718888154
88961864
14365797
202170662
2160226238
1961596038
1241528605
1855784868
1855945272
1873080438
348660800
1854636829
295824425
109646364
170115204
472208591
50074068
143547727
517822136
325874909
1024602517
22995885
32719028
40105401
249203600
553183970
917993286
104576097
393089527
100277367
140974339
206382265
297697212
22784904
274323470
120246693
103129157
116532121
109303622
213337079
248816510
323346108
361019472
260971119
84117807
306283005
43690069
409570388
113234048
16703461
20598058
20875283
287426906
273526032
170157170
35575942
407446352
76764803
19028909
64484397
14254409
25372825
228019505
110189578
193237254
531929106
534851924
498512423
529459972
72204219
549378856
19632509
450032749
62304920
36639482
30725767
6450322
72054971
211676629
100503107
346114962
6482532
315431424
257664900
49403579
226779929
467456844
44162011
32431468
522346471
556287038
426041627
550108339
55259925
177969600
520760335
234200119
81505840
154341116
24006596
47819405
73476616
310401451
392350277
49521135
467544257
81767565
439779366
22866991
460567812
19541777
17998517
254055631
243706763
130412081
23422289
376917725
275848915
94129442
137914427
31143391
96203823
65055429
22206531
130365207
182910273
234853216
245139314
276510314
258780861
89788739
267497517
36473125
202288425
308187388
170514314
19433228
24224542
310292420
284287181
18533670
186251243
61226587
59845021
19675732
14336609
28689462
63166017
17870903
18169053
20657230
18132563
128698420
68713673
130535553
112317404
56455323
22528006
116313988
48219895
100632928
173849332
22150308
269935803
215063312
178815147
82142715
244933378
133430077
259563620
191667663
101856523
19846098
113616431
116983434
84199115
167912446
62413270
23615586
