82321731
378259736
355036400
750022168675688449
203714426
1066868172496740353
786047748508221440
214280711
3140888533
2417085025
2172948492
610675752
4099171
45285833
3419339002
4879157878
2478729888
1716711450
544773325
4827562902
744194874199539712
9144542
1121984880785518598
863362081
613770208
189272114
3117167842
49457868
2937632239
26043704
2497242884
3404297319
168987151
148435933
11178672
146123790
16245822
16491676
16341691
776682573401501696
636216638
904869467238174720
60754612
907382738
1081000693845106688
808774010716700672
76350853
892275857779118080
3192712350
2279227387
58740930
2666790169
17947003
189376144
80811754
214502417
205085943
341564433
69599312
135951084
601922436
3664903034
313743136
905717060
22959763
15830436
39822897
3032917792
135545960
243236419
214842351
2857571702
865592744231682048
575905433
185773727
2831587762
3740398092
966356537273962498
58584053
478612133
263685349
257573181
765579489392951297
149126628
96839662
393592962
24639417
121417367
152014147
1078045159
78194683
41148474
376819015
2882699721
145784826
1880725393
266760625
27784905
2943429444
2783025822
490848670
21753847
19908047
783792992
84194879
17669704
1430696226
22140392
297505251
30354991
716432228
47747074
150078976
24665054
44562973
148593548
307351732
14050550
445586377
22053641
18644734
786428243352035328
824668172288561152
1875854796
1639748756
29472803
287538756
490932793
1006419421244678144
1533844754
885328573392973824
206001945
378643551
746106355694637056
2271638589
747503102593474561
2987147081
730593451620892672
2776928720
1537326895
26259576
808799467377922048
1431059341
3021697442
2859448331
19624836
21249970
108408529
33748765
39159473
714756007
525249617
846137120209190912
20060293
4196983835
407387443
35270579
757303975
830875096780771328
637196658
116734678
28016498
69004966
887468509021732865
308258036
22209567
2249083946
138203134
2862883553
2805687654
1732534783
2288605368
1002558153085587457
813286
2437560720
310026299
856568678803939329
621070937
524024759
723770641048969216
71708286
2861010145
718971110289711104
31339831
17358750
880959513427193856
34743251
4441477785
17070113
16664681
3226351612
15808765
842550390818201600
1663413990
881615056437297152
349142818
260907612
856592089546711042
15165493
17057484
2688148651
824648530014900225
145651803
824320219866923018
823565852922576897
3240143771
97040343
35934512
225446584
94092217
382274654
15562285
15519565
2577855113
13393052
738825010786095106
79923701
3685103662
18164420
172858784
1467609360
386521020
175091719
182037512
1093090866
818876014390603776
38707559
27532984
432771620
599632006
700752753539174402
1339835893
17014523
6352662
93811042
357606935
873847190
114040486
344395626
104201057
30080131
1061781386
26858764
15612654
21388284
312691072
556536905
3420906832
3312854737
4294548613
1419173563
3223413278
3006575434
156375999
4220691364
18501682
16564324
4040207472
57766016
301805558
3907577966
130496027
204416862
259848005
2916305152
33773592
3246608817
90303879
156499380
36771809
18736652
1710881768
542793644
2727375978
54399803
915719034
913696369
3016007966
3018968748
3073871212
3394068563
29261021
334811425
65647594
912858588
3153328297
2734713482
3222275355
232417397
3342152225
22035690
2997418453
3323290797
2549047974
3308352436
15500649
248003334
508239255
822215679726100480
1536791610
2656601671
19608297
34317032
2486319865
3111226033
16031984
21316657
162535413
1325247146
2187906247
2898674396
1216795250
1694401938
446999681
16519380
1069839258
3394331
28406270
2978359730
4620451
531154069
8005492
2921047735
47886935
1087860428
1350096049
1061429389
410408786
118689933
454206218
14202817
104969057
602317143
67819432
1183041
19029137
18396070
1724204797
2611683308
61306578
16117029
19802879
92144604
321660017
25871992
2664580938
740109097
44903491
1270746139
208442526
126302054
14807898
13145012
186154646
22106552
45874509
377745222
985757023
40460855
301560818
325044817
298562874
1629123192
874176120
2312266164
1529636053
31106472
66182591
33972693
41271061
451128139
19767193
17396170
453294225
84202522
112475924
52053878
37710752
19743657
105918870
44196397
411150622
283611777
87095316
573918122
223953813
481943972
123932455
110772878
932885174
2353778521
411836386
2815419626
17156053
21786618
19178857
634337244
1560241363
1976275808
1354890464
2238139482
15947277
296462011
221366885
1365460075
1002161534
19221664
17190949
1144882621
9210392
18103385
21866842
65064975
129924486
152954171
183962178
192942213
228174088
293750778
342312795
348568308
601170594
989633635
1134548318
1341233137
2354013972
322658299
21917716
631141559
59506278
73385250
561249724
48494794
1358554022
20928893
33248363
533220539
563627017
871766546
1206099626
166687093
324481281
330760725
351753586
412669657
1349176500
2767195149
163844242
32372834
22272053
52488565
29354944
146548246
138008977
88392301
2303751216
330921167
17489445
15866588
258607811
637130747
225252953
2719719666
606466484
85642187
75366776
259292849
191481859
23451598
134705572
39803436
21504961
1486002967
290180065
353300608
810709142
56440209
22994700
2149741254
136682570
24950791
258914679
18291099
2226426661
58203491
299798272
493678717
830928188
384923143
15740491
2590407811
45842481
8824902
74612541
15737554
249974958
119376050
53103297
617299845
242573651
948015924
62951951
454313925
15309804
14342564
619247259
586909317
11348282
216084954
45885508
39530187
30028674
24919888
19725644
1639495106
195500610
2657168149
770146843
27902760
2673648210
2514214099
2546613296
2612226961
2717694091
423935340
2530738028
341832270
48860383
17904534
26652864
1486351135
470859096
18123733
1649091463
14293057
742143
39270984
109592568
807095
241781248
