869587249402437633
1180978639
3909175940
202228037
2575538126
701817202345963521
572719083
747647379583680512
2553102433
66021490
223953813
39253675
3127060773
976560396151730176
1062874223566249984
951913630584524801
888890201673580548
2680119205
946902009520754688
2303421168
1194843936
1514018473
1049359682337497088
378259736
40411094
766387657
415822027
788923756014174208
3969130162
1057425507090948096
1113106424408760320
238528404
16197784
3291621854
315426931
24064403
2707141484
918735195360120832
315283506
2739937843
2354688012
2491852765
387526521
2873971508
1084538835327963136
224331457
279113747
45303429
963828172130222081
1003347614337847298
3106174829
1111295071616421889
895331651881926656
2518632019
964560869324595200
1016644059723698178
4429798883
2353378981
877667395778732032
3130563459
1173623155
3221746620
923724714945548288
1037806884848324608
14103189
516983196
1013227372198285312
4786875258
1093009643733958657
3834912673
923638892401741825
601536678
2631442095
3265120386
2493808112
1227373182
920933881066422272
89166541
2275114487
14263595
2731825797
1549110926
18465081
245545600
21875193
134545154
227527143
499396922
217578716
276736172
373605040
4288574660
28840059
748943807060713472
3324041332
2553075912
459036285
17903655
956275697835761664
4785198913
3318662367
112407655
2786964931
2873298899
781593983285944320
474067820
834944943512764418
3322743493
374252807
54937895
72337845
140804216
1015411496099172357
316808548
1340619120
1439134543
1018733657664770048
1019225371177299969
231825349
49449948
822046383016464384
1011759683030351873
815377635698016256
937478005
314758565
2790121175
751872121622695936
899459529716453378
3250828722
237320011
2196119893
471884813
524785196
120670955
747519022493642752
168345250
229836348
329322278
632323844
991578486363033600
998211908
714907416404606976
20954738
4040889194
2876340635
1048666531
4888419450
2709392930
984579778626904066
1011391234227802112
991792784175718401
968200283326238721
183226171
2613545972
2531444509
2960060288
412393914
738793049195712512
769674701211697153
868133366243229702
3834569417
199546028
3331561660
844620700568702976
15060141
155634745
951118447211139072
905420914694737920
1548664070
79043124
444945609
2842596337
597924995
2794618489
19518147
4824963021
877205636131336192
3132007510
90539206
3645954988
2882783530
3910218255
4697065178
898122879933440000
24886167
1217030862
39575580
3065924818
224715866
1013578454
3893519081
968145423687999489
821578811452096512
2179791505
707794420477911042
444927395
3177862021
745320876
14987581
931990573879365633
879040650175369217
978260300
540355044
339064670
2482176590
455204484
1586219977
948671985839755266
738246119453401088
854717715810004992
863318286313951232
2176032600
935230030237589504
764169115527446528
854604733612535808
701825748219338753
365076793
728246060523638784
335147962
857135247628144641
44261504
853311690364080132
864783710486491136
3395753175
883384463631233024
908669752683483136
2891604031
2327417043
24467650
779130031
1005197442
811913062752129024
617854982
32518294
868872304524009472
872871225181077505
22320092
795701580540641280
2384004673
3902416905
1599384764
2826615984
2401716482
83208630
261808028
2271931428
395355737
443869744
561372021
6873102
2276173098
48306484
2320917588
578991574
341409178
129843174
575715254
552011715
3288997168
537440966
86176601
3998835646
841891183555141632
2862629560
706022876323966976
17711169
874292555411795968
86640232
17369528
349978216
2283031298
4121461167
635123740
717950800442490881
138360455
17471979
19940791
23638544
79313210
103887642
36328963
175756099
35070132
68306839
1568871625
2295576116
866128902
72525070
497768716
334620499
49240942
2307770005
21208560
1964657959
3846425777
4928247837
14085070
2833742555
250697443
334838072
2836555564
2910184152
334969657
2937239483
787401961163386880
838887334410092546
20813165
16245822
127305588
544302337
14075928
2578840340
2437585291
352676636
2469822019
304085618
2678236062
798202622952034304
223226324
16630098
487833518
2360241721
1435461
1414183850
625733568
125466113
2725146836
2529158347
635150645
35749264
1128132072
445846744
3132957865
1911165828
207070869
411076507
963467166
198350602
2836793415
191181692
32372834
320268880
2516897582
153814910
634109297
14786217
14199378
16178288
109379148
325841131
171056830
19863141
482108339
2413216260
3281653903
15143478
200634860
15862891
315368134
4846106736
2557915058
541731281
14441838
1687831542
26268870
3332984555
746546963655467008
19670945
4855362226
3996850865
562817107
4196983835
2829966844
2361303974
2150960922
622993275
3214623641
407770579
741368872779943936
2426899684
770260513485950976
748185188799119360
47161965
19409943
3529375212
2432088217
743842368152043520
28918647
1551091062
466626618
2239533602
784855806764134401
2696043308
1549642243
321437686
511174693
4776191427
38793804
2542146482
4160269692
22674756
131333197
1573184287
589975555
62645687
264989224
2925618064
2339641033
59183399
3031405115
220675687
442866144
199360809
1935925548
16435797
330782354
60862771
742798658
76836782
141991931
2213393515
1673396222
1377268357
3016622395
1526117282
2811455581
2848931345
48522369
238255533
16988384
3764717013
92676153
255220185
311052101
600288813
30054271
14207863
14315537
523433085
49042836
19108922
2473025251
774063303316402177
1077595740
67499751
761970320198688768
190635850
250024481
87278028
104156791
74110421
2841884049
14239043
321652549
241278137
156989502
88764812
93464739
19341683
122973487
322026685
717980653
1326852056
967044984
630307037
199313988
2338474649
4777767515
607201060
785833591599226881
1388895768
184230763
701404990502543362
1378590138
392463691
1676557724
122103537
2557441026
3232380838
3044849445
1180749541
3324037438
2482376186
2392682364
1609070899
2634523877
15029864
2842267954
3260577990
244166707
348090283
2925913018
722245358
2602485020
735361322
2902146804
4740372596
286444090
2342489378
4201709832
2262980803
2252850199
3318227257
755439995373125633
2806585812
972333798
233779695
2796441262
400923272
404421070
485880944
2766960032
137806991
20692594
148592808
142136399
3439552409
431217274
32853823
1662704581
1339861866
231216809
1896450494
3385495954
405543136
1405506498
142149806
627088903
1079917939
590084071
2340543498
382945026
15946223
3795281
3311242761
330055239
1203814418
2312567720
1871895271
