378259736
133483967
868703400
36396343
15154811
17042078
19767193
2916305152
71293921
2409129102
2496223128
3192573188
2735207551
3165631810
4462249277
3194732335
1732829419
21611239
127305588
807095
840002166
14085070
713648564
429447918
324992991
234328666
82838096
764043769209552897
14677919
1680944431
845743333
21285557
56768257
402875257
380816062
14360757
801852788
12270542
20280065
1565839604
18209478
16681111
158414847
19725644
52584039
34018296
23484510
212304085
16465385
19402238
8963722
17599264
15862891
1689062472
21581503
19811643
19658826
31080039
317653374
1524366572
