116313988
48122712
2329066872
1146069765280161794
53911544
23941036
16076032
933390216
240374439
950824252562903040
378259736
1092030468776710144
146591912
182573469
66678157
111754442
626725650
15675149
134764824
47461491
61084342
69358153
13124602
16632084
80575628
4568969112
342994346
218229279
1048283702697086979
1028620936176656384
1118194464659521536
24777517
78584993
6741632
790680
1117340800193638400
900348469
17229791
1015434322373947393
283230411
19593634
131286287
149685788
924978508224516096
1403671910
34586817
23138365
52178556
54312869
203554240
3289837685
74763991
239837017
62501888
126414032
253125725
176825483
215988798
31980988
87021796
3004269496
22864100
95253000
50038380
943847048440418305
39116717
153871690
805928174450339840
260032359
58536923
109337521
751454653011951616
111123176
883354460
45953391
973708173130551297
1083411405850726400
15321869
413318409
110522807
965380067131092992
234398308
45870897
112565129
62075264
246153431
76467759
56487453
156723116
3296345538
121300075
13058772
878927257
57766616
883294784240066560
248890506
74626513
75110260
37122131
14125476
58951368
58668131
446246330
27703690
1007241734064091137
44195955
993146341294596096
540219772
35409654
1561767420
168155564
207739610
14317501
1764651506
922115847618990080
799260530
593559018
103704608
477166288
20206810
9676152
1080591745191157760
1691798395
1962586460
2253708385
14594813
142393421
17137628
937683426882326529
84114313
1559498840
18122496
1202130601
65720380
112498734
55022037
2811052697
1660695121
219112689
139612761
3316550554
562128533
1057988888453677056
2479861125
2174537102
386820805
18213483
69231187
14700316
33933259
48703759
48491083
113046300
741134623
14499829
291730116
56662071
14840606
140596318
63118359
4001564362
206222507
71529793
175399484
728259137868582915
762402774260875265
146367309
583108053
140286867
14907774
19303338
274590714
32875623
956259247
1581750949
122131132
144377046
47961740
109123071
2850396738
806227610854445056
41589948
3403909113
56401830
883055845
25858078
3068624261
18710600
287285569
4397998829
342836049
986297253701804033
3816555021
72827339
2359377606
38900042
986117360774975488
116820742
1615661784
516775615
545099077
4326313872
4243903395
919957341201674242
395175843
2670726740
350517135
556865558
545651780
296491441
2689114595
3396168616
141863684
831635000
265550751
25704704
1075910966
51282549
956271489107587072
3154340364
20629893
752790780314398720
246860338
234452280
741399732292071425
14725439
935528112598736896
2172117688
1343703050
742402257296236544
15019391
3796477894
4143346696
183279440
915641447424122884
610380252
456207382
1129280402
1436589091
169923361
354095556
135639503
925773784497508352
36751573
722068976025673728
386801113
424861562
1146115590
45447020
34298410
807292815675887616
598958602
861662446595059713
30117765
890356190269632512
54004420
19968846
24751716
20045580
61496527
65780424
58003017
558705332
130017139
538450127
2960833643
18172382
785833309943193600
765507308096987136
810921135428825088
257664900
130365207
277807479
2962159863
291389126
821941410
4880295083
863076033796427778
755891529890267137
304735719
52547853
67203023
2352367795
64941438
18938394
3400947970
851796504549482496
701408654
1897337852
756318271
107201470
1267118816
397469574
402880959
17397787
225457526
28436011
456706454
133415058
846848976095711232
138534257
145717740
3201301714
831978176553312263
562048640
3345989931
278072553
631209914
496813822
1251815599
43417019
208001866
253485286
211089508
3385900773
502736940
3027974476
414951132
284567545
3234143226
1938762456
890660785
63893624
130840977
2497258136
741773010982555649
1540034828
3090382647
3396160997
202292275
53667720
10325972
3515377336
3032841857
399072194
771887391267254272
4776503013
163177484
188487140
361568797
248950731
283280287
130238209
39837448
39244450
2570958228
1016223722
37957147
43885553
284287181
40786192
39613736
202367186
2926818982
178815147
439779366
269461150
2416543531
18917769
14623359
300975882
234808306
95509293
303983892
16709188
258885024
1136178192
243679224
578936587
1127730104
335400049
148039695
185688141
151136308
56371952
157679850
204875091
155942366
83455841
257066815
303674778
1511857028
220692973
1112259888
98480910
53447675
547705329
167038272
386663756
1112114870
266338346
103719428
34251486
48071620
1416493026
371425007
147549596
298139440
545504260
589352518
30883350
40337632
24173206
1335546914
312878207
310497473
36423282
97973688
296215688
64585034
133823032
788781217
31039732
175414263
266816540
479423029
236393070
34962285
34002780
337828293
95524414
271079621
86971522
211277127
219784834
14694665
44734487
92604326
139372437
266127646
18808751
186251243
284015342
47831726
280790148
402183564
95740548
409961079
77274850
37854179
31440647
402984032
134902512
360822789
224834745
112747883
79080933
174490453
272394488
179374755
180293130
40249534
14598876
71385680
97079001
109592174
222622763
236964556
18787562
34326602
143291772
209567223
39301518
42593930
73892084
96864374
60734388
115217106
96230606
82720942
48063261
37935151
128656406
106380132
44020456
17050914
24526665
67321713
83351242
45909722
69613837
113378610
129952725
103388418
169897156
79008385
87045834
46727530
158765699
84483194
206263490
116598094
