2921401011
284310487
768915481
173834817
3225888973
502181375
1032381885987663880
1148602954536165377
751099667224596480
1114960276003131393
9638482
2609603724
805184413
2389547018
768458250660507648
2778775513
3003833823
292522160
1873081375
1932148994
2396616228
102501393
1058848315
2827142371
3363035127
1732407319
2768975832
882498007
164753727
1011924913
979072772
370711197
159110396
172920294
43748854
2214509558
46950154
54987083
54991716
763747675
384425441
1920497647
382842767
56410041
254075016
993239106
243680479
153097322
3417984153
24906652
24112514
52787252
181982398
32240481
508862271
193748644
1433574853
109357069
2444063394
263245379
205272216
863972252840116224
48491083
501705472
112317404
784397947374964736
1149942961
378259736
3016632889
750344739430555648
55259925
2900272654
705116646256410624
902805962704035840
1107723510745612292
1216984328
806206286547324928
725045317935177728
1281208974
1653375774
204416681
2645048430
3458716997
33546097
731134593521336320
823615574
2891546205
293289982
763236114
3159692481
3004635855
994703156893437952
3257904401
768189071420076032
1434808784
293063938
1672160996
3294965614
93653664
14503673
91384350
822201532821237760
1157001619491500032
4919876231
16570938
34817243
956163518
42959221
1023243999430291456
97688364
851148869324886016
42816312
796323553897484289
836632977526386688
445595230
420496276
1002166858282405890
973917727663575040
710532628462571521
4895231357
863088170325467136
2506222985
852979781813620741
874169035
14686098
14945860
45007112
1007095754094243844
931925733026484225
990661200810840064
90482332
756591535123210240
28899666
3407281942
3344511743
968142513776353280
56240099
170054047
323519359
1090414546819330048
13400312
1074787928109391877
746490832455335936
2973721959
1112041086560673792
893824147159224321
764085440035098625
22659963
102776236
1149599629245157378
1538327216
2735385027
877062463728087041
957282016160034816
793400565468426242
797778235056590848
376257681
901057606604783616
828695875358691328
1150043297961955328
1029487933
713483400452182016
1146619916780474369
16271096
1113974260266164227
1115133854111559680
3053811408
951933968965947392
2991420754
65668078
58380025
1139998923962167296
4828415122
703269683831533568
2892062434
112853246
211420609
18915145
43910797
83175773
2273602610
829684474141106177
467177679
969994673224757248
4889259364
2996622723
2704223953
316155894
1620651050
15607213
788225600
969039192196988928
50325797
397018174
4635533712
1219669333
1041790149925851136
1042166031131836416
1049681626773499904
4065139144
749947250911092736
1272228924
3099001354
835306694
1017586940760092674
877165837978710016
886218415156973569
1048780371586764802
164053476
1098759824832110592
841741913522884610
2276860548
3795578243
326525759
561601899
112472110
531697681
2202675310
1413450110
2377958781
1360894320
2904510737
224485403
426743305
1719246002
2918993245
885953601067208705
216098950
2195634992
883060304694870016
2828704973
1106275253913878528
4861411857
1100129936797564931
1138492458986196992
3197796196
568549582
15906932
915299296198692864
124237063
24673161
517689835
2445899642
264439476
3168787897
3177022352
1118507319275544576
828682236450971648
851702845
779021316691202049
979008253580505088
1029310277043544064
532800917
74739860
997040168
2986271104
2704715387
1057809083888218112
1106296920924917761
3184947302
1038863551102734337
1061608802817052673
1028509632036098049
1129853526488813569
1035174532020101120
1105292557838356480
537752438
15139071
1129074624887754752
727647915917774849
1117892431373111296
3395279834
951883600579964928
3308198152
16712361
2444535448
1107418039153278977
887018224839081984
3252866665
3206968961
777975125081743361
2899414101
711717581175050240
780888619321995264
1096786530
1675425632
270439852
708427032959393792
3308084582
151898388
3000029214
2664833948
1001819188028215296
923651367012577280
933371493408493568
976839481327341570
956266066958802949
1075731542910124032
43281559
773204453725990912
254052777
1676717942
250627892
3677274136
15103223
323003569
65436622
1959711180
3011697511
47527652
2806534557
20304604
3076583975
30135418
22851957
228947027
2533986630
1394285346
48743186
67538028
2511409436
171542216
2800216638
2260373173
1346647680
2192513305
1920706735
164545213
15997823
85337478
13267622
759565200
57614131
87222332
17813135
1769551
14405285
175344481
19343753
184866328
245061421
1568532181
1740039072
727792171
2517305585
2376093306
266173015
1565980524
2515890871
2467791
402903622
2312886366
2359877084
111220716
102387779
232444717
65422008
23544596
487182045
946337628
716515519
17064590
294956388
185017873
62102281
1250244318
1934735107
1155380466
26009048
725192178
276289812
130497148
368437546
2582815670
21399016
17240937
767800722
151274520
65684786
14095883
570073602
18169582
22795270
330078740
2579377765
14027532
87727037
46969683
14910806
116668741
383649163
52437205
20272083
180396905
214274062
65409755
628503712
24293544
262911271
22253
95053140
18924291
407903694
40041432
15317676
403248032
1198118258
18031232
14163789
121817564
6758222
40684090
120121663
150799590
17927409
484411387
1585589059
16857753
38479588
27055034
76986874
17393790
11954462
20693913
506038952
14676835
41408789
868235790
353279596
858924511
1598414347
219851795
54643307
138161660
165798058
66504164
1132294987
22844619
14465451
262191172
847705464
17580293
171496247
23028896
21924525
77311692
366545501
94083901
44381332
360995306
92597889
1658077962
48087463
111517935
480819245
243057502
294149323
17048030
380667451
79281289
15122826
14143921
870174998
47360209
1318608492
305412430
53297035
15528938
537487691
28502793
169790214
182638551
103512757
253125348
563984665
30507516
21228708
196496677
602993818
36887727
116302934
247324340
17945666
382347153
573198679
2269953373
1004941927
9590262
151225663
500916720
1381009572
154145174
342250367
1460699100
171171584
390376932
277911352
67216469
24352352
883050505
30685922
613069625
1726788152
2432771689
272430338
181720256
121676680
158414847
258135801
15687093
16705464
182130662
408636835
6641802
409886625
2262150115
112573938
726688526
721529041
531627880
95943579
825346416
705148490
527843795
297747487
807637950
1172240360
28088475
19234329
2229626174
223295168
251086537
453402782
16154410
472348326
16123223
369529173
115775688
486297238
683113
21834922
89593573
128073415
65774480
210684204
19881665
18476403
977733859
2444931
28119851
15592506
11621822
17613205
10545772
474314063
532531457
193900255
20772763
89898430
2591800897
115570440
30013010
458865563
87724904
525323491
22278197
193492723
214622133
43139320
18414337
2190904513
409277811
2294951304
19229193
188783379
32990114
15428397
52488565
22946999
43540843
73396432
16264965
14404842
177592153
1362263670
274489720
2376982213
19808176
125512325
1137376580
19725644
14506075
29093157
85314300
2597793020
14085070
17042078
20342875
19767193
65667435
930753686
17981537
118975084
17396170
21917716
33972693
2491972878
2465549240
1440902882
419669921
113762796
2562047586
72912332
1290021380
2585019206
32372834
618023923
27028248
109678830
973048350
44145732
1219464720
2424589555
313482543
2591642582
2815541726
2301902281
1871634932
1908813554
2115801
311717487
2790308704
107980645
2784489568
904183236
2324402119
32438964
1873048994
50169834
463690132
2365413116
2361339506
2360035250
2355479688
712862539
586575977
265707506
2235438835
207778090
2366092273
49870351
241219012
766137384
442341686
16385353
1095973345
1002843182
2369472690
710836126
2357772496
1935606577
860087023
93096802
805146757
2369589415
2272278518
373094125
2389600609
2367665102
50071671
874505377
247950067
2573167774
79895445
2523733057
2537777840
85398379
2428252584
935068962
23586344
1548871411
2374346960
2495425879
522657570
92145620
107232830
1493702257
2779468340
2800798176
2201319482
2457652208
2591467501
2426368520
45579282
44093781
12133382
16817883
922149614
243176861
32303435
103162128
18032441
255552196
66240101
18928877
12756452
610699165
18788629
468922081
16192111
384494715
258361600
46224705
310427730
108330095
857818693
349322419
20186316
160680197
289529690
239528310
429625332
904151256
184931891
100545641
57644949
579236017
309586611
906364448
44905536
634101956
1895971832
447379220
550400887
409531464
1965508399
1418262978
2422780860
173811572
205202312
1073515910
1020617971
327697369
1220864317
24363770
1329413838
63144504
355053826
201397409
961692223
822059688
1202312900
284240776
21800722
868283618
2348821747
2786630274
54514059
336414402
1573873243
21938799
15082919
14543569
161515067
235616351
636119841
78091695
2556936956
482095157
2149208791
200207189
387511616
497351883
1157983969
2645602164
2353860218
715963958
485097791
777040297
2196727110
2667705979
494277955
18961764
1335111212
1576307264
846622460
50068704
31443503
37710752
13787402
1435461
19658826
193148475
61451881
484805333
14314515
18837385
15849977
18896867
52238172
88440274
15163872
2277935772
85728309
457203814
2152991936
84082967
20739133
352650591
125928028
185666045
14315631
37705193
13367172
1399640347
18751963
19084034
2444104183
113480103
16714443
419308842
182101428
18985501
14171371
292027515
2389718611
1289362872
206196557
21906582
43652382
15537007
89859520
31013411
24773177
468883082
29580450
19207266
19803953
766564718
1242286285
19722699
151574861
1280722560
236400612
2244290719
930781598
200591027
28440908
720228997
35222128
2485871142
50439390
21795022
1710234602
119625403
17296792
15817979
19624836
169273650
137858180
74292666
381677670
14099214
320268880
117539435
2707847666
19563103
11180212
19596074
82544380
15410850
15644999
36203015
544328367
119162868
297478628
16645918
57703846
20994043
120816872
25743783
2172418250
94825622
796745155
20481587
29652534
187718921
382748292
14336234
17867452
66250310
389574081
162118003
156491593
101806923
122169984
661403
16132819
2679743562
605569624
2462436602
1414491019
18393501
239591418
2282707903
13784322
13784642
149180925
13783772
59566250
293303534
31448660
332443460
115710058
185049864
89505255
21982720
292482700
34986667
54322374
32511133
25529235
31198801
108086524
1281519512
16857836
541111214
327684727
59997516
2398588146
149208285
340435971
39094846
225634187
244233786
159471136
40658194
915370620
999360906
17896146
120008076
324549685
161268346
25740881
71419482
17071455
27098210
58979167
154638119
22984655
32402773
388521369
349458048
185056717
247879071
19110820
158461099
207611592
94410104
14285062
14595798
177230028
16045268
12413032
1707379368
25108194
211629177
17795749
166731381
19015907
25700535
122463378
233048570
24688755
139987398
247866347
15409699
156622876
62440451
2528715115
39169688
282714070
28805729
18505650
2211011073
2317004958
132984314
56409094
930071797
33631173
432974514
14221588
2296475154
230114030
1636092620
64814859
392515372
1447001018
179172281
1893310921
1322555838
38630406
27718339
31943911
138198720
266999050
767392836
298022108
314689658
21063200
279486146
38186768
42097308
981527658
344115535
855121992
441470577
9495962
213037272
507867503
116942466
14375658
1140918398
180195667
834350161
1648894472
17883882
20922914
13638892
319252364
540352841
1158097772
1385912690
954427189
394273162
33470306
369146460
160046247
1899041539
2447884404
346188970
1022005998
29920736
1945240507
2352097621
546106615
1727745234
2163953244
380848858
36443379
233704387
878756952
2160764095
1699819634
2302934796
2326059420
1852105392
430339311
1887148423
2345894268
1436549760
1390226203
2761237771
233626336
21918310
19083673
389115861
59481479
369496425
37773786
38528836
41165337
1690059644
2775705329
19078387
14677919
331291764
1123787366
2161317727
459689041
27726303
129644027
18910940
165804002
456171640
103075451
416937657
2542775443
441652894
2395080966
2468220710
87055107
17470998
23870175
540668662
541891326
20061761
25094291
55658274
72883228
395121607
227159346
24276409
49713400
44363165
41233882
68426782
42076974
17159134
30973513
103110877
22579459
2548897788
393887721
2576957810
52322011
123649804
411652759
31216084
2409393692
62662949
2161362860
1075421527
2408674502
519804223
376528803
286845396
521973333
54211204
823776600
52535955
462483794
236258159
40714959
1713887168
91373188
19891039
1490566874
1225893318
23662694
2314033626
138663266
61650284
324553689
618345971
476503701
19051325
2255350339
1093090866
818876014390603776
18812301
28491592
20609518
7744592
822215673812119553
30313925
14075928
15312876
19730434
52055326
33667519
187028462
31151688
257484605
161341097
318549214
243033731
1323034435
239543885
42790918
35006336
33600887
18130088
273079825
49634218
22657351
24178302
13787352
467121925
6450322
46559471
15134240
146569971
27013292
25950355
572103841
38489678
22275527
54327995
21020465
217526274
124215190
44946367
148382170
397466188
1061561653
16394061
72442979
102167112
21395879
30015139
27230410
608451012
173955306
46438405
334800465
71662669
38245108
235705346
254095684
47304781
132518983
25367937
24959879
211957547
23528959
763937342
249501069
402207938
872791508
64476090
18513315
46970485
563554627
21700435
25311240
19862538
94406137
17021806
23683895
369245649
101880303
38001218
883308811
46508855
38076933
807095
1330457336
14062180
5392522
3108351
14647570
757303975
35773039
5988062
245571256
11348282
1339835893
15439395
166739404
62513246
15492359
14511951
1296360488
31080039
29546945
5695632
500704345
15224867
34097876
19397785
15822299
324036101
22699777
209166009
39176721
40766776
298953991
179248190
380602156
101896529
31307826
65576332
129668751
165933955
1623072650
38515714
75103172
23335901
154533838
292097439
130834299
365852149
23616628
1226786648
511298117
15405306
2325910555
34947683
2530501549
861869946
191308851
304165248
558101862
478227971
1720950806
1864434349
94089516
135703285
253678919
571053362
233761651
108992475
491579810
109049012
292060952
174352094
231574650
148783245
342166394
491333204
33978114
279252328
1556403858
198364586
175783213
1551192926
269554700
191585715
161471054
123095921
1511511613
49122632
2666076384
283789965
72867764
219516574
29483314
21447363
24163237
813286
137511688
52416552
52508980
164467455
51934590
15846407
393118890
21660508
1368017527
555401252
856771638
388990738
483036002
1016533951
245946235
49701314
443182276
25657227
29599103
303586299
380884806
278672435
244241969
117239630
120217314
196882313
245158399
473373850
287053193
175852219
1415743200
299395185
57063112
391739892
396080213
498025975
2457380492
14230524
17892137
15485441
136361303
39250316
118738386
25093616
282916388
15968396
15693493
58601997
18948541
47859460
20177423
262359713
90420314
621543
17919972
10810102
2217896894
14456533
248416256
166248524
158128894
18420140
35822663
594672620
390509508
259498366
481564835
436090232
