1149942961
378259736
750344739430555648
298217417
187941404
2429653487
2937504983
1149978032410697728
993731562
1149556179200139264
1150432981980536834
2981713517
333082609
909735339350257664
2990505760
1133623939975004160
772453330832547843
1036894035301019653
144748202
297607594
1086289347975041024
201296675
919839966997434368
281829319
3375904853
948543356535300096
1519687621
2912485426
1088041281794834433
942437359672545282
1094673088376201216
1874701466
913844510991552513
1056812907445530625
372434335
908272508830457856
925999220506624001
894536129596338177
987779443019182082
919957341201674242
938888593
793649312
2978554595
861041185
147716827
2920104599
1942076706
4863758489
110946582
4309029987
3299156421
2814048905
732963760047030273
3236832881
874713888645939201
577443338
203508855
110394456
238114294
2210576807
94290979
3152940712
4256181555
1962383778
2879449977
2999597938
274008117
4170718606
197084043
776394536952139776
3169822277
598581892
1653374330
560566664
801797742167257088
803912469928443904
286613167
1978807645
925773784497508352
1060937850
91560739
926168457758105601
106117335
2287235262
1027017140
2223471332
1291057117
216036759
256025198
769551775309369344
917085599273758721
914422380541472768
914925206275313665
19811190
117432192
330919869
297456112
2894409411
11611502
110946158
1493278412
2929707725
2336579810
872086682
796295172590071808
714289994
781930945549139968
2934986704
732143289298751488
729640027660111872
1283489900
246223376
112737379
719257665218732032
3026271226
162979654
711235219316203520
711960037669920770
2512996359
134196350
263595467
707889699378106368
711121313583271936
4157754099
709036784655716352
1289708010
107220410
19581430
1374003781
703217517146284034
263066937
18698017
580909100
552933679
364405160
16202967
245522250
3092378740
774187063
315244008
3183639797
41091612
823455055
426811877
38261122
19245218
258885024
614597913
96326236
502736940
3182972597
112385035
55259925
2149796578
22694129
372809166
898091148
270007211
302657746
2926818982
2532588229
82142715
2890521256
2429144452
2917524953
238739170
2911171505
2793402300
14499829
1100706565
506253791
1267118816
2236448564
2437559713
2679358644
286087051
142233896
95509293
1417803726
473856480
155930023
1949110488
204700422
347778531
46067141
1946903208
2841198269
2872123426
355529324
199015148
1938762456
2864766881
191989521
234304298
522114573
284767937
265550751
2335076300
301333119
1055371508
2233514852
503554266
1095572538
43192807
7849082
119702310
725744533
562958304
114676499
288707354
389394824
427346944
17208512
72827339
365927889
2356148556
2234236340
298517235
243679224
577032138
103039345
45837004
765330420
350265147
2214345929
1346618360
1077000620
1168772628
1387589970
1481808985
2375729803
1525290175
1523127732
2337084416
2226371005
294002077
242796587
121498342
188685897
269461150
121146038
470359224
1136178192
93598904
1717279135
307904496
1638313932
398268063
2757954016
1127730104
207920684
578936587
576495814
228440747
200912342
807597828
2361584472
404939475
218091575
363150342
54246123
252333205
391072333
280897769
1225580406
856178683
2429103838
2599871774
529612863
446513601
382249039
186476529
462974036
960505028
2206786651
556930626
1255059074
6809022
141636095
1220787432
2359874340
119669642
846090360
702541567
233597729
569038397
61489404
54506896
278072553
141863684
142229981
287714000
255695748
267114787
307812813
219143481
206107435
320094506
288670186
208051447
364528766
279649054
15648827
269868351
33206442
