968547503946850311
17400764
858595101534236672
2548586492
23739295
447361732
1365179413
584089217
2466123505
31444025
861987591918419970
711728625490518017
784397947374964736
55259925
3016632889
378259736
2217401528
865372391475732483
705114359698210816
3424898981
519647559
962064829937627136
4119799757
247125507
1124896792338767873
377188743
3089135931
50195142
4830743896
1149942961
1097616897393086464
1069405516076445697
1117096674629808128
1887042876
335646429
945685326432935937
1617657817
289490512
285724042
550411713
754225972082126848
184530310
3298929966
182971565
3510732253
151191683
33875003
20198793
17948810
278142809
157127065
280630809
581076102
14079167
4196983835
103628454
275705755
1507227542
795155918543585280
59595077
577753616
797660293
2951305091
568780180
1132420921
621577260
235764167
58545637
304185486
257817126
133815171
1091337624
126686920
2282599043
1055605225
338894386
1372903447
249548988
1673168113
2176823418
39330391
280205442
2757854599
23789699
21162131
110509537
4920020225
2423966738
450247216
130026822
19462877
84091246
234079522
153085446
17158780
48824637
15145732
390340266
853962071066783744
38655859
78992857
211636572
28817262
2592194515
3095098864
20228595
346123866
2461827775
34492062
191522167
2239542558
27922157
54956563
351991258
607179365
614411063
3617925914
394348863
768976342369071105
2161439755
1137698449
95233492
109594900
532586012
726362434076696577
489218573
215726233
735566923665133570
80392800
366747379
808116440767156224
1406101688
1357259774
116022804
3014265155
515985765
2771481511
453395047
763798188
4076478377
23950468
2885855295
4013653575
84582815
101828538
117053228
744958205256671234
21221149
17244809
962997733
134941111
1104295404
361633718
19175209
339348819
1890742112
149282848
222232397
2233154425
168487515
4634386828
701078145189994498
22759791
495199444
15416816
167549922
3806738189
3312317120
2194707954
192248791
547778902
65251293
5392522
17471979
376949805
27583042
52770751
18510860
125547081
476118122
69666615
249307732
360853113
828836947
1444760731
2845752377
1135613557
293557451
56720947
19840535
2431788529
255471329
42383845
28333630
1037486220
233683592
2295283712
1225914595
14260960
143540362
14897792
34267043
976538112
119626612
271398203
126146818
392467166
219768179
1242063637
4775010165
507268867
20767524
989514253
268282057
16675651
3304311495
3271200751
234947344
525893577
426558596
183654471
260066750
31486915
3221505996
15871746
208814194
2303751216
20184945
149537329
1125293564
16833168
252794509
248475557
16926550
989320740
897457670
27830610
453893556
1594967288
2401857906
108248084
390886522
1261151797
512744555
726634964008222720
32372834
487833518
272621312
108493356
726457407338065920
492750858
540993318
358560032
520236277
324425826
1918162064
393692562
2471711077
2530367383
2468382840
204486153
3131707367
3002471440
2729480554
4220497377
4875085024
256567888
224626246
1857960912
20833839
349356485
296235123
360181053
381686350
478208405
1549284048
27043964
177153378
2924188240
375830508
137353365
19658826
27596259
27013292
814182576
96102210
38630406
20520810
71536696
177891462
20429156
110397757
205301353
346605991
1102743084
324189253
292092102
15190216
322121736
1500132542
55117855
734538138
1957410968
563024865
41287144
34676583
42651647
127710661
1883851999
494510983
1172742097
68887265
1126445970
1128640321
83418271
993194376
1249349726
2355001640
474390541
1891806212
15521075
369375854
1388540226
86670089
30364057
189376144
180000404
336116660
37092434
108382988
547131113
2319108198
62513246
592912724
35341530
46003622
28704763
25986288
2535199855
11928542
13215132
18887526
54730258
14452313
80887688
158396623
32531656
291606205
95356132
227316254
42988213
25950355
38489678
16949344
383497507
19000033
22190567
599535866
21238524
16372127
16134692
98399568
93676569
42670984
821814254
87263262
59143817
20732032
56768257
76332033
224557597
39250316
167009218
15134240
22699770
16826976
21676934
43903245
22708797
14592723
14499829
2423289337
389457807
61513828
94401477
1236203437
407395156
742143
16220555
193725962
363997684
17073913
20059181
20452161
80373404
2155691491
40550119
61638283
335331533
117612526
18696996
3012460798
432334424
519534245
602867984
156969952
24223641
39092982
39812424
76420529
24212723
46444445
16341166
36695839
36375825
208120290
19649135
8736882
14159148
19377913
112177253
308646152
17385685
16295454
494414941
14677919
6433472
