198579715
29807868
15726720
75312734
17237095
127020582
50043995
246973066
226076459
208025372
264905220
222605274
59613306
64900049
237546413
274918051
151623081
36402954
195109089
271028635
219031430
144298901
228523737
89746965
34896656
24923319
14180448
272012255
278049852
21672820
204823802
75111869
283156924
40065751
41183140
33043297
18228495
147415069
52752333
143522235
16359066
53572167
17592581
146320497
33968010
236132758
20260609
182427752
36880462
234221961
821336
779451
236941376
182535997
17803933
261345819
278812037
15423556
193424080
23626367
18311496
226011566
21681311
39328894
236125702
28294827
14955913
270149973
277270632
50438676
160906044
281041883
22341950
44148901
25253084
122218767
138103628
158601353
259315981
82208720
128737568
78649232
20729056
163582516
759445
128265090
149701259
37030787
