3158695989
1067248703440855040
15605430
2251623492
1525764482
892089068594626560
3221746620
2588482844
82321731
964744488
15502749
516983196
1876552592
61872472
265582167
2607272906
715037516009709568
730129093
1076815890
2671860757
4533480619
2702329087
2903470928
600916866
1382442535
89430267
491581312
488300738
323754242
547340539
442776907
611318385
303804147
352886904
34032998
1370512346
1096058449
958321164048191490
378259736
628698139
742769911
3266258420
158445476
10328012
1633496226
45255968
1522917078
385192397
392463691
4696728842
74287341
51111863
636216638
1620556356
14981648
1325951616
752967707277029376
16031984
118975084
986794331582365696
1480385228
16435797
1923959160
2828796622
3290762269
842550390818201600
355036400
750022168675688449
203714426
1066868172496740353
786047748508221440
2764811815
3335604496
1144882621
66073185
246228423
308429376
168722295
132615314
20440597
549445327
402664998
14807920
25935803
825378323152896000
24752038
45874509
55004039
795200935
142790352
2417085025
18111157
21439405
90416361
112177253
3935845456
743216635033456640
818981985838190592
738080573365702657
20352048
109642559
1866938882
2450770663
881615056437297152
14968581
126750134
2898674396
1920320712
606838476
875522612981628928
528389751
2185084844
4258554189
440413534
3184574881
322122983
21828867
491544706
378643551
70736359
101081754
1694401938
8108972
989633635
21694354
2497242884
16470495
146123790
575568280
2271638589
2544227706
742351395152637953
1047607005140082688
285908150
12267642
344395626
985757023
134375125
1009577803304656896
807806754
14342564
382911558
1931459443
20068053
1589492154
46934577
31458706
1122006929834827776
35013184
14298769
264162545
1886223925
4587325345
1659284690
15305044
49251910
47902921
230492604
10666172
128292609
145784826
529126022
20904490
141376289
1614057440
14807898
15488142
1116767292736585733
3195622220
29306162
567607474
133030738
2542340730
113560280
15441022
932237016
39208156
17809607
1647425833
2439177534
2738735742
20819865
792054557501038592
2937185044
2979592469
2967402199
935431454
38749782
2231927636
112756074
171279007
130496027
15656860
19908047
1716711450
253998571
49457868
156466613
816592081200279552
921637590
935566855741296641
87532454
3166870696
166207886
4269699078
2863558902
19236993
519072324
87095316
1149682771
54908148
1485613322
612706618
3748882893
206001945
384923143
810709142
34317032
246560945
1107896723936940032
255036353
246939630
53130511
634734888
3060489838
1634248890
19750159
68752979
2885543426
892275857779118080
16491676
86751291
33773592
2712102589
292634416
2485791764
45552104
24236494
29003791
789897026351706112
3001892157
604949797
845538768
72423061
37019113
509149833
3235901261
22027992
77345112
201483121
600525740
65175793
80518637
21461359
13366762
3082870926
23618093
316389142
2317351705
617825073
443944804
1934588731
15130854
475971215
48423333
819030784610893826
778798705
817787882395955200
395571924
148474439
138725262
133067266
12415722
15169176
909017503
774407512598704128
2941125060
198876996
17436250
21445143
41488991
11744152
2693616348
14552725
23143712
703027303488450561
2354013972
840625272
749023717204774912
2694502177
225265639
28162211
218975278
174110843
15813928
963057842
1032426334364950529
26043704
29912873
986956174301032449
225232485
19570960
737478121079906304
17781165
260276311
943906396180905984
709852968468631552
39000115
86129724
59331128
38936142
2800581040
471677441
892448953
2535192978
1612067526
372536101
382810104
186667011
455153572
19186003
14575846
793596354832596992
126722715
22771961
18018355
89887215
2690844644
907382738
255797635
749304220571041792
464192341
360790129
14091091
286871259
836331462022483969
867495243482058755
2710420309
2414827232
22811937
17579312
14199378
4207961
340613443
561516853
107108577
4010618585
18297407
2776842121
789292674
24766444
702495682104418304
1291199636
27696993
15309384
44393707
994996661964361728
16744473
434857136
36711022
969429414411780096
3717396271
762377565688307712
864940662533128192
226471593
749508573026062336
99763508
53436920
318395067
939570735059783682
17622715
3793960033
14075928
2460545353
27677539
224190660
87818409
21059255
2863996955
18686907
1711734799
3302515508
4028680572
3220881440
2377837022
785739140
21534951
168684891
15586316
958107089481510912
21179815
224320485
71627462
962975221
372946169
93069110
29472803
61734492
46238160
1732534783
440519278
2655321690
834081571493785600
2203502658
17845620
743599406
3883416257
39530187
50374439
7334402
47724293
252751061
97189352
133380580
112475924
22089567
14247236
14173315
2884771
2836421
14511951
761257471952379904
14749977
15828025
28123862
229930024
16298441
158679118
25531164
314496527
59490293
1311183518
327980311
18396229
818879139541291009
108617810
114050808
110075039
16513335
169343255
58550415
16741915
3350493279
14437914
15696616
79114986
4114441180
4196031009
27027979
897877323797729280
424385350
4267082849
22167056
8295072
352673744
304049696
33515703
430048955
16957321
2937632239
115171427
17006157
16303106
3687721995
57047586
304111733
165505149
20544264
14774366
8963722
14647570
1435461
304679484
16817883
13850422
89820928
1917731
50325797
9300262
302129213
549845388
229192814
66427771
95427261
249150179
2734713482
19789439
5402612
428333
612473
17384099
103865085
3130997705
24919888
14982625
50393960
44196397
34743251
15473958
19802879
16580226
50115087
20060293
15102849
11348282
21436960
3685179383
3685103662
905764884
3377438344
1259936190
15000857
4516318155
166739404
62513246
36721778
1963496910
15113565
813286
3010394694
62515016
179764224
2279227387
546224719
2905039414
167105924
1860949428
872592792
171674815
473224635
835680883
4364050277
2149269870
2097571
1652541
742143
3108351
807095
759251
25101704
87006886
27984903
24755505
63536682
17827215
727314506
1344951
24222836
1688949846
111628028
109080285
221438702
29501253
824450140131975168
175430709
20044712
20479321
15164565
19430999
16675569
73287480
30034124
194711023
59951125
1927751521
29342504
80491844
218644716
59870773
48033899
29537210
19672080
31024319
237845487
824797212425191425
2467791
51241574
18364698
317259619
2163884245
97040343
459483899
576654042
20154994
14803861
15229219
22823806
24223641
49943475
19928703
16190278
20778387
1775731
37291805
19377464
14065981
31183206
92093066
23808281
15741370
223879414
91143053
91815273
92522167
94818435
19440863
17781955
194168215
19515424
14824849
15234407
47786101
19725644
112427461
17761344
361748042
14707290
16412476
14242073
17149233
