38203776
32300441
969647113071153153
726597792311955457
2887219746
14914631
1066189088460550146
1113828112503115776
1087931494184730625
1111201364271611904
805666198142746624
524697754
4354107735
1143936146105237504
967172100
3390055271
378259736
33773592
2764811815
355036400
750022168675688449
203714426
1066868172496740353
786047748508221440
14681605
17080335
4091551984
17524863
216776631
249346453
2249943176
747991682
1152527788269850624
961445378
332721482
829116461633437697
2313292824
1915336519
1138863754945486848
874106117886005249
2939942884
94180049
1090688328440127488
596912223
2783231383
1553144358
960248006355415040
997228315999059968
1076882007001464832
26264758
926575703746805760
994350894
996415493660708869
271092549
25945961
1080614502641602560
293336341
897541581426880513
2855153618
842291809
1654576034
1822298852
3326808915
738824688
833436464
1095259298370867200
1034248239866736641
1002316857767026689
17824099
17220817
197208081
16873455
107650489
355049841
339054083
1090651566955057153
820291942219182080
296427309
1107664911226814464
207288610
36670025
529136346
1134339035877404672
719835843872100352
1049113209461006337
539309244
67018075
912653061813886976
14735121
23461788
16173297
970459949276061696
280840452
706064089
233842454
4183235413
16535000
794436109
1018549402053509123
240910849
25480923
3479222413
248735463
613495552
48774028
842679437263028226
2830780524
42977712
2163374389
261045341
234951672
230095575
634962006
377609596
19624836
580312540
818991602681217024
1450306387
832868599228403712
4534608320
22018221
2854130624
1119605215655673856
57162282
226222147
1006419421244678144
108338399
19146492
16738904
1110945018447949824
1106290588754821120
362730297
32926220
14125384
62894004
1024826757587890177
799047255378391040
886404464541929472
14515799
19084896
942156122
1044641006065537024
22401689
161838875
15350975
524032092
53940708
1053361334023122944
48500130
572240095
42490258
1100801011495694337
3327720838
21789463
892275857779118080
3060489838
755024353708892160
1017119179449643008
52320348
212674482
3131585530
242188931
269750669
870026819952660484
754827018403971077
1602956918
1044643827989008385
3948944172
217281621
252822897
76522840
2845077884
2835886194
1045440780192497664
2973553857
2429024307
4004761758
2797506703
800210294995709952
2970462034
128763392
4541535439
1626904404
40302336
1095364112610217984
783792992
1027338827298492417
23113652
950487185878269952
1090094537437937664
10340482
24285528
1016060415674081280
14443412
2908017153
183422908
164317744
102148991
902187896
33041426
2149571123
121489431
23954775
19316124
766720738690752512
701433111821815810
17452154
809995160629166080
15888142
333898004
586250633
21704309
36456619
465046121
255747911
967027984426242053
2460047754
14512052
713825076412592128
73204975
194549301
1671908917
746525675117502464
741495810
49163229
304089779
146160591
170404126
979479956714434561
21333228
278124059
281874654
33537967
44134773
1083788751212634113
552252043
80271296
33443369
43288017
1080485692298444800
26504323
478679531
15764644
341710023
282392576
1067816872001843200
34682837
832548120038928385
929568252
14993272
880541783331151874
2579337352
1335387416
728712271325761536
2831710385
372483103
15567770
263233535
785147636592631808
857457629592989697
773736691
883389716942340105
2520661638
17391331
201604693
1074776095558385665
4019132182
977049816113995776
2238560012
9783422
15463671
2461810448
4213494100
847294444315451392
266255881
838087290605858816
18925010
70499835
820585
3017412700
2538115178
3112415199
38779513
894583068
779128678475182081
1061090897088204800
290283876
776584396426149888
386366333
869044769636397056
739906650
247587991
795257676
2209147705
3050023319
751536164088246273
3434345169
2873278367
274866253
2997975126
1176994477
94680425
228978956
2340369723
81741855
45916326
3575537662
1436256606
202192724
22720855
1040156070214230016
3188369522
2779805891
739752670752346112
14297863
23281108
1872352194
2466781346
999167942343327745
21611239
834659389596274688
15554072
136633253
964571744190201856
1402936166
960339478417158144
955654145213648901
819737827504254977
602566166
634734888
928481
20025025
733827926500605952
216065430
346246513
703071348
2901669932
1024078541825007616
132674317
4719765012
1024319630943416320
959796847337353216
27850764
845648982999257088
898536305310683137
4745111292
1069018657
1014519633272074240
829838866718793728
246458133
949804862111408129
702621558238420992
456230554
1009577803304656896
2415053456
2317495197
830800125979193344
20478542
927040488024301568
3687721995
381289719
797899198645538816
57758654
12726792
2904534477
926359514433105920
270531044
501455648
21518612
2619831623
2754561431
24020447
468852567
1871975262
518867200
937078824327528448
17642747
38871647
858717511
70775995
784575415457308672
268096207
3782503641
2788959950
1495931383
164679813
3360315484
1041991124083269632
246939630
1055907624
1134292500
863367391236857856
234769937
1033542308589789184
2938450378
821278120518946816
3394399335
251356936
289342771
784301004762193920
881538992503521280
2936056892
471677441
1262099252
886357871373438977
46775436
98414683
16103143
2893511188
3166653756
168569749
22163983
586749256
18885997
860555190
2573480784
875029068223315968
372536101
27789237
16305370
323328130
62290422
856596564516651008
981308229299855360
24740039
1120879074
22369602
969054457978789889
27493883
1003791566484529152
1003727327342268417
928336786555854848
1529531514
1434251
934517509440536576
988847222023311361
344955115
1019672184929902592
2480936977
33276161
1287461586
159543437
116286391
1016044151467634688
4361001253
69986363
3297284878
210924676
194839442
4894047674
477012156
774445533008191488
884148782937460736
392443835
726872852968931328
923746239077867522
7406952
288661791
998531691382755329
213427681
17629860
17495946
454099919
722242009
39159473
47475039
288043898
2826048236
3187848737
2202229540
830392730501185536
306742502
78445977
636364195
21619519
824379082938925072
2809807010
28943314
2275076180
8974032
285357691
30483807
25785311
314173961
28811709
264924050
492403461
3148736402
1869073405
967164447063191554
138203134
20953682
3044186927
449269900
978264701619589120
411446545
192885400
2897153263
823546770504478721
143178447
1156166346
3004812683
18857388
2471309514
299273962
14246088
89898430
738080573365702657
4846740604
750682349847797760
974090672801136640
2414878160
201923339
4421820262
1092202778
18228898
951062029
968618101272121344
171039387
878568181748695040
991547437
894649874460934144
15808765
39968958
970605246346092544
193553272
4470976279
21968079
836281596
324629766
2352974388
4894510219
245196333
1001603567617232897
780955609394884608
123905976
3265645590
19570960
255323258
15269293
151640983
223000115
3938173949
234593748
4838993955
3019761108
702884216866938882
110380839
963834833054072833
3731658981
600189059
14691791
178946542
49068640
4725068592
276911103
270690250
830008406
814583963167719424
572242307
316537910
4666231375
30451813
366587205
757118699212009472
2191401822
995674794006925315
130922325
37387336
171024893
2273688780
475454826
586936509
2409269164
117848769
52613032
19279990
15426668
225189494
314340666
132521439
452836157
98238516
12354832
2570394258
755872938084147200
274440617
441349648
757303975
75974281
759055203509207041
1415144762
186966745
753350776051728384
20344269
782973815496192000
922338955537862657
181390077
832622278047264768
1096509110
2479224200
367548578
2878458824
45895231
843066685
109155876
15907183
102475469
853318487741054976
2271814580
819176997037473792
1365805831
26127640
14942701
4652050590
604011828
20151409
1496073260
412002451
311797884
2957745027
2933725854
229890719
224573254
941423916
827247504215375874
1499530610
342863309
1040931031
54617733
1002513128
115563859
1589251639
904111116950831105
437584361
14495879
3124664090
39832687
143828369
741202209518452736
838766281729900544
3060876473
18655567
2834526333
16960506
806990717553930240
702291860874665984
575867885
907759856429527040
39181428
2523417613
965266179836252161
19910041
4790593882
1684248258
880711424
874672779907526658
797229459803926528
844386235493732353
1414083380
840597660667133952
803987849414471680
739973665631047680
942878337806032901
262284707
813738086282694656
14641347
18400972
4229242453
1526058264
749684466700865536
21700934
929761851671498752
2338912157
3908573653
821920873313632256
855240223432769538
4007182392
331017753
24113137
19112992
1787201851
798041400394727424
2379748574
1654543044
380608558
1915033663
15126328
11347122
838351435595149312
4615508292
809118636732547072
1292849216
154311445
959059788188520448
961569659026837504
895732032252387328
251705823
2496335227
71273952
2933060672
2178681566
453437056
1250334620
134162047
615754220
14480745
24619328
17163953
227837742
720109275184558080
2519044628
14855994
79282617
914606573816881153
80419148
14649254
4165655242
862712603407155201
838920955409874944
50735431
839153256353804288
957480986349944832
371412800
2912054885
261948686
82097756
487592850
12053442
21447363
787709936
53282102
59256282
51241574
1729241756
426281907
262410417
20748065
105327432
540216101
320475071
46312095
1678804614
277120302
259406063
38848092
866264816264126465
24236438
2614782182
898186427783143424
888041830490689536
141716460
460564973
513714411
2830837346
223671790
4276839013
1087860428
1918226948
20744708
1345580348
33154795
783449517714608128
929766541046042624
15735939
1924811976
121624263
1437189096
114522479
306637605
233266490
16635362
1286595144
3131500821
3872613081
26208862
25543311
803694179079458816
1526864863
3301262091
59293302
760395242
272466456
2219800785
21794235
2329116443
27294954
2955475809
48954726
637274621
96621084
510464011
594175899
36169080
842550390818201600
39364684
864205575441321984
17850785
797966720581402624
730879565929779200
798993348723875840
24191062
262856460
717497285920161792
33345091
613088225
723613712783908865
208397722
487000007
3036755258
770752658185527296
2958945241
926833363654242309
909942803077222400
19543448
853139823514705920
2823929267
109025212
2870653293
39220879
32959129
835231868056301568
825382363240636416
273672451
517514553
871974129876054016
35104747
3223426134
528112270
929074105902497792
909151319885271040
175262772
467161416
196415460
1860561494
937118352471883781
879358274709192705
102740051
2522135638
280266897
442812334
36965838
117901400
2835276183
2332995564
29247510
1473097213
368196789
1409259788
179401076
248409248
213482152
54509489
743372786656227328
3949525095
465729427
807357676300730368
502281810
369219105
127149546
63302020
620944330
216707460
857779091721814017
13850372
417496695
2263303591
18698555
4766959164
20267794
847942138545422336
20403170
913302727265890304
2319613800
930010880908988416
45055696
1305410760
927531264415903744
234014087
303862079
80861548
44438054
26742293
1260171
407290914
3568411
807250907037569024
444283892
257842996
15143478
232650394
471739072
334937812
1589428567
3526256423
158067025
806953506493956096
580224794
357589333
503794853
862093121546354688
308792079
47786101
886982432938840064
99009170
40575452
331036671
29275869
801080366
2324180647
825058654776762368
248111082
478744253
2571419360
1449665820
839049062267510785
402386558
14666934
207606073
2888803256
15212700
858812613207015424
1511492264
246035604
913847784608018433
2384237328
92492153
841381342885625856
1068718951
831308549372260352
902285565177069568
14573926
18782063
2410817506
2216171046
3298289597
21237328
1519852572
26053643
2439032786
909791144384573440
840441363401441280
163582516
896440575007879172
2582186468
557379987
408294298
621891037
21705181
916581086376878085
902302657401978882
1112588304
143747770
4209511
204157873
2202041324
2332265893
851001083811905536
308835182
29309901
1657677560
2426250971
853699622795067392
23295813
275361193
580951660
26763420
4200834237
802381040
504904122
136102085
336116660
25524160
30178873
88675356
538205696
837156319912161282
531727072
239548513
20068679
62269912
528191643
2377556888
2734409131
42447494
705810545048424448
830504982109679618
23083404
46361105
28207516
29833261
174406574
23746411
842501352945143809
134253800
783135752943054848
2440288592
2292158527
273502693
18464266
260505820
1849918759
908221883920691200
431773157
271725689
355591226
855500443107172352
882227099519655936
26538419
1165934089
500059727
2901425744
457405834
40255431
1709516838
3003863477
17955081
304679484
16379018
42619908
2998772472
889258554896535552
905163410739838976
72198806
839559034206289920
835942998290612228
2319550603
577661623
628367263
2593998866
2927033714
300461595
902519703943262208
9560992
341793513
19543520
186225365
794198653
2194938090
206506117
1612011013
824317465299681280
873758137823645697
743633043114450944
808065134912475137
865845521608527872
1399005720
2275605126
1070536464
3074034213
26642006
286311652
2355650738
283900372
818447605600571394
18408384
714429079663939584
25545961
43920458
22771961
83426982
727595749844910080
858924511
281596622
926620369
631132470
14869615
751902676011479040
2884771
231910443
1209263856
826560401592692738
2277007998
780580207103057920
702039111427866624
3650253494
794278310
744976918231932928
2837228540
345989929
2775825978
3365373556
864933435256844288
4028648625
4272881174
710998418
3513831436
241559936
219416600
2342585244
4888207319
854487463120732161
2897544173
857496984751546368
608768100
15197597
2258996838
3557582901
17388629
93767180
465724115
2980848424
315496561
1170003890
873950855443107841
48379522
976857223
42912708
389768752
313269222
38139057
2472995892
245632052
3133222592
831351334725156864
950477244
2317351705
36032320
237376748
596747255
22166370
2916752684
1343161934
826493458084880386
428333
16664681
834081571493785600
21001599
860875391346593794
16845933
2353318247
1276285364
2434361370
2699730193
753586111587422208
810270931767689217
24503464
24584253
3109954699
1053450787
62591681
829468202480594944
2172240938
843368755191267328
4684417706
4099246108
3893107343
1665453152
32839217
834552092752695297
2490675820
176976565
21546748
44792796
1645745719
38857156
31493536
711480120242872321
712982522955698177
2655850109
14986598
25803658
728056879163662337
110547774
188153789
1037005165
46335511
348174495
2209543088
2365715058
362720950
1062385952
14096717
914722116
871466086293794817
409486555
1193355600
530887571
4581906863
34031178
870468580281901057
825006940514234368
130349411
471915300
14294848
19221236
1924071992
733701228
799473176811970561
168766030
3565514179
776878206
2540022480
2286487057
704834815770529792
3435596265
728877516308529152
2743736271
216798672
14486811
21059255
2524897803
22986631
372193023
2811751428
3146406174
32338228
21376458
1170795830
256298027
18402622
1480852568
3010394694
62515016
58128515
22084392
1717330770
448357932
85124669
4832700558
35575567
2168589994
2610188958
824734510323535877
500042487
4433639723
4150428253
3882727697
52551600
1267009747
126869528
15476712
861398252398268416
726504574547193856
2258501101
861039947725385728
4742168232
341479460
2576082638
4135031293
824314615391784961
14260960
3201126237
179099128
1884747138
3307726379
1710801594
2411504731
176176880
3351452739
262749118
798578841899835392
331391393
300657958
718659630444974080
27347950
3075895467
858375525504602113
2869569734
1730555533
386263630
3965053992
1224632076
23255247
274818135
780573710
36631773
20672657
707893
1948969009
30354991
796949341223133184
3269184822
807157527578165248
52964715
225138844
2453654330
856177987258953728
737614927414722561
3088433483
852508563192860672
800873082055491584
521883232
2332617303
3003750312
18640894
3350041607
783743220861722624
342775727
741450836421664770
741687776630841344
59007543
853690873137311744
2960166173
2962633701
148554132
851353855522746368
521747968
2828159057
14247236
21587613
37914958
4184457737
702240282587361281
363189270
504981549
186143353
48497926
29582903
1664324707
719598444835446784
2366582844
3904229192
1115739060
2848167625
107893247
418334284
634800777
284682595
807989942
353882210
22173810
3546182472
2761592377
67297523
48462080
716072847622414336
394223998
827249704450793472
15164565
851876336960405504
285159688
2850446018
1032773754
41038441
774651566548619264
1617681264
135227931
1625425554
14390062
2746940134
1901546563
2221731572
1945672148
756510961918365696
1689000842
833101494681423874
25765990
832401119078813696
302881437
99941227
1280751626
824797212425191425
26797929
752546961962766336
631390119
711228938
1058520120
766318102577577985
187798202
765033088791539712
715740435474485249
896627192
1067260903
26637348
971226120
2426151788
137083819
76733873
3125154047
2297143668
3234328062
520924684
723089633161019393
70065491
228260931
835638974072901632
45450913
796807918121259010
188328580
19783075
620998031
29494126
29501253
842399698728112129
711309501119520768
3237445051
839574081854930945
18089654
818606289337151488
826967037897478145
37456151
136347046
18655493
16751657
3167508269
4800947360
110623706
2369718012
2680773505
2329620978
802184729235554304
4395540275
764144137046151168
36686040
485944890
75744311
145344704
823558302290341888
2157429175
796767806931009538
613771650
739133722067271680
2950193751
19056931
33667397
336788919
825003268094844929
701463749031391232
1356152306
25203361
2743901041
824253716131966978
1573234008
80847453
2620130832
2424142022
19102322
259475529
1107124026
801155076236591104
2857479956
2862494769
837479247899930624
2870280858
4854332050
797547199928422401
43199373
136986438
3430619350
277845186
17441664
53257678
2802153233
818160710635180033
16801580
97839582
825637140889366528
15850163
261749497
2253691400
837770123062702080
299405039
14173315
28785486
24272129
3905131696
759251
1640929196
254117355
18227519
14529929
89820928
182503471
158426909
70111948
181532763
221919949
317370751
3018737579
53853197
49698134
797080559839309824
219105818
19950847
1679251123
247084658
2978191714
1183041
2330714383
43689017
43976159
602317143
503531182
2329498706
228794007
76099123
259102704
435564722
229955267
14144312
4157222056
28425034
37385667
18414350
338608917
43909715
744604570756722689
23550745
815480012119871488
1094370728
17881816
732357933321703428
26890478
136443768
2906791749
4379939474
432168428
823543597198819329
2184142454
802103593335717888
633252674
27421330
3152212575
593517886
780064884205682688
319777415
716511740582735873
808019016073691136
786687424017694720
3116047273
399252067
2671028510
769801868872744961
1286312880
2659185226
829389163745202181
292388359
27566468
1423579106
717464231122087936
801159713035612160
160010755
810619093749559296
62513246
444968380
185908315
2381081863
825153022653128704
532690100
4077525603
340037502
339297502
215001415
630730419
224940210
2769219173
335978747
758058338525581312
603025587
824422730162405376
824248798948052992
369602017
713839291210792960
824450140131975168
801225307919360000
634871195
766807738630275072
29257709
1597496460
47747074
350509998
1601756221
736281386617704450
634867594
789479669561253888
155184468
20736323
260649470
4349182753
1098838645
19040963
45865023
784564412522913792
132041886
57474545
824320219866923018
166669818
36715350
71264839
4787135535
24024778
824473943931293697
824467746436120576
4550715913
741757562358468608
466977996
19403494
705535037131853828
3258979088
300601375
12151932
716605000059863040
1170548473
1572439765
23061571
69497742
96863903
255245279
757915033024155648
3240143771
26657119
25704351
19605981
241056520
335972576
822517901294845953
616620541
1345328250
15458694
1324440643
19731770
29450962
787373558
15210670
2266837003
23454511
1706245435
425583573
295463213
271434815
716155526
491716291
741298804536705025
171968009
8839632
17494010
549679303
3379403357
24457210
61149653
3319766858
250188760
781463288802521088
508006873
18088673
1367248214
2885566502
606412878
222659560
16600574
2540573335
244173108
45882011
36889519
337513159
2877141776
353672532
718755224677150720
747181276075982848
82762694
63000927
4052330593
42215393
260236227
277431246
744216297408438272
810590628727914496
1393131312
12044602
2717277222
412914400
27190331
274963373
1927066908
3291928765
797978652352905217
167508987
781607305615998976
973190042
2501957660
2261711905
1154434213
140934176
280826651
2309247246
1357975226
2305903458
1277406692
2344143396
28475003
2997290738
2550074857
362246318
91433689
3268345976
3019055175
2905586254
45391458
2562047761
310055040
2977967232
74113855
1585774542
37826027
1515197484
1273123826
3300362598
4387250417
2317926254
58795639
347002675
3257382372
298319642
587425095
26901172
15729145
736258433758957568
373196970
792952009
3441719483
245481330
10159192
752508378
3303028623
365876313
2682561708
87852625
1070242490
175512237
3409193855
2335384843
2317145380
783487904
21977945
3225141952
476315898
438355376
458921067
2550335894
624625870
267915933
223837972
1362751075
33493753
2266580297
4837914988
249767485
3224547151
112863282
82062932
17933431
42290868
14057687
51971224
94226687
250186533
1193441030
2986421494
1348000099
304184069
96784892
51752499
2640352499
129658117
90232403
134902209
342880304
3150305534
32348951
759191866382376961
2968288943
332544518
17081472
718343745150849024
751778144
242637589
343509868
74538682
4754933894
22353885
3297413262
3378999550
920411250
108552921
801543641567285254
267449695
283610466
2654802672
2906954995
109457271
65698564
108171169
30056843
2289938047
767
130246735
766470076702818304
20795796
37394334
248482567
2321137019
513165972
139823781
2535327366
1450154582
535728582
2780765288
3248756156
394457601
803519586821754880
252006074
4269809657
703302487827058688
1548862100
245821996
4398823761
11446092
555288041
446490364
52245007
716362186247917568
2614974533
334765767
29695221
2251623492
43417981
18328636
2350982514
709435069946064896
2252810378
4499621295
806321600488501249
495128586
2485299354
1898959950
756598214820827136
37199165
2545357110
732678376306188289
2476488918
28019788
29484085
369352524
344788994
2819974785
10740772
28406270
2369789077
14763210
3038707555
489475622
552310370
312969473
574023889
259613476
235501437
2446204316
17503642
16392208
833395710
372563164
263004919
269112897
125771585
525595860
603805849
3087271374
38922772
732674305641828352
2651325366
3321753215
37246842
44779046
14718835
745609474887528449
47285504
299062149
766020211355054080
2271854991
1308455894
374526725
183684975
37868953
798728882983735296
3183329426
196861970
765400193818763264
780848040412192768
583998263
780562506045460480
3340073541
21577728
97040343
767938862534553600
20449322
776198324747575297
3544620735
1090026433
15518172
4849411712
174110843
80937511
701309870478262272
719711754067054593
404179950
423977954
4895864833
19089077
944771214
20787981
229385617
397507908
18627768
254828810
90661198
2903979971
3430270660
376260505
511402689
2887790891
302666251
4854121235
15464697
21148293
215207998
2147783629
389841834
5514192
784288213078724608
1496529360
341190477
2379700903
786928595381792768
375391871
18686907
18766459
1514364624
783793410675277828
3647436253
30317113
755859261876416512
15147397
172858784
237845487
338830443
19308529
545361165
1446853159
2700223546
90978424
409679865
37722199
65082850
4759500141
721828368396759040
4607544497
3813090079
492892185
3272373295
3151023086
260246890
704848273622720514
44279901
19724858
2442237828
242382715
27022632
340613443
20801610
15062727
267856525
17222674
45607170
22080646
235723798
321774180
3124551646
458763062
702147673651027968
758848272
768501062399586304
48120914
763186906431627264
1157143663
855373004
14855279
1373523672
37774152
17579312
15113584
61481161
9942272
11862562
473331671
4880327801
845743333
340327219
17442710
390377012
322845993
166686329
21982720
3479104994
39000115
2153863514
5800582
2835893610
45832312
2582966965
20297872
709111895379341313
111778335
2918587456
766655908256575488
14589511
708435140301553664
631214173
3270302172
287453721
1488675907
28584427
3278518932
745364492402425857
2486997433
266117542
3331850139
603348434
2354451
3215256993
499528233
2413245824
298471710
1347592430
20315107
379372530
4776185294
47216804
30201677
3044010446
625022363
490857705
593148225
243965913
69406730
958851236
125158317
456178697
19581528
1270241868
2493422486
362939787
1933042237
19789439
4331506816
381893156
4454410152
2365377655
2492207159
224028123
21718006
325385270
243655287
740108731774603264
68810491
52656140
448476934
31887872
2413933369
1302055856
4638992359
248100395
41713603
2284066573
819772
4757058141
10498032
2235007050
2832275083
2328196453
135316691
3420477195
135868982
17536486
97486299
52567989
32671625
3408798586
94650447
192301091
21360280
1301608392
23024053
2148363392
398571114
1350600582
725405611605692417
1208688576
725399262394077184
708017903803588609
3291447454
4712244673
272175633
4697689657
719043862581239808
167760471
16793307
2269093894
318692762
16160352
161689125
382309533
706962914477903872
3321118707
20944649
4781378176
4047320812
420694593
200607519
2237889067
41547579
700382369816059904
2258218458
2936992784
2201329547
3590290879
703159182707392513
4100949383
148529707
16360261
42112994
76966092
1228516999
2349157849
704854996076986368
3314728048
4872773471
40580641
2862375177
150374044
19430780
25537232
3876373394
2989028990
22803302
382926732
487256024
2315512764
286233279
3709375395
2873644599
460142696
1373486120
589594961
6507992
4724888959
184872574
153966123
22209201
769959926
320346206
835911265
24335079
346703179
2421067430
4841057506
174784115
4356771375
778969490
386206970
17910183
15467700
19636088
1398871328
478281671
3381129333
2463358249
628531243
3227312479
2521772215
4040427134
250314232
18218386
22720093
63188858
2826625936
4735470578
82755864
291513513
865160336
53845304
2835672253
3570410415
5548212
2254628006
14395912
357668606
102788198
433439383
223764959
75019567
83610900
53210455
489939437
19638752
2999158160
26259576
189238523
589621591
4622984934
261126056
5019301
4369220176
2873230783
21035409
3137168888
43963249
16789970
390552880
329018682
2730550162
132904454
37599351
97498167
4316768836
37788181
36711022
199726254
83758686
24908105
124003770
3403314244
804680472
475155970
538198539
20817660
171337448
87186915
603986609
602851165
146788186
2239967101
601932622
279238668
113514650
498840131
26548315
12011422
16975868
174953869
302765767
385187734
568382101
126502645
28830480
35787166
16305330
210684204
1526236064
2248872301
2916305152
267512876
2402292794
49518404
17393196
1450803799
155178817
36876153
28425300
53757167
3179977818
973060008
3234566334
1248208026
22480017
2460088998
3294102947
234270825
1680362934
1132205024
18635982
194347664
2904446443
126406217
237548529
22074107
277334556
871668656
3091589369
2876877239
613792531
198337759
340707165
529126022
845588208
10798802
599110041
556518557
368471878
74484200
17296792
361482517
2245603687
127305588
28131891
2969844789
2983202643
2575393358
109332587
27200364
129612906
2148638730
165511377
535932595
859904078
3342223449
13134572
72876470
18952476
15882140
59454488
18857913
611530014
780104972
632192006
21600530
1143861355
59171474
26711685
860552796
22894742
151574505
193840050
3124448291
121626258
130617778
2349456012
20544839
2273278169
840389887
167947361
15576928
14352195
150586604
1051437492
39291808
21795128
1239156379
997788187
355906128
23564335
81478675
208442526
2319362190
14229194
2366703410
1965457579
15284375
17469349
371601666
18203119
2203776145
128179820
997834628
75742264
552077627
212411904
50374439
970207298
1536791610
813286
345683505
1633566830
113820568
433948600
18583722
934940672
277354109
248540363
15661871
241674327
2852383261
42454940
3145741581
557068003
28457505
15920055
23089557
14148802
2320410584
2905886127
28350927
564435747
615566756
326665662
27002573
175506838
337308938
2348730967
246394886
18148039
149249831
62365652
142733065
35097545
213350034
898975429
14720466
469639656
18651145
257591704
876672108
26005889
2289423037
16162021
20197290
31455711
499867903
140116876
874913006
299146920
215696948
194710041
1878103831
153801330
386056280
401864372
2780908210
512135356
22162854
2735285889
1069839258
398490298
544517731
262799542
2951621911
122533830
1071946789
164859742
436873679
121817564
357606935
27745484
89777964
2201794429
559068947
2930374589
710772980
60784269
406896031
441169333
443631275
449247673
445112305
445116006
428550090
449841406
456585884
498749713
778729548
1069545584
1002871338
1437267764
80444222
1698360181
1706354395
117660503
1945727478
704471398
1889293717
730611540
1641884455
21779975
2189625931
2861705208
2829122463
2945903956
38305834
2759990560
29029477
28299351
1604923832
142492004
92128345
2546518086
192226161
18001858
6705042
62682471
341871198
59949396
55117855
14348594
21436960
416460855
15907716
52488565
1424721133
28074588
743856512
25262504
15962096
50393960
47665691
17954404
87403396
17376893
104969057
15227791
128956175
14185814
5644962
27457788
2329066872
2371102609
35761106
84351228
1532061
21581503
34960648
17248121
594666501
1314604885
32372834
8963722
19515424
2472630098
2369658618
2359926157
2347049341
719466163
73190286
15666380
1391259187
915726438
742143
13493302
34643610
1073888388
637338906
1093090866
1338021314
585314173
16573941
502135911
17919972
443215941
20015311
451586190
23487310
57047586
552321387
25067168
352947624
81906564
82689705
522473594
15746556
16042794
21728396
15224867
97322276
137865227
329783589
10729632
123945193
28596709
20797196
53735764
126002546
23253986
419710142
2233154425
19562228
1918202534
740109097
229221986
1128543122
620142261
391583285
19715972
115979444
1660468830
41875694
1122192223
1269837428
25545512
47636400
19976630
19906615
16493191
159607693
48428463
388664488
326184086
14717197
20818801
1198201405
14481439
14630443
14576841
25375836
1904722602
17017636
21324258
15995155
23818581
1883882869
500704345
1081562149
1000262514
848478404
601393440
290876018
53297035
19299909
1700048413
74231747
1447535030
89503894
4816
783214
115689109
1674356119
28061932
475286355
284228570
1408457989
344831981
1580409416
327337127
309942786
14478260
534675241
489331822
18393773
1596472346
26130127
24447643
15439395
14062180
15947602
28583197
10810102
223841564
1573360050
25295123
24862758
16076032
15293080
35206553
46220856
17602896
1339835893
1485928500
119930411
316389142
11640472
44787537
434226237
278778939
93714983
285282053
14287094
226900340
44177383
161443677
6368672
1330457336
32423136
22059385
39582797
23116280
19722699
87818409
19637934
2384071
18851248
178762820
94383465
56510427
44196397
1007549564
61043172
171151283
14075928
76715323
18528582
142721190
33111193
18746498
204832963
15431856
15644999
16637549
18622869
98976495
606776750
135789579
179851365
16016427
26296599
82721985
17006157
313091751
41073372
57435204
16017475
34743251
5720842
862483279
71256932
15492359
462092022
14292458
939091
16313225
18997933
1435461
5402612
135897307
320134516
16089776
5392522
8192222
15012486
18169589
24008967
121849647
219205278
30364057
19223342
52528214
15110431
112508240
14241468
39079604
15950681
15667291
27920275
16955991
36262503
35773039
10191
15473958
11348282
136379708
54275319
53168716
139162440
469399075
16856857
8216772
4970411
75641903
6539592
36686415
14166235
21369740
4207961
19034656
76138721
13783772
18333304
14677919
14606079
29749433
107266564
16842917
217158161
233228833
14437914
218422210
348785149
44039298
14824849
229219088
340034849
91180720
22700817
14985228
275534424
149180925
17939037
20479813
15659248
313557365
158233390
29038088
22872643
22187085
252672612
811377
9207632
7334402
435629460
16935292
188809568
52146755
1652541
370303619
13393052
75360829
47438401
11178902
6017542
199822685
279390084
65025914
23986097
21910114
13784322
18892107
7144422
5971922
15829144
9601512
20609518
225235528
114452371
335369838
1947301
165952878
2836421
226475066
21247760
18510860
16929600
69181624
218649814
244782571
21465523
93979649
116007876
242911974
16303106
15535860
14173084
37710752
24223641
260768920
15514266
45011063
27479039
15234407
115485051
158414847
181758211
17020962
79797834
19725644
19697415
809760
48867794
5741722
16129920
