938115037
2192592792
1080542153225486336
1133569927317733377
870344677014343680
742960688944021509
1023269647225966593
51111863
378259736
636216638
1066868172496740353
203714426
1136421916124811265
58527525
2740564610
1881303319
3260704784
63168167
974325996890542083
1153071312778272768
2841884049
1021863542595702784
933405454398394369
1568871625
1073035829885456384
280565996
275799252
2789746353
1097244602837487616
39339255
984059767218896896
2468149146
2448690416
1135662464174055426
1053656419
838242492961148928
705583475017912322
1022568747805106184
1076875119694397440
1128062311657234432
1067534481123356672
1126637841327513600
2581394701
146922125
49119570
2776438632
1094695597448314882
1098448866008096768
546291415
1098288771685064707
1077790208
1467507361
1071435251250024449
497270820
1032382649724166146
3362646448
898653930837745664
2329657092
1015374592683241473
921528280901074946
1120669308567334912
1121218395012325377
1039937638164099072
345642306
2227644013
172408544
1165271576
1115317040649256962
103305898
2701073637
1944991807
740997137232728064
723542310168985600
1032373178734194688
1733154127
926530607160709121
972316837
866598352577867776
2798525492
19291496
64467379
2442015493
973006818
3805139295
1063475095056769024
2967402199
930946432831541248
1063950764345835521
73142219
268379640
479097024
770490229769789440
1001511262545592320
1064337290162593792
1112080403857170432
3248033946
841509566768545792
1286660198
950025157103443968
951926631890857991
1000650818
1951518644
100008151
1072730425
3873228269
2996692683
2775080082
4726043660
2277391254
725148630026440704
755653963647741952
493574939
63522925
730474791753289728
559614467
1923959160
1950402692
2189164832
948277065429798912
1026931770384678913
931301050241421312
1064764719159017472
878774475340341249
933012565050916867
2442352154
2564307741
894980785379319808
430645155
34317032
394772475
798607230945947648
141473126
1009624125567053831
1091628089119920135
1732534783
786047748508221440
862037690597953537
2944953687
3001718353
976275925158506496
812324121166147584
629840512
1696760982
905584219237347328
164327432
913065235803725824
19984919
734806458
25956643
877175761400213504
985944131028639749
2290024064
1072229140026351617
715643923
16001688
56817260
961638333016346624
94583152
776446521625698304
2401808527
2480714952
852638092267859972
2245049376
858538495
894603646540931072
4472646868
2950580699
761970320198688768
1737474631
806253116182188032
839143573471789056
2962785783
906170153972506624
1261637024
839095915847745538
2387414858
825902610511065088
813890128720658433
904845560414441472
1061623501
2308358966
2192734722
464152824
285400362
102779415
1517035471
522848757
14580192
2883278843
2753019951
2977561547
977922941915746304
749338271725998080
296249654
2579384227
3267536694
80462138
2788259801
872263684202090496
789203479348678656
928692581709389824
2364568603
4706387355
1040817456145723392
880503346548879360
3798496573
9377892
959123760820506625
951869889601515521
1001132019835985921
551600672
1237502864
17519571
757777106
220542468
3432228868
3515607447
307399215
10915042
3419384530
2844810642
2447740279
1555802844
2532841213
1096058449
111093392
3604236195
980888591957045248
725818042794446848
1020685120725045248
2699327418
2542397114
902579823318585344
941057305155645445
3656500882
1488966578
151650579
3884301988
831534650195660801
750022168675688449
560484924
3834569417
44483406
342250615
996076824357679104
1195067995
170722140
960909115848617984
803407110964908033
15614012
2241216361
2790949826
1416076254
1629436538
762797361055797248
764764603
1337419555
48473838
810433166192312320
1594343017
950453931099881472
2830325224
22549103
799643160431493120
1517526542
731185151712067584
763831950
961607790799347712
4053262394
282980773
3893800997
1265076715
4905341512
957597642
933401898467475456
839928003895382017
2624072451
196342198
4446822264
2574559213
14721400
486836627
755007308254642176
926121022318940160
963814179042861056
922843809117081601
2789180966
963085467880222721
2276942438
191309879
3031504789
1307805896
748262094315880450
74038287
119624643
316757647
732654235444207616
47343738
15433622
469444382
2843049425
1387236240
814958290388008961
2501973295
947214511748075526
941462127847624704
449479680
1234835689
23758740
2839839895
538812369
914609571968065536
3320460909
2718919399
753587142484426752
926532640743874561
921805926063013888
2891413288
4804278919
3221547640
355036400
1344715644
22268966
908343866209730560
561297215
910935921394176001
46774077
3422301521
946164992
905173214795513856
2453474300
1561655736
819345792532119552
867345651230756865
3624803356
1632090733
2409845072
764870963498319872
2844484253
490109098
561632065
754937215302631424
2215842863
3319337655
416598389
422777099
574996885
260581813
14819353
330055239
732755361812226048
882466350123204609
421897098
4905194453
3394395353
122716752
870148982747656192
866326297177452546
4121841983
1400741599
862846322398855169
842114632735174659
859089652564807682
2535628669
2293415520
857005272413458432
4869889821
2793336378
51928228
132908677
2419544257
2828115158
374700587
2904416511
18260437
465605571
2511547645
3225052971
46730629
95522413
155999175
3000742708
2490108235
1504468922
2793505825
934980678
29429862
2803944613
110263320
1227885888
1624530739
1526219172
2933101657
1179265111
742769911
3131608215
811701672607158272
766160004185518083
824494751810461697
2904630494
737290420292583424
336748775
2464800967
958649520
60669904
474823395
1299716324
106784289
1489170506
22760030
749011943223164928
2980388614
2894022680
500929487
2178292723
2803534123
575472590
800388298124333057
2767552191
206255645
784718521091579904
4200716788
2179791505
311052101
1463284098
39010299
2613859267
144592995
357816281
242269760
235261861
2167059661
69133574
16017521
322658873
273940910
2280022937
322122983
2730517457
700707458226847744
2353426345
785950766120964101
3255926772
21875193
575475667
2992610825
209590806
178510929
2768121718
631299449
69298692
1624454100
2516897582
703361190
369528413
368937339
2749854770
1253721834
3243591014
702945893398487040
835699921
773679366828126209
123321271
2776918072
571490195
48988084
714895881514954752
176824969
2221323534
946769353
2825385016
754881347567620096
26076536
3974253833
2817337873
1973062699
30867853
329198242
1728757632
4805461477
752582113258532864
4751181176
321416596
741812829766877185
3044788503
20413750
1705984340
625924420
860675413
742110680061489152
741992036149010432
448408740
2564572854
741026688138612737
3891607936
3936394755
2996626953
153871930
1106958878
580216612
27834920
2312608987
320268880
3423985259
378643551
928697028
715698963815522304
709328659665068032
921496302
3043946211
24956461
26111173
722809979325906948
27596259
198824316
27282221
166022406
233278341
2281259504
205474173
356545049
226018201
2693270983
1426853076
2577809324
491558068
236785669
2439850506
3299769227
1529391211
133802231
595654409
705642624
1633946016
79491826
602164406
69333831
1857997656
244162778
2170729562
2369567534
3256005893
2812752180
216582870
366888493
539931823
43020461
2837519317
2803062077
1674308444
2745226392
2775951474
504803544
4227525286
2679883621
581012668
4430018301
2764531652
4117216276
2870667115
1350849432
45583994
3723600863
94385361
493889332
41852856
1700726996
1711073353
23638544
103887642
128275616
97705149
718449524
2324009414
155630198
1587231854
89164940
516591235
17402492
1242347953
273984889
87657092
224991073
87656389
1060545835
156989502
3435976557
322658299
2561407350
1363206528
1144882621
2440199587
1553327664
3091254357
484383698
56129134
144746754
1537696610
1676175931
10328012
2862441010
2308984998
770368572
14589654
269871152
35318803
1484953410
80059140
1857561990
712485582
307065504
1081140182
326521014
3023365235
23842744
3139561741
598802573
3422756915
43882997
617811327
1132243872
296393786
4721409522
408756176
224214114
1648063752
993249055
4353758243
179895357
2483070960
501993054
1397199464
2686698006
348783351
2903903383
868814946
801013975
4219421375
96675394
288878513
972806263
308723501
297106729
277015712
607336405
299689098
486109102
288956068
321600164
361885823
3296016133
595570951
3098548550
356410527
838236253
970311
70784139
3430537048
292141642
125420462
829719048
31618599
2724477037
584328028
30290980
66312892
14239043
490966460
3302882472
261825043
1156788462
144946246
2914610487
56791988
33752609
636586551
453892183
2382989821
87657446
523433085
3438384713
2275179079
3172826650
2891446290
880554794
14634449
83959866
2520987464
295344317
103004948
1327694359
47207024
2724168151
296919950
3376304224
439872623
927915684
2445453643
343573021
34540379
2308687249
3353771056
1891806212
1923985604
1645835928
1613910662
3252978984
112475924
418223093
19717244
1713266599
718380758
2597900646
41346792
2871163113
2487859050
161939929
3044665763
2882832747
2827616267
2249637792
3149997850
224028123
1712987852
3161275862
770144443
3092481526
1327865594
58321335
93950513
2826755502
1296471756
1186844701
24489541
1665877224
164663061
2724924615
2604104648
2856705624
145763089
2674900206
2326120952
2891262778
207368735
493887226
268976219
1096262468
295323004
2724954280
3010351855
862251330
634652819
2600127732
18127506
48399119
1071308286
203126212
888851240
2937230393
2938752390
1287710383
2646133868
14505838
73880751
15763818
191272793
487637762
200138313
178974461
135304272
8224502
568349375
2748262294
1640884698
311815716
994730755
121775375
34286572
1531050678
26287962
15933632
15493365
76348185
2365575715
74222189
16435797
14315537
309701250
238796023
161705350
16017472
329320303
533317016
109379148
18049298
403163083
1608950586
17596622
1018360718
126059232
78977078
45663323
76733474
61853389
19711765
20867568
84126669
56376655
18918398
455052840
2423954617
92676153
633095212
258847118
96102210
86292908
52889950
87706747
5031151
27539185
730822190
28227443
39633235
202640741
145662820
22674756
16245822
1024492165
17969918
19940791
2886508110
472201672
12306592
140457196
174647475
2857941899
57625403
3554721
430007043
2855243649
1342861723
14615871
54546430
487833518
32372834
450964157
30053712
116445249
108448088
602538744
1413681440
23690214
155918866
225911067
36771809
62563028
1688538097
12945722
