20269254
308083196
800704496246484992
46822887
846396121513709569
519818299
737470720616194049
1710096061
474520106
910736936809070592
1149908693749657600
1159109863320031235
793047169410469888
1156952327791755264
889421633441611776
1147949605763657729
1150386940300201984
1157227928389869568
1317840216
979950511
874723965914279936
1158738076354527232
887414470053703681
881579111461695488
934685435321835520
1022759825980174336
1158386060008800256
958321164048191490
1096058449
378259736
628698139
742769911
3266258420
158445476
10328012
1633496226
45255968
385192397
1522917078
392463691
4696728842
74287341
51111863
636216638
2967402199
112475924
1620556356
16491676
14981648
1325951616
2764811815
33773592
752967707277029376
16031984
118975084
986794331582365696
1480385228
16435797
1923959160
2828796622
3290762269
355036400
750022168675688449
203714426
1066868172496740353
786047748508221440
1442039197
86970530
1604908225
92570825
3404297319
1115052350396424192
1142448093591478272
795687709
3219784704
1155809489142079488
830804201466900480
879508926735290368
1148995570159312896
3067167046
760988973208481792
879736074020552704
119660612
330105456
458003279
2830194794
1149560646700294144
1149560576986607618
1009574263249162240
1144237198075674624
77765820
1129006692367196161
2706795510
1151499005102317568
1151523305993773056
999014627144011781
17651722
1110207877216698373
185679522
3222444823
1152861508382019584
1152938198793891840
1133373527661219840
4070875452
3076847052
1047874951322198016
1147248996450263042
783792992
397041734
1150868509972455424
1151243319542001664
1149751647368884224
2994946665
1149501666418286593
4493028621
1144241330328969216
730155110999810053
446674506
1144334550513979393
1144653693553389568
1144709147277111296
1032074644675809281
1137070597777682432
1146381360208068610
145374717
1146450422678212614
173877828
1147545328473628672
1148626661593665536
1147586237982740480
1056644815
1148629886291939329
1049744376048611329
1148619646569836547
1148616480142942208
299484105
1116422179107889152
240093476
1055674424421052417
1143316105760395265
4528439653
986683315158691840
204099946
1144916057997660161
1091747738105069568
1141619708623331328
3225693646
935227961892106242
920935795296436230
744180065479589888
1124048434384769024
1138831051743211521
1007162255618789376
1140320056959746048
637367406
342327521
816592081200279552
230792524
236522575
1112002777851400192
328074249
603145861
24965555
1071173855870402560
725307498979332096
1135524205678620673
2394610145
1099050157063225344
1137724595803262977
889833592636882944
1671233738
942745323843280896
1136483765713342466
19848609
901480302362677248
1093717765704294400
1094298158568488967
1072992532005560320
1135587258944430080
1135697078297006081
896386334394380289
1118671505762791427
1068236647085613057
1128881947407728642
1007960515015004160
386586485
930254628167356416
1132566643836694528
1122527471235158016
1133105874145353730
856245719237353473
2175668000
87320536
1092819596871155714
812372861205839873
2965269263
387541680
1069228746689830912
1047852471811563520
1128323299639844864
1128996356507484160
1129422216666460161
1124101812494139392
970532736044695552
1130178268106252296
1515572443
425465133
1128481135367819265
800936305
1121156339634450434
167888839
875734390529241088
878725725662175232
1056253893276024833
1122927218357866497
3365111722
3152760655
1123254394898636800
1123535772135645184
1114588157981462531
1594278055
1119561735013224454
975061307299831809
753615114
276040065
1012759224324116480
111912641
1121821681893425155
16795762
1092581768446836737
331241861
1009401696051716096
1022673653727735808
2288826710
1081743221988847616
2411351298
885964340158799872
1121245068055207936
1118985635174416384
914228600487809024
1587519074
1098612694054244354
1113893134918795264
1120488041410224128
15687122
1025057582107516930
708493535633346560
522847073
980889071936573440
1120382486176043011
2369282131
91349956
31011764
2310743130
32238152
1115206289032794112
1114873155926024193
1112210448563224576
924002110085066752
1117078796774068225
995711616342745088
1107999732717309952
1118940602949865474
911758119822270464
1119267382348976128
3228360121
1087059334679457797
66196610
1108958975117058050
482330961
983176519496359936
826430702
3234369703
452662026
1057780247050027008
519248405
2422132717
936404372698800128
1096098726991593473
1110581877600071680
1106607543730749440
130226096
2526241154
1114591133731033095
2881253852
3905607680
1114468850257494016
886548058036555776
1014966016986804225
2958860565
907419914146861059
1019421220956143623
1073328508422758401
1113488198888579073
1103723065274499072
1113351137292427264
1004458117793447941
842838822970830849
1463038489
3146588841
883325916323225600
90448619
1110616217130172416
926661525175074816
185257296
1111654113396342786
1017587658783109120
1060992314137604098
1107353441372909568
197470016
797144438351032320
80691283
1108160217773211648
66840433
549556621
628002184
3115915388
3057396596
1109885584078786560
930234805643440128
767442185943785472
2953546022
829320934150520833
1080593339957825537
846518452584173569
1107075260413665280
35806653
876471710786043904
204479513
1106202793948401664
1016057375332098048
633998143
436070124
3092199586
249696367
895317582621937664
1110629516811096065
1053305260469555204
117093397
955124009204461568
861940075235598336
66231362
1177705237
823235573150339072
1109520584331923456
1108035455004614656
1089181734489354243
1107784293697359872
3404639717
729696564008996866
850543888163102720
1057610815497519107
895960398398095360
943933218
482207454
1065991876392747008
974851060668993536
1109526297225523200
1107472981989552128
1103653637329469440
971289596649721861
78246557
707749360356855808
823952709506232322
1116364326
2604236887
79559414
1043341993349394432
957827938933653505
323467507
505748879
1070405259112005632
799671938536738816
898863022361411584
724576057035096064
35880529
1917691224
922538133564133377
1056278107789946882
1104228390272413697
1090263060458041344
1108814566711091201
1107323537151479808
1103102880024793094
1007731853565071360
1107761403774021632
1108796814831034368
1065797794907197440
2925341411
889539936046776320
594502539
3038155844
885321873051066370
1042782305121648640
1107775396542582785
799067887
391371439
1054453987074805760
997311325536579584
1107632775534915589
755184495985324034
95404904
1107732500867092480
1499828431
1046005934919626752
889720345950801920
1054426148204134401
3047213864
1107614714643824640
427505253
2994840669
1107355005974007808
1105066235870543874
611664773
230636774
1107289633853976576
933337932710141952
1102031763138859009
763162026009133057
864861688939646976
19052570
4534045693
95580955
2262054883
1106960096595185665
1085914478485618688
713575674741567489
521937422
1015427434706063362
16842034
2416400473
224001753
1105554077532991488
141732766
941292065945776128
781572779619397633
980575216119185408
86646234
953696524411850752
919233492
1105295303048077312
2879696178
909602700765093888
994686121497055232
1101112130856726529
1088091127150977024
1067225133037699072
913206700039163904
1103176315597815808
2818770726
2796442281
1057262140611092481
2842684664
1099421721017368577
1533844754
183143558
1525699164
42159035
478052588
77322825
538184234
1098987779734814723
817119847519764480
1101121991799562240
1101676626704809984
1336756502
933989188587757568
4118228614
1087129324036198400
1052618467684302850
1093907978879680513
816539347230998529
1065777958806319104
919588789827203072
1088993226151940096
3136844720
809965028514394112
1025441375771389952
1096099865170300928
862682742257070080
1097565757465079814
998172921393766400
1097965521536983040
1098292836208922624
1097717174146338817
37568178
2483112330
999345095550758913
1099356007216631808
1072292169300480001
1035951827987169280
828572563395706881
974815160446709760
3388091950
873297180739731456
1039929739102892032
1093967660042330117
1094262654447738880
888381943011618817
1093875974259859457
920179705134792704
748317196439285764
1092980007411040256
1088530138726391808
851064527072448516
276170662
1091491060658962432
1091814631126024192
1026595321332355072
1038844833438359560
727943652539019265
2880835790
861035879883780097
1054688512933543936
875002221523476480
1082071418202918918
907998795098726401
893285196543479809
2791185800
540458083
323958789
3132175561
4054263935
1044356609583927298
519517579
1088157671377813504
1388247199
1085029230092709888
2558372837
365638185
1074679191180857344
56279525
1023617405715591172
436460797
1082370398027743232
866953267
1079099055534428161
733107256703733760
946060737641771008
24799063
2157081403
1038879537290006530
954755682301071360
784165874957709312
1085867084448288769
936635961835966465
936057514478784512
1021092105609883648
3352190417
1084872686227111936
743338364
931003045265240066
1082395252353310721
3064578977
1083905890238058496
4017561021
839676575457107968
1113319915
410207003
1076774488736493568
251467204
1054248005451309056
1078056346522710016
1022244440814047234
483297863
593283652
125369108
1075078297363587072
2894046660
902008563442348033
1044370799937826816
1081596997797240832
938073894799282177
1004772480446357504
789196180534153220
975751052325568512
1062339492034551809
4516299267
988292397971816448
835737770140262400
1013830233697411072
881146603389820928
1069176893201702912
818817030585360385
1070356199487537152
997234865794961408
426457254
52306010
997044671523143681
1071395777207881730
1072528886813024256
1073297736617914370
2282111178
2233051563
1075099270410170368
581530977
956437581331181568
1028020645907456000
1055870409189527552
741269814551793666
976682706045038592
3765991992
1028852142218592256
877678854587994114
36970438
1162635900
412689248
840399234209738752
987321611329130496
630946060
1062180673404977153
960981674203860993
1004329597419315200
2269693256
1064369848086487041
345607010
979065320936787968
1066322574777483264
1058621555389816832
141236573
195454356
40821718
1062664610585698304
1078416032
22490114
1064379038922432512
1062961167138734081
76720152
1063321779991601152
1063452878885531651
921033219130011648
955469417223213058
830202268037283841
27203392
1063131461031731201
1033137139112976384
58499763
888203638732201984
2468536933
722557104318504960
940818793093324802
1062336927217504261
762743183189180419
2194638375
1363378849
1052753059254693888
1062335764166574080
1062337349659561985
1062337129882247169
1062336875791298561
505463158
1062338176520462341
1062330872924459014
3363303309
1062331846053281792
1062124141363585026
1062337053650763779
19821345
1062306117882208256
4097641334
2841576161
817381177094979585
48171037
1052617733874044928
929189897411399680
1020913661462962176
813600807442583552
1854853105
817389517736968192
113729427
1019614690740072448
1738738189
793403000
2249184241
1058311071881142272
1058972227897643008
1057509030820749313
1059733385663385600
885612328758243328
916280401085186048
1077074264
370709549
1060871055462539264
918838875602108417
4445253628
2374599032
957712746
998570582600859648
741501121
1010385982854594561
1053920312054738944
4688320338
1055665109895405568
886462488631361536
996068982028488704
137547604
1056160345604218880
1056182141405540352
1056681376139935744
1056518303928201216
21457381
1041244941568028674
492396794
1054522871064735744
944312292744810496
24778635
1021954928930115586
386926291
991476175523508225
610120317
1054547771884232714
137394347
1053468340168069120
1053451885951238145
1034099426351095809
38152712
965383968857079809
1735269398
228978039
1047885508817211393
2377381797
1054660979886383104
1054677332194156545
2152171723
1206253260
1865412420
532003074
2596023751
1054010965803626496
1054159742560620545
16555875
2870983275
1011871963130875904
1005502189
758012960065413120
1054019974770163713
1054030488787148800
1629046262
1054029388826791937
832793947944542209
1328401021
347967888
1023222804525793286
2802350678
736862623308779520
724239615843028992
1043574294809325574
364861909
894216737310113792
46485024
76526761
309462776
1463197363
149154449
1052218340729651200
1052294097539608576
255826176
1045950628839784449
1052510794053632000
878977544
765572364775989248
1004832355889098752
1053091202759905281
747965295134801921
1047572377318641665
1046202083890925569
1047922369703174144
1046113780231360512
1049441798563741697
1045434975502422017
338448754
335944358
1029460534440144897
893775968774610944
915918505840664576
1044288605802430465
992164779832827904
1044515444168765441
942504535460859904
550178986
1040716649224196097
2601787742
918499337524703232
1045047091939209227
2351876084
1045683055241748480
35326272
859758916497883136
821827887858847752
2328996616
937615598
2854305398
206596747
1039748664342835201
1040586207833608192
1019932402368385024
2569962636
2946850057
2161833147
1581618913
1003367263758639105
1267341776
3088407893
223955508
43399714
1042471802428108811
1040050787320295424
878001232861900801
765976654527234048
907351709193830400
963141039224573952
926125723567325184
1042472187184205826
764089009308102656
3495534863
27930390
1028108673401348096
921099206
116297050
1000017529266425857
3292390682
34299110
827424635587350528
1034204323520098304
19663088
2198325709
924286618571288576
985745233
1033304270785970176
796133351874818048
1035261351575347200
1034710467892133888
1031998377880420352
175544084
342863309
962751222
970819341619875840
1033314734680854528
1028778845397282823
3233891354
802259260939845632
1338333294
2813106313
1599577417
3152952521
392332731
936834073321984000
996022550491811841
761908399235825664
78489727
4016435272
3369564064
32394732
320731480
901423918283497472
1028087045535744005
284579982
992844732270292992
1025054582291001344
2993465277
126340505
258320150
955734107258048512
849351627131813893
2972541035
1026772242393440256
915601068125499392
929106634923761664
1027647597304049665
738466499371753476
3906923181
863925719063289857
1026552055807324161
812533782129446912
751139871872417792
915247985604390912
940870898369945600
121795412
1025604975760760832
1012079076377550850
750689845333352448
136060028
957251308691468288
302598063
857617475197861888
1022874719446548481
1010904316562075648
911873938002759680
1024175321627734016
463311572
976438790855299072
707630579047464960
1020026748786946048
1022200875719241730
44607775
2690989873
1018330368624218112
1022038980890710016
314038158
2896150108
987425069096947712
3295551698
3731904375
715961277554753536
1014237474175012868
842550390818201600
1016210415116746752
978924734296535040
2519169779
1016858268331896832
1016989697472716802
1020449730533515264
1019388395326341123
28352909
773720462031454208
44047944
766661746413174784
1020154603856203777
1014162145527910400
201124924
983146868199837696
1191200610
1017510674677805056
887493054
949060267874422784
831885079521673216
1479876691
2860807838
434253404
1705158631
146225674
783318389456502784
361617478
1004562655468707840
2552694498
36711022
954503852740427776
2182994245
1015460779519176704
371073359
4208526192
1016804509203533824
1008347710733238272
496330051
993202971826638848
933719338279952384
807393649466155008
2600260477
882054615440646144
1013695047466913792
942166634789208065
115050842
1025771749
4151309363
1013613563427086338
861683934798782467
994597119427338240
773486557
944309045011406848
2353171615
1009480813673635842
1000021096467501056
40907538
866464244124057603
2895908245
2835431183
1661058883
1012759847203373058
138203134
833381427177664512
1008759243330277382
950068456996720647
4796592675
913758553365778433
761686749101772800
880243997100437505
1003512365143478272
48095669
1007138251491115013
821269045832011776
1542868370
714343816057262080
3303572890
743039401580744708
740585837964857344
804480641505095684
1045036310
124237063
18130219
756882366
2882277423
2920182736
236669999
1005247473957457921
26580334
950109157855715328
1005756572750901248
400929258
844237002
974659820665139201
1002119987731906562
545746513
456990068
1003437127990960128
1002208240254545927
1003655752718929920
955179164201402370
976927606552612864
1002244220369952768
581585433
1683998328
838758047224840193
877309792573894656
2287507677
988347346571419648
1547285473
733363874846609409
3044879805
109409580
987528333318471680
774624641998548992
7983532
983187367140868096
997272548315467778
863822233642389506
999516621139054592
996170861936889856
707017002
1000887438846386176
4523124688
988147750888988674
1001137034650669056
1001506701407932417
19624836
221256604
2535664544
527935197
960783328197488640
995103858123669504
704146597249224705
995345921062948865
266338886
54687816
995584449906491393
794283537818091520
601119754
822485983551692800
977293052753653762
994417817666519040
957804379569975296
401243355
370629331
19753180
949326322458939395
938095903516307458
332310326
992183692708794369
993850281795424257
992422930473738242
979353987878150144
2709621253
363243367
360787392
838392666995974144
2595093283
308182457
3347552547
974487571043684352
267589781
942820943281266688
985634916477165570
970729714099789825
924037980632862720
977745495710978048
989593831858458625
989502636087955459
723474178116984832
991098238731157506
739781047399911424
991585781885100032
964873258934984705
919255687930236928
188691563
20104651
992724758004486144
841327246702981121
990704579359789056
906174710718767108
920110913352372224
986636513403256832
233778782
987237506826625024
175233692
986960636432273422
986986399890137088
978577882493739009
1194962714
925827610143346689
325678041
14526690
950210307653341187
274308785
824403056150376452
981652406323859461
2504765010
954853636240273408
3834013634
2244694079
2499891227
105684935
216285345
985552543903133696
980180542967644162
277137887
984046155511336960
984276366022598656
983057432443281409
967850855645970434
981661531455868928
981715002620104704
981825851195932672
964791609534615554
845858956392128512
3951486515
982481871371194368
982618080122564608
980168690565042180
805495338236678144
2457258468
917446144099323906
8558552
929812724867059713
913390705221029888
2484639494
22723233
979490455791349761
266233341
2423747018
962830638918270976
599454464
975766834166210560
961307305110310912
977904339221172224
1567777616
979215656242462720
885271799084326912
140673928
28644174
777259191966851072
975908261021888513
2582794328
600879761
932801596798504961
359495581
1238886014
970405390239268865
955430841085317121
3358890197
245541711
2827316003
431226777
2753964111
976203364823318529
959598399841452032
931721555272503297
975761594578821120
2312521129
975761727995371520
718571311367217152
892419792153587712
949276153344380929
70087882
962883144641900544
709126561220263936
826431635310641152
26408046
925873471414038538
962237342843940864
971589274427633664
970715884607156225
711569314030047232
916415427152105473
1156938900
975811318245679106
975751176552460289
271156625
964499028170952704
840797540861714432
975751243967561728
885340960804159488
4127396898
900219405686145025
870389213631533056
92430164
289504546
571462026
2196344802
983678516
635571534
1681693621
502276961
23396095
953080253433499648
919292781054562304
914336683117694976
4818011604
956228349432553473
793719380
838793284281520128
283450754
3291046308
15774623
2365007239
3166329193
570278096
471557313
918633974020354048
528622042
701445341850296320
971873739741827074
735370358
930523199389032449
781163902755364864
780721590145208320
969290838361690112
973204521743765504
86607374
758722129294561280
740018347815751680
101000204
951577365200670720
621181453
956334627781738496
965957712419999745
968581427502702593
939556061551394817
1362821106
969245159438221313
926327250810736641
15496407
967661220240207872
970194377376018432
971016570205065216
970682211140808705
971592975548649472
402815124
888372098162245637
967571278121943040
1681580840
969346122262237184
939246461929132032
1915033663
964032914626359296
965266179836252161
2445262000
965088931376119808
884782634567684096
867515440796454912
333391386
2741794529
401561955
920334705316323329
876067616149954560
884514367697563648
49112382
2522028026
880359309644881920
925813555819053056
1241358030
2723667330
859782948513615872
2342067255
1335416658
964833868774871040
488530145
817757408969818112
3237051877
214815133
1948377152
306057330
250386727
1017637447
262789537
962449888050143232
963154081840844800
958262423986823173
612425536
433714735
961944386899648514
238377034
949883667261816833
959066851765612545
2867046283
927027290617384960
961274305932877825
958418134024716288
124703999
1889431525
953331241524318208
830466347192709120
424127980
959039156616941568
944598495008313344
959811944462110722
942600823691005952
949394958468907010
143220942
940965683197865985
956927165416779778
956890394486345729
1209385165
821828276008218624
717274415155642369
3426664408
951080116679004160
956286870656376832
950724474017529856
271491068
955469802205794304
941816592345763840
925782942894276608
905149743147487232
954273350
514741195
722717330980126720
29126575
32629746
2709897816
186535272
947218394914340864
943585983999631361
2915357901
375222088
709565680777965568
949399935006453760
886440438533632000
846441865314471937
2771453404
23493471
333785757
951045145499234307
951478178421157888
1883515105
951565208383827968
2552906269
14762341
943660567629242368
885116358249271296
28515979
814686071720120321
39364684
944897885618946048
29332076
946831782279897088
933304080310636544
506475179
76479229
636304951
46600871
893543951310872577
857121329266479104
876974157971554304
877114146
1128244603
449226062
942772663545749504
943271025025761280
943869356785750016
2286982706
943832233781202944
944281840743075840
774622489158619136
3237855410
315002607
877739327832436736
906148552719695872
943566989599141893
214237988
805900142146678789
938042004554092545
457155790
813779869163261952
2257558088
3221978997
3311842694
553963946
939153596641312770
895085182268690432
932883391564967938
4481765896
256794783
3231814070
835418581311623168
937241974645682179
920373646501253121
2564138552
230008918
14298292
896249532656361472
917350739978149888
825529632774459392
3247506927
933872935701491712
311229144
239730877
934509119138140162
788721143821643776
2789651796
239735174
2570590042
2644967511
16067001
921100359187214338
350424151
591938360
166753482
933602046070095872
100642289
2822374248
562482152
1205336280
921806354939088897
2256551298
902026645363556353
759760718841294848
933246883341799425
563346398
905100393167892480
4842282131
78632434
924385516698718209
2385537807
904804037090050048
1432065476
72322050
2621667147
930444107348168704
9614922
930544479592951808
1152738853
860532270897270784
929399805125767168
318097017
917709221130510336
928707671926231040
405303363
917197808955949056
849445339379757056
15683961
119332722
873194300045225984
1226523457
1688303018
47884338
98187245
105017546
854001201444204546
322375173
20678608
2618339704
129938688
803800243007590400
928094490795167744
927436954433593344
756339344
99524669
928543825336795136
3051214595
926561272556064769
927220900755148801
809248041282605056
867806188108382208
867695491835990017
2762131920
921072050936143872
1973542008
925197173771382784
349140221
858468838064758784
925165476774400006
901450805835911168
3292177657
917396459082969088
924734400113373184
924724907564511233
364375738
893903127258202112
768992812285194240
3415423175
855470413010411525
803920082728431616
165639636
923046902324695040
812588775536730112
906556590467072000
922920509767081987
903405906460889092
1548667292
220993979
916960114313011200
922005774271881217
922142762803351552
816722713578524678
908886577983770624
3550337952
921275685762723840
921207258800934912
888421238321840128
302177690
977554838
864498754438692864
3017874376
378769554
918817837879300096
134953741
918583819808198656
840541058744369153
4859196844
393776618
318632313
883203565409402880
777568248195874816
43740898
917392200023072769
1056977641
917456330268598277
380364664
917391409560289280
917391261539209216
359372143
917392622934773760
23909475
917379775232204800
1963095541
917216926379794432
885940603942346752
917392616785956870
917382355597316096
917382196494774275
767093503524347904
47336979
704347703
791051843346444288
917025312365563904
843121828231073794
8315852
2736042124
906052129332150273
214234507
175135896
1404501631
27439197
829376848370991105
341615070
3400840175
738796494
913812836740206592
776377795815571456
2245768483
4002420323
908372938864431104
767700717423370240
2340250174
910134380332494849
3373267505
116975295
910133656982839303
895009585278439424
913869239035023361
887205243108438016
598776348
88455731
76849603
1502314374
911583031382732800
98739135
4205104989
435211957
913643799687061504
963499412
1547329490
866736085694656513
2796370400
893501603960848385
854610867882741760
907720520736563201
781436420640665600
864582487342796800
482285627
1345485630
3382527886
900175732739121152
880759428148072448
836933186068201474
912104567436963841
901842115642175488
3186148513
907996142889263104
531313830
321252826
76334362
881242040562069505
29395450
2733958342
726767006905573376
881614899364974594
26424578
903110836746637312
898613111254634496
2795508767
907882761595314176
882083911718891521
878017302914052097
876416962452008960
880222349513154561
841477566758297600
3576475393
894384821744619520
856693227411443717
54400810
881683961738559493
3938173949
906707638037221376
754774754863697920
838868080897978369
908423075657633792
908252952501948417
908078981097967616
239084206
897242658715947010
1636602438
822927883110875136
898822405518278656
1887571376
18478452
717790276
792782306385727488
17241383
788911693787172865
23789628
835672619424890880
4594268058
168110642
1944183847
906730641198383104
1100077674
3722822717
1516477482
832741993532968960
904079530721243136
839197919823679494
1923374058
862708070341902336
971197374
777954861413441536
906287684804415488
906481543152943104
905791426205814788
900179176451452932
893815304807038976
906227940446306305
905848950858555392
905218664210845696
2672993185
902271806073122816
763712412134486016
353214316
113879784
38372813
897475382743642122
867076343636348929
880638671078215681
905412851287949312
888891318553980928
867084842617458689
857787301598040065
878311052156514304
1226622726
900957301854556160
825658323647287298
3025880469
468627155
618632554
594443833
898598878177619970
36270063
2464950157
881936918899957760
717367178157285380
709519291331190784
435768989
838961905351999490
896854076532674562
898356126734929920
136350544
857576370670628866
831873150107402241
301521795
47005490
2231544558
2572600732
828719562027835393
881263877312446464
27463588
367902955
1978768584
1689245611
896208006450339840
885757650826342400
896533054323179521
326905510
3696565696
174675465
709095893916635137
344399523
884061489061138433
4787859255
168676086
775744907889737728
822108792
895695888512802816
81467648
105384629
876024245184319488
841360138749513729
82368677
887726771768090625
1372683902
890676026652676096
878934940494184448
891480085122793472
892392742751490050
858122446444011521
3316108691
3009323143
874798353812512768
94004205
501197826
887739189034221568
829778724577013761
890667718306934789
283960881
806191637781094400
890560733259366400
879978461783347200
3345868210
890243540214845442
268214390
887691362421919744
880511794330075139
267377665
885593977155661824
2667082722
886957605251362816
887032670546427904
2770941494
881854238032371712
3719673141
3016419101
888069688231682048
2840794659
4485679335
483155012
3110998946
309302843
436767069
4735244833
1492439179
549374545
2171039916
872196793328709632
125396983
61381475
38392738
828869707067318272
886437666442682369
1332147463
2474162802
886144028043091968
794590369719656448
2586325573
25728193
25406573
1630533522
42066896
2479922010
884826120687828992
120675100
3002045610
64746991
2151861416
809741296617172992
328637388
780817731159404545
878315454481145856
3429260153
4833610773
322653631
762289117400997888
1393537729
875124754902077442
259955960
387749875
2793589221
883670249102610432
883500931563782145
47018912
883222406172737536
33055344
501523424
1101955784
2147684424
882956695839928322
856486360022110210
279911721
2427478418
4421575816
2246262414
2313052066
224748873
24911991
604551229
838963291342852096
870814398994149377
3377784058
32431468
1669325431
485198235
764205148558204928
800142244279746560
2851371670
103082644
871498063654682624
27922157
368434549
875603554764963840
808016873627516928
844665376269111296
385625116
875354851223490560
877614578812768257
93305944
2612300912
869134597765963776
829693453114155008
836377011694223360
808420126768898051
876925017665273856
231902685
3787080024
18645372
875549455499628545
713023660227842048
14141037
4804971072
148312226
875407388685336576
875401303958188035
780607520687521792
860555811608776704
16115979
859470865100140544
859510860515074049
859672795885838336
875369261627297792
875137571671683072
1581514046
795304982954254336
703987744364584960
513542979
2718733544
225708214
564176086
700737997
804530972830023694
867761339221118977
873911985120964608
1452327168
88056307
25192581
3174994598
749409510
524428900
730141615767969792
272314524
477971693
873357646723788800
859422840491266048
872968437362044928
37799331
872182208651563008
3039939201
749465595482083332
2989976770
187386840
829801287462088706
2771152899
3101906602
3868175243
31404460
864404320460066816
49296303
1529235026
870641535355764736
778674897916686336
862138012502831108
2958979738
872787453442183168
865673102633484288
921541454
287748068
3167440437
761594337746620416
702925614853050368
253249587
802505706184183809
66679186
278310641
839263749232029696
4716193993
2873172036
525365155
821446640343117828
870162852354699264
870795866596007937
845163122
864114784379293698
28108352
867166245501767682
845096614901501953
23541684
869072315543310336
714476779944157184
2775562696
694718615820464133
262544437
869995572001996801
323011245
867437407481856002
882599287
868235952010997761
868525477211901952
3304579948
1557805681
534402224
1055889564
1676224998
725443519092019201
865929019031789568
2737425614
866963509493497857
845659250307338240
1868291084
856614883516874752
845947153558093825
2323248463
856572472208084994
1522181906
859833833717411840
845673493249380354
2417260508
3244169133
864087544400498688
321135607
856493633478029313
864990386573496322
864595482726760448
72438383
157195634
86626845
2235086135
293843588
288911825
862724564047978496
859622118144843777
3666173381
863324976157425665
863566791917932545
1543219537
2264393190
735837529719508992
832050755326586885
832572871
2597296290
724603024220557314
264356595
248486101
19081010
1231719614
2345381148
4728265402
825814460883296256
86100644
360316666
314326827
139137781
856724453828337664
304680529
808835839866212353
2794917983
4354186515
57195772
4879069071
717108730760970241
2566357753
3254501290
151333337
344482834
800459756292882432
862337638895890437
353226065
29975649
281915794
2268146767
862318856156663809
2740422474
851900623385645058
3756747494
829300530673512449
4509939913
171509034
3101905337
837355068202631168
66429081
19449019
832410530413293568
847690222758379522
29255704
858004757872619522
4845105836
851550186614788096
298057702
842024249011380227
858065879770304512
703349897861468160
852262754912174080
35503341
857649104347910147
858850103909634049
705766001950851073
857698311943462915
494285101
842934015246053376
868306099
855213544228487168
791054379985932288
132255689
3847204578
768409224
208539732
3031545721
90976650
843782264756424704
856377596921036801
144789092
856564894203863042
856201091486285825
856174302219165696
263735660
3408308170
855956229666910208
790727973901074433
838828357018087426
853780344822128640
772488364884828160
535239752
843024948952285184
1431492114
249187812
328034913
796727489137668096
848485263747801088
3318827421
20333505
2889091304
70030155
2183507189
410501404
965366246
855180034524557313
2494664008
2819976351
854995734340546561
146273055
400035163
3551040615
211212996
2273510779
246314749
737807058393661441
226681359
854377688374661121
850053846231646208
157367781
196626912
81891936
852230503759564800
1069446607
542088340
854142603956289536
408810986
853678977247989760
39456183
108509992
535788290
151973472
848290558644592640
380719560
849373694707290112
808876987636817921
820328941349195777
594644662
1553777455
258273735
27648651
838219291866574849
786991170714939392
3891189928
2986310019
578560704
852007573163200512
974509802
827692449141256193
838090421133799424
838085346537668608
838623886879125504
2253847033
838760200622518273
457515212
42807442
830593688
847866841867399173
537533922
3242624748
3192246895
42102341
178394876
1585669824
835601221994090496
135498397
2178790371
756191583666450433
769558455195693057
827896752778911745
850413619422560261
832050893235298305
779163337166884868
34113439
195626622
773527786787074048
843054121804615681
848217894341169152
701234183390306305
2903728244
1895138845
829725269355147265
847877764686282752
3140502722
848202688890232832
443377554
836972336490278912
848570523357511681
41999991
709330399
2865444936
749905262639616000
251088773
162591150
1670740286
833144345180127233
838766099755827200
134521602
841446869985312769
2308894820
570940564
42916712
2486455422
838977545336991744
1103072557
813448017755901952
4396945043
713651579556114432
744460551569477632
260393947
631722081
47083305
778771255348658176
190145782
4473482907
2316895913
2318544891
2739004539
2932680347
269903760
2897080306
86656974
244408072
838764026914082816
248988527
2825501894
3025175243
782346843887775744
846101517539196929
845301237029339140
112999919
846059644703444993
1909024388
844909220529160193
69226449
845017337489231873
843132109627805699
129574866
827935391131037698
2216420738
516133956
16050032
706183848732790784
816353488674418688
842744354808745984
839578834420760576
2859126701
2877380879
111237905
1491225907
605967221
843223421223948289
822298712991035393
566452173
842385446948769793
842415593366134785
838779717578866689
3352523621
2815791397
4062396651
842506276915634177
842520933663490048
59501476
485022852
839681635259932672
840318905524596737
368428237
15704958
3216899093
840472381504266243
2301508590
1853004192
375438306
841452830720446465
3236659253
748530176212885504
215363368
534674409
840331824484233217
134388637
386382230
4898919210
840572906946084865
407912116
259212973
2982893925
2150036569
15086822
3447303676
345652944
806235969691058176
838769092001730560
839887549678092292
475906745
3054941994
774112448
1240043587
838433193674047488
1734906577
3108488267
3350699495
735604427348926464
839697244697870336
4841864363
839888686296797185
51711411
136522955
839561807509524490
1330176140
1443357606
372974638
809680191349919744
68645393
789911269587296256
764066738845679616
829417887060393985
732257752299515904
837855950522327040
838763096407588865
174657820
838416092515164167
838184182111174656
839218971404615687
839217001910370304
829785911441252352
839276757249323009
325794813
836351940250505217
838756851072237568
2683688529
838929177973833728
165667968
498799948
18084746
3131396230
68073155
14562968
60810322
4896263369
1624899168
1663415912
4653672928
59394355
1151543479
77889335
179192887
868077530
801407241152643072
1536400255
34375766
761605457001779200
838757734724009985
838505376173731841
3257180953
813034522174337024
838758520069763072
838761898657124360
838763193698775040
719115235165134848
18152224
829137419672752128
838255642519318528
2694190622
313239756
3318658752
118249527
3354390695
146907187
1442197734
838387232209797121
838368780497608704
46836833
838167794151800832
838088228653707264
819193483248418817
838232141154697216
838210499837902848
838181169715900418
838088205954072577
838155887965585408
2960920718
837617656488476674
388295329
838089018097139713
838051203250589696
792600762211860481
819693013509115904
715946874591576064
177758799
40665004
1091327694
788863133431504897
795921490180980736
384377340
746893934270504965
705247712841592833
3913128597
147399759
833423332691173376
285823311
363418156
404146560
832738499409219586
836618519169085441
819693465239814144
836389906075140096
387359094
360544603
741816545106661377
2152302195
3643000096
137932573
77442727
819550817904640001
201176278
316134826
350718556
768979713566109696
317930265
111222968
834782821524840449
2958810236
832424859460390912
2639239187
834066396191522816
90345688
238090122
805449217116401672
831947065164918784
832798143720812544
832317837037465600
802542124818464768
20764008
331652109
2828172476
819259664567332864
710019810889830400
747613239035334656
45233389
3832007292
833770799790247936
18539537
2444026001
4174870576
832804520216272900
450834925
824181648577232898
833014427674931200
820302046498725890
247575413
3834205461
833785484
1110111492
393551946
47848115
831226789875896320
803985294949236736
435470470
830834778010181633
831894900320980994
831980924074090507
773613352773976064
2202429150
99175951
166628342
748290384300806145
157415472
831206263115624449
29384351
4396315821
273933225
830237559007555586
100304492
829044125076946944
397467094
1612739461
830398927732097024
4362318192
476045644
35759823
100487640
830850089069531142
830646074444492801
1078525620
2872693514
3193898346
742525119776579584
2927436503
711225620999462912
1049176717
829134618502713344
765097087008661505
828686573449465857
829045041524043776
21095229
823529382954336258
379259641
925477524
3143308408
707348970540896257
828385154380947456
93146927
462221028
766891471136063488
819695296770875393
826079064121307136
83552082
777973620060614657
19761773
824394380094095361
130554030
3272091619
824453049309691904
788082462819774464
4879132330
744420575695806464
3535480817
710047469212733440
2506017180
139205346
1520052217
2903235825
1369895102
454539646
4839488367
3150203887
797800978170937344
709797886662283265
770042472554696705
91504794
3379903043
798260751861510144
798538557564551168
898195644
769489877729673216
825001394503553025
784729733003108352
18930539
736021853022654464
756321833792733185
800157211410370561
799727210114535424
738421003668312065
751442806107828224
797132136973299713
815824355993260036
813509341500280832
812328172024905728
797427360928768000
789485663192166400
797422329655652352
798397007958343684
157284609
3238605446
14842501
824141386400276481
2275168969
824473943931293697
80612021
818558492541906944
37366095
574720226
4349146708
2726587926
4717234949
2376514052
791733635363770368
2358215646
23569903
824320219866923018
824270573203292160
3240143771
823565852922576897
532905687
822558245562830849
534681835
801515361233293312
823251321662935040
75445190
823666172692496388
40649971
28253010
823547810075254787
712679042063925248
626291111
33143989
382159176
762078683771174913
2513643811
432774125
812665674204147712
73418934
707609043578257410
191224770
751468168149733376
742497733936844801
3370423150
3407935251
822141649497124866
821763432391344128
768876462791196672
2469401881
819565762037895168
821396938121773056
10467232
770751330575056896
821180853678174211
16123125
821361147093909504
820338677998034945
2644816257
51709980
819422504523419648
49473208
7574312
323824626
1323379315
836833110
189223826
51556641
4199184622
1110230570
3229924758
811963908059635713
819261479845318657
1454076122
1939065583
3685898056
2499104120
548001519
16846327
314006119
1328206910
17138288
2453594017
806937402
808449907724025856
135032482
432698027
812050333648228352
808134937002070020
817540370087182336
747173564
4061714593
314925872
569120415
155012508
817134634148446210
724488722138406912
4864423454
267586295
630446276
804302293764112384
814322445716979712
912467083
712817307710455809
202011626
65508813
302270273
114878546
701342820754440192
161521162
2679502435
814848248074698757
3014915680
308447939
814841248146190336
816009355363553280
1539754194
24351795
62138387
725541557055705089
164771989
22888895
353884720
529203413
813235601399025665
155608393
759285430479155200
800039597724016640
803683767554547716
714802166586851328
783493920630071296
813121043560890368
345311830
1145494825
3395510867
364269801
812445212572319744
2983018551
3042208528
1383272101
4362675074
61122821
804201620674252800
749844843292086274
796031668767309824
793460783581659137
180017675
811292290484408320
4646457411
782062570219778048
807642637939318784
796055663558492160
233394721
367620966
144533320
3093631836
495693716
3938326648
2689064215
539318914
3632837835
841076052
809083249016401921
796097159259099136
806816258196963328
754554411028848640
44319714
2792646548
3064641915
596158422
42489308
738533796
808705025853759488
790991570271076352
808437804678135814
3855388643
3146646852
22328661
3021620422
234250414
624072767
28906892
317735903
464254835
804354051152416770
1000711585
23800448
709577944423772160
803119445837225984
452461489
789046347311833088
805820052742307840
60739090
805830974839746560
805132067185000448
782648637226528768
2276444330
117424644
805103819365433344
4907411775
199957535
975668676
1647109706
17100665
101897311
64593436
725104198010859521
780537730379812865
101374780
803786050187526144
796139797786099712
3438213389
993442903
98210495
779352586675638272
1182984890
724382006482628608
1894506524
923361098
3341643613
3759672201
788646784302219264
715075050894966785
4614574623
2900237591
322131971
58644094
1662485388
2736200424
578465725
382708765
1371044154
801528341429964805
4215524239
777726600884269056
800007123740622848
435334204
1382325937
53572098
3070253875
23336478
1122918312
786804327088214016
800430397934825472
12382182
725710527301734400
728269117464018944
257942611
49124746
131034344
783127251424608256
1043280284
158528492
141476934
778632436074876929
799272333953400834
2565296966
798154620191342592
716031737122295808
2346243174
792359855440953344
797648804476493825
55188435
3672536356
360350992
797086990197985281
787666043317747712
2944598627
709111830636072960
707914144880726016
733104891456049154
2907223977
2604664322
177655390
16844795
485362500
48524143
57117439
78296097
140622942
157462656
334898479
441130162
467696589
579098222
940040635
2226153590
3343990372
3652891822
4766428138
4848261460
709484375172222976
767518365229387778
787378080335757312
796126965619130368
4753788234
787642919587049472
746672247423676416
1575929480
2474062399
986590982
2646807669
131641963
3490900221
795327277794021383
217453809
733450726584750080
794978558166859776
3839701698
327322384
92138834
58129899
794541487824523265
242013193
771892927161171968
793920809957851136
147086613
67076063
758275483960213504
716415674088890369
207417799
598506805
700800688499064832
793135686316621824
1127793277
1000273874
24974173
3193652221
557924380
1955328984
791767422453833728
792243229836079104
1665931279
56868648
738716382334976000
2867485882
501008649
529631464
3032368551
210684204
1723579344
3690598643
1195795430
2462458232
3890367958
94918623
21560513
790871229959966720
737770207599599616
1611750192
791082992298893312
788178967291305984
789255801198096384
790732534015418368
741851719630393344
97399286
790258284758458368
35469905
69589591
789991614047477761
782548793778634752
337886919
53175445
91409081
4839635572
236185346
15993070
740586055959728129
1573586226
467924781
757278708746989568
215458936
745811122041716736
776634937671811072
787288584692924416
3834403815
10504312
4818630766
705456769175171072
1880784794
2873795941
723111577
54030277
228981485
41549376
3166398527
767444908756049924
1317758856
760892999689576448
3964117108
769644290553290753
787469208560939008
18379412
323489000
2535434533
186459549
219798346
720782514646884352
763034636293406720
16866052
2701850850
785552194581823489
119105371
448947255
87962748
765516416590176256
103903809
519606746
765636971158986752
757510817281613824
749802373602652160
750428860144087041
39133419
2831819406
39204197
2832456321
1715919734
4781020475
872458987
248925191
262653068
332402812
2374283581
715938905070002176
562692208
782174785916641280
736767847313997824
463450875
272647814
780789772893556736
740157510083092480
633138969
780552359118147584
705849884579078144
313051951
784052979120869376
386618809
431849834
777841885490483204
701785158672900096
190739912
301773000
352585267
427363637
462821673
1221764641
1472534844
2178327912
2376284705
3762422415
707638434207277056
707989941914091520
1237163300
752079676596752384
65461631
153792831
392157134
560918676
634787530
780271221736779776
67632355
767797189896581120
2469302262
771267992927612930
438916661
58773705
711771013109800960
757712373134143488
265125210
781701493539962880
783105132552519680
118097507
18496165
17631613
781249117431353344
3270293011
18068611
757117388366213121
546019125
108357100
47965659
855415735
736088454
782159745314467840
250746074
1397458430
218125690
27512568
1732986020
3420900497
525819853
3870823223
2651414005
781676356274757634
772087821813288960
1913731440
4082434994
738592239887089664
780944042389450752
780501769574948864
3305168824
780589118279385088
598617245
781126981178056705
2424671834
496348750
760669812754358272
768848613892128768
285401635
733651127477080065
777502164709146624
270443325
2693657023
146254477
498798905
63719749
367227058
780675559013519361
520304632
1518200370
405568041
1023316502
3224846951
2416787444
34601974
1023022494
739519464744570880
114295801
2820769443
780135629950709760
769530017491542016
182646231
173646509
150681337
332211089
126632322
779937300360732672
779928581493227521
82526025
3254034957
130669800
778216638550269952
3555722472
257901558
777153106576416768
714912880743878656
263527863
236075742
740052147262349312
971226876
1633007491
2994418299
467382770
14237728
3254837525
18858027
612825787
775941641173467136
54368868
255367513
178537092
39186672
4616735721
3016937855
761025243557179393
65801511
16196846
778034824435019777
1613250103
774684648404201472
132543271
464184444
16018980
29249435
29918476
86129983
620632857
22582564
526889230
1954293848
66172507
451404412
45015059
52462262
769613597404266497
1323591037
127241366
248198050
719021391912247296
768188344815722496
91544014
726590304724328450
483370400
2514706760
4784142857
34545483
1925420245
81732297
595085706
777185591746138116
754845641898164224
342127264
2199061862
1357259774
201465333
761984807643521024
817290042
97280764
15487001
3319721843
776249017533538304
451192624
4004859192
36381917
776135344219652097
732428401428959235
76054336
770942165434437633
20187065
1347465072
703382139606159365
71796971
776086443097665537
837130015
310001748
17014498
7628462
1638094069
2518854791
822786168
4685833242
701486144832274433
2507501030
2236262621
3121334530
3301618904
2550406495
709054142099038208
765969875902795776
721199779
713214951
14146622
360273490
1569649183
2247356695
396681381
3294561568
774616258100629509
773297649218883585
577403888
2422464079
3054663059
239051623
2304261380
435584457
14993272
123926189
771132868483571712
931068577
399857400
22656116
382326594
107644537
774618092991229952
773704307120234496
3084915885
772851328208953346
1367238697
901435711
774224436853477376
1189388540
459171101
87578669
741458469589536768
743931740884897792
167251388
60202412
879161563
4116484573
1303077746
4068098907
4763211148
553747023
771538900833533952
306551988
759151648476270593
267921340
771230431647719425
894244886
769600020920279040
126972284
723888177723879424
2212455276
2327689219
769679549437050880
235136265
140193538
2350618921
717145764280057858
763127708108947456
354906341
1279087904
2255459386
1708283317
754708759000342528
768457557098758144
43266236
706965456834437120
536284172
41988582
754013921267310592
619562974
768238655064379398
567808955
1048544018
1106661001
4664069117
4425226769
862374570
2935317729
3083924162
2459148594
3295460904
30549662
2199902928
3178306764
242225701
755302631388524544
2996062427
1489412324
715289225860669442
738528534566572032
733509479707222017
741630303962206208
2202596631
2993975279
174068055
392468984
1430797741
103041614
70273076
76584528
189005386
176578806
170877963
2361775955
435468727
273670153
3013200486
21295267
2457225049
764034974257389568
69573332
169308125
759771840843812864
751833704130109441
1535073974
2967173428
763285044907483136
729931449537732608
751146572373561344
248823174
743440381610647552
4259957848
3421068581
190830887
12685612
3384718814
1014248408
1546146427
2369652488
2902889583
20563605
742544955609059332
36290416
87902547
729921685722439680
748186945575063552
2350451402
449145512
761217567562276864
731869692059619328
722916369591873536
183315268
316305181
50691617
1365300787
64217484
3279059456
2761613624
760965061917544448
2573460254
3258864280
3115939392
1868170016
759999447442919424
806575532
885799700
85227160
26573545
6758302
1438455594
718837228865126400
731971073210638336
178227150
544891057
138353954
130355210
4715641227
293567361
411888782
390769430
839072522
755838735174946816
4714997413
315138828
2660918011
4327691963
32016556
430280180
64173260
2783486083
372572406
26601124
123136081
3189056227
4736745014
116859144
89980241
1174947026
283526980
3319153379
67185516
84699037
30749660
1201817683
3290364847
76060246
42495288
15624715
709743347087253504
70161954
301164011
415507521
2165299910
273279430
733652869811949568
748508759941586944
4548231420
3010892334
755787125568708610
43166813
1109421360
189253902
743978555839746048
594874694
1579966518
248802641
542806157
3366330189
119263864
2250997562
17543584
87691397
45290188
2374205514
2960736945
325485158
754536004921413632
155018560
734861100609601536
1481149507
540867490
747494244747616257
14647570
303368894
753582723969712128
1009095043
2451909384
721882717491605504
2865427814
726828273238339585
296702128
4789784655
117132542
163873511
516312949
709422267365609473
746587221105344512
18747777
20350365
177368968
4871022420
846409483
1572404089
1425106633
2947222605
465395643
21275112
749449546560921600
745001021714272257
2980318745
16318754
737377161259188226
740500744453906432
1924008938
114085748
113174491
2606727522
2850835576
2878345226
2790484063
162311923
748503334575804416
1342691359
747883092363247616
744480357584617472
133534482
3084014441
3083471287
312962952
36144714
2953885195
343018061
730085676373319680
56966343
4491789693
15976363
518500613
477131488
288370276
3364538350
2798004556
53162920
708951065853612032
746138318593736704
496259079
1226550260
3299523460
613782239
2485261962
89623716
347352238
4704111542
1271338237
54327995
2835925684
3064578617
66252089
336582656
160223195
595182119
2774540717
744026817506455552
587066071
705123323236192256
349059965
743031997598191616
288546364
743683566312140804
756801008
725899594748416001
3337373759
56900138
2809497047
59222986
40834465
743493813243514880
1193947381
831573710
736055260494467073
709441041863024644
19916680
334318371
710504016040632321
2830325060
191358355
2847503013
994001202
173486170
518179363
168733873
1648533510
268911581
741981090030592000
2337518664
3303457302
1193872682
344554924
174431298
623760856
704237133
731712350370172928
27679022
593289567
73444381
22223764
302302070
3062788191
5649542
28272729
3176650888
4839096353
314536466
53086328
734235409887207424
3010731441
930067670
738703919715627008
3876312852
618367176
19033197
727935430671380480
3360435303
299798272
738847029238071296
1891806212
1257429463
2482297392
182455893
27055597
1909880544
716302284787945472
15398660
725635258012602368
24465226
24589265
542896760
24021148
731332885232242688
4528949564
733040112574078976
3251833583
1336795488
390846254
3961794013
14334273
57532326
737116108872921089
892917091
363491316
263528840
1187177934
711245967069224961
197348659
3195524599
157675167
89902573
736027932318044160
1517920399
735985888698634240
731539546731515904
20655372
1265770830
300378085
346721189
293726146
2759136030
30087437
17194090
205280101
280192329
376273837
3856236136
2774095489
3031898758
876892868
732105636155166720
320425521
728788688214183936
2209541035
902260993
1630630004
733723488750600192
1018108926
510372559
417055276
131196567
2492464562
734087202070618112
100102221
708036686001737728
431482243
29980969
1211577673
103507211
463514613
733141661350547456
372091056
3145158059
1170973980
719376782168866817
155202983
4457623635
2923850920
732666770637492225
526880149
760650834
1698068760
442294804
3162459391
732106424264867840
313446452
723299166085091330
719754904
2821524460
3234230876
503212582
3486304754
115644939
434385398
5468162
274328448
540100641
3044723941
731190771274108929
729040114848960513
4847227427
381971674
3223039981
129067957
731119313248256000
30329476
112173267
989110975
4655372128
4019168176
938327958
289999064
730458888449953798
2783957191
730409220588359680
78019270
310156006
730294956540178432
270900518
17343006
869617806
202801301
88888051
1945212828
3314262207
728667331396784128
3376883032
19749157
1242734112
1339763406
11317392
2797993630
14333769
14579647
98538401
727690790646882304
2790914253
97605716
933311810
496125590
603759829
727192672205598720
1364350069
190766916
281655726
225728587
171064679
2184787780
1965716257
2714239153
2586737197
2495512729
453205837
605824568
709266027230720001
2367697706
245337164
713144090750103552
46530078
1265110094
2842612449
1462403538
268537648
365893478
14062554
15393700
2497405897
174982958
37575978
3045240828
113049058
3429150669
18513477
2329522178
585054479
709209910676881408
3300686100
168123850
122249137
3313050211
105201474
2243010122
240766891
720433802791776256
835015615
517219350
834594530
3010761436
720314582305083392
3319433798
568781990
72305828
2764475682
524410453
546534156
57000913
1124698602
703662777773248513
104044363
88581667
2449899066
101787024
3359299719
378646366
1583093900
14740434
709743769520840704
3280215522
4903398525
2488022322
713010662520303617
27005410
409755591
735200131
305504397
2261172278
52279082
107354991
3562133235
1666038950
4838492769
4869816724
2836128513
4795295780
436288228
4817816650
246839842
2991164745
1621660802
713431453967720449
711321330067439616
2551168314
330011335
88918343
3357637498
216136213
4900215633
710110535623114752
1911912554
782886655
3985166721
32542150
1691948702
2948767957
4739822837
1447041607
4477699392
4552359327
1330325672
20898989
716254481
17109575
477214675
709124388373680128
3098033382
702933636153212929
709080207118893057
336966042
339733481
912393007
709450852239409152
710839064203816961
397673567
44462129
1916738564
708770857108115456
3315309042
2459131656
4894701479
110739746
709512191355932673
2929443577
316651945
37185871
4704215851
17956236
1236964022
3080827726
3379734261
37020467
3178000377
1327292798
710178891130769408
807337182
1263184201
19077568
339496478
4882839921
3076975082
3346081216
708965546457501696
709848719298994176
297770319
709569412370534400
709962259422908416
1641158959
2351149968
2877285313
1170104856
3015188975
708200670613139456
16156716
709077855792078848
709827285461827584
205666868
4771048601
3367146257
709508582841004032
387785754
709528744738750464
4135646063
190337035
3082142493
3284422596
2463332676
463691636
440833604
707370462137856001
708924209804632064
18653047
45019297
83675581
31663006
2972993616
4576039812
709568601477349378
483450331
47987890
2404440103
75692827
1449640478
708772129571930113
6281632
4767398178
234999479
2877458154
37845266
54679698
4610065936
2811464454
58019087
1265256318
703296912397627393
410752967
2942997526
708809747722469376
397671758
23620718
708985636745707524
3182854863
4625824528
2374159046
108040096
610624691
4896341669
707571030307577857
2894202020
536040786
4234159638
3099585933
709051534160465921
479401041
2960048712
709033905475563521
4690778095
1571008700
3632761215
707028710210215936
564099543
238294449
708691724709683200
1568758466
708712497658748928
50714774
3832079294
2305583587
3258342342
50664251
706880663492894720
704550330487349248
389457807
2361645206
464719464
3832003098
116259750
4438955434
1526458003
4650905839
11274452
4923166961
1440261726
934930308
1444165801
37710752
73310442
21704809
1573873243
4920194020
2480799002
4845657802
186120763
4846812672
3011337389
2712808460
2836017992
4865424349
4765402322
117630732
428750186
2995104211
28172806
2369557082
64213905
3333615796
94068362
170849095
4809880106
73845366
32357837
4168198294
139173680
4735912045
24415922
4219833508
3470618492
253173545
74171204
2346048726
88859728
21804016
2910274559
898791824
3085541469
106745942
4729294375
3041039242
4730302397
4698214800
3961250362
60174759
1894848180
2873708202
2937839128
2148999585
2822835892
4465479552
4465491860
393439707
4357989012
3036573207
2652774720
4304473036
2774776123
3979828527
4031966843
711263398
2464055041
1607056358
525628546
26966175
3240998038
1975610227
13408792
320872403
34369712
4116975446
4136082077
1631409259
339231006
4150180879
2881427221
3090242049
2194724255
3422423915
3982574723
1363794242
83205980
303545765
3664509620
2396153558
3980516359
3325493329
26526327
43184853
1862976096
287677794
3874968863
877170973
3106391865
3956861902
1099694010
3039852041
2345489952
900041515
1396336411
374151197
2335707684
2456170601
2960611408
3332639704
2749839031
713605587
860624965
16700029
2156234758
60779326
2787637306
2741950209
144971492
343483081
16466673
1965765950
563732064
23566901
2657276434
3676498216
3856634122
3108703552
3720881295
3101865921
3773263573
3854908997
3857879295
2484038641
637250528
3854137035
3214331029
196682165
525554063
3236611959
2156257320
3345645321
179786237
3103209514
1965614497
3236609493
3115701824
95676498
195556334
1352658890
167090330
481562704
45798931
13298072
1282121312
945201486
41726302
15375094
3249998004
46220856
3085571050
175735226
177288652
476802117
2314782074
25950355
336628126
1547085194
1259756562
2725648692
579154165
1249854302
2347596655
241669849
2751137736
3365988905
65647594
1205718840
273690267
16581861
168003156
17181265
3104826886
1140783042
15637375
16728666
18809763
1135947516
3349982422
2891257500
884692220
81507699
411930168
2904092035
3228442466
23264000
19669838
2995742956
726744416
15844865
1536791610
1938519858
3225126699
112085008
330584847
2949398128
192280807
3173834449
3068375981
80414286
3083060168
3145317162
2927782231
21369815
166816694
177796720
54794263
34743251
58203491
492349464
2170921596
3145512559
3143568977
3002009172
364545481
14947939
1656893886
3107754227
557226594
3103108911
2746467305
2862543215
2857386694
207136515
373135224
3110959599
757182384
3109426199
2802414770
3108922497
2370796829
3104822884
340469505
3105183862
797256925
526703563
15476594
293182860
1049619625
40457683
1963426909
2491967054
149234710
25746065
3101821947
296935175
1375542750
244445953
3083337622
300032467
178794021
99126019
15068399
262375385
27116474
3066123328
19958396
14585998
2713519291
1700387972
38302243
2932612484
3026562856
17490389
25638183
498153479
175782459
738527774
1177323872
101283878
2904064239
28815522
27111004
1355391924
417199107
27113300
2780549744
312579145
877582602
2251623492
2258519335
1143189889
542588012
548491281
1471162896
2794560284
419636981
2958953373
2875295352
2997465788
522610577
18210518
1610688156
257010511
2994975025
1120292916
1364623796
2459100278
1110093782
27868706
2992337638
2992268829
2481971876
277540994
1013515226
19637469
874164236
515667233
2315306346
2353933843
21279256
2866030229
600958397
2507601566
410426592
36440780
23544596
2162064386
1069549218
2850797278
195054982
713589706
2802675478
2239630459
14129573
37719072
103750181
44196397
2905671655
7334512
2733087096
1322394446
1671585252
17108182
124649482
369021475
358196511
59833435
711422366
133509459
8659362
14306732
1120104162
36377520
64915184
19249328
34607648
1499825430
2401875884
195503811
58829876
2407128649
2796665977
2847683171
377846956
36167840
24725678
204881736
15417401
15726728
95531683
121922208
19344703
19010198
233364902
14345566
377388305
20169756
570440306
781729273
171921202
109622115
64171920
14289835
45577730
340010747
1451773004
1010181
924321
14652942
15815322
16989317
25836422
24703689
25255238
86641432
53934180
16365305
241825486
304716498
224071039
88738596
373495761
236263159
604943359
568247551
246331836
921685068
5991462
15449769
12521702
17234889
37250416
28384142
813286
