998889702575955968
741168305864593408
1149942961
2217401528
378259736
55259925
3016632889
784397947374964736
17294493
39253470
29995782
956995545528090625
907759856429527040
1787201851
965231053119148032
964032914626359296
965266179836252161
1915033663
31312972
502135911
46743920
483511352
89898430
44988185
95981793
578117915
502281810
216776631
1339835893
2494253352
1290010777
152004262
29442355
392350277
116313988
41571200
224244250
170514314
40786192
236022435
22739764
22528006
18710600
130412081
84418338
284287181
173849332
68713673
119487434
2377196994
36438905
68472726
1024602517
17044012
30725767
439779366
244933378
1339776601
202288425
872758548
480397834
14358448
308216176
43586473
210238865
215063312
82142715
116983434
112317404
22150308
15451591
130365207
277531064
425237096
161638709
335559196
173324816
213337079
49762348
318224223
156189503
257664900
959028120
17974012
70765264
236048503
167912446
40579763
813286
36950455
118816443
202367186
16703461
19695231
18524353
6482532
113560280
101856523
100376432
337877861
22211768
141459688
23615586
19433228
21655327
18909664
24224542
62413270
13488002
726672061
70224416
269935803
234200119
113234048
898213045
182910273
20629893
259372802
14499829
541132584
917993286
393035540
39582508
35501142
371281967
15521520
31303855
252825938
17399495
317995563
16426177
80687140
167844726
202815774
41956084
17663756
40366279
62581962
25843787
12524522
62360049
14480479
36836042
47436746
21210595
20065936
22883128
15441892
28913367
