1113559020743401472
2161983944
214950903
1023798694825476096
266975216
17174875
958321164048191490
1096058449
378259736
628698139
742769911
3266258420
158445476
10328012
1633496226
385192397
392463691
4696728842
51111863
636216638
112475924
1620556356
14981648
1325951616
2764811815
752967707277029376
118975084
1480385228
16435797
2828796622
3290762269
355036400
750022168675688449
19384258
3572452525
1138982141461651456
6464292
916031611
1012673309589336066
963436120297082881
2145261
1041212863321464832
801080366
55376380
409695919
976162548960526338
3433407383
99599045
172421058
135014232
1111643191005138944
77883853
43736146
965260414064955393
1337484122
3195696998
2556112162
1117872180598059008
922736714006790144
543263705
1148733302062194689
321788327
26133470
945887562320707591
31650414
916048217594146816
1143687311814733826
478823758
2832807293
1084817523378454529
2248389990
40283581
339914949
14807898
11161852
2367846709
723334128746127360
14145626
19242784
44562973
1363206528
1546783842
954537362
1875678475
772834688
384923143
34317032
3000674279
754006735468261376
33823446
70228527
30354991
16444936
388683192
541637104
332118291
257232251
14140714
287993271
714510234744524800
97082147
1095182235844653056
761748709788954625
1038689885933068288
2252583674
1088842781081128960
30495613
864926050035400705
1021763998600122374
210290925
3519401057
953691495361662976
20492950
30409200
722505769241870336
32671389
363883191
1121612184763678721
19285268
19028558
43192807
395674143
1052294855248949249
469854416
1019087042423083008
703664485593014272
885532656695488513
14298769
811169443
318821694
2237952289
430303289
42451620
71876190
390361521
887464646
84447226
1109165838786007040
4756951071
18839937
74669397
47285504
380551845
327150426
570550038
842458059221962752
16573941
999720386014019584
894222851242418176
1703151301
3430788867
1075818341422522368
623828325
126632581
25084660
143958468
785631337021571072
1042461264595873792
987111177582006272
15998321
1217269842
1154621952
851188924500156417
1118283691111800833
359504560
1124506797526736900
965998206956929024
303048028
70280965
1473502219
6931262
1376608884
460444548
178232424
216958754
95610041
846137120209190912
1056808808951902210
469903716
1068418679740801024
14936610
1101633849723899907
1106319895707279361
3218937505
196503557
1285231884
984932369705644032
1115432917
993321562710466563
886377715099734017
756652992099524608
278693248
2396677714
11644562
957096044650737664
2374235598
1093144974810587138
1023842265532444672
1033142532136415232
342956443
14512716
176574985
24293236
862516914
981259709356404737
2557037323
1562965412
2342613998
268060605
15935999
1639541946
111449829
447484541
4620152946
3237227154
1083627349420199937
315629003
906218188811075585
33726818
1055882710269358081
1095145587073118209
975399387034611713
1923959160
842550390818201600
74287341
2388484242
986794331582365696
1066868172496740353
203714426
2967402199
862037690597953537
786047748508221440
16031984
2798873679
63302020
16043620
28769894
4331459781
275223536
3892269394
885595107252195328
20654109
4445772614
17912551
497122180
561590721
3225411736
12418482
1947265657
3797338456
214622133
1107664001864003584
781526400918495232
18003650
29616488
303247684
739710289453555713
724364699224039425
16702140
379371328
29995782
394154071
2271638589
18019105
532269530
266696379
77120364
257591704
3671138595
226222147
66592442
940498231850500096
22100541
2701073637
41294816
44146257
2857479956
130557513
49848356
2740592709
1298847451
469973314
18213904
969653077442809856
22304657
224479360
435331179
31013444
87853386
69195665
2197365898
768523824866349056
866931752
23641580
1056172722013831168
1099131335359299584
3583264572
72290565
2557244006
16987571
714959461991866368
24490456
42853269
1090642787631067137
1019368995072479233
181328570
2973434207
11223812
3130751195
439406596
522538187
236153428
2207480257
853723635340648450
398146813
137895699
103738861
445764703
485993916
929352192670208001
907279758798589953
986253265863102464
814304
1006905624540663808
122181756
407424892
550566147
31452973
985782002
110023569
2655321690
47147028
942462017100812289
122085859
75604826
620263051
1240306220
110365072
27075032
2671231657
4160931852
3057008049
3253075864
39571095
195561177
2263277318
19511752
134903302
1035229572227362816
1067248703440855040
16298441
811350
527590256
13502732
124621296
839094050582069252
54730258
1087834820
40837504
348082699
1120308836
2343994460
1075582679574290433
783681604098990080
65431632
1044360953951924225
346692277
1075608527052464128
838431963618938881
3344391387
16783988
157465281
2437472689
250887629
24911432
2829383090
2993751197
892479848
457082745
64495817
2786192499
3687721995
1072170386790461443
14417243
3000230307
490932793
224715866
326756275
740534981143990276
949841690776371200
455204484
1112919642
40629323
270867194
3140245359
927887560776568832
786220596531113985
15367674
1069405516076445697
943513280781389824
127817292
46381794
321523435
557320540
193958168
66182591
1416500532
14095344
19304217
386513
3230388598
2448077035
430645155
2944953687
3105693504
3105826730
1070709668773806080
491908046
20609518
3088546198
797238620327395329
339355316
11757522
223628594
2315512764
898944370925121536
96206540
73251301
38029205
229509740
27545589
1066900977683439616
407387443
20745074
33773592
36252186
42583325
209176493
382810104
2332044398
2434352924
15688781
41759497
89316295
70171401
30062959
8593862
1058520120
193349528
89386654
231407577
27083523
2303751216
21848018
1273559780
956677305962725376
910975361839755264
43208846
707234803725291520
4706430772
847984712
21879024
2565872238
286742737
758484549408088064
2288972707
83265346
796811192924770305
963631905878036482
1016415942148947968
121341102
71082732
2660613438
2163374389
700233696
620142261
17110927
1656244670
1724204797
243368411
5536782
793623386605907968
2743567899
452545583
992541822122582016
91656941
1343152698
831346416769331201
59156862
319769408
110189578
2911520575
728020804546514944
3887467873
20873069
1702673011
16246688
291134416
32946156
4438791677
324728814
71605964
211979084
723956578492129280
750650059545509888
84989108
369155160
71679123
15489291
866426699193491459
1045408799195090944
714441955
822160436502020096
940802079374835712
295810859
722028778852061188
1432052114
761784638008426497
61864216
23710761
217294690
981920849337892865
1724500830
112764405
634734888
785461610
308779730
717363
3001892157
2536561231
9507172
87727037
885824718
1041810518518972416
979833155619344384
36362866
1598004326
621772281
61735868
14869615
952785101137510400
341328215
39159473
550270216
1038147768064327682
173774813
316229447
16491676
309769888
316389142
31079741
24156740
1062759546
875844824
1030407767956303873
580097412
27908189
3958731755
3787903994
264631735
15624805
26029878
79309628
146290693
66573775
30395567
23103305
26664368
2842828370
34050062
48283944
855207324142546944
2995069007
3040412066
24691376
57286190
1615385828
839021639211827200
4749465977
436963821
1721828646
148973838
10798802
387796860
48365179
19402584
18139634
884928345342959616
50659173
830041287550177280
19094924
455770303
3356531254
37109075
15195539
17995040
383493565
75974281
2715115656
3063032281
47786101
415237804
2294733114
5444412
3846425777
909891288891363330
16597324
1139189364
24399811
186129806
15737554
281530541
1912459310
36116203
165622311
15737610
522473349
18149301
16906715
15762845
27093057
15292416
16031679
25371730
24223220
20576099
23231179
57074850
1176718992
43303934
29603142
46758449
18995389
30404308
24513551
159555398
24879395
86317399
19130934
35549780
30568788
132655244
252233089
22029553
33248363
119521385
110798209
19344825
71019945
29221344
18907371
24245649
14750983
18000189
399706519
847546189818023936
1015719402837348353
27970832
357816281
1867039164
153318410
85583894
34785922
917511276036853765
580013008
2839430431
34120915
2227291656
138203134
14317810
31353077
334321077
233386754
34175976
19568591
818927131883356161
382807812
17587207
33014548
2983397557
719743306087985153
763940816
4504978694
86359508
14414706
2783879880
9549022
2835276183
248917209
129337996
206631462
1544502812
101639325
370859107
21433995
2592749814
14247287
33041426
53297035
253539245
9502082
99565712
143192279
974655315932311553
116086765
26259576
415117357
929399289436147713
2151784741
251489240
51329062
762978417323245568
887010284166144001
60659567
225268459
2813867264
2903979971
18191182
248078134
261991370
797869498757955589
165202587
16226896
16803215
2841957032
16027546
2236028670
35472060
274200127
18103148
982705664467218437
6211972
141944292
3701125272
960652434
128353178
103595977
262283643
3318268033
15485441
18704659
250831586
79073934
4730946619
210131101
426084854
16305370
1096084052
150294244
243318041
775192944
755893003
1000408573
176930496
139162440
17672251
208643146
31312972
21883125
915726438
271620538
2178995913
2236640820
63242060
2329252147
3376066540
859797656239050757
27268067
6351572
2376224648
372891057
929213414714482688
1300678026
1550520115
44733150
2370627199
27042513
41761325
14320748
205838761
23404794
65016485
29615504
11212862
23618093
754522526496292864
860652188
914505311830061057
356146769
467774585
304679484
25629019
232463236
551478089
371863115
42977712
531561605
778940137
2729061
468646961
1247668801
258592882
2397143060
1378000488
16224590
163436555
293850289
2250794556
729060408
610566084
20630639
241382835
502135911
19879313
180004522
491928940
3060171801
5976992
634984476
5990172
6974622
15985960
16356796
17310934
620946648
14202817
78194111
30272162
155645849
72423061
267856525
41531145
344457423
8290812
1377470269
17974481
460834078
813929797
59371610
3290504482
16158636
13700542
15819632
490039192
45681041
16705752
377041574
23377376
2893511188
1043418200
204586379
715261423
16225259
716062085004849152
776611753245478912
890388856431927296
4798724232
28406270
16504257
937499232
12266442
47475039
778321429934866433
354031110
284306563
227452515
299952256
1071215269
2227275901
14652182
360731302
254873869
25521487
16303106
28205458
117848769
14506253
18131961
23314049
52613032
19279990
15655803
187303453
14159148
9624742
216776631
29442313
813286
1339835893
166739404
62513246
18732790
611941828
14244263
1929886076
24624541
64548280
253641012
729468343
103686030
93121635
2233154425
822215679726100480
476907667
2863488598
62606201
79923701
3039481426
3044408526
36732436
2265215995
591450314
46335511
18228898
59949396
39364684
6904792
1659312505
16264006
16212952
20611853
16213013
16712746
59325073
751928167036628992
774864286539665408
774107308687175681
1345591926
81968025
36758754
20980403
3272589018
2249410326
2151087043
18393773
18605897
19314650
38518860
210686900
260891017
2709152000
201748812
122263153
247512861
381565337
2317351705
66618379
101798589
2177499732
208187601
803832666
377410153
56927066
251420254
366952542
624661805
143961591
158414847
432152461
436624355
7313362
15012486
372575989
2467791
14293310
16129920
12133382
51241574
20402945
25053299
15224867
972651
7744592
3108351
14677919
28785486
4970411
6017542
428333
14511951
5392522
742143
1367531
91478624
807095
759251
18665800
1652541
5988062
5402612
15693493
14075928
26053643
115485051
6480682
17919972
227750902
407977463
355295605
225539878
90420314
225554498
19562228
112508240
500704345
76997832
16573745
60818204
16030320
621099464
16550142
346218448
335475063
1178855935
610163154
217248829
319462635
15444434
276327989
119502279
255618999
351917082
15846407
