15294105
983654786
378259736
2870816765
1202367997
3087874189
2587974240
23152379
48250630
702980380287225856
1548592380
2264500734
19176242
909749955836940288
2768501
18018429
3229987878
550856474
95092020
2467874833
250953172
82788503
1265991506
122436018
718888154
392350277
112317404
2217401528
368434779
54414905
433170176
629347459
38238191
62670313
52536219
46078438
19725644
430452224
406423017
36639482
2893511188
446970611
354673560
82050705
282004677
534993724
817931696
2935491457
23541812
16801750
473256232
42723362
82454796
1265004110
36616317
185125451
297127280
1085844152
31887872
131948686
40880310
51263592
168570138
262452184
29265047
20899023
54930650
584635444
3279470982
243525545
19426551
21147300
3316439014
2193972703
20155652
18980276
633649692
14460478
16857864
33517699
1728263810
35953972
