2851523922
4882065672
890144512730951681
600031424
997506332478423041
730243929258504192
143568410
2647058209
1015968883520385025
487833518
65926908
385421345
447644824
2906878922
4970411
463184117
200903022
2253142422
794874013
189253902
4859394119
72819944
920925912
791608741837832192
17248121
992658161789231104
20015311
2275883743
2227695199
220270775
43077446
3863605355
107225267
816291044325261312
3003068933
938419883745869824
851773938757758976
91478624
39511166
19177501
1144529225845620736
876256867831492608
32372834
18198832
67594122
1277614400
27013292
2843435526
4716771078
3321897842
912618938672013312
75722034
994854084103561216
52584039
3057531343
20751449
35743867
13850422
25073877
87174678
458077039
875208373003730945
9963832
3303426652
2912093825
66804635
4800226938
17939037
37710752
14188985
4620451
6705042
8005492
16892009
212119821
3404241393
622427154
392355134
17905977
249410049
20570871
19066345
39828048
882598499958870021
834452256
307519579
378259736
24259734
33977598
14085070
102417054
44629346
415075929
248557341
41582030
2580789216
46473066
1291199636
14207863
48799978
1021238045977137153
21931363
245857954
1552550426
223656291
3739275376
2245914612
145125358
1014165906207862785
847524554209710080
1082936575380635648
18213483
16153562
14700316
14159148
69231187
17137628
14499829
2429009191
891321568046886916
544283763
24548977
269873463
302769804
564853309
133040246
1097136554621980672
195838373
739047837875372032
308301944
2789509362
1107605032801718274
3226907130
1123489287415242753
1111570945053995014
952508604883484672
2842029116
3171712086
28543386
19658826
2228403630
14458826
25244464
14707266
3160646900
50867591
20104025
20570210
753927090471333888
821045162
191996792
141527741
102005808
39743812
15898172
1068788318802833409
870549491186675713
907830490102734848
908230031888965632
2364198175
925031569219350528
811848538678296576
2991822482
2380346972
835220647
3152600556
397073615
2386808821
955083261948051456
832541698815299584
257010814
907204129
2764292296
545382510
2307687165
40350606
1635933824
804095466161831937
15829457
920871632356429826
89854040
832779493160783873
949783717186240517
563473311
337276554
270486700
3225757987
925892821135118336
1631970656
1592704626
1059350930
789336626
560693811
236264548
393968379
3158275316
21248185
1096628585727754240
19834827
25680908
2556358518
964860991912673280
3311461716
66369181
786262356867309568
2296515481
469271854
75521140
718495104491589632
83778512
754957491180494848
3227051334
3098099594
2677919810
2495709774
2511601297
155174597
119603804
367781180
2439574364
379111820
1680093458
2182931684
167835570
1043161694602706945
265194514
1032348419493388289
72662891
164658749
413112087
2333224979
752796394583302144
66733354
89431996
226516882
362613124
1062480554
2524475737
2916305152
3375130513
866778912050864128
57895764
86705099
158311321
535118375
817082659
3406548978
18837369
56338158
2475684720
156557012
1210360483
1524736704
1951041504
2247759101
3228779054
72906135
160805566
244360505
317728293
526557336
604310440
2467791
782862110
15031078
17150371
35420621
279192057
74676829
101244072
3039180577
1346764506
2917510924
2956408039
3141530851
3179168936
3221661516
4084353975
2175523945
757848333155131393
135442376
75996498
89907576
163940732
240208337
532074793
568960499
574354695
2580231158
4520129181
706896902265151488
1911186302
98068837
115090022
217786649
777817861
1453552231
2683671824
2855276732
3191007174
4857179132
921452521964445696
54605350
92259171
128181147
2447479346
3271098402
3180618704
77490131
101232042
126187555
410647377
899276344961445889
150151712
4170697092
836537065814835200
18115328
223387618
502097737
177501474
3267003978
726282407696056320
86291997
860200464
3184454384
3243095640
52378823
109173912
284448271
344092409
1175484608
2201408017
3230928131
1000368307734745089
96280241
100273115
1050617293
3085348641
1396466106
14302060
2200606034
2808163367
2808231038
2297568289
873848633875087360
2902460694
901462037506605056
840262536436031489
909640663641186304
962745029176340480
1003269188750749696
75709493
115308282
135098125
2489366071
470748507
100132150
138668707
2313111696
2707085628
3192003906
3241763959
4888544049
775622860647886848
126875772
1067935562
3164833862
3295017712
279469245
3998245464
803153124097716228
18132035
735164172707729408
809324678414118912
959415573196107776
404595824
402710202
918453558353174529
245252068
2401543105
4259084654
721717504083537920
54734343
970944470752444417
223965837
484796656
812575494721957888
984672763016171521
992723483443384320
831557031433691136
1004619491102224385
985867871212290048
110150561
1010247461355450368
1008109431991791621
156544076
932125463710969856
2248872301
102130248
874914941551214592
2162506390
975619459581861889
17751372
979067544043536384
4058501239
1015923421228797953
1025446501164625920
247073040
980098911149969409
76727237
2773011817
730272712703115265
369616050
1094598566415384576
730393769548206085
2971493694
3165613441
3518291605
84872040
3878423662
827153287971344384
870708816542814211
940276552071294978
131868870
208960640
325367541
102289464
4234867623
1318102885
1712177424
3115339208
711640525850345473
770159726994743296
873088617941393409
78203114
920837639200112641
471741741
366977331
717689113
2995365042
905677600483188736
152189396
294673669
543794586
943539296614494208
2993706649
1582638254
2260296479
2504059119
901510440911372288
3150940290
737150104612704257
900463426824220673
4149590715
824157237589458945
921248494165340161
976745125354160129
1048242659683328000
18085345
69508326
1672322588
74388187
85052431
291018398
2747108440
715141180103598080
1356269160
1111046088
806491399046598656
807585492279693312
809846579716706304
2212345729
815615747623972864
807452211319967744
2390660425
815814126723284992
827907624423141376
65053669
790919289477926917
813817984443678720
824320730288492549
118009785
134040528
632631964
805432075759263744
129133122
736514596983296000
4756799141
479259753
783666369468309504
552558362
2920705104
3151389289
767785881356869632
4772232476
494778269
837747778319179776
3247470024
858733551486947329
2273105243
739372351
354229519
1392109374
860761058360872960
2428456855
857110040184066048
864768897832017920
856075625035173888
99760570
7706602
867971677358968836
49742298
1849295834
168449047
869810050856083457
798645844643823618
869868484297056256
102866139
872767997215211520
47379666
807251953134641154
147515210
91069368
739176267925295105
717020664587227136
91409363
382009516
2619760714
69728124
417955669
869462921486622721
825363889667792896
859742023653498881
87884301
7363352
894442812678311937
887177794014203904
894090230508027904
15379199
3826167132
871030529251987456
883824250750160897
57568637
881722279108919296
137238698
881694118144901120
2902962180
2921294630
144036296
869301728960761856
869813365106917376
3349613533
1718852060
72855011
900684878504759296
892413935319568384
900070425207734273
893852074701664258
17098171
896551363512942592
965707416
264918030
888437756090765312
899174069676818433
1743432020
902105671348486144
135406513
901060192636239873
123280445
833976155023618048
2490073682
894597627697917952
758541074843467776
194022170
734040529885790208
905419652964089857
2893930669
898286058583891968
906366130322685953
300189384
912385801840877568
911976855527292928
158331222
722765139049447425
488227386
916276910950318085
793544844266340352
258762966
2309521514
74078251
913485864289882113
910018839550799872
755658108068831232
75506729
14511951
26034441
916962500607868928
908763024344866816
59375921
915155079040262144
916320101615288320
900625003493961728
921060230821306368
4131026713
877852126432509953
923042973926834177
105178245
908924438682460160
830775399328206853
929349631015755777
928119709966520321
49493596
75786250
98595786
933296517460385793
743653450962001921
3123025469
1607492370
905867009832902656
929408465289863168
930999934068781056
940589797873201153
427192714
929589420897873920
889832815445114882
903314806974935040
946044976961437701
2703570673
947336418866507778
819928483249946624
83319968
825019367704272897
842394981264441344
939348452273614848
935893599031410688
883967485
886613552575938562
939530002185445376
951550413915832321
923197388201721856
951860848749813760
871290857218949120
929369055173132294
827904500627275781
223567226
933290354811404289
898755934213652481
62566653
954007645035233281
94594026
2299825176
956832432774434816
910770212575748096
931147853103280128
736810482670043136
2301450007
965200275630903297
876424787207352322
769181404357885952
837239573784707077
69831471
971597781310701568
17153700
2540691122
64633885
991888810148540417
70404467
182367796
991921281665646592
985158266765414400
999914334472945664
2820277974
156914601
984693565732225024
896750055624810496
898399310672310273
1016331248623501313
1411803583
802988544012812289
745436484610703360
773062112822169600
1023513316512210949
921298788102344705
523903357
2780877115
135129332
52893070
1244166656
370200662
1011141218
50586945
176125556
1029101195766497287
3449572212
1040981676430708737
1034817043529445381
984805874387447808
241842989
968151481089167360
851528501052231680
974287088563531777
115927758
986152435860160513
901168397861433347
4066698986
246868719
2297438462
2402852281
152165203
61716259
104153319
1031073452441198592
4824120736
29745877
580692678
326101297
703381434594103296
87967594
959312620183371782
74804946
2284818055
1034656251106324480
1047825277298982913
1014181795418402816
3300342547
1055352717550338048
959698088628662273
1022091320158904321
2317073413
21754606
988265544490143749
919810877708107776
1056032824967319552
738275383582314496
76649882
79628532
74105523
981696439939223553
172354672
105386343
714578780598222848
2870340000
18803418
992141557464645633
938550864
811816487770001408
117343659
997403844765200385
75239849
845884669027594240
3010464786
1074884194164064256
4514836212
57914984
1105010412288987136
148275530
2690925092
905027635947986944
90375795
43698075
50962888
63514892
522917790
609222553
1590379130
1595577457
3152587645
729999899358539776
2350291020
3802822573
75511952
77493191
89656574
141096263
115381807
289187968
762362910
2992599357
2409085345
3171951404
3279663732
858043753369550848
14509126
74956185
346876065
1471599296
1512686648
1675481940
2197190850
2475872178
2975543586
865824659622817792
1085222804415365120
76323621
117787596
731197397410283521
4268421613
75625514
115487231
271793057
577285550
602612998
617321019
1219319893
1592464627
2896545986
789383120944443392
1050822490950316032
474995361
989909505432608768
162009956
144836977
1107292964533854209
83784237
394784080
3309524568
827808287449952258
22959763
912294845225459712
365659990
500612435
4643437254
875419358515691520
2989745600
979254174272466944
1004690185118875650
968670936282132480
67577895
869451499134431232
1097749563102834688
26747016
148477475
44783853
951062029
794601885948841984
481943972
14728486
2358945534
60906146
122453931
373434503
75578404
1088678844221911040
4307807735
88476232
1054047753204981761
1017217973466075138
1447949844
2234218572
1028644978040307713
1061208536741502976
1002116043932778497
620893384
155841795
864845334354292738
351418637
605138830
810144133872582656
941166814272274432
21461691
728273926304976896
353490102
247218601
4728671714
4712326757
24129206
482108339
19273481
16557472
1357630848
797097645768581120
179621651
22401689
2791653672
925340029035085824
2668717076
3181865365
92724677
33933259
20494059
5402612
558797310
2931125071
255444957
936867120058589185
725634618599198721
3262865953
2972583026
347795671
195703448
132448942
771573844276498438
4299816134
1853474102
80045475
1004026492693594112
3070082053
96951800
115415222
917286739470827521
800530901121658880
1662317671
963327896
960750445
1679028961
556938303
97842862
33459103
15277629
62264437
796445095
823263409013723136
289145534
59166583
910583294453886976
986452666455764992
3219387547
761457283960307712
54243837
2919610716
698226910535491584
34743251
478432912
470125258
999919684521639936
2918539369
2329771370
495851295
89024157
1050275482942492672
934281246435405824
2993230373
907533836195471360
272043567
1038387642939756545
204832963
310191916
722000317882052609
36670025
1045211143558635520
1548264174
141080858
15423750
44335525
916060441532547072
180380465
59246322
1011567857530884098
3317233336
1451773004
2899071470
576241232
759251
28785486
117261408
920512279556304901
904773775031361536
19583545
34613288
14573900
22910295
136199496
711701102
767978651996401664
18091004
2495199115
138372303
2780361002
29479000
158487331
1005000912115388416
3693876674
202699969
3794413874
742143
1002970815229394945
931260588
730254473382264832
95965477
2296518450
844890761409777664
20536157
18839785
11348282
68977380
60937837
26251434
200163448
2766246011
23542279
139364011
712690866045853697
85657578
6431582
931146136777138177
342034927
3282220765
544640536
101494182
405427035
89732309
1342674368
7431372
19929890
134758540
60737306
245687754
97865628
458451038
2183816041
1652541
714048765456465920
56304605
38647512
414946220
64526820
761266874696867840
22763833
1542902203
83529586
312015061
2374863733
74929902
721642985494982656
16343974
37599685
985785884367704065
902771323
860267040
743421973728923648
88856792
37034483
940443393234268161
746016080913629184
1288983091
98877698
324896218
338444460
17471979
19725644
15143478
1934388686
79419410
511402689
3315912200
18860860
355989081
1263706735
62766520
872061089642676224
892657511412649984
2551710204
1097586764
220259519
91965828
3405927494
885158711794290688
2160634818
408135239
814402004911091712
2402505734
807192747899846656
882940919162523650
4268948245
75323870
245231764
249807121
39871442
874644256568168448
51749848
831789174520954883
144200498
815434263826931713
872399526367174656
115287073
820133262337024000
859475476816855043
241804512
815951407983562753
599219108
2893980378
191841042
6134882
830675939663216641
24705126
75211535
130424630
783214
1375227014
561335546
15431856
62584402
16932772
604517809
22170500
303808116
3269973817
3271688636
19895282
135421739
2677146006
802119506269270016
1171857924
2341741537
268676434
4053162792
704538913625542656
1890858542
154732444
47312213
4271481736
2886938665
2812504813
546089498
2441945086
2761528951
2503573739
119392623
2707179805
51206454
398067478
914129761
227548128
488153372
3172520149
143327797
737251579598757888
492896661
755034605971906561
2884752206
599302446
3018609841
1121929454
200757023
946409803
239022657
722013645379629056
941914795
2937200397
737583593245937664
864130256105549828
155182535
1937140903
3308612978
769512996326572034
816128650752000000
907473012
60843563
2157479071
115597287
799701456
2501167224
928153625930612736
1043752537147338752
789404605201297409
1625000610
2560705201
1083018404
4536374474
3228079334
1404130782
3172649048
1309572158
138712644
2915766836
2674094918
3234941616
3251102181
2737035656
3235860582
2589823158
1518769957
121993892
3302215560
2873474551
426773877
336019100
161658583
340468662
1006929799154159616
