1568960600
55259925
750344739430555648
3016632889
378259736
784397947374964736
944345845
870624944152903680
25728193
14430086
177368968
773195782119763968
537816468
423959288
2903144498
2530231530
134198093
2298053887
4898516437
566700411
477320536
1474911270
427829087
783783461484101632
14948056
260999028
905605831529398272
834770064
3249429474
847126760462467073
1717335199
1434698610
409669895
23665730
1541028410
778642274586472449
323730596
3267756746
2291383152
632878739
19740854
2885294065
2722271499
2835863040
95776405
2436496561
399203421
2469810066
110877640
21201941
113147075
416496956
21156033
2317351705
24236494
14724533
1177223420
2525618905
17363477
339479114
130255187
807865098
198263889
2478996872
212779432
836859373
20370923
1488567992
37288362
365868746
556560688
555334372
2420971668
35262381
414239929
522623917
2198013055
262335081
470900420
539443368
1723418250
2198110993
2223344190
1339746620
18541756
23477240
1004927923
217324950
37568811
266850341
1485891990
2175216734
430845314
193382572
1952325630
274627992
64343493
316688308
74634814
517031853
85645084
1339384021
216731681
435088156
242181358
1342990099
430884527
1270485637
1340098236
1429455638
1488428790
818358816
435098277
1149361105
261473965
1054028995
1849125566
1589020122
25365410
872626350
42922274
14378113
215505560
18396706
111374525
427578520
14062221
48391344
233364902
16303106
190960735
197134859
961695710
92994629
14476694
462687824
338333712
47371933
634025606
77223680
95213751
92602015
418960671
230362399
148869627
128884885
66119059
