4295712080
839649235956076544
986297253701804033
1084187065
229568909
1023203915062554624
66987535
996928780366041088
863972252840116224
378259736
3497106134
3120958009
817989318
384532105
252794509
37935680
47645083
25728193
2548586492
515946434
937382881
858595101534236672
789548483749347329
40477907
2217401528
836531154
224244250
3061881732
3072013016
3110183450
2233788032
3105515123
1018962877
970709190573371392
2341028527
780538171830378497
962503909
944345845
1149942961
34635455
715562647169708033
3762751817
920766135435489280
544818316
1678550924
3272451930
425140798
80030500
20729576
14260960
770066750
18999854
20606805
72339761
21110041
308556440
275207889
365637008
286871717
389174654
122953849
281742276
427403526
269936823
394256353
14635945
35087487
411988199
24992315
