828727852765937665
1149942961
378259736
750344739430555648
2613485677
1129555466323804160
144396811
904873013669126145
819636030668152833
335534204
82142715
69349513
882309999543889920
21966695
319237428
28112362
274213069
80053171
3226743259
2733320850
21408389
250271525
102123838
800983787945357312
851985789072408576
782018153207431168
77019103
34169085
565866811
774237160434130944
460737707
3682860854
926555191649775621
1031732387951128576
2689586348
160229193
2471373067
1607178181
508913866
16030009
1635862676
870715082061168640
941829517273944064
781982295863484456
971930589946368001
1891806212
22898904
195796646
460544873
2987878660
16047950
55259925
229189361
398323499
48294321
473493882
45668062
454237315
1066039361332948992
41204222
3385447515
2392236397
2375905069
18864575
3624183141
1062061675396837376
27492497
18306921
2548586492
429100549
113118840
888987432
1924050589
13393052
20563568
908041305581871105
8129472
19784047
72875264
309223430
3016632889
3096865030
2466123505
332967893
980046830
3224063257
313140358
118689933
604416116
15521075
38630406
1563446664
829388411920326658
39159473
31482567
17487196
15763558
982399626
755113
138203134
159386939
794209476404514818
2822561679
171482541
1559316768
832254571053473792
1007166432138924032
1008834310114177024
743101194600624129
1012164027085148165
109456108
26737290
745737728633933824
16700766
3289457123
965266179836252161
19636959
2343705248
398244481
31559098
1275136292
76997832
42651647
2313913435
17837184
205272216
864521910088069120
346276932
15811542
2851146208
889315922
64837938
14276909
2796355197
1194962714
2367508597
24024778
3186878430
815899628
14869615
1061897094
14503673
68064142
468010668
399575985
41989535
83637011
373617611
353871082
755343881370210304
66590132
17797344
60911235
69860015
2197906434
2799879038
1170012108
974004150
2838221801
1769551
810590628727914496
179713183
764261734135767040
65416742
562188508
89724329
22162854
6794502
534473980
24728343
415767953
795017891515138048
30864069
723239605823107072
783366686833606656
22946355
216776631
14764240
766020211355054080
626188959
274572873
67324224
185712356
30220358
2822374006
109583667
2467046671
720832826
3319573329
2586215486
4747243594
4851726839
766285586776911872
2227560134
65212354
1606590043
310419008
28846767
105794630
21662965
39228633
278215884
728947876836089856
98561160
399215286
36743910
1604931252
16949344
293213626
6539592
15485441
19777398
2860705335
35857899
32436402
60504530
4821458002
40870472
191232732
19798107
715707170562531328
22958179
2959111186
3293215216
18694861
1947301
708302191803699200
2916305152
970207298
3121227692
29442313
449967021
35870506
449981677
19870859
19082879
8646512
57241134
378286452
13964502
40744725
21135496
22733967
417563899
397867626
30111876
59397009
79331974
15328881
2257813238
1402438602
3070341609
991601154
3903006143
568554172
2352995185
27368199
182161200
146099195
49114382
252226927
25056239
63216199
2544135404
262733510
150662638
2296925322
307558782
20609518
50576948
19571916
2924841524
144212216
3225483736
347639930
324312012
17020841
58817216
790184642
124036547
165316779
2680649437
98459510
123324357
76239482
14717311
16165168
56008552
17773720
5360012
2429643770
57435443
243808643
268391554
3291928678
175490878
2916106794
2777009124
3384641543
1335605628
196837272
14484418
22540123
22438996
2207802744
3215303609
24514461
3142075631
152747558
3068066516
256203071
730991888
35761220
27013292
16303106
158414847
316389142
2317351705
863792935
163091884
762271082
246589200
473902086
1285002510
21445545
43412733
29738476
31880180
20729031
3164385110
6753582
1532621624
1499358079
17026041
67538028
2444323148
262375385
302115089
1848261632
62345910
15047518
2668293716
2735596821
1157410220
25062513
15724253
413620029
38981543
207435198
3261819142
1004624610
498227427
808264910
2331142832
137883860
194132774
59186725
17494918
19968812
14095052
106863403
50292966
83757924
2976695987
25243066
222240382
74506358
17137628
309978842
120153772
20741481
2468568054
96189369
14212226
2342603128
14213226
34981357
43567483
254768478
575935092
519100950
541230443
14592008
175078803
9256422
2237888857
102148991
2298498812
249951199
7235292
41209663
634255790
387332001
250991188
2432437746
1686691928
2165411305
19149491
25704351
1861327303
170318438
409442354
2553151
2565625076
2827665448
15146463
2485540064
2350845390
482495721
43724572
329761108
26816440
284287181
831957252
34002780
35773039
78361556
85694915
7714622
2500199479
5695632
108654496
14154231
29906519
19397785
435415938
574060869
43179013
14629262
377413346
496552761
955048314
78336215
28618036
838982101
1044771
14289835
14133964
335972576
241056520
27793335
98373743
1618897561
34113439
1339922203
3122941787
14469074
972651
17876466
507205915
85842885
145558858
15950681
14296273
515929548
22772972
1446597751
523728818
2366151841
842279588
19562228
1694040764
154045477
237845487
15300520
23111119
528187414
2733550732
19656616
2854037512
273605086
80884719
64315228
561287487
1637048450
154189407
2450611616
304577251
377781415
629558842
55355654
280137736
2203738687
1589223883
202695439
557395600
418074693
236696328
24014317
483284247
299748809
36950455
96922874
2745879187
23966894
30000912
592182458
25393674
415805905
13638892
27648752
154276098
14207128
397636758
24539231
162890663
83889785
16016427
12133382
5392522
186160218
14075928
402815957
270717810
257664900
140079968
371883374
561547330
33416753
2730259296
294948776
16426177
224244250
26506551
52496060
29442355
821941410
458674855
6482532
50074068
22986148
77314692
111216929
16498923
225941523
19608297
28917754
39299241
28944041
614074554
40129986
22498322
2444534352
342911449
56768257
540812894
1183470055
44381051
53435454
18846918
15862680
97079073
2295390354
1452502411
213295930
596893898
2884116093
65698096
118453271
17599264
312723690
318785481
235295054
31335156
110859134
81699733
33522725
2987516481
13259932
16153562
22459342
14055301
110698631
620086556
22493750
33933259
14159148
69231187
18213483
430974999
15485304
128961883
74771883
376436325
299108360
1476318108
2507785813
1864368132
100396728
2983135294
171690009
112317404
17445739
384940104
19982260
603949409
18091706
186686749
19605981
16935292
125194639
1519338979
19395631
16614348
18502254
16581734
787623715
532573662
473033627
774090876
1975198256
205098682
32636767
20308158
70224416
21752465
254903523
1716408620
231804235
285681923
3459051
889900874
11695472
1624047055
23967554
17781673
365133469
24112803
114807372
627581693
18027434
32486097
52404889
18543419
21341094
83625835
485065822
35013035
157866483
921618422
243273429
412349700
26091590
17658635
10074902
377518362
46435965
236600800
194425811
17427842
106747111
91159691
19494371
78689785
74307325
65906499
113833720
112775377
43492105
59868227
17140551
419218243
763912609
1601550727
33829414
268117600
97724508
325675133
537660856
1233889045
345441998
33253377
1606618153
911415086
90937041
404471952
253720143
210134038
63524788
954696030
2209321392
2463422150
169062063
1375445971
15588657
18710600
167912446
26129571
130365207
202367186
259563620
30725767
269935803
16703461
46519992
35361443
15174710
1365612205
634348587
549411963
47751349
18152669
61766785
16413817
852039852
304831465
14738561
2214026672
17869267
12524522
1279354572
189376144
14090321
44783853
13787352
6519522
226779929
14592723
39250316
22019881
22752559
41866944
22708797
20436059
15134240
8082302
621543
270641898
2763411309
15587500
14499829
6450322
27922157
38531995
17002395
