1063105109725511680
155483848
169037455
3075051995
436998967
468811142
1022397780910919680
964234040491593729
762243782779760640
2480374538
1937285347
1277282522
14804570
175853733
1000644846745505792
428390998
907219466328711168
3242519225
801754502772781056
599613599
15996457
3972271816
378960243
992879027110100992
760178605162958849
2818120866
33168509
1603260882
1433415727
720261641321840641
2902862452
1124239855628836865
836077760674066432
378259736
232181207
737920800745984000
633082895
130531873
2255119310
823920286634508293
326049202
3041801227
3096865030
268480428
306226848
1930241232
56310176
791567185156120576
980052164893650944
120236641
409850608
1007573188069425152
22735454
534967401
2339004069
39364684
1058150164983173121
406989062
726372601
2728819065
709377566923231232
460945172
3629231056
78298637
3960654267
55259925
101856523
1729929350
913895731
726672061
30494074
170514314
392350277
718888154
3235941790
3491090542
49784308
1057286349139644417
1002942932394151936
22768288
131159582
960695647
20667161
3514076775
843071115312488452
995732605
312283339
704931810216644609
700639308
711515227825840130
1039577318
626500968
1010989126231953415
961629129236996098
748091822
410059729
984388106223804416
3048144280
561999831
21756446
48372552
824941047193227266
788333304491700224
62897073
244610268
2789932468
922026580771295232
409859389
28094880
782977510942343168
498213483
914802609223094272
1339776601
332360644
392294948
1470787196
143212610
79730012
2873822342
15133808
31756041
1114522266
80802900
1133796313
868767551962181632
2583933864
373827956
705636010277769216
2222095092
19914724
805156765717458948
4306470088
214679589
14700258
44658017
1290765403
2903685759
706555469175853056
49674663
1409936599
3993265277
137717878
89937612
23762221
116459535
2451297626
1057491218
173849332
421737423
3246209901
898389314
474320282
2890619063
231541115
2466123505
20372616
2909098893
1350170785
245739696
45837004
399571554
280430263
143417898
2613308108
2964755319
515946434
1006956313
322842522
2890807715
2330560502
405695447
576273714
246153431
335161630
167912446
62075264
501705472
405670671
57766616
946036297
67353553
611952235
19622050
468467774
2310010477
337877861
30943082
2372436601
2572829789
19453808
865119624
2308222658
2476745906
402672255
67333343
126591802
193237254
89975589
20159794
40556788
508842553
