321040763
2433020508
1486740432
993913676850782208
4910712159
116565973
141991931
2756460502
74287341
28840059
772396639
1057425507090948096
774433951737901056
2763264732
766387657
793750172853530624
838887334410092546
1062044064424460288
1947399120
415822027
220675687
747647379583680512
14243008
174847568
378259736
4824963021
1194843936
783796489663361024
2553075912
184230763
710300755
1887874465
20315513
713862214650867712
3070386906
1529899170
15461733
11348282
1173300986
2864057775
189976393
2405386718
51081938
3215234979
286505380
20523846
4591930634
577401044
1158468355
1029142980
614754689
406777373
2774480738
2715196501
522336567
2920907574
356434205
2865132364
125096148
357029113
773170279
1579422614
470627515
22856278
51092685
585126962
513917514
383736539
14222536
114174919
331208049
2257277306
834161178
2242911296
1710737646
613893013
221486800
1669721077
2236428926
1468571624
252709160
1035609092
93037975
625714705
556604223
1915534530
430322931
1388258588
2157394194
508264625
1345702333
21447363
1938270146
454385435
282288426
569335324
552025874
75916180
197264075
605955250
460703687
485219272
408076097
146212505
973286023
1665350636
574057854
295378370
786196980
21362105
26604704
555261968
445078743
421578976
1271017638
1230131646
406756874
551026972
380714122
1458729548
737153304
74305421
1428487676
264996718
756028592
50201308
289105072
1069394546
474725847
62343609
305960371
619354618
517787898
797528929
1002720151
340600971
358571423
883752330
736046372
351176947
919165476
327807822
915202652
760928006
586154202
770773849
481665568
411062196
861614635
533698719
582348472
418183700
516939458
222970566
533698840
609612271
528915545
555223671
449148502
484429991
277782138
451781314
66699013
399681013
491067126
