861978654586228737
572920649
351566257
522348586
1089957865
735221894853591040
788884679197880320
1075164280054403072
2923130370
352231718
41582030
110203538
2827699533
400703363
34900333
1150456732281430016
1149775654231011328
3180426910
359207891
31382253
20585360
1091081954622140416
1110074768215236609
52544275
56791988
581798418
1569057342
898190294335840258
29967340
378259736
28318202
30835371
44992488
1271878585
923091217
4009593327
593992185
381187236
306248648
817656888
920717249765355520
20521828
28216411
44172817
326128321
16375608
4339258096
1014627811
205195655
625489039
398826308
1360557012
282980773
2280353497
1113414721229791232
137703483
247426491
403163083
2964650969
1094620491892080640
924406238124769280
2957546004
40499738
1007624123630149632
1055000251571015686
901622635
999337442338582528
981225820596424705
1973062699
19115174
205838503
263527950
2813752458
953411137382567936
141991931
2197365898
3826737269
61408211
127984917
15764644
988920586750619649
183715566
936626531589349376
778646788878245888
877175761400213504
2864430993
3224063257
85019403
707433649
1076095088793669639
194037551
959343862710964224
2844569713
3001243744
1530771949
523105907
1510992662
16873367
839095915847745538
20769532
3334224263
754937215302631424
52889950
87657092
87706747
87657446
87656389
68432620
738304293313359872
714800142000455680
1041493806569279488
58752106
327262735
781207033227849728
14260960
2603293424
2844389758
808905783668801536
358629389
709438451633037312
2295576116
2412290209
623907484
1044075412702191617
1004070549511757825
15521075
1336016779
15357521
962133620
704933158064693248
59114022
33162236
22771961
814392950
2704715387
3323579352
1033504641248419840
2389227352
2748559290
1685767224
301216962
857313994360725504
2774242022
279543718
806876877541416962
582682214
1166029573
2240363107
1288574072
91610009
1008811677545005064
1026736256
306653026
348132088
781031412975665157
302412035
109146991
972510432484356097
1977800318
3396881458
770702067233161217
737261036114448384
3126979745
203714426
229847733
2534906840
71594919
981645282894143489
302769804
2987156301
869959916
946664546
823983228432355328
198624222
937260833956130816
1726111501
910410463359438850
25073877
28918647
220675687
2432088217
25028748
295313687
2165635607
36330801
124381436
89672048
252613727
1297815090
46101140
220981466
604633893
449940031
280374183
63532749
61519030
62824322
969913752
1402680631
259910731
3005912009
1657726344
475785343
1732242578
134211526
3046606816
146028214
95165282
314217400
2159102790
51847013
117436372
267120641
2848931345
887671400
117338386
384204922
2601196143
1469896718
1904751469
479973667
14542434
51055638
16735210
189506833
14697575
91055281
738135098
44310665
19402518
