208628376
887648194603212800
28815097
1149714058729459712
3253702029
2409648590
501705472
378259736
112317404
1149942961
3016632889
750344739430555648
55259925
2704715387
123401019
772996632178626560
1154876573516017667
1072649206492487680
432745197
20476450
24252027
2233154425
208406982
1462046809
1090353034239053824
18020612
254044495
798932458062434304
595245502
868700782371233792
1146111754151370752
939276522426380288
932244354
1105978179850780672
802224087225532416
214582995
981089652261171200
1011679992827338754
95539262
1117764900691034112
1138035753668292608
724951682510114818
1140443318020530176
1109971498964537345
2987147081
286429803
2430204001
901052752775835648
992811076763963392
854731573182312449
1001365402335760385
1311431
599390571
1066638534
1136666753084338177
1135822944708562945
3745489995
1126627279
1033110550425870341
1033517188928471041
2879399915
3429832145
1093263819063918593
1126517905053581312
611124649
844888072957374464
25728193
976450580855099393
1886223925
2959968037
1001827004952535040
1021513370430779394
889460275216338945
1100143237065510912
3670965041
1028716362485641216
1123537466806407168
1102870604401790977
1107633174077759488
132615314
783792992
920632309367410689
588770591
274723066
699830713118433280
3342291731
1110560330776752129
728468990641639424
540742840
1519997904
3931840509
1100342829472043008
4103956817
1179913549
2444130598
214555956
875337996979064832
1732534783
707877153724092416
783621388728950785
312635492
895284628117958657
814824506
1653897024
1038796494629953536
3311177367
30117983
1154430229
871468753
173545831
115707613
1101428311601963009
445586377
967878928017838081
14668563
801549353227841536
1068850525393903618
873354811
1018529582503219200
3400067565
2570624584
351533258
438729858
3342493186
2831336519
314700035
867335443129540611
926118347074428928
881452920771891200
856864272307150849
149978325
755577989383925761
181945481
4592799508
1092447352462495744
994160217050009601
579940140
18831958
3097043639
4504575808
56712678
1087057297820520449
729954196242505733
805512546933415937
1067800852298194945
1285922191
4080062541
745627381105307649
948278043445006338
793839600045133824
4704913774
3969348747
1026442021861568513
788319925366624256
1072430245234532352
73616209
102764754
138203134
162038703
53620718
30395567
89674207
259859342
243723458
2563156844
289651382
2523383348
152666970
1456040299
837283275458629632
1394881153
779663237642158080
1052990834281521152
956224344476274688
1056559019811311617
3730727661
2290388396
147963632
855024676048949248
1008747598650511360
969934280058130433
1026737092611567616
2435509679
1044903490194198529
737242362863362048
65399201
946159921527246849
1027454458186424320
4014924015
788780731036266496
1109674706
2154486266
3840387132
65607154
131914189
944108246247329792
4382400921
1155529134
3575267661
988838984
994950385650556929
264129295
981034132082917376
993750886026530816
998672725177708545
1572280622
67885366
1516108278
777979413837254656
868554679239811078
983600511835402240
989126882380648448
775378013051580416
937961012774481920
3448024636
880191564206747649
2503494842
3339559355
627980337
860675413
322373965
963816641317560322
1058114562
735367230318350336
20506953
727434111040651264
966004916199321600
791910078987194369
223144852
36166068
21589783
300413517
19190626
120867457
4152587667
26969345
730351009881575424
914263049233604608
47611635
4120752795
2908841007
2923914401
939559274375794688
4127095223
750783480280342528
948123794803183616
702853537361952768
28888019
21187512
759068652
877631246548869122
10247252
192511759
917016474409193472
935084621955588096
2990609868
4008799216
934464399011663872
839879207580758018
14987172
370258371
378967995
818956362067677190
2155436971
2155488151
1466651178
14858158
14708065
1429810189
910521816590032896
4854573447
375063723
846466543865249794
2336866657
741185730605682688
922830174621663232
208527185
209606659
554648712
844837510194749440
908367204
322601789
3300369237
899621801294258176
4830166996
1670105485
901819080587522049
859331154
4706169975
2753663966
727137983011426305
879727921245687809
34247411
355732414
542591693
2239897040
102653105
2861734654
847851963773460481
2882979183
14819353
4406381
21654801
21941633
29932841
46130207
47622108
54986585
58333207
104894644
146777237
183554186
239020865
365170269
407276828
415494767
517391587
548932152
574789569
765561162
1245567912
1315439827
3201055277
3299191719
700432586720595969
706173880797306880
830200102904004608
17695896
3221374863
46410209
3420716327
213575812
265582167
3326810465
2338570820
826003231
865346401
425217198
25832593
992977134
123206779
3131243261
3157888318
780577728915312640
23602600
709075533976477696
637087464
724899663992750080
1018962877
70499835
202084997
521671084
66680000
3165886841
137717878
2757048200
340212738
3312317120
750286186392977409
20133643
186058003
166216665
22752860
39745074
322550592
282014422
2784886983
1340034781
4263150334
50054433
3889311328
3411306111
3012363543
3140441146
3321242475
31476265
4098720075
355445976
40028364
379208297
1488168234
40234732
586413552
74695730
368021013
16897352
499098441
1111051800
245362507
594728797
740205954
243670251
