378259736
4164885320
1050386778710888448
858595101534236672
262278693
27729216
780573464776151040
755419184331235329
2370921800
633483092
3581748374
128755259
921575047399030784
3096865030
19453808
21429949
116459535
2217401528
558615340
2873089337
2680253754
1310390370
1430978690
1217135732
2569285382
937757616796774400
3344756735
2420728195
135316691
109298652
28583197
803798250163761152
913895731
859192652910166017
1726618986
291832017
969725889402384384
53297035
3189379783
78603268
311454817
910928810060677122
15174710
1433440226
899564781669163008
730011900877082624
565866811
973840117
465502339
200989336
2762177785
2964899319
2749223617
1140811723
41643844
546065959
241215352
808201159
170514314
1019428795348967424
787682006146646020
3318422024
563927284
751835776212733952
739227198
718917980
399201103
82022831
2584043826
456960472
384604410
560565468
627841274
3195806999
297514212
186536731
190651901
895672661354741762
884546290960539648
785460638671773696
512054069
330059505
765963262794031108
917369648135462913
474356257
3198029793
279185178
2466438258
194660695
2369403948
481387845
3297971378
2305542102
209116496
1548753668
879010003
741134623
1597183752
100124807
257068777
726564347472912384
16382372
35275287
3960654267
901732499440766977
2162548866
42646960
3198998759
3240450963
41626393
2993191366
138845026
411607888
940836710216273920
2599562040
57763444
10751402
132225222
37717107
3899439159
24219192
41461173
15291876
41621787
22314062
33909155
2838118517
246352166
488040421
222336970
25127355
91137301
73444381
120165462
27151668
48715988
112775879
3355281
15282064
14062554
27295244
95972239
312840253
414299987
182886164
277489028
84647117
23964665
29422309
22181253
52822839
39266756
57086029
34648965
23272561
22171612
35011605
63746842
2203225459
58543236
1011974812380606464
87719246
38376214
2798659231
6482532
152003835
2458329361
50074068
16033375
17357118
4444435515
3102627676
218011110
2926223600
858477402758025216
889186147037048833
309932950
113046300
2876728443
168893362
520577395
1910992268
1238927466
2709769934
718336627
730190820
182353496
244933378
260971119
22784904
201496141
2697831264
2338701809
64941438
1965656870
2352351644
793161969385758720
711600778625085441
3300698326
3304674655
3236587254
3166501649
45060005
213781898
104246980
204772148
141378377
23999515
18848096
305862018
17372405
4876659982
938855145592336384
36443984
455137360
868597399
1722699913
796479159404990465
849639055734321152
36162240
2924211636
149180925
5601642
2546518086
2319108198
3708472336
866661659456262144
17911562
58913244
197295463
751173499826409474
757975895835545600
19846098
3784214363
2527391065
2890619063
2370580680
322842522
1563349772
2745084871
3346555161
4878021586
89975589
4880810369
308511976
865119624
2929205229
946036297
1729929350
87004405
569130639
22247127
2787052335
193237254
260627938
30725767
2574405687
41571200
20159794
226779929
99092207
213337079
470361918
980509838
344313289
562048640
67333343
907738862
278072553
252614250
2446059134
26755188
322039742
2218039537
2219966642
2797989334
1922178018
2510153426
3166065149
771039924
2838151175
532689016
61618315
414956737
210906768
98067602
257911121
391523247
424102241
258004768
3315131982
130535553
4825054017
48491083
3662970134
17400764
3293468276
78640043
425397466
124276385
794480772
139527185
376570041
192004302
62413270
384745292
22150308
287426906
210238865
256301157
259563620
269935803
417687026
3903172220
39613736
50430747
97246193
613915229
71292414
95579023
310401451
2337902828
14500190
289427962
106220389
764297167456436224
3698790379
152004262
435302260
2584724538
31496613
559069399
726672061
1244345905
2828086644
178815147
2543832325
435144999
68901673
95054099
55319806
3099498155
3305994116
76065518
98737609
33971020
151916759
846431918
15440046
619398213
185828903
429319225
3315324199
27157593
16212749
31236111
48238515
151074815
1434164370
173849332
246153431
2839524145
1901663239
17093617
20536157
355342969
120246693
14750177
16949344
54664757
94682674
44196397
16242081
168857946
5943622
28618231
183749519
113130846
1605
750403019745824772
17926257
45873694
29758493
69662815
91222570
48801319
21789095
104614891
1042830355
3292010325
540985202
2326203014
3657147557
3952923201
392350277
3074145597
15389249
1146057882
16467958
38604319
233336165
616950536
23898574
19916680
1956381
249280293
4856202066
3695698094
836531154
11253262
217684514
3996504555
22206208
14206711
190249840
29730065
161536440
18708066
15166459
2473821354
472993981
599279600
3017212225
3301298368
19491410
75113288
91440013
294155891
176376005
399332730
573799805
4210318815
61841955
2834290367
2316770858
17719778
44162011
116313988
101856523
26267463
16423109
1536529304
335555455
16348549
123908935
2927942882
2840687505
634787200
414845641
27895922
228775066
242695547
2715029887
1624732933
974627786
8276112
1314843534
161372707
268442948
290134553
12680112
1522468057
21304166
739113690
18938912
2147978706
47433601
428750186
217523838
17487646
25145734
14397750
312938140
2746659518
338930010
102230926
866513982
2839587982
2163082459
3323836943
15255546
351298837
120203375
68784803
188413838
29949762
52440296
26011560
107546283
3022846357
42881227
3166001132
3252802985
15480686
788524
16343974
139832064
16973333
87818409
2458714164
44138534
160534735
75069067
49686679
44763075
1384403300
612473
2458567464
5402612
742143
970207298
426909329
2466123505
1536791610
1339835893
29442313
216776631
550306976
69279164
2598472190
1321016070
111556871
55259925
2455933854
189321763
2492589402
15973418
15629514
273937489
26478467
125318586
28547994
42612604
3189236347
39231672
31407388
23094795
17342225
1553310020
3578284939
393261047
111754887
3145371488
85025700
299421853
2749040990
3108351
91478624
19407053
407952593
29164601
4880295083
16896485
4912528542
16193982
14632640
4828189528
131292971
1877286343
174072012
16892009
165542794
3241832133
4871093115
29442355
415070526
821941410
224244250
1006956313
59769395
68987936
2903665847
76966092
143300870
16648790
633799759
4656577595
3064645238
54365543
460485003
113560280
255735648
2805829147
44092859
100376432
143519854
984853441
397469574
3776052618
2183729299
4350846275
948135854
2352367795
789536568
3881954423
305112041
18683406
2259317311
562188508
1915465831
14619361
24739863
252111723
431858452
233702263
44918155
6653022
118796524
1413122594
4811838916
451065610
18323191
48569578
293676614
20179628
2804805014
195738329
185782746
2745692126
836283571
2855047214
2871094552
16264003
23711785
284287181
3292030347
29199444
23920722
4455058572
182910273
58636516
20613514
34708125
1286564700
41204222
385621302
20191140
122436018
2223451512
129054853
140577415
4484915903
14225417
15383592
48032694
308988200
262792955
240134362
33934492
4033034741
27993589
18775850
15842160
19402069
12414552
2765092416
3152217987
2693514668
3553373595
130365207
1330457336
3097337485
3562627032
266728701
4003878135
4188976462
3582242420
4727102054
37308153
2454422701
169944507
314111713
16518360
166315104
16014840
44491851
22756947
14410280
1281026544
213466282
15780933
153149305
2351072084
515946434
2359877677
68713673
299223315
82142715
24029439
462379516
67357742
295792623
280521601
36639482
520939515
476105457
148064587
459492295
906741056
43401585
1581213048
3319597331
2169356004
385661920
35823317
3301908875
16188518
397462571
3027436439
2749397745
383576705
3113147415
2989180464
2592146756
2338848498
552747499
2162437015
15987188
1514857122
3064857862
18486746
41599396
2914187891
722291904
38489678
16743297
741047964
25950355
26903206
264121073
404819771
27013292
2242578614
97973688
606325697
544389588
1545915336
125403342
20629893
259372802
107258201
872386560
368143719
26982121
64862896
15458277
2230485595
115490380
43347781
17789578
70184276
17279778
238257400
63598257
250654541
9655472
23848659
73013209
3015393969
453472708
2422031797
92367751
2908743062
26642006
986141317
545653506
1941101143
3552801
15487499
46116615
5796972
82620796
308663553
472267075
3029945825
2499744140
269333852
19300704
1345100796
1115125538
150787266
18542584
248984297
64110984
741665269
188637445
914726077
20745784
739947126
2783023902
348208270
2858830358
1904342161
19809471
23372163
30275911
18918483
176932593
2281187732
282733951
105297334
3044457871
2544117747
2202124616
1671303114
726975439
2432873714
340957066
2281307263
477549098
1652751114
26077026
11856422
55661656
40258554
16514607
303777686
422963496
260380078
1686691928
21824580
18784113
16581734
34923877
574548455
570148387
2352288997
23961239
14885288
5618162
32062804
18353254
308474238
14141523
39511166
17509945
145298406
22752559
14437864
17629860
30313925
9624742
20437286
41602160
745476127
17837184
67324224
14074515
66732391
44970026
94588784
109290405
18686361
1960914678
119486479
62526719
2317351705
316389142
263334780
140093395
16303106
1093090866
818876014390603776
135265904
759726559
15693493
36719281
158414847
500042487
478757922
28221296
336116660
20015311
38530021
15485441
15846407
106895787
115485051
18948541
58823749
19777398
30364057
26053643
335359701
3012166582
994015987
143908961
34036028
121354982
949630338
20076000
330334765
20272531
11348282
27922157
9109712
92088312
88765418
1344951
16028241
118828764
24236494
258805434
102441923
158396052
600363811
16669075
244150883
26810542
361903576
2308599278
247446447
117434544
44034613
14615871
234844775
43909630
132997374
8539242
217437553
30886468
14856252
49992096
730968738
18774571
15368404
41430696
5988062
14159148
2467791
284710812
435223979
16839086
3087543714
2919651995
114903675
26917370
104293933
17445752
61902439
14275809
21126770
24894213
21226678
14884486
40271841
17369110
28421825
15460048
248795646
5694822
154189407
48289662
33474655
5695032
39585367
18036441
84121002
19425169
54373762
39812424
517651844
25111672
23273409
277571546
122467925
76420529
216070654
33657625
23434446
802687460
156969952
14543569
610026272
813286
14511951
39092982
762234680
1117095763
5392522
635636764
25877987
1267399746
323443983
146502157
1265114413
188844632
57043458
3090138010
68612047
109561584
7235082
24029979
67606189
41623269
424387810
540814895
19796978
13593882
14208617
13299972
12952842
26005689
27902825
25422900
11735652
14989470
1598278406
2650814664
41380057
20186316
816653
63195846
17215802
16541667
2275275439
88836132
1621127264
2869663966
202541199
169497025
2396634794
209623414
17822278
784304
471392838
207188881
2867700930
2908366644
27648752
267171658
803708083
190729674
356955568
2328977556
2693263303
932258994
85680966
188831557
606516491
1019016480
102350304
15457383
70224416
15394037
439779366
116983434
898213045
920190193
26737290
113492585
175313253
19042526
34937814
35002008
202367186
236022435
23615586
257664900
112317404
18710600
40786192
17393790
66367559
15566901
44957814
23967554
14361155
31002593
22516132
55237566
25552666
200226529
17471979
140427956
146569971
158006058
205847300
14293310
208120290
3057191476
1861999736
1717805190
568463163
807095
105242077
15235829
29390651
14282672
53039176
78669790
61853389
13058772
65416742
20436059
14591071
86697288
104576097
67452581
1282354970
29682931
5625972
393039515
190652468
35575942
1727819917
538456752
469632328
245930020
455024343
1193670632
2798555951
2885605949
169665139
211080680
373109838
3057930041
1947789324
3064481199
14711282
15723971
42651647
105328660
11695602
36568789
18213483
194643654
24274948
34889448
14810783
794216287
17137628
19177501
20646711
357648167
4432431
20596281
152866991
19673700
36683668
16834046
138530516
24695651
18033550
136350511
14755492
11695472
161801527
15947602
17899109
16186995
14165865
27830610
14055301
158079127
33933259
50393960
37710752
15492359
22019881
15134240
6450322
25087685
238723870
20235032
54546172
227274254
36623784
169099907
373037685
81505840
22836244
113647310
90748401
30744756
167912446
58829531
16632227
360985915
240409550
14499829
19028916
17002395
19658936
251299645
2892520493
25928253
44783853
22708797
2327761555
6519522
621543
18999585
39250316
248022960
13787352
6794502
18058609
15587500
41866944
14592723
108980974
17918663
16561884
16616061
8984292
1769551
28160998
8082302
18170896
