551112681
52584039
378259736
14824849
2270593045
258896042
406434793
850443109402124288
1339497169
369993105
261711549
353091937
619312063
2591131147
87964610
849911171922747392
156206765
343455102
804643918235242496
204759478
92062087
58745539
546940020
877482637841104896
894198967
474322146
29609364
25567231
149288651
2338986246
223607389
547030159
84251318
2459179035
832946377
48492296
1857619124
95913848
590707856
2150857975
932143837
1626202080
788043232257146882
770242720099074048
180753194
318610775
129858523
321350711
1202091696
128333103
3372404884
145625652
82929093
406445885
336116660
112200058
54654036
1060757389
502071579
263195494
77302753
256144673
59751576
2635796123
368815525
299181505
153403071
1473792660
325103913
333568300
292832515
4286526749
384722064
394538070
4088278173
2870448305
1696834182
3066476209
23587906
762175016
2592693217
873783764
76658472
705185355
58817197
712903191
19030459
100725709
19932110
1018627848
231054185
2445035367
2788509950
304381550
139417500
253122495
371135893
119455055
1201361389
829744729
1067848273
2597738340
794157542
84553193
455707877
488363773
534175893
1546652036
2777859499
1690859750
741299546
398256925
1545064116
94296125
23498005
2534865863
167121984
2174440366
68715593
41056929
2427523997
768287131
54530884
287378088
52423971
23045667
1114640923
92027183
555838488
1452539484
113868201
566634323
910528015
121543262
27248153
494428529
35229364
2280714913
780779580
278194473
141154914
138903590
992789466
338162549
1131662928
156921689
122054978
82840427
470454844
19509652
486821136
306095822
44849274
130783867
1168932686
462653525
978908012
17471979
1201661238
15762650
118681582
202570486
170591249
52551600
321457442
773212728
40642369
415554483
448130180
1017700232
236397830
223433076
304921445
101185024
312542949
262554712
145693277
1103282604
581483024
55528555
179018913
389937769
175458136
783214
26504260
42418198
17449749
16727535
880773882
