624744525
3044877663
1107354568868790272
202333852
1140325412830175232
988553822699229184
81124966
1924228452
1157197645003333632
709979651934961666
2286010009
1021308800144412672
500514511
860158302
724293313
778177103942545409
65634864
1287041862
360484447
717453072646012928
899030756705656832
1145137728813752320
756446287692722180
934475432187125762
1098953111174033408
1049253602
1138851493824618497
890192828898443264
2362679730
1000069114126364672
567835573
891270992647122944
1479412992
1358558832
1617991676
1038364452
2888002922
2275275439
768810730929872897
104011921
345919799
2910350817
83669132
885869106968367105
885851683863093248
10591132
796262406917738496
707047677784154112
276643081
2719100347
742407375295000576
138472482
951124300232306688
1109193493606526976
940949895137067008
919633532464566272
1005564019518951426
2207547690
308517028
1003668554183512064
1039177705852469248
91536228
4742959954
995991042045325312
3029810187
1421557321
740312064481202176
2829660295
940950016436432896
1926856748
3221135170
949106575276498944
1063017020877389824
748902113628000256
24567702
92623968
1456299877
584020987
3942686357
1038742945120378881
1070569164190867457
1074661353569378304
1008809401694740484
3017977001
3786166515
2727515835
3438391115
3016365293
1106445735120257025
1093897304787038209
1091729807795281920
251254317
814639555034787840
973714860717592577
1110845596531859457
780501108146003968
739410563776798721
1352668002
911551294883733504
19843630
124991617
837152073741279232
28434229
463414713
65134016
111331599
1433648094
213012200
2230080559
3240295671
2526900595
2562590438
2980458689
717838981958877184
729631950856720384
790620934684147714
864094977873383424
968925790577483776
2444351
419093586
967936858498854912
928676112481341447
37732219
1615669051
900093353269874688
3085910139
941635882246901761
1092460511415975936
1337180803
868337736
1968860750
3303256084
747778222083932160
760423197904871424
135583203
3334394225
3940026258
895740135073079296
3155681050
2268916306
3471189616
813075463597916161
3377847723
580797552
774978663808897024
2786022136
910620379126943751
1136999347181248512
803967890198294529
2288833020
3050183998
949284996765929472
782029745445675008
1043104800282472448
878426345440768005
859514800010866688
1091724141244362753
1075147024281034753
47393723
4160274844
58312883
532644877
4895066536
1100144821388406784
865633957882109955
2262737075
4805430748
1615121468
1534426626
585949808
833949334282530816
758814674
1086283178505953280
1140364419916029953
2308995876
1134925528740159488
1045159987146776576
2496362888
437866356
2825871623
885490569505591296
2985238359
143007832
857322923870351361
145852991
833375803333283841
1104204583218360321
44992038
1584713468
1355941465
266889634
827819382
32372834
970488066870722561
78248613
772539078302507008
888581826159058944
980498271369035776
783072197904662528
2264960977
3150718575
891277508
833587186930896896
2165131938
853028992596807680
154709452
2410969156
312561126
895331651881926656
1492807728
801492317085368320
892120710667264001
82238919
407208222
303598509
932788300544335872
3231715692
1863848353
744212347519115264
1038699774252343296
2980387427
991777251543793665
957028979789172737
581076102
734373516523515904
757108378921566209
3238442779
3900511336
2314092829
801639537923473408
3594699792
177947929
1007187224192954373
923609191528484864
962132294562496512
1014232844179267585
969266942312878081
728311784449265664
428021075
1246016197
115039678
826663164339064832
362568922
2516897582
22421578
609536491
248169269
209565427
1510472252
803885739482042374
66421943
856774435533148160
1029482831829843970
204035537
496989791
918187368896753666
806878457443401728
1075862385871781888
3309539546
828346639119159296
744959809011728384
259772777
811618555171049472
3309533229
741481992873607169
845619478033522690
829054784262909953
2985073927
736549229783601152
1108505311441227777
1003280338154598400
891231048
110238196
1100570534146789376
859090512661426176
913487766029205504
90791341
1083460980355579910
4459541543
104263149
180317990
1087087134
47983577
491363452
775972765530746880
263407300
36323407
770144443
584828897
15694863
17774791
564859781
107037417
589975555
1705492176
3255912048
719960968613273600
1605178063
113740810
974742575054839808
1113735524295094272
23200724
1062811228672835586
1097879717015969792
162247101
2736239400
916760950895673345
20191274
2813821039
1079784157012729857
1123755671068073985
875276954336989184
927829931979169797
303339927
1122240453632458753
136943703
828434528226078720
2731401072
2842593627
2885784456
92051144
61695176
311564912
1914236826
25918006
412240503
1437690446
183548902
3197587503
755190012
3431582176
3288867576
2590470936
22026697
3050407790
3656861420
17563527
859573288535638016
2535213954
701685637
2335798795
100068931
242328548
2989556429
962314174192930817
17935173
771350460661989376
3802051456
123922509
3290647564
64319270
1069653845901524992
325719227
754985661363589120
839550468850348037
411012219
1388387335
260942150
43213031
786969999630016512
3335762136
1050690048444719104
721947162
858595101534236672
1149942961
763331849842069504
27743329
1644741619
722709051956727809
937640882219646978
2467226497
41794684
3244684660
219295651
23932994
2903790459
732638475229507584
808722647509037056
4171681932
902445271468171265
831821306819706881
636192524
759184088
56205410
2230791512
2435175219
308096812
2842522948
730817319639912448
842695547584692225
439530232
158860937
556986491
1075309578831699968
163884242
3412746454
2575828561
44678408
3064018505
15763818
112838571
123913517
113410142
183626997
3130845425
3383275660
96102210
229192682
210469162
2841140308
1213283748
908131683521617920
4831192811
296924961
958607996543643648
1101416677873500160
2856062790
932976890725453824
783677968963014656
2617917961
833121782660005890
783047162586365952
780596449
1092268705994526720
1008959024811765761
2599385011
37703511
2845718307
23129668
976209884050997248
2353647894
3072013016
3016135655
702991595482832896
2801094049
799124998409420801
3153837282
20198534
3131025791
833376066966167552
1024855043500064769
123582098
111584424
19344270
165551457
1921380482
2412817806
78970944
970207298
4874471301
743842368152043520
28912478
1922973744
186480906
3862027438
563421537
1104023248063348738
4295069962
3254762289
955838339168587776
468828910
864928799603011591
4714616962
251816546
1082415893144064000
1098496836
208209869
443734314
412332890
144239754
429806799
221580114
3166205987
1261694516
27320089
1513221576
781767753262706688
74724779
1704312426
202968431
3317340592
562100356
636493935
1873706053
378259736
2569068973
67003972
1382326706
996492162786349056
2990169645
64805013
983342353384697857
4928066464
2647522568
3182139860
965615323381723137
407986547
1047829420625592321
15171555
45201127
118437554
2772965208
836447097494745088
195947342
4481761697
1061915595728474113
702848082
3043347184
3406995603
1104522234
706838170759991296
15890585
810946097468338176
388345704
148404776
743818177298169857
10209662
27046750
303465665
869077355653890048
755306597124042752
923515587237642240
3105490491
827086228805779456
907669547657908224
2279423491
3003300627
829603779519594497
1065728722291093506
2530377914
820766680980848640
49270737
618966574
4389343096
836364800267534336
611711047
466626618
2883988803
1401904260
1126542810
707433649
3178422459
2396799331
316832974
271684045
47872545
4166670400
238130907
948202326384365568
2343868746
166865652
4849256428
245855377
3340551119
891967639832190976
1084894840880590848
855273848836546560
37401619
358663103
2266145328
15546879
424571427
297461338
4217502034
1020390553094172672
123656423
1449797970
821043435713024001
1052943607248896001
331583882
18585425
78962458
352979983
2627875798
705329711568855040
104266865
2572541977
2445159337
815177160
3047555198
3034214643
777982258082906113
768404342
910906101696204800
4582598836
258581867
1948935782
212416036
3577912287
4689971756
460927732
563954898
545362698
895079258
697471352761094144
1062007773284761601
226727570
769428806
1673837552
1576769574
620976649
476943325
2828796622
1042764779545415680
72114198
1721075600
101798589
708244146104967168
758030080098574337
910094054
786885754827988992
69699044
1160485554
488137549
949351035713327104
869270667543412736
3082141778
2905079001
825842958989537280
1568891582
1901639738
1123200496058155009
598086865
780512516615053312
2628704402
826880755972374528
15658904
118690641
569423891
1124327618151686145
2999698276
3290964118
248811247
2883823282
3032332497
88457086
607292914
32378628
1312367672
2935832674
3061278239
2608528051
986185758
1116663784385515520
871752513741094912
777578820102713345
953076807061950464
26985345
916285282345017346
949623888983584768
3396895389
800717187023413248
224568664
21511032
608254360
750724296138452992
16174686
2373950070
1554555565
4200716788
821843263443308545
1040271764738252801
237041318
87715935
277478106
1201801500
16403943
23184591
420574055
87188515
19902709
1706990904
4928283742
916744939840688128
991785409507192832
3316957923
1023115259958177792
170157119
23354820
895026516496703490
811002282707972097
2887436321
880949892037963776
16513349
878211781902073856
1065311374547537920
731528174836850688
175150751
2893477011
3061255931
3242072481
937615164320440320
127097445
2786669582
138203134
372536101
52392666
206255645
887677529196285952
2915863251
1704035064
2974862175
236069312
380816062
561422796
970670230262501376
228586748
182988588
779683524852977665
367230333
301684107
948191302071586817
702785870710095872
22926051
325554151
611918291
998592797384028160
817178754
103198307
13850422
9300262
14434063
111019811
835435902
1427640787
21166230
28628202
3385855072
343670280
906316307771088896
51461679
1648053337
847818766838792192
2247087641
473089502
44199504
810631118345138180
748229398520791040
19837528
1284199292
2238233438
34222024
3191140198
15862891
111305843
487833518
1372189993
397202905
1164158197
20862478
730876878098182145
22812734
69907047
61183568
3817401
21534951
186667011
211994193
23332846
30970039
93069110
17436250
400344850
61734492
2467791
150334831
19185333
51263592
807095
