68765178
233609943
378259736
95579023
100376432
193237254
741134623
64941438
246939630
116313988
439779366
995732605
786111619076096000
16543934
973934621413945345
962788082
970707618
377609596
1064595993222615040
1071027804
1013399942
137843672
231510077
226222147
19682187
2209742392
34169085
729411396388179968
284944250
29675916
28665877
2466833378
133448051
163755960
16017159
3415423175
3994919662
3057167124
78194111
65180410
923305740
16366972
4017272900
604727532
16347115
820385893
1610688156
1915033663
466519303
3575640314
3944570420
704125022
222130317
221058363
2612248429
198537179
472587261
475780342
4350911414
4017596295
738883633122029568
2740821001
18320938
783792992
4834480307
1128557532
1016759727185891328
144396811
2613485677
836531154
935320648708231168
284287181
207952026
993878881
781982295863484456
364906795
974702003828948993
967027984426242053
427505253
965266179836252161
755113
15663169
47412141
764413795
764395134
342863309
26008338
4099171
3321017075
50310311
15443890
69509845
2328026232
4517565515
16298441
89560236
183403584
393588826
429227921
813929797
7334402
4147563194
2815375016
1022575790
88996071
820253692184010753
170897911
68752979
1634248890
863320472641044481
813554157097459714
326756275
4207961
256203071
300228259
730991888
923918428792152064
16431751
301094538
16522350
15165502
11348282
15473958
209176493
922006978225950721
939663075417972736
16220088
358845507
17261066
783329160
204832963
16288136
33497071
103976638
232602648
149249831
573757898
1887457604
14716900
161743404
73260907
16321821
33633540
45550356
113138587
36399662
1962752900
36764315
70759937
17314797
431864399
224346828
14778782
17314943
17068526
1546181856
28345527
14354042
59882609
19003372
16453340
17022537
56727950
16990802
16469116
16329426
205280479
979144038
65497475
1022557325788434432
35328314
2393904000
484796656
27013292
25950355
965015705123930114
83993862
757695091
1512446430
963631905878036482
19409508
451131659
938424931230060544
82689705
27793335
95610041
1473589238
63798897
427614914
126062842
2523759337
2729732480
78525538
14982804
34032109
93121635
79923701
621164877
28759876
476907667
2863488598
214622133
18393773
54730258
6974622
29770501
13393052
65698096
14211946
17494010
17891808
703019884213624832
121337889
2999158160
3328012943
634837879
443215941
29417304
2272526401
35206553
2500954851
2922928743
14939981
2936616650
804015436979277824
155784594
174110843
816869611480186880
50446226
93069110
130496027
45709328
1652541
51241574
428333
2467791
15164565
807095
35773039
32423136
18678924
79743108
6480682
797324300973842433
158414847
813286
16153562
14700316
14606079
325830217
970207298
1536791610
216776631
774034784
61690399
3110161923
16669075
37841766
1090026433
51109313
233364902
111216929
28406270
1339835893
1093090866
29442313
357606935
3057985950
3378053026
15492939
397994285
28846021
3684869431
3268344354
20707070
3684850579
20270080
5896952
90910105
525860838
20612109
104576097
114067136
140864680
624392542
2459771455
17392219
2195252352
441499346
358491128
79060397
278147944
51318431
25460615
16409285
15520253
100220864
170011008
228585195
113108098
729093276
208349378
56790081
28147277
21823427
16044589
46697585
28255148
19715694
36046410
1396248853
6519522
14755492
522205949
24582853
373748036
1011951494
48845843
296690561
1640509020
1969148522
20457806
172496840
318531845
84605478
17336417
1583797891
80096621
25553178
1678936298
211565418
23539658
91348728
2336887009
342770193
12367432
108457870
222336970
35011605
87719246
56699878
43805270
26332143
15308015
24497964
2190467131
2775968243
267411156
37338773
13784592
330921167
140515765
177627643
40928027
229630379
14514804
15905103
57741304
14062180
20150502
5392522
13784642
21918310
13783772
15571901
191112694
969401742
1962659978
155956310
31058208
23771696
243777891
364273140
733416408
1571154715
1113674971
314316222
586892658
1176796766
398490298
17471979
50393960
15492359
24883537
485334185
10791192
54994502
1038481482
1137254754
15227791
124335068
316756361
216024226
91137301
38267725
282650930
97507721
164760012
499182097
1397071789
233276216
17628977
633382870
334811425
336124836
248917209
1225673731
146589401
40175330
586721428
312840253
414299987
182886164
23272561
25127355
36754163
63746842
277489028
1478528756
52098165
64721924
21758029
18127713
22970590
989529080
2522903095
34648965
599536551
563190439
2231793428
35481850
1332803378
1674188378
49735209
568247551
1865796583
21718006
421944319
320134516
260215257
2485637500
1078402566
628628464
33041426
22171612
26106064
18093039
16888904
16697018
37436197
26608905
449700739
367284950
23578176
89545443
602317143
104969057
862483279
37710752
26003792
34322946
181428877
1335460934
18159470
500704345
856989865
14166714
1452572246
903298603
707709313
362657708
1658317328
500042487
88749392
6249572
57084769
97614936
85452649
847123669
299112358
119875281
54187575
21116266
115067177
19725644
238319766
28422142
506652594
24447643
511049220
126632581
15439395
85401970
234270825
36843988
146290693
348998306
1337785291
28644174
144993298
14002702
74791999
1222461548
278778939
431429137
50374439
357456814
21454322
331813832
159113258
53853197
34430522
217160945
573404631
195814782
451586190
18519661
23544596
21035409
114669858
34559099
38536306
23680913
35184346
14868699
27652109
410749786
418392418
482351768
361486583
46494724
55376252
41529341
205415788
407977463
189315742
64327289
24323776
21773157
19777398
20609518
19933170
247892174
19615098
382088878
339259699
22811937
379885443
18948541
256573865
273984973
165511377
18485795
142157505
370464451
42384760
155659213
14622632
300392950
19923144
16228398
31122496
16812787
16303106
36686415
14075928
336116660
288452305
22461427
112508240
14824849
17732153
6539592
19637934
52551600
90420314
10810102
85687469
62290422
27042513
258092346
101858534
25621296
129701195
22053725
19768193
246401452
257963505
22845566
29730065
44039298
115485051
86330674
341431366
316025999
270113057
274206199
20416406
77586630
15485441
