28139112
1057806421750960130
4018142362
744991526925799424
242412733
1223042514
998355465196244992
372425120
245148077
908058675285069824
21966695
2993600177
147706876
426712975
74468905
65435352
265179248
939119795777269760
1088459883953995776
1151942630630182912
11383092
993913676850782208
154620151
824465689306079232
2251320422
3523464934
1636858646
17897772
376076845
1127358323051749378
64113
631271526
3913224807
919937714618847233
1095186242
349235407
935680025981882368
1874119104
1150506334598643715
21063200
3237257353
204442056
825314196
281530541
252637947
1429128103
1106979721512783872
1139998923962167296
3267065682
1090268249122586624
34317032
989633635
25144145
823860
16669075
14342564
14505838
755757862517964803
147393852
1034742686501285889
192248791
748637163357499392
521734934
945717600
261327968
931585315696807936
38235804
62635918
115152308
2252655212
2375854548
917089592284635136
811703498
237123782
176690037
4562173852
7093352
421274906
1363206528
18957524
2478840416
344199150
306464989
16491676
4009593327
20904490
14807898
1044660872835158021
541811858
22027975
2417085025
28023025
42000871
317948298
1063154155840290819
563325998
44562973
23818689
16725824
352395807
330105456
130824866
25219709
33977598
210226021
1015425508916383744
69402632
326202254
22626601
27702281
259938890
829377009977585664
292505865
174847568
1020952663
203714426
16150688
771066512241065984
105918870
788451859023310848
14283618
980888431881437184
321634611
757661032655585280
397651933
758369358590664704
121417367
948104532
192511759
2354013972
438473627
351621695
557068003
104070525
60754612
33748765
963401670
84087313
2308970509
141376289
20512260
742548444774965248
636216638
172418264
1013880929713041408
46854930
2388484242
378259736
273375532
14942701
16483747
194087055
878904353607737344
109013810
40221971
16138845
20478716
25728193
28697216
535472237
260211154
904869467238174720
16031984
897861037
529126022
520754079
1066502650479460352
969713480897937408
4598033713
847921285065842690
812608204005933056
1026279724002238465
2484456626
517956298
1135615168107438080
832592701589692417
1128073127840215041
296829853
195874539
60402615
181368107
90732175
2476801082
994601942071595009
509452275
930376408383270912
16976436
1100095209940094977
2892417642
109379240
3899965725
994344134373670912
17997570
2698756568
3108314105
445654806
4509916093
816322714046779392
45007112
88988793
57216469
969001202045341696
3741720919
3910319415
996049861
1118691
2366113867
62595772
1123637158621872128
1460016181
2898015592
494134556
1089691484226551809
3416046074
419002278
47807274
401661635
16753663
49658746
989491385299603457
2616204337
562285426
19379502
851540696192483329
134941111
783740564
914728711
4214192953
1564955312
158520303
22935053
753193031973662720
1067238976778584064
15625806
145291805
80374392
57852539
412354748
904408999
120406854
519071841
1072633175090831361
1004932530
91194650
18872226
2429753750
32118516
2880601650
2555709254
1410099223
2272563602
1414186285
212444736
351061683
35598529
388519315
1116663784385515520
1115621649431183360
849797646038556672
126323372
2416667292
950756466
934917342890483712
175418849
2709440413
992988630565056512
13683952
375694082
1395552968
2903695997
1059408968
2549031829
11132462
1044971748
875830737106292736
593830020
36971104
1110337515742003200
2228201220
2885465383
3428254552
212019344
15170764
826268390318886912
966313003099590656
4870904081
1108338632941682688
3248963095
896004028643110913
1881182173
2935380369
890641522357673985
963424647655100417
342808329
38095865
78874095
328112301
986158533874995200
4749285418
893140081740890112
37676274
415643219
21251020
982398043034148866
633016012
912988142
960761366
48062810
1039540328360013825
192418473
216222849
833075298312806401
884649545099079680
214101157
354577473
2967402199
714204351510790145
26598593
1092365774021378048
4847657433
1007017653297270784
386126477
8687332
45672815
774331873312976896
170774815
74240176
1063506321385902080
891032200317202432
1082091453797552130
3042655613
192002583
1053025355974541312
939137787374309376
932577108
15293608
979840525242175491
14109167
431736573
1035174532020101120
910933562500796416
3249579299
37109075
188359178
152103872
29354944
2518331167
4813367652
4019425103
707631035543113728
22565733
784088965100036096
204853754
3173279553
7294322
51360810
1232647776
1038323736
1924050589
1075540084445855744
738117381222961153
346197852
1063954623814426625
21303235
466961923
3131597297
147632668
19148767
63420653
1589600732
44927150
3118529657
984139871257288705
2889233767
1017637447
909755975107858432
902805962704035840
992795076924465153
3157905669
517618922
2337286506
14315537
370474327
25622514
3384965219
575388998
1255006490
264343747
740179730486398976
2436221010
985218768338145282
836990389122973698
1461047720
77294660
895481383384002560
27774296
912681222
2990503079
126634632
38153900
743168332992548864
4920911601
581076102
1004896592275492864
406653473
928371003474014208
2153522869
249191773
2314585393
2472751970
2332124365
222126993
791408355596234752
3487690819
832013023925538816
405710080
3423201003
1007666666
1011387270
397388745
2171858497
72929793
1058049324976877570
330062972
1010353036403924992
744209869725532160
226649399
2846192079
17159693
55603988
49451696
540455928
2482553310
892281014
475426598
68712397
21089639
20799298
713171863489351680
18267173
2374886442
431671222
258135801
820781644281942016
3317791959
3244036823
191146527
4383034761
69613882
134512356
2208858114
179555829
61608622
3301972365
26584441
2218377602
44487666
2338923949
3559972936
848989027923570689
971101468286742529
820792681295126529
137794544
18846918
41414296
396730472
61001305
3367990912
884738184
2790340411
370472297
161474521
502980041
2314716302
1046604643197804545
3109142802
3073290789
935578591365971968
2437947289
1045031635127799814
15581063
760222991921717248
64596229
2361339506
268983629
85605334
2168426095
43166409
51207613
368750485
78645110
212621119
2306586488
997952629677395969
104522982
133097398
708768217670361088
1006110294
190205062
190735469
38796696
252352298
468475583
488827950
18027237
348633124
801727519
727878818246070275
21405070
1036022717953310721
2285152604
39977710
381059871
782735072
24754839
108899342
2166293276
870814452
221794396
44496258
329230281
208996041
1289037060
1196755812
29964546
731360706
2829682445
499966926
2933490050
87849193
2774207290
448200330
3309375033
66515223
110189578
131286593
225265639
505940550
46555511
868501666810789891
3160133109
2688562927
113937399
251270329
977150125939212288
2657381725
2374291111
911235994455887872
4196983835
984911525822349313
1024650692101922816
663923
21134325
16259877
468040866
1030477865920458753
277239494
3119523749
2231832290
23127257
357816281
107451380
1593354438
1030076250562469889
360621262
48783635
2906449960
16648538
21611536
1642003076
1375783214
1396103330
133014106
148380353
930719516
2583985998
27769478
15656176
2437086680
776481824
25629056
972613093
21321497
185397767
35415477
952925206984712192
926555191649775621
289529697
2196184676
64015230
1020376359972098048
63805060
3102017432
957724887895937024
183209604
1071754602
981259709356404737
293751154
293678349
40275921
921964957
983486432
1911718230
32539107
935671132967002113
33549978
182521488
2283926299
20796069
313076415
97836743
459538157
546785320
217108675
301650485
879003015340011520
889546243520811009
120153772
22025046
435965051
996020192
2192730242
885339669457776641
16305370
39348006
372922391
128109346
1490802564
3246815376
949825833908174848
570987507
247793847
197208081
2832044131
106156772
42687179
78623716
810701211867480068
588770591
78194111
3000138712
213807809
1454804088
942878337806032901
1007713358
1618123446
2647320794
48824637
39540301
17902331
318821694
35071201
3293514136
1952418938
1244710668
515667569
915579552277127168
57121973
1560875191
1708895202
954021166561284096
630608702
1001596622
770827677515280384
189002304
799047255378391040
42623278
38448220
2570886194
2315629273
1004052202825048064
2377691435
1173231918
995732749066612736
2855819371
82180521
18916728
898108740
87503654
573285666
2577666613
1300678026
253340075
177940894
1005849329930825730
1183907521
3037261674
74186967
890063541838925824
2377958781
764559907492421636
2577200754
252840943
3162459391
77016370
32327099
203132018
19881665
550114778
28246193
1084424744
2664177324
42451620
2237952289
40079154
720310678972604417
732274786353750017
747205699
893173325756858368
2338618020
193725962
104223102
2688196633
307902978
57657554
54617733
3170233419
112476445
4385173700
548656011
983796339921301504
1434808784
93710949
318545952
1413390396
715259420796653568
2388001561
20513949
1485966674
787991261227679744
2724620403
865717126484574208
3434223196
916666776506728448
982940606220599299
960457591213223937
58791677
130516054
15346695
17073913
20059181
17389318
28370071
16397147
190817371
256360738
157152601
198633438
463118499
4258286986
164418122
2808259087
1425267090
2511564204
816739121251188736
280118335
293063938
56554297
2562864261
722476710474686465
842917680
3299611241
39835900
1945277486
239930480
2154461958
762635912585080832
81386200
4204393334
973997865512161280
1419617232
1911329708
2264354047
124030730
40987072
132167833
320956697
2295353280
461255525
4658344814
1578537122
274063094
242339712
45627710
837747558562869248
2485773817
967596668014219264
4144473225
1058806590
1683481482
1613173903
1398174835
1413686600
4860157181
23596962
15022464
15694414
50055294
258895231
965266179836252161
964531745893863425
2612317952
2742291760
12341252
789751580
834448300598296584
2305304395
202327925
2786147872
4301940134
2961279789
245611171
560098959
38465211
856852362278948864
52207561
3397540930
76682760
3233649112
93861078
4514361
3576910273
16548567
396632857
2425659025
493594946
752867004634333184
384516903
592761140
52656140
2317926254
2478617282
1122361033
1076782339
17129004
138798346
1145893862
18130631
782942905
549832041
4878768455
2372164754
2834189117
2586325573
478823758
930470423720087553
2757048200
1952703254
293639471
18638090
756908935315984384
744046387365560320
64331095
1681805354
294564302
2950505985
1576715731
1729584578
846137120209190912
14159148
85051333
17462723
278110774
525413893
908226487928594432
615171957
16658338
849357061347569670
2163868368
17289530
872526149968179200
739293
43166813
50115087
1292241529
14158568
43389213
244627772
1289621131
19344232
115424059
16613128
244498663
74594552
1390002296
16460682
12494842
426218007
916031611
712723007928725504
614402021
756153628705062912
417478013
613446992
2781092388
77915683
32608975
903597296557989888
936581864160202753
96304517
2927507285
2792359799
180992191
2831975898
50177104
1979673685
1606370960
2790229616
2840831277
837772283615789056
1508064325
114873334
1931584338
476182299
14734184
213319454
1058115680
2549047974
783824407181594624
3429881050
36191419
1353152132
4230733031
280523312
3460469361
2810734391
18457923
931020049275670528
185606615
4176071
226955938
342686172
558161717
2162163636
885953601067208705
98576802
342859409
190359497
3011697474
3094901471
384361556
772936757281161217
783726731718975488
19397785
2209574694
308635868
906961667816411137
14252011
394730044
39793367
2535505536
13132932
300843964
565218468
249412127
64595343
70405776
499043740
3011587321
582151209
916087333291810816
397786464
467756681
832606155973201921
16435797
2936390679
2718226317
2288712320
937499232
2467462218
136905936
35364040
354452851
552252043
50716491
3014703957
807357176301944833
262242060
774389557
789110330215522304
382342427
718150263253635072
960631830
163723677
726161682020503553
60709500
2981410378
47116202
14363131
3068888053
260795359
1308384301
800459756292882432
238718627
529678259
37393217
34604706
68451113
2273990546
267923779
191633193
3305605377
843860617895333888
2158459550
2411511356
3668057603
486791541
992491782
500137069
22200760
843880447272767490
37874456
2871741314
774346149440331777
22790881
392807141
1100077674
120129298
976936604
740526916575342592
627055000
296948664
2927762954
235818125
833934336
1640411761
117841095
56389444
155551280
821616540
2497135040
355581570
781516379425996801
798893875922345984
2966707510
210520672
811988927040978944
74527294
851917896842448898
757623733888675840
759403310
589134854
2300347948
452355286
492253390
552775841
801020954
2425151
2892159742
50311514
403578185
86104199
382425318
486868398
2176278920
3730420401
372388987
32281162
836991755673354244
1732786651
14693622
60462205
278249128
28334733
2798029108
162671556
948518863
184827873
74817466
66409312
142352529
550155121
1904583252
850339384339685376
843883863109746688
3240304221
1114973904
843860265498263552
843859833543675904
1245355310
23111003
36395646
109432152
335944271
15485441
12044602
87985010
15921684
791348956588539904
455949997
408055724
473897988
942017977
3920672416
161972900
1051119414
88040819
2826789370
3406501643
275364002
36368631
179762980
24277376
258847118
2818770726
132728670
39547629
838464523
742166854752342016
1563057452
81137995
197521840
314320335
887463016731639808
4835124263
222136229
2815110956
3364652055
3237443200
141328091
851925989512761344
124459427
462060357
2906781669
46259889
853784891959398404
43397099
2569961918
94593920
571519594
101146257
73163632
596804992
94528856
270686981
351595916
187518287
1261005870
574988763
49622107
267721687
39818157
259916816
136316569
69251362
16708360
92313771
45672013
2828086644
258805434
904639567
1653637472
124920374
10461
280354655
22050679
65610814
349142818
3240237627
2517806437
3010701006
218426359
2573172336
11702102
20054581
828549148358082560
558509149
475645337
3386211154
792782630467108866
90354405
1059273780
51214903
179551512
351099511
864161696641949696
484850956
22252699
1032842761
873181031607750656
33217527
308719850
20465839
3069900852
353339258
279172867
173911513
2992504316
119263864
174525863
921680064
2918236755
2858101725
875672593
275664218
347844692
882765141598777345
25533888
28725269
82177214
318066568
44413353
335402221
41612127
183300927
64500044
2497344332
237369721
21426136
242492012
61213297
292988738
502213117
313311967
43920242
16619266
115957402
1168923319
238205888
21455377
3301188267
31204302
32162441
17293388
191154332
87784433
778901450
215869259
30113778
2337331321
109278089
3306618543
180327352
4888572009
4106496826
762820595713241089
1438236552
4352107996
23529233
190824981
21221149
187305568
42457110
17086594
571989515
57304101
991804826
1959198050
425962211
225442825
3193766737
1881304950
116579971
739133515170729984
260886966
30233007
757923252190740480
3997200076
440481909
769356098486886404
384953560
745718720312418304
1247394530
204891696
15538226
12034642
711733740737830912
4775364622
2690066815
69109112
263498163
108069639
2889117595
863054626236583936
2840577617
50059679
41451502
2645647650
3490900221
19251811
821429875043139585
2355390253
529140270
20740267
3620455520
2698074876
993565663
754752043475165185
308151547
83330531
18607390
799712594
1032899641
2903987316
17511073
338485560
19038934
215448353
2574950107
2562224401
20705323
4518975508
800448166323634176
4795094974
6479682
1710714792
751635697
108672937
919551456
3081982205
38498866
143170072
177891462
402875257
142292176
718341583
2420557560
337812552
81165031
38190216
46444445
17032646
377982188
16708161
62888702
847506104
191666239
3166958767
1605693206
31271055
47202786
43141013
3152355124
9459132
21395879
987849932
5648302
703084614
798297731961913344
158458133
2289888908
119131482
4264570036
221201764
222765418
9893772
58946293
930827442
482431084
64092459
29375475
72882144
819325686418653184
417940027
2849583227
100080038
304578117
204935368
57064806
4506477869
3428737373
268750143
107506208
485255385
593155253
2150071480
2399372624
808705470504566784
115711911
1868925908
1320806366
2899149439
21625098
381287385
299357543
108909795
828326572822241280
2467744380
577241870
353844673
43335783
30138854
1099022846
3827470887
178815296
211886307
731723502
17387342
14350865
2876591596
137567336
306942325
243324920
2564088078
2717694091
2318213621
15911169
21013798
4024364656
2179398475
2575156319
3027898305
755733097
722424926901309440
756656266085339136
409486555
123326795
1391984305
2908350856
3106885636
15846407
2760015084
1492704080
85728742
63787812
18199855
82220056
727179020501135364
1260502568
1536510582
2297143668
4213866372
57394671
4859999291
39507233
3252187194
183741543
1898250097
132337419
277610398
3327768144
393012711
712418316636299264
20095371
3364230958
830550531613532160
726779020168175616
2314312269
991745802
4775715087
1730393676
2789457827
3233746429
4872481480
3415659435
22201904
424280317
262478450
810933470394544128
376864744
603085863
115480645
599315054
14452622
20783134
38463737
548936710
64241189
18973501
3315627233
40764252
27934648
3312317120
373079416
478208405
832532425
1527828410
584646731
3293098733
23962323
2710716666
316327930
220139885
330208591
3760488922
15399101
826617091402788864
595902564
378800745
2464740169
4194977745
109438356
327577091
295475446
18821350
14852707
2970264170
218508466
34709119
2981513967
2784251210
89962512
415773647
127373619
3072650632
839275801241600001
847574280577536001
1138478190
1636583322
115093438
276575042
18583722
2397078144
170336862
238269552
209047226
111339670
86390214
49793
1099197128
846317623
463420932
332967893
3363531
823895350289244161
2988469847
577371818
1451684342
4384171906
401852460
471504594
1546041438
16815405
1096068614
1585461019
1607703990
16721621
113152969
95924185
3288433175
3105515123
632003260
224591625
314875675
1414064203
15190357
82242654
2372352906
798903134550654976
3839964013
2455090158
58561993
3518864172
711563569297395712
221292469
197593109
3290364847
27222799
23653111
19767193
702686515974021120
78637018
757303975
728233825524912128
249450347
158514692
86330674
2180864473
4213138642
271073165
135553041
14258196
478880647
1183041
22461427
97040343
3002205298
849140876
140252240
3148625648
1249584486
104848075
1382800141
723626416558972928
400283084
2474050352
80038949
37922185
18676177
14353392
44196397
14678279
818910970567344128
17839398
755113
4063929012
724395696804225024
17142283
19401690
430995737
824190260338954240
53361561
755556755447353344
823565852922576897
599661982
750502621111283712
29442313
13393052
824320219866923018
117235399
1356861042
40018241
818838900361728000
82447525
21798345
732885726
4869448931
809362021
64420952
3226631211
73121583
4212999921
814910424969789440
784059476773134336
17238719
784093975502356480
365581151
703211849223770112
23433022
82143879
278220384
2291239128
1169959314
417908601
2586348259
2195671183
20802603
793119908267642880
752499154442747904
145830934
2251623492
471224215
4159788513
4814065702
277550125
87100227
285125151
65987618
357606935
216776631
970207298
2211333032
232564174
558795044
442847698
20184945
790743774368526336
3320206482
330594924
3186124933
737344917576486913
2859165515
244150883
739433817652465664
134862737
2809255401
2205391195
730397336061550592
557359558
453553264
71711879
380252416
18517784
138902350
738082102676099072
334207642
1879432459
224304656
1920455880
43434033
402465141
16947009
494794829
12174092
15030500
54043632
3329862381
197742569
292322375
2496791952
2704653560
2332121791
4881093582
42901086
562179539
626622013
631169076
725394089357787136
15858751
2255297864
1544234796
1259043697
14632821
324508782
2200032330
4306518620
224214029
571119923
162686169
27259195
703686699415642112
952243694
2249680368
155318338
1113363721
26268870
3001253601
85136701
716145348
48988084
16047950
1355799192
1160929572
634109297
3289325848
952915627
430007043
188042891
3131072843
460430511
301753076
1648615956
1642210466
14333918
705621291370328064
25819761
2358538627
78774289
2568956024
958649520
2596790640
16544671
16288595
2195172883
453892183
1541813730
877711520
17428633
3002261504
40536812
2390192033
19462877
405124125
22875846
106446275
456354916
19355052
28360632
54001505
121654939
22581994
823615574
41076163
28904251
3094891
212681975
4833924899
24603893
14543336
988740805
551112681
1042811622
129314214
147786817
1454430300
1179265111
561249724
14448779
3024250953
2893608070
76985544
1868886607
985759850
864807108
1414609105
1330035655
484311140
261901970
1705189098
755436819362279424
16947313
200434844
182747810
784910286
1426071570
719479314102792192
360018706
730450093250207744
31414290
2180760788
27069914
30773016
1144882621
73528291
2262029220
1876502965
2350805298
751601978
1087859256
306491708
27878891
764086592
3230044693
33622722
90304480
124523575
184931891
12819112
2435789185
1161697304
226024854
25664716
42695818
2175909803
741049488387760128
384238210
322871349
74822086
2456684617
568244207
444296213
67763905
1632743245
3401060255
712811626110406656
133562519
89371670
158681474
14708747
398337022
1386145405
100065631
419770313
1549563044
44171091
272732098
3134023444
1485198992
78446833
223575714
611914753
10215212
594464231
32340805
510107352
38491229
15432179
93862364
282443628
250618406
344720168
3731549008
976975255
198607075
20060190
574431928
101340769
186218179
137759637
1485078272
276692046
465512204
3399235593
2266952258
754462558082457600
3145511366
2851146208
1024486231
18682917
2930592411
496321097
15368610
1449955262
43180262
1561418018
498318761
3177233913
632254256
3568690936
954117529
51800775
17077639
38350307
4901865227
198548491
425327181
316389142
382177545
1517152718
3392918609
3198260248
2252642910
1616237316
1888631988
2231924628
67326302
1568659014
285263301
32475736
472326642
252794509
1273407966
337862896
47349654
278645344
2458719236
271443397
2804030840
574609115
537285960
30013357
299998382
267792243
39275966
3389346412
20683724
2985970760
2828369140
1467586027
711717581175050240
14378113
330743859
16017475
1960974222
27549343
2718501
1463318876
576459328
3801151
43112176
728942732
2360964518
227423290
3061819396
2978708104
1620651050
36403018
336015206
431586713
3059251275
1356083924
561558519
2178587940
717222002
2303751216
17837184
2254656300
3099330435
50378088
416608920
358866527
20981716
2648061438
44686962
244211904
149126628
3092629269
508829808
102062232
185276490
94565007
22705078
119411882
204916448
700048165
732713060
301795432
452754350
145226443
403493378
125736800
604416116
2171626126
3282541376
17071048
4172934598
291868924
16129526
6108862
3291537393
43384404
1208832956
962284136
75858879
19676294
886882542
866763990
1018962877
29983645
114847342
202282251
221185711
3019242905
14717311
1042497097
1040758742
2577076094
3300876766
2121681
1066313012
3362848211
320868246
707288450
206279315
189139363
234395010
413802355
250322598
962997733
234947344
404946566
237548529
3871844727
2463635522
28405485
19325156
2544217046
16974897
179334563
16034244
199720395
214490910
78979659
577403888
204468829
36949718
22835219
19444027
39426054
632164694
224797403
23544596
836486928
1889416892
30646443
19050314
1329989384
1315489290
2716627642
219979627
995038717
174593833
22186564
1344506138
98367934
1151865259
106802568
87498563
1276400431
2365645436
1269845635
42391676
305154174
946434794
1591726098
213017388
37944730
366728519
1679452050
21703993
292401164
621966850
1182761232
445945598
1324519622
221518152
43494879
16439171
435072930
18142110
3346061319
2884111797
1556877960
3612211822
627568193
373974495
398878620
1484961512
18965790
43355844
289998339
14216661
8736882
3317454388
164348621
90755137
460544873
486169804
36943711
993101342
482573920
46710447
76143039
1393446074
3045291191
2459609448
61898653
32046430
3418069445
733139372
14511573
188007231
2572815088
1656690139
221460294
348115541
5467922
2645367751
3241303143
2770227662
1138293787
297083337
75002416
40366279
14949454
281292130
238683208
414150014
54312811
33773592
342851173
414922509
1439442360
31267104
86347722
102130038
368006507
259387703
37891106
476136697
22277496
304582737
15521075
1891806212
23602600
2645602164
99626329
18510860
419943804
2321256986
2830003454
353461821
3351736455
2789687493
461686577
8357192
594690472
16529585
14704970
1170033480
34301129
185335312
1225565544
13143682
500042487
443226587
77694098
262424781
836548849
96976366
435322760
128027675
16705066
2904988139
2186062965
3149973561
303478559
2327988248
3025463301
545331602
437595553
25319864
748379420
203563746
260783012
368963119
219321829
29773589
2828700409
2885963907
1908695316
1615752739
16652107
302288155
180200031
253536357
2734713482
148407533
21943954
245520753
109323323
233711472
275099545
29112337
17842366
27453762
334301531
2633238210
14867154
211344986
268311172
33933259
14700316
14499829
18985501
986564586
2898835688
3246622991
842530375
192160041
115751488
19485164
111098490
2414709972
3081802612
1944414908
482133423
2784784744
378204367
389359161
260907612
21323268
79076431
5402612
2097571
742143
759251
19562228
20609518
500704345
818876014390603776
1093090866
89452000
93714983
180000404
235213723
3129473445
783214
116784525
267231581
31443503
47336791
2429624916
81122675
36554224
627799297
301783782
17889970
610659001
15227791
237845487
66496796
124190867
208142477
33671152
78080067
2209778173
148593548
5988062
14293310
51241574
2467791
35773039
1451773004
62565779
602126726
16220555
18177126
17881732
14260960
363997684
203123011
7401202
50393960
813286
822215673812119553
30313925
15007149
369505837
818909579400638467
1339835893
939091
1281405877
364248428
200964054
14580438
24913022
611955888
66413862
130593516
398857946
104231486
389593324
118707768
122445942
40065735
538245709
18456780
133825148
2970593542
1887226526
15411998
2434590366
41099844
531162864
130612099
1284424766
3107915147
289864894
252694478
2285497730
436248681
79207270
997040168
112784565
1465313792
1344311881
1303708706
1324425739
304057854
774139460
263741404
135214329
14800270
394739256
831470472
270360189
1265726480
21031178
22642788
258533106
94108215
16264965
3015243573
2385219247
2826555752
1702155980
3108351
67962463
50640222
42629702
499273646
468741279
2708211283
1579244191
2625860220
50371458
478782624
57992535
32135630
102420852
89986405
498340611
410426987
583060110
319659925
2855486112
444940567
983294923
305107913
10697982
1912395307
1880105924
2598636408
1058664842
2393258641
2698421834
49413866
3018745667
454474133
17552472
738288895
1389982490
12413032
23794152
2842844908
1414905805
249379601
3244875551
113036231
146126777
1026429378
2462105875
35341530
277997152
42072532
21896446
243768580
3227093355
32614718
14408366
2807600952
884999702
557002521
1478498137
105530526
106204123
30023101
1493298541
18981482
2800581778
31869934
16228398
32002507
39822897
249144962
2385050203
2927115735
15492359
16045268
16303106
268416076
2864622407
409107187
444047971
370696063
472283555
84653850
1326840206
112519988
116780695
46675187
61495530
18246611
300292468
2372977070
20567743
2792380225
407925408
479623622
56077447
2433347472
901057153
37599351
2168805753
501813829
293698874
891469478
18458170
261776212
87729913
70735224
28107777
2927536049
2404987598
2615658121
1911471896
137461663
47643651
24862758
119461357
17930703
23455554
21408389
62926741
32465531
17813135
95979076
21098119
233577279
158842667
19722699
17998609
126372875
39728435
205939239
259861738
210824456
41353531
16926550
18507505
178287743
119138521
229385617
1345702129
3165995265
16052613
19544141
34958814
1061859804
17042078
531697681
57000209
46429267
177810719
106580586
37526707
28381412
107225267
90169053
415601652
525785424
20916144
49870351
2159088895
1536791610
407168987
40894553
49634218
250653769
88944711
73758250
138450006
195696164
15396298
263237216
388345884
18597602
22657351
18691807
74474794
407395156
19775920
17997789
82149843
15782633
352673744
17222785
3253799675
16341166
36375825
76332033
172901879
20732032
1283310848
281760539
25287690
3209155690
202541199
1069561
546584780
696823
12133382
807095
2478649794
993687637
262149450
113914074
5392522
14062180
31771324
36728196
136841649
21059542
27028248
15702504
244304018
160625184
482171948
17172820
137387272
605528623
333644746
164276000
22659046
20163699
6433472
390541771
19192100
307753350
355784391
1868226000
14174897
1262776610
168662895
2242822076
487833518
27596259
436829061
36695839
237918222
14079041
377711413
19175209
384030356
600088379
1857244381
607188140
1898635093
351578264
109759301
2520740100
2812768561
119782759
42624972
471984084
108614618
41177169
2510851011
970540556
202244838
26539442
749683958
2994807857
778846633
1578580969
57743497
24197037
195897346
14511951
45577446
2427193658
20624306
21220694
2819363837
78195200
107484082
239844765
63272186
2733320094
100235515
48289662
33474655
39585367
5695032
91478624
25983654
67358777
18036441
8724862
19606528
17471979
15862891
14647570
21581503
16817883
13787402
18700629
2835117670
285698560
85100906
35323738
383584907
102768569
407189438
23443908
122445177
44676523
372480008
317107438
33606459
21352683
34052670
193299475
31526875
144868913
454453042
234467006
65634524
76042118
3051442691
34377456
37700663
205680947
407044316
123948149
78976555
2195232056
2656718534
15496526
317005063
51056940
978745622
26626013
480897332
582805793
2878550104
38226287
58054027
2525522720
569179910
244580927
3074237688
11348282
37710752
253633640
1300841150
1709516838
16751941
512074328
714047017
3187392441
177170334
3081771454
1379438418
613347173
982905006
267254947
2566232070
24223641
2246320654
124464937
193745486
424482976
1487793025
70761877
65087056
42928197
123701779
167380850
49707377
182050808
280625118
1965811261
17194596
633158645
35366398
20409361
1244710286
2327961763
271714980
2970047044
45609333
395400320
351221537
19725644
19402238
17296792
20182642
375892065
386887133
255827133
464068390
938219030
151169948
934906352
175471321
80344952
329028675
308588085
21213416
16534576
16308920
320268625
26558733
19199322
36219545
15571983
28328236
40579197
70813140
102448827
22631935
44874047
414025970
1653340573
17093617
291332154
1020209604
270516857
146569971
15134240
39250316
246103
493175789
331379187
81190480
2437305626
195784526
288273766
493324944
78581742
46107869
493426496
404963708
1382103092
365842153
151916517
18999952
110510164
25358734
78614459
90450219
240690104
1897920517
19429847
1544504659
16334659
91642528
16193528
240772025
27025414
267399199
2992872117
16163217
14027532
791534864
860436260
112325412
397531066
2446079564
2839745451
2781880389
248735820
310833467
19784831
14199378
32372834
16245822
139525231
15823000
2748130901
950250200
16134525
473007528
322604226
36163202
50034968
19078387
27726303
23072537
26689687
459294549
2362953720
500804105
28346473
269833103
