552121736
42204443
87460238
913429576436482048
921953034007138305
901220239475695616
920806401563353088
921181194871504898
918525100911153152
925126757124059136
918771607555862528
881312602198093824
863014885784997889
888620801808879622
782636348507172864
1022478421
706426414715764736
706431431417978881
104485871
794921695278678016
1484337738
75474156
782032504169476096
35036816
798414866906251265
815929649746284544
131168546
939280596
2674120543
419327021
4146162490
874635162017038338
61872332
3045954710
2251831996
820282353436200960
124237063
1123694994
28220326
1954293848
2426212106
86626845
17002395
20429156
883339160295284737
982468364
904064965652467712
817535827689488384
2839504944
2509620361
348007724
526530178
2424304063
273936750
424762976
1199296855
900911131
2477967204
588103480
309335107
942368826536202240
887021798474252288
294100354
388149404
3068204461
1539442782
232578837
25073877
2944953687
350600701
262945071
308116469
20058088
56916619
217117577
23490271
4274104759
3324735493
865684963802271744
3256621611
3940004179
3505027216
4831973551
2548206451
720569136284311552
394381602
387781361
59284795
2251288843
16342445
172049453
858889180130058240
288424828
808729180875669505
883734889853579264
752426818628513792
1429720219
2168242034
944962692892250112
220216921
688483
700784500658208768
3252972303
820425592730488836
454071012
739924511944892416
4878876351
884295724128649216
178600278
287368546
1857901044
19595287
740266207685672960
826424888336355330
31726941
4815864137
798952222289776640
39197183
3315098732
821494701794664449
559472452
25843518
752734730274021376
3003754917
28253244
923771167
862516202291122177
2521155282
831961116267814912
14182218
15694827
1146194990
1048218925
489987418
175266243
3372461079
1077177842
525862729
270485576
1269829099
3029302144
2713486557
900767651609358337
745610704007356416
14170625
796922736618545154
131659145
21341094
83625835
255814437
210226021
27940773
51877295
22496853
165387035
96782298
3108389054
910202360567181312
233890219
839669114578747392
55514310
3023184864
523935497
416966746
43306799
197845065
20772763
1937700812
35199919
4159731378
2368847497
49932212
253049000
393270633
223166587
940273138956427265
4156154333
2741690319
3741235217
22332870
459655277
918448228969754624
521732022
27102763
425871040
885630299039817728
889165625020608512
892362860080369664
895521861802446848
914130714655887362
914742777006628864
923696261731151872
925765047455907840
3317704113
4292952975
41291527
913932401549574149
434561373
52404889
138482381
1939024999
6063082
1053164376
718307748849573889
771100281295601664
29084832
577621065
767719895450652673
399349417
840889233006972929
18622869
2809586744
19849723
227277861
273354091
2813972564
1471050524
394909273
3299729877
2491562108
2882022965
2423289337
3236743048
55901984
2496405943
157809457
2397646338
2432437746
610904887
3331003209
2697231703
18160594
770757900050444289
1159076203
732908708
418476335
2778478078
303273252
852232781786746882
733422505
2453330839
3819023302
804599737454301184
3855202277
100637085
2985966076
83775813
2789096617
66590132
349347318
4698310784
249336013
381187236
4471960941
16604862
795973540763828224
26129571
332718371
23121537
762011006
2256637740
98041699
768486347300626432
72245548
473264346
97319539
15216860
38685348
25793504
102231603
213768598
151727301
51945284
824980663027769344
875359214264242176
30623732
3695854095
472777204
2832261790
315135991
475571919
2383882980
1343394810
3765572533
4643465352
4321133652
766553918
527156989
1654730606
2739434798
214174332
501448768
586960829
16129920
21862217
64565898
44134773
158426909
1161412170
15441965
282348945
549304456
318762626
2327971734
216402879
841424245938769920
826261914
23332846
237170905
240184901
2336573456
6439702
4581393689
2176527421
824320219866923018
416495207
158445367
25598800
436359211
108857204
172145824
80721408
156071027
192279268
205050128
4207961
214201922
15135703
825153022653128704
824473943931293697
3240143771
31308620
27118077
194833340
219115948
87741382
30283088
138482553
335538880
296444968
755113
39000115
1339835893
2240756971
91180720
49698134
69181624
14529929
14515799
16017475
476256944
26186655
16789970
774357217
2651763620
957696840
172858784
970207298
61734492
215207998
20416077
467072902
556151596
997629601
15143478
116994659
20489104
75927392
760954730612797440
2201913427
61598133
398041988
30108343
2285487758
55588874
268479669
34743251
1458230910
173677727
338469741
283326630
359008298
732418443173994496
62829259
22290141
300347444
1056631267
17599264
24112803
45820838
3309105596
600029236
20609518
23766709
94129050
15913
3873936134
5443002
14964767
14258906
37025150
4531635201
3238219443
3314124331
2282808306
23730612
354847710
35761106
14895831
45593345
372475592
319020952
145978713
3185617958
1141081634
1278686342
6579292
216776631
29442313
546170165
5623612
716955530
1360239408
142324690
292133321
948444535
14269220
26280712
185699666
137782915
2350579465
473447288
46598192
204832963
390287262
20571756
49465463
12273252
411166312
608103160
64931388
15520280
15154217
24486637
64121269
148497957
34771668
42057383
3496641
11666332
598671559
2557037323
59414975
11666142
275686563
18208354
605805760
297174372
19315174
5402612
2142731
428333
2890961
40148479
56505125
10228272
972651
38679388
2459371
22209176
2803191
24742040
24727891
15670515
74286565
16334724
14208474
16425197
16930986
15880163
532406707
17014523
807095
158414847
115485051
813286
62554165
16303106
25521487
17503180
11388132
13
12
93957809
1344951
816653
7144422
20536157
783214
15492359
50393960
27855118
14120151
31311757
24166202
17810599
5699
13334762
1305940272
1396457990
364488011
14749606
63485337
16356546
69674858
2890921
16464746
5974052
26694105
14075928
30528035
16310940
14695151
14883992
16279449
30543963
21839490
18885167
19716599
14418500
28258037
24222556
