764811858951929856
1088118330945343488
1099199811411165185
4330757717
2469556194
705121858580934657
11348282
1002030467875463168
1129949898693107712
902285565177069568
1057109199799255040
3165979613
3225411736
950105400065474560
277141554
408879705
3408850335
1170003890
3430319560
1150418060421029889
2422765634
1116824367306960896
21718006
1411800175
4855939883
836281596
7406952
68615868
900318463
992152438013616128
755207716541440000
70603045
1157008550507503616
113514304
799062592262180864
143553058
2338464271
1149987625635176448
478412698
327125119
1153105085129531393
1056631683112415232
1113289614956036102
2999158160
19638752
794869700845047808
986613740077486080
22084427
165511377
1006618246294876160
932332397797916672
930082757581062144
1095627864601317378
314340666
98247788
3159888878
37710752
636586551
330105456
999293378
2614377043
913009318345236480
17080335
795354638
2298894289
33079963
109155876
2830837346
3072869411
958321164048191490
1096058449
378259736
628698139
742769911
3266258420
158445476
10328012
1633496226
45255968
385192397
1522917078
392463691
4696728842
74287341
51111863
636216638
112475924
1620556356
16491676
14981648
1325951616
2764811815
33773592
752967707277029376
16031984
118975084
986794331582365696
1480385228
16435797
1923959160
2828796622
3290762269
842550390818201600
355036400
750022168675688449
203714426
1066868172496740353
786047748508221440
2651325366
2719962073
293131808
20734420
970080960623476736
1082885696359223296
196796657
829651713669918721
31329800
956358436882546688
4881046176
933466893628903425
1090795142254972928
1147803045847322625
3761623276
1942642807
2832807293
408977246
1080188052365029376
4753404559
4021923743
51752499
282943055
1056580693
1571226920
4697047753
17912551
3011037227
830468488967843840
3834819796
3065943502
1024826757587890177
955711313186930688
1022128903236800512
42619908
25115847
3300198836
1056291059821613057
85175262
728712271325761536
242906748
250887629
4411555155
22814500
216958754
804837505782710273
20267794
767487035942854656
104279492
919557745
984635318954586113
1232240220
985782002
471677441
703664485593014272
796811192924770305
342863309
138203134
2983295300
1426522898
1704962472
3310786766
3257735117
14594844
780454154959523840
3931283419
773575325221609472
507877806
4307163154
82062932
436879069
2477779623
755317595356528640
824361257708978180
32809049
15442036
476256944
29442313
30354991
2347049341
286840556
3817401
3390254459
21313357
362939787
801159713035612160
824066686634463232
4232351
732740081895772160
393033324
19725644
824473943931293697
15473958
725198360
373157754
3785465473
416700515
29819203
1851134198
576542669
305739208
818163870099329024
598601483
152032721
808844113462185984
2416512588
156699802
20783
546413971
806283715403862016
359801504
2762466844
709892070
137410289
1201186872
469737625
4842878215
39805887
762722617396568064
4889088267
4901272394
609949866
1074590599
3168082044
45516395
956077897
2409414559
2778200652
15239112
69671834
15639933
308811329
2497297424
738947936168464386
1209408750
153058356
743392436
704768666152394752
733126212856352774
754794399704420352
2892001498
135996434
4839101321
2954126636
28733631
2607538345
35805070
1401305010
733397692533989376
3772963528
47573807
715242351816368131
2391225308
4889734692
3058804146
732705041853906944
75459578
3318238268
2857704613
727596157548007424
208947926
1377773816
148054604
542215511
940373112
731148146386952193
727689309327757312
21051240
1235699702
539159135
1722644383
89757423
17288423
2920105993
3280027304
963209342
3413385365
4132101254
125387649
1433367018
721226883036151808
264483918
315420598
2150979138
3474176416
605707993
711606778606297088
3297867832
14629695
717538121869615106
1069239979
3600430475
288082938
3438610672
704674781090590721
3198583252
2329498706
2414748350
702978859495497728
3094176588
569282047
1373576252
3380774807
2722524462
701155680884015104
2400701042
2508405013
219486028
709483034983145472
540435194
22231438
269985029
487280548
2907737317
704117675455188992
2486818668
280047851
703369682066100224
1040084467
1170826652
2694576042
2916305152
2878546599
204584481
42540510
4266394468
22574003
3265492982
3376684139
4751381174
2967402199
1436611058
3514104732
1706584910
115477344
2561884209
4489754286
2478533060
3063996411
4786706905
93181919
1532501480
184944163
1380361633
2458895882
2945487264
2927858118
987778470
