19006056
2967402199
168508631
378259736
1480385228
203714426
14750983
1056631267
36060697
904869467238174720
16031984
4919309414
14397399
23112346
1436973182
986126054094913536
1055165680151085056
2427885031
785631337021571072
842535265231081473
19869567
3102079532
3254914838
257467572
93726725
21541950
970739269579956224
1206035390
323417384
255106105
3816567737
59553554
870442892
15054166
15247336
21388775
77282988
3522366557
929399289436147713
3317529809
844520976759111683
17201929
234187000
4834031404
14635408
18605686
14957377
19850057
509108182
16615740
968226967051907072
7726282
25971349
1462295809
15862839
46769303
74087670
40262799
3526565908
40684090
3163233549
30183567
59502660
21669123
835740314006511618
2293315159
409486555
37053360
18245875
1706101310
813286
131976246
3260940092
3260919876
18916728
788941793186422784
2916067454
2996351899
1339835893
16421419
19844987
16874875
380749300
2882729623
1902809101
18129606
16670603
2981297384
20934253
3970363400
3957419056
408094563
210959606
3309375033
30909314
4813856035
3915597372
3701125272
18907022
3817770862
2333395735
1023072078
4085910614
2280838598
20401346
165678616
22983147
15349002
27707938
314188225
46796386
50043679
80221504
146882100
3156914954
4519121
1184647243
403977318
2364669690
74580436
3031826054
1666038950
56768257
2341337263
15473958
740109097
1038825787
18491072
14904191
467445027
376258419
3253260732
17324527
21789095
755697708
341218443
3077162892
55117855
23271165
2842626201
3073835903
3162845540
123698053
130922325
1418745782
133075873
812541234
161149494
516047986
14222536
17974481
282392576
38740909
564201039
316389142
2314390560
52087269
18055737
41073372
2983295300
37710752
19725644
1153322419
1400068266
14166096
39689218
602317143
14345566
2317351705
16992358
1379347952
2983185301
939790928
21957047
438030133
20564615
1041346340
2294030353
243340579
2940101706
14776082
14315537
759875047
2800227548
2972855472
2762479781
1183041
577668090
1636590253
15449287
90420314
31353077
740895416
19299909
7861312
6623042
18393773
14381740
10798802
5260211
