2553102433
83223036
430645155
442776907
146712087
1358923406
1517035471
876070302786215937
862037690597953537
303804147
904869467238174720
864947670217109505
36385158
974469122
955718968857174021
2811503196
2370926353
35615938
774356839765008384
264399952
260685403
1139019099957104641
2445330312
865057319993868288
202260309
2967913503
950759411978555392
57384040
187625393
12609292
378259736
581012668
112475924
10328012
247426491
1480385228
2487836467
2623051254
1215211112
287535746
1648042003
2642356213
202335034
2815521756
321289530
434214221
434050353
4178632847
929755237698686976
331662351
1046676997345345536
968123883592314882
2827143435
34270342
1674651349
777993681638924288
117908387
80636218
28525987
31285982
2195354208
855518203358961664
731230965700251648
65726968
961670219667263488
2205410924
2411039072
3922254192
1026704196530098176
2401825411
1314827179
2178621224
833467524
14965981
759314145309253632
257363661
2828658528
986998165621608449
820765959216648192
1032915593370984448
835941468137218048
788695747524976642
1337292181
1949752500
589278009
40428837
827721420
456845224
54459392
2317645591
452340122
163690015
25852910
38933523
23365188
3546274883
138025237
841387481316634624
2772334326
908016674720370688
25166330
2664999372
3048183398
24803273
144435555
869727266456064000
3324292377
3811216632
52632619
1246397209
148815591
962997733
376019079
51297919
16374144
2687999594
3310538931
178335736
707161285562114048
2398262321
1407277784
402875257
779267783578320896
350988264
806144529623609344
4804962856
1734514224
1024995209367744515
261583959
1064888923535679488
933854119873392640
4494517461
20770131
201870414
18720204
87899230
4924046660
150970399
4037461816
769188695312330753
980270984811888641
2249637792
499396922
3353501242
3387604695
3295866697
282980773
2420858653
4265009482
897622997082583040
3315374161
1955504874
823983228432355328
988920586750619649
781447170532773888
3376304224
2428190196
4805461477
987555274537033728
4105734563
3682397543
898190294335840258
971969539784110080
72394415
943558027130626048
925742594491142145
40165015
1026053171024736258
135285845
3001243744
115513174
329078929
17065134
51011489
1022530527809732608
2367611173
4311016395
872216551310729216
839934956164038659
867749287333122048
867001695523545092
701725963
714912690
48714627
779726237329661952
902272454730625024
47374474
1537013378
3108404814
2161027910
994155624442290176
22552140
217520153
20462253
44940629
827482244658950145
7748402
253252962
1642377571
869547010646519809
701841204967768066
995088849918291971
1860743839
85732762
976392345548738560
2540067732
940782282314416128
48165026
2655535747
741455224641081345
905826951671119872
2996670425
60446961
1172054011
1006269429955489792
4873338912
1300473768
1352695940
917401913179635713
1028015456022671360
906558143706038273
2322439366
758405896451960832
1003755425970286593
458974626
3154527082
594031362
87318584
765588366477762560
145377724
34457073
2919202624
2293821918
712302241
870187595908513792
272675776
860502171141328896
291505427
996516140422651904
766098107113373696
532058628
912089523949068288
744316128
3379664805
86458226
380036081
881299544151130113
881294915396919296
231087706
615255745
1042553473580105728
1004355379483070464
1959445364
106269918
879439834221346816
284734149
2205457286
21537054
978330820086771713
60486872
403338928
216182628
55224104
466849008
15949242
17396170
146502086
1012728611584069634
3186124933
46919059
901774896
77888423
991761960038477824
20065936
831472691349749760
776765734902964224
1342647110
22300050
27013292
747469422516932608
1022535452186669056
88914175
107391777
16949344
300917070
158378782
115039678
253588542
162088304
41561657
704825055423778816
175447682
873985749493927936
550020917
298540869
959330530025074688
299798272
256890208
709439459390046208
2789385192
3412730212
1605392167
66244710
976770044590923777
728073373440315393
2497150219
820307950174633985
2734900321
2886201394
3069063382
825314196
2369344598
1413491005
277302744
104389117
908396214814732290
1602105037
1012926912283328512
16492071
800459756292882432
16491676
993913676850782208
1046641783
3197152135
913270286
939107502809108480
951570602866823168
816732563016470529
915728711516872705
882851883408216064
951906015582347264
917344573361393670
134837124
3019270215
993640689224245250
2537867839
2844569713
143430524
278667829
345615190
996582748952276992
966679051061596160
703038008782524416
815226559552311297
97576291
123893904
2579055876
1359799057
3068026095
86292908
4457852307
833082313
160574237
2426910997
73438620
2800264306
441210459
1299900283
211216544
809171570
2612279076
2205934087
3868765874
582813575
302102232
2729820563
829131725435310081
2271596911
1601946757
789778619895808000
892650777981923328
780217888531636224
1663480026
3285867056
3823607893
2798006866
818154526423322624
988327331503771649
895709093012283392
2178764983
964537379754205184
913685533771124736
915345783565770752
890188723706630144
3416280700
1619402396
775457794392600576
3129105211
999672604846850049
784621467514404864
731808469301493760
783214
20536157
4272610872
806876877541416962
908657333374464001
919755206
18884293
2815794381
69076785
101806793
31870446
1447181720
455868996
898354439345635328
993964879672496128
581751253
138900609
1543142941
2203062457
51042216
586917046
2513516875
19939208
1407123218
998914696261521408
712016845
240293896
960188306884612096
976154127351844864
15846407
190632698
893084058858684418
831456777606725632
887701595366055936
143814480
2576476086
824282026832367616
4017420196
3095309801
2799471
33278610
2484154489
73238146
928567031984721921
15764644
773535110083780608
302147399
1260519175
799032959177203714
1064032118
31409297
3364286894
807105732
308613286
4559961313
343573021
200194491
1195067995
763831950
450796093
770368572
3129400371
2281839930
273195205
795252784727781376
2442506964
904669934436970497
256166589
3307345566
1883507935
3260130757
87780277
281138722
384597895
87656389
3281653903
2163600139
516591235
273984889
466626618
30054271
523433085
87657092
20769532
62814066
965704518
820023139342159873
1180374452
1495880371
829231700412620800
776542693
713889934147325952
2739036949
568289331
890788045443612672
4756054626
407524732
1536723192
3146117494
767536116014522368
3327999896
2600772872
2842982425
1585217749
1285704176
224991073
2964650969
473058057
95881470
56791988
1359811770
2153459648
2756930437
832621606782455809
1379618694
903688514197495808
760782829710090240
3115965202
3542651057
768664347455418369
700797597552775169
425816014
753657336678354944
236561019
78935565
755984198507302912
974870376785231872
2437107500
79768316
3254397283
905916913858916353
4300104075
27817973
2888961606
359207891
901622635
2442464912
908043359322861569
889905391198404608
562337473
739163920808710144
833759582803591168
545357553
352485227
46137812
35028079
297597205
423539431
171338531
188458163
17620786
177206340
71260732
174731270
50077483
19456359
868055706
28618231
3246266793
167082911
2463550338
104524350
1226458368
2733001508
742842011040940032
3853937832
836857896126283779
906428657891266560
4340893514
2809194503
2308715586
1961660665
887022634818469893
2896022367
771561031663398912
792367532749512705
515681396
885175141616844800
404360309
3265503438
34476336
888624210565902336
905774969942134784
890511741116796928
926545628326440960
929090762968576000
796399993594716160
766492651
596571234
875383045
736158244478058496
3218526855
2379152288
758537994
2491135214
1524366572
2914308681
359962102
32729442
1166029573
2240363107
1288574072
3092424634
2917754241
2590931838
87815303
3121835950
582682214
2561446608
441560048
518184679
552488090
944962662
1230952459
1601180562
1618278606
1963313286
2223978139
2324013030
2518632019
2724769800
4163024949
4898213338
703973559320879104
836365339910799361
895789427053735936
911293188899405829
185066639
42871498
22090282
18222462
1154317057
169236725
25103967
911230320325812224
385187734
17387997
23497233
2660384088
717067478451560448
499327665
2381058133
18486423
313983732
2565541003
2344846128
163436555
757625628745199618
1898196055
823703761881366528
725449485040504832
817907622
1884300980
1898695081
838429556075716608
25521487
712768784
26883873
3227381012
717036770664165376
2263618774
2874048166
1967447046
280922916
118191162
159124769
1657726344
763298411135242245
566828834
757959967349571584
16779600
42045892
739634588557803520
2851562422
3328865176
926236550
789869266237620224
1268184067
3018968748
246560945
76508287
2393090719
2422277526
569554887
798177851912704000
3326941131
3706835243
881911657810800642
105973401
95894506
21917716
311956171
819341370
2239221307
3192923186
4889498141
796464421664980992
870338513203605504
15357521
2921262970
992085643
2318307013
2457544326
2772323634
2960609109
2603153887
2923130370
2794311806
746107609741131780
2194002337
2999294063
153726491
2597351264
822606252111003649
4068318136
2974948330
778254832415174656
2872853783
3727723037
843928644221390850
3900685949
858924511
4726724949
783237176842674176
2872259859
801179084105678850
866303510
737954995648094208
774145865166393345
22418057
350176350
3034656792
3044775028
4496209033
3147690692
783446346007089152
795561850377076736
348139814
4562159352
3044970976
3328007156
820287377054859264
4417323807
2561407350
636216638
74287341
865108359611109377
3107789363
865189772075118592
636586551
864994228522422272
2944953687
812607457805684736
1363206528
2478729888
814106925860274176
42886079
4242292633
187227496
1543758476
42950596
3031758796
3282859598
1340658163
3249491023
3578130437
19910826
2898651020
2935672471
2195200338
2561639156
1613614777
3061900225
420389904
2584623744
241382835
574168493
58461579
47786101
2699548952
104969057
75974281
15227791
80573817
33558216
784145225132322816
413077030
2987813621
174501303
304679484
566259442
2595260136
1913890034
4591460474
377324359
775323950020714498
2967819555
3276274753
2654550968
2711169120
3895453453
3332218799
2371519303
3225993266
10228272
369382647
87540042
970207298
19671129
79699393
17810254
786204614949478401
118450168
3402909411
15318717
525264466
500704345
1093090866
818876014390603776
1536791610
822215679726100480
223875923
4853065283
2752775016
838232557
1330457336
23022687
1339835893
4873954813
216776631
532120306
25073877
2287452872
419282726
437208866
2479419212
247048493
23799310
26538229
369615224
120176950
1344721658
140457196
298047906
48033899
271060845
57339949
41675868
45943457
44984439
45854669
44991932
32887168
16669075
17629860
44992488
883407727
15647676
66369181
126164853
20867568
36771809
2325495505
289661541
3180978036
4865442614
413212483
887464646
2164792998
1023096199
2916305152
3538334781
51241574
3402985365
2161905571
24919888
3315930142
2097571
2887348840
1731627810
3575491041
302412035
3079401397
401075090
174716364
318375563
2980985844
4704751490
491451140
2485907113
3099478881
2792629059
2260373173
3244658580
27726303
46167548
3315312633
152347965
18041530
22534490
140233086
180509355
33051095
15088772
14815685
73740942
1405136923
3854050456
37728290
2962282906
10410332
2208068226
147730268
4077120075
121620459
4083292574
3069907316
4166494698
2522728182
63135089
2990077579
54667032
46970693
1449904334
213610675
1071537984
3306362990
38048681
567415275
416078123
16042396
2695889263
2902123382
38525674
495088169
8514712
1433499571
36116203
1612417466
21204465
89545649
320809931
625600899
3436572837
392328306
448552985
3365998689
2812279759
338407260
53061194
41105978
19210200
179238518
48473838
21119490
16861666
16892497
3301860092
3398173690
2402328356
58800236
415822027
448858297
3188284244
3280329445
2218660213
3279001873
3131376676
3396565673
3281718428
66395800
2375456539
2427658183
1378117842
236115542
20576099
24879395
3044788503
3413096704
3351981183
30404308
36708536
16031679
24719390
3302363530
14749606
44196397
602317143
107238136
63951334
241133253
1169398494
2898279737
231500731
2848357000
68801720
166329643
343440163
403163083
332629294
249724351
1196881
1608950586
87441659
2330270587
14114564
3228601053
112143150
2186051495
2469754758
2753177527
129908629
1600814684
183329477
260416718
25371730
2876576177
300531865
373373336
473583193
1169993402
34985806
3146489138
3146552992
3121739886
1065002323
21927987
2847980704
3254092145
3298694757
261337175
599110041
390882613
2226694310
2823447918
2436509563
30568788
545425886
2950700548
3182278943
2260982748
2428538708
1578985922
3186775038
307220440
16194080
26113992
997834628
7789342
2374772118
153567287
1456140842
216094888
3119833648
3173845605
2512699368
288859635
3215195464
2591230675
25423508
3176965452
1003857624
59216679
3168933706
2915419521
1702148870
45931083
2366063815
608671507
825494870
90541262
2720124552
138360455
34331475
761537743
1324999118
1455085741
1443654878
445269672
1434623904
429355651
17025083
1637356478
2468317579
89750082
252233089
74222189
15838767
87278028
36452048
586284452
24229787
21982720
125767077
493889332
472100916
2149740762
1480051292
335939454
1652460752
33894253
1453596738
475856934
1689190350
2410859022
2164997576
1915844006
733366621
424261445
1266396080
1203814418
191233793
1094822342
19719076
70939654
59025555
76247765
114194502
138042003
461907696
55448857
80796490
113079214
45737765
377161057
54615652
606641217
794954360
928122955
1283364313
1339793101
403703166
246423297
2484480662
3004114925
2985919333
3058922781
120217148
119674486
18766296
427958206
2412996553
17093617
74110421
157238495
43194755
586671909
1393913821
229263575
169858305
486533584
1418666382
353303455
29946265
1335470587
165622311
18109793
13866682
1153695775
22587230
1680808735
284649807
259403751
132457813
176737995
2268491442
606549267
29260909
26766689
209579247
24165633
853778569
374129770
1542076646
204534939
123647589
44629131
1604444052
1656690139
1570608750
366471407
257869723
2656622732
118748787
41445718
2409489144
188395975
702374956
2781313272
497267149
705642624
360667833
16619709
2905618032
1861310684
33932801
3075682462
14499829
14700316
426846099
69231187
33933259
20646711
14159148
2321272459
18731529
14923580
15738974
82239511
1730159762
165896536
267457429
1263011048
926947290
2849588205
1551101437
455863225
813286
16129920
29741175
15224867
2276774694
2279796104
3017945040
3064126634
2438638334
2153110063
107087487
846961394
85657467
2207482296
32340023
72769277
1227920058
72510159
1887590629
2902176931
2918357450
1909111999
17931166
480403547
27596259
388345704
67358777
96102210
531560179
18949452
14293310
91478624
5988062
3108351
76348185
4898091
65467883
1893926666
2944632993
17248121
34630476
26485107
57484168
23575322
19402238
26250872
703477495
1103376337
27697670
334798072
501109697
17669267
534463372
410232198
29355352
69775165
228034810
69605342
1542475838
487701267
1539896126
570116176
725775710
387539520
763674601
102397497
1202793056
1170197372
556297194
10286782
28642017
37595712
66920732
76750204
267449695
378746121
475165737
479840612
118502453
1007905507
18822677
179657772
50516203
380602156
15355482
422305556
258841527
436090381
403116484
317187060
46173011
393303530
18932935
17939037
381119370
771912380
19447334
20329672
15942016
244198593
17793878
43303934
18736652
37497442
53451788
59514202
19130934
21866534
15473639
1176718992
50726532
7215512
14266598
120181944
16958346
19786927
21786618
65431632
15458181
333358161
47714331
78361556
18689000
2777771965
17862883
213761901
3459051
38146999
14559745
2910289800
2788422103
2411638993
3084672796
19744450
192947025
61973225
17410047
847289161
3058953844
15897147
594003300
156671800
3012640642
21508112
14777215
479659166
41462876
19459772
366251658
847984712
27889718
515784107
8303022
99144994
14283618
85544492
320268301
195960887
224759504
517930471
2512674613
511157096
60877603
2273295432
18726942
18786419
24457744
402224702
1529528923
590068644
30038587
193564173
17787705
15309072
38516217
17918561
916735110
83689696
17296792
5031151
552985513
2511485785
2815973198
14050550
1877831
2304960990
219612785
2224296194
2901245151
19740592
58550415
87374085
11855772
17134268
42958829
8839632
2493550574
18812572
1259839165
86141342
759251
2884771
15754281
15012486
788524
28785486
18646280
17831464
7587032
102707504
14173315
6107422
14138785
189253902
16343974
30258963
16973333
33602654
87818409
52758395
2964980931
93666150
936018564
20882343
16725824
319025793
608727547
575008563
525040889
100659372
26970307
53551113
318784133
326387782
330745828
1540251180
2411181876
2510354965
1586450540
61702711
2543655022
2507266000
2411224615
324364685
19133788
2201656872
193006229
454342033
73579245
2207734652
2218112330
1358075042
274587763
230571345
1108132069
49125569
100031531
132669595
2177297509
2203429290
1619747569
1644936199
369714224
1507712112
81689808
1390130352
1117057232
1153860414
333650438
58554006
277431652
629481800
1338707694
14682928
2784310897
353351141
2806585812
2561430164
14994435
2795974143
1382094038
2902972733
2897394917
2924510000
2972616699
374191244
3024536342
293457093
1948437924
2914147707
43089608
5402612
339213186
1652541
2817804693
34648934
2214956617
469028641
2555593868
65134016
412933559
111305843
206255645
258847118
36711678
175494198
2256689804
18198832
373526339
2507527267
14616022
9855132
273724941
87706747
15662761
15431856
87657446
84061224
54546430
109379148
23636580
52889950
18950681
18049298
222863886
1912459310
117662694
24223220
107172099
104201057
20060293
236510643
1621268653
2298329372
17292623
1138959692
159588456
153488120
3428161
85915680
2290299360
236509450
28382686
15461733
2156090672
23841368
2736511861
474153723
915265088
34305774
36184220
38477663
333466240
2427734304
234525371
50393960
564585074
2932198839
17451742
8161232
12819112
31999403
16955991
437732852
2203237903
175497652
2705490432
19918353
18700629
180463340
166707531
19325156
15639642
5360012
398963620
151370286
14786217
133880286
2344211519
135989682
151511356
854354707
255489796
31094727
17560522
298992506
19255050
14677919
375814528
476343348
1685189220
522593098
129995265
16461672
342124300
559014343
325742439
1633353085
755163745
360018706
25616208
1949765972
1344951
1657728668
70783536
14358343
96764224
289506239
607354376
14116807
1617772956
240484546
26287962
29506821
19711765
39522692
13787402
95973332
15473958
135316691
109298652
1434411697
823905
20556692
956177845
283273730
171881218
175204121
29603142
26099938
23503181
422921053
167123941
21950910
60862771
15234407
57043553
16926572
41572208
27273434
103887642
28097924
14085070
26047448
178920967
158414847
454313925
14603515
15475489
29774968
15822969
19175209
600438948
16303106
218951054
136947094
132655244
14079041
12828572
549586100
20068053
110798209
93094538
386270039
17918545
19539314
244539931
32372834
19722699
18567018
49318975
1385109458
73015979
1026475700
282111635
234049109
44418062
57625403
19767193
487833518
15840665
16029780
15484279
16535283
34113439
19344825
13142132
19868934
119521385
14207863
15762845
65987618
27642087
10915142
15292416
37710752
285125151
93248494
822215673812119553
30313925
70725281
16438248
33578432
137924400
19799873
18019555
20582958
18907371
198020721
23759291
70902048
434658855
35549780
28583197
240401764
65415372
71310291
17193422
146469194
277071665
24245649
11178672
17156000
807095
131632273
15751780
66182591
19940791
93311675
14505838
45577446
16619904
19658826
3554721
11348282
15110431
14800709
82208992
33248363
13201312
16817883
19725644
25560255
71019945
17220934
14750983
17758502
7159522
32515106
44442099
15737554
23231179
18244358
23638544
15575625
45998531
40910889
16878156
189239468
14858856
22984215
1135183266
17998609
468535521
91981625
561456863
417511132
15438913
18713552
343203395
52729460
130431185
145235547
312355843
19302027
342061820
5392522
69433941
52914984
38738109
154077730
22699945
236895991
48307930
25623134
15439395
59460397
27740227
14634720
15208246
8295072
14702533
19659540
43730066
16630098
34716719
17781165
15907720
15794927
45436858
19927627
1046661
742143
612473
34743251
10716292
48318981
193090142
281530541
17045060
14342564
165839533
87985449
17596622
71102748
57080571
162113632
43894879
14647570
15143478
1435461
15492359
67122482
263241328
20380282
83934486
476185231
34323397
40036732
59362595
322824885
15428397
34321294
94202251
29221344
324350618
46473066
97701898
19990779
113422269
250519699
22029553
35500368
16027546
231640101
67353989
49252701
95315192
85095636
14199378
15862891
17471979
20038221
34554134
16895274
15165493
621573
8963722
16245822
39822897
17842366
48799978
23962323
12179912
23282792
26909223
94701901
65695152
76845113
