3172480883
840157926123741184
1405149102
1068172424921915392
1137976395231944704
101772407
933401898467475456
839143573471789056
774063303316402177
198824316
839095915847745538
311052101
4729632800
1064905544820027392
1104413274051887104
109379148
1083706891300163584
309298363
194162292
303737706
3298326942
1019952501259423744
1636672459
794362899422580736
2489692582
546092102
942050009993875457
1113497436197203979
1108018598117892096
1363508408
355036400
766647415076229120
712140591568691200
740584147
2704715387
986464391829716995
902663675927867393
844628349381173248
1209887330
634109297
1150510715217879040
397339470
380816062
180551057
778208387754582018
3142198312
216567927
982443479014957056
3300663439
3644607027
2841966669
324401603
2445187830
194736198
2447509903
2824416733
697471352761094144
913087533554307072
2532874603
4218870371
1089911389785858048
1050227943656574976
1124327618151686145
19939208
2489658036
1131517183593537536
1134614988545507328
976579381970833409
1098911568681725952
629840512
3408522737
14995355
777166253370777600
776834692171563008
1070185213811056644
3265970798
3824505155
16730956
45500703
299808198
2301535339
836370398
1011175436011704321
2518188439
2557134968
738307479981805568
54100811
757959218
2209641480
2972507477
2740276434
3727211055
910532628465545223
1117852561
2308970509
636493935
927551444814909441
2330727022
3198332901
411012219
2882775016
2784578054
1085930877471940610
1085821666746384385
3260184871
1413699530
2852511328
65948289
1106388104468783104
898610519602479104
440726737
865720380417343488
923658317813174273
1105582854749241348
1021308800144412672
1114541744656461824
1120578632940838913
3150929386
1566695754
1070332699263537153
4805461477
935230030237589504
266832603
885436655280287744
1133653096889049089
356949126
752417337085718529
1029134731269599233
1056854750262710272
1139623033960898561
746160213745614848
1036186204750807041
2979908745
347885724
363414935
1663219249
2508480940
3373750636
1087423447238668288
2573045588
15154811
615784548
794872840193449986
1193210472
4518947594
1000483839800627200
1140949951
1210825544
1032502211152998400
114566919
291891944
313710209
2728176068
3345455188
3406151835
748524541958303745
834022472068583425
15509457
191583687
937191289
1580548884
2181992496
1042474984617082880
14507726
337194364
1632090733
2496223128
2301852505
2815387200
4252556954
701410909168803844
837983421666295809
959575021961199616
242155735
4698012248
3438875319
1028470425607655425
58539108
63532749
758993537035673600
392783226
2510674098
3082445441
853311690364080132
498072332
572976044
2686226078
51864911
745468122
64454976
611711047
3254052749
2846662954
2977077309
1617780511
301231245
1954003908
708758235306713091
14682928
711869585188900864
2695721696
740924832389332992
1927771622
3292080075
2484071653
738587018192556035
1923959160
1444065481
712707313757360128
3298149091
2204143046
820100540294111233
2855133247
887079653168394240
257778230
3244603341
4491591515
872731755924664320
795252784727781376
1524366572
2614934743
263421212
269559657
1122454150619516933
359962102
801001675
32729442
4852816143
985503909237215232
368438268
1071792462216204289
4207678398
1926352591
206001945
716857723380301824
112475924
1067492722053967873
2658107287
19337283
795183356115845121
2344254588
3010404323
875401256310853632
1047595528647860231
2169401455
178335736
265522609
47890200
918831349
1036293827777179649
143086518
863459517778055169
1051134270931120128
3030236116
1576769574
344991832
491671250
818907239612379136
1628070217
2327909557
738400221261123586
937871858065534976
991651585339125760
288535829
3938645177
796306091600658434
1435201110
1471965938
1938608077
1011426073395920896
152250971
2842008995
791265950372855808
15639362
1142039527
2640005430
2877057597
825842958989537280
856479442654384132
963006828572479489
834341707399430144
898671839861518336
276736172
449522292
519215978
759164057857486848
1965467299
713403155258585089
894883354025349120
418317904
55023429
24805185
1020332105233027072
889766583425527808
3177862021
753322925395173377
3100112243
769674701211697153
258549966
817104580383272960
948631778041851904
239073354
706821980754989056
893433700700106752
1013553715440246789
631655257
713761121560170496
3398624303
742696111631171584
763862778276941824
779843159870279681
832687134
731030031674183680
2706720373
3220973940
311652116
829403994866982912
1096090524807819264
1019017882385223682
1104396958851055617
1080657745622241280
1004814809530097664
1083341393349742592
740179730486398976
980397570412482560
913147978596126723
2418111247
2678291820
1267766977
233686855
320301501
563954898
2980387427
755881046143561728
1098838773943676928
2977605953
711113505383043074
894578209198673920
756906668357713920
2974901955
1908157021
4218711664
729384926580228097
2194880713
2458451639
2320917588
704933158064693248
4843501696
2214371094
267618565
4093714692
891750986016075778
827190083669356544
475232719
2876904239
87706747
1516172215
272054444
4098730583
337352020
1895124158
2837924081
1125209510879145990
876107494740955136
19427121
796380767173505024
977845985392041984
334969657
713393316721737729
405455496
743343262048477184
818045278968131584
357606753
824726661513961472
1128613069997920259
1147086659181142016
1051813312986533888
3295991605
726305556
1437690446
1046809029622845440
2834855547
1609019112
145081111
2766441176
218937844
3956671218
804359759541501952
2599472569
1666030117
2190989828
2774054918
2912462344
4763412016
917876424
2398356840
968773477351280640
2898589041
965603846125969409
2865048414
886605157173256193
214592249
705505600382373892
1064407758529851393
3058429835
4226832557
916774522795315206
983477283993411587
1072436294264020992
3346628169
3236400829
2429315286
2252533656
3261095767
895079258
2885733525
634705710
16922298
393372142
70805681
800253110220300290
1056035599956684800
4068764113
3092194134
880338901
2205273962
2765395839
3238623796
1367493032
922151444136054787
1876472126
3994941975
820842758273384448
3318259210
3369058552
753115070339637248
711656033777815552
880196485
2864605577
378259736
3165970872
2965040686
1060549710832979969
3247216154
745382500420063232
849108131518881792
2486945543
3330492197
3397199002
761130822577643520
1045425580391505921
20458261
2925231820
888000567720718336
3020227981
803680877343444992
861964141531193344
4496209033
926140076974895104
4922659812
2318123455
934704621821550592
738246848519933952
2668359810
804266654985285632
724629243045535745
937828034073128960
301890033
4699272343
922000254
1065745614942613504
756492602954747906
2464872344
816761701144154113
120029735
1881947150
2776209289
303362029
980179617951764480
202333852
1123692876486119425
528946279
545362698
809459831702581254
733398065617338369
1081241474426126337
20149585
23935948
158751673
3185339700
1126542810
2974862175
722213426
1652671117
2342340596
75275956
618966574
881369844
2601276744
4709797396
46694955
2999794407
1026812279868862464
1110437422456811520
2883988803
78962458
148404776
1911165828
2849209818
2369203783
22421578
2358451860
2427412532
493616041
565508453
1122908162338717701
91206387
725998224448884736
492099769
1037400382610317312
3061278239
2764741506
928342358
1372497216
1008945348348346368
1134925528740159488
1037986411616657408
4926409928
812026954434154496
980074459590725632
1089237492409266177
721157513190707200
542073053
587927961
869982661
876785518742319104
592358235
1551091062
2853639446
485543916
254570191
394879847
226727570
940010208
1151549743421689857
1059508617072779266
112993329
1330035655
1148549583141855232
384467691
857195228704493568
2829293411
1005030497666420736
1029269720502022144
3081275871
29843060
769428806
1736490572
2899384469
256007924
2754861219
859887950
2827124728
2542775074
332960344
995040188110917633
944961186
953675101
1140561365238714368
1052559451855581189
743439804
1088731960145530880
2677711988
793862158991982593
1600631118
750698642370097152
921820669968617472
3121320892
913001865452883968
918118818228199425
740340492
561472527
1228389366
726962439112151040
118965640
4877243555
2605149764
854347078025216000
4169253981
903585593392844800
908528573496954880
292215098
993299449471426560
805944220066398209
714612211
722337451281395714
29623710
22760030
2950361745
1352897346
1013724888652308481
2924647935
81124966
870148982747656192
107037417
3577912287
1013969653708681217
4726043660
729656838086479875
729343938952302593
1648623272
1032123943295959041
778623007967342592
1025427551588638720
1920097994
966972177571569664
3032777746
880695638979227648
432868794
1060778737
422225183
1157319619
961288364606480385
2459427717
3375841571
2172344859
912756756316553216
1898311242
1092783122842902528
2555319636
763337844601544705
978367903392202752
3162963208
893466730105909248
2227329702
22171156
532667370
44423770
902547334357274624
722709051956727809
766731781097873408
70784139
258581867
724656489047187456
911230320325812224
931273259999313920
1128158782263947264
1073531423137718272
2469361567
1376635945
1746228487
816005520
780520752374226944
1047886864768614400
196284621
770362425124139009
2599651939
922575083494920192
1083758851
627055000
815753083
473290514
161939929
1475290080
931492093876465665
2960977437
1107989608657231873
714661873
1054013549545164800
1027490519885250565
112797735
941048190941388800
1062874223566249984
2643941433
1050006298195058688
1117821262984818690
4925558536
2741796854
3733183601
413037601
973868155977322496
2651230181
943238593333682178
2610218390
871785866129285120
952816855852470273
258827379
56205410
778897235140612096
712636297559588865
88951303
747400445455437824
2167217840
994241515538014208
796262819561779200
1060401647438962688
1050553288272146432
809332847857254400
3401726529
702155872714235904
3102782843
951571500838146048
3569139149
3971094687
982185308547502080
984377390414655488
1035112075318714368
4830877259
999901255
458396362
757702122
783965762167902208
4177491867
3021744465
3600131961
2482300296
2916397079
4745444441
1069902407075807232
1490781727
126648937
2245260207
73911886
1069943685482250240
2302662265
1040352514351280128
1702688918
836364800267534336
1363206528
713648564
778995726298783744
89719937
32378628
459299546
4919055400
164327432
917345711133544448
973606112942526464
985803441321795584
999255609873764352
1051813371635556353
4209143039
799239506792775680
1051813270066221062
800089862959267840
968078823270047746
3522395116
1696908114
999878083921428481
1685136618
790903683315884032
3955654937
976130443278999562
142649595
1037730211943591942
1029584069770788864
988553822699229184
950641339770789888
2350510640
1037710593485144065
948827395364179969
937724473209262080
3600094709
910906101696204800
766633109295104000
986842813357789184
948103112039989248
926205564039950337
1641282108
856148305
366037745
1372130516
591776330
106364904
193301414
1379662802
1014958173571244035
974211012525207552
2983779773
964474616205987842
532311979
4912784428
928505080617275393
935235464168198149
1633863487
72277900
950817304769712132
4209098729
1012729699586527232
1619197478
4193254335
805849280577536000
968604490617114624
883198123157344256
982252675784892416
999242336222801921
951131927813160961
777929839588368384
837663068846972929
956983686670450689
813877733906415616
835107208933359619
3972449055
2445003570
104759192
778177103942545409
874351069194854400
2565371911
1265812212
3297771324
3242998173
1278011
757582060265598976
772426800622362624
841981971383357441
929045102349123586
1646363576
973168315093876736
922441290998001664
986151422545809408
1704035064
943720379452919810
1212077382
901189083438907394
895597012476862464
954037191667314688
193323223
864430981
3457800977
3320495835
197270143
73552691
2885236174
2885262166
3110777490
717707139041652736
1545031921
728352151
852039852
634348587
1097934120
3234601428
519697310
177502839
52119917
1967789168
2188294226
870349090168733696
777930651790114816
770716964801085440
877497858152333314
2290024064
805814384694063104
280354655
3186124933
272931538
864534270701916160
847948221699821568
3230913152
856218615942696962
739149434961965056
1158219122
935246592633901056
3869951835
843032657474850816
871752513741094912
1288574072
933769312292294657
3537346763
339016530
4187687592
4911338653
840002166
210135664
473281815
3326309817
595972617
842358761947844608
804765418703437825
331521853
2476607019
783033330
3430086047
935517238165196800
928271775158353925
931824069061816320
936274679001681920
4295232734
3934811008
705132963718176768
910059226550214656
561608343
2833024980
907628340558823425
866888986119286784
306107164
785922104768147456
473281149
2298240697
89064461
242604682
3143826682
778035795231813632
920293420723310595
2366590092
3696948257
1972038002
2811739274
824966032150429696
707858953
824267780715323392
859420197194653696
3335278623
907534014902390784
900727360986730496
1573697186
1038102601
1710550544
247781408
754937215302631424
458781440
1949132852
2893910482
865017011784396801
4490770458
116500726
394653949
760219575178891265
1072040449
906952118363357184
800507430849286144
849666375920603137
750724296138452992
885882167557009408
241457975
857990644840706048
2401808527
3883327000
4713071489
2271513628
1676375851
3420264034
2935832674
1912320914
4494517461
2445159337
607292914
3869397681
2870628395
778196370515787776
743896248281759744
1682730312
707174959
877927500868923392
3149100370
2351420100
815187427614748672
1104327679
2710284091
801144979414544384
824339576391159809
382495183
856047864
2815708629
786257259936436224
3389565215
1127539214
216496607
466626618
826461772219613184
3524383937
806931556258357248
831429203212005377
2739219534
831821306819706881
847155628367921158
3906051114
778902430985641984
793925332030132224
827502528
24259724
4582598836
701774293173010432
1568891582
559827722
3434628838
96338744
780389292195581952
2333391162
1524169488
882545322
167648877
3226035461
1630635781
773066761574965248
771801664877686785
739939154939777025
701510478686724100
4457852307
2888229772
4224759333
15862891
583673433
475893562
2422069248
4200716788
2944196811
231244706
215915760
3063982102
2797948887
2482585992
793690686
2250400477
47594415
2384037517
3427562787
330672677
490664491
79321561
22674756
1352628000
3249511269
1856734146
1629921704
2866211152
2718646354
2196020286
3208428959
3187022597
2882277423
841959128
1154354713
77977848
2920210331
2737465695
1097898625
56401053
3001034795
29477357
2204655270
2317996459
82511810
3290103249
309743396
986211042
491376236
49491411
20026466
2190170011
899620201
2893201804
2778306116
382945026
2281259504
1630508299
142208545
1327626942
857955524
2179791505
3020299201
816471540
2164559623
3063870537
34324409
2687213906
144809872
187880099
153916983
523433085
1096453344
1015364172
20507623
2821205806
87656389
258847118
224991073
27596259
12819112
487833518
32372834
52889950
18049298
2726694792
2767552191
2771894656
1325304444
860391206
1946593927
2761727455
1430212274
2421094333
569423891
1448304912
1948935782
2696727835
439872623
37911594
104266865
562495967
171177649
2915144345
