242906748
36711022
2561761514
83395241
2242115516
432015305
3318332379
4236098699
2822725511
891032200317202432
824979858178633728
87524646
370409954
68186330
1136429362260131840
226281624
62083378
907111405
739216568790355968
948479372486352896
26589498
421914776
1016034262934573056
1069045039
932805374
1375825160
326061223
93743929
1118040757372432384
17159693
449969696
1210084238
42964275
103758476
424615542
18661854
200471093
87281237
150801699
985759850
835478222670344195
206467825
23709654
3405759604
444398289
2516411185
2864605577
3062401109
757661593
378259736
936600227561246720
940292867607625728
31380207
6718372
222914418
1583834172
1274244086
257319757
377069166
990344160287842304
14317810
862941805
1342691604
933409617236946944
625413802
1019017882385223682
2891601887
916517473473617920
2402131898
799297289659576320
297395066
721332934314172417
916705923820908549
872469205555322882
967072664450977793
18847619
604633290
1005478378470690817
179236369
861686077
987849932
3097232567
2716416420
1125997980
410380828
1358554022
1106941023803060232
3131373015
1017960084976988160
402325237
24127752
16017475
937560834
2647306743
2818770726
1100077674
2318235614
18341767
1024734003549675521
23198065
264382869
604825898
2348012945
817113
27774296
266768760
27658503
18300353
708420148462399488
14729597
783792992
396730472
83330531
286220143
2995773281
37360694
1427250300
1114171052253487104
776584396426149888
868558446
15449137
1111632086149070848
16378093
2534553391
934592936
160370626
1422923408
2827874779
2201024924
1059903224361172992
1272225018
991509181109817344
860053916842684416
773531503556952064
769235186160640001
712188548649066496
1086037534176473088
964877485447045121
1573452950
1039160667893202944
820923823
14512581
1356861042
2900146091
27768247
3837324801
3910127533
891489280861904896
477633042
2175101088
898989307133779968
250349129
30395567
221524756
3941446332
22252971
754273366207496192
233721185
881650677797330944
19767193
1196859854
848148994102611969
1009473590935347201
17732153
760304697622171648
29717083
1128468090
4919745501
4918315896
905207232769384448
519697310
361896869
775350837321359360
15154811
285165232
114276080
2154127088
15854178
63990666
153154454
2600652564
164103265
18278629
1209269348
21338827
3816567737
2168821920
1394399438
872835650134978562
1021155515001212928
15694870
3166299064
737303525168930816
461007861
4744822349
2999163531
47370717
21712671
403109324
15590422
3787654513
400792849
1542731851
3511430425
86837398
86957393
626131021
4303497252
5417322
3250007947
2863851489
3407922261
249704564
2464333507
365600467
2809118824
1033045231254626304
1048691504238219265
41223126
91209580
726084996675547136
971692391328395266
1062013004676587520
278110774
16998179
412127340
3246132338
140132372
3252975804
890592206121308161
176947970
483591072
195409453
1055079392
510464011
3660268158
327697369
3638807239
4330345357
65395081
266790217
1374626371
87837631
16912124
2587842343
14869615
138203134
17387342
16515297
202246359
631929285
82511170
826111302
2949582959
251918778
22659623
217942278
20363222
228203181
91864156
1662455874
2723973808
894309938583023616
818165238533070849
50668170
55249281
700581917096173572
932977485926498308
2941143578
155916643
3010814239
880163759150333953
749337334303383552
388683808
279489261
579382036
19562228
912681222
719944671259013122
2424151074
63805060
2507796164
26205027
1629864740
455378333
59838034
96609456
348785149
964589255719731201
863847754254221312
3091527256
201488333
16048320
3359683637
363375680
90169053
18985501
1221025892
409724548
820440251390824449
1289674926
533220539
59126394
380816062
152862026
354278144
703459086445056001
394592363
716987719
575905433
112475924
16513335
20490879
2573480784
276505639
2506786832
3880504395
7334402
179832282
533475949
54490237
887957243567652864
306539350
76456971
925890084410482688
319769408
80870419
307506039
115050842
20772763
635615067
759481842814726144
379177598
820214966
21059255
64947724
2380632522
123122671
1935766760
369583954
792395396
25508972
2569574719
2446248068
1152654914
441147218
1957530440
316389142
455288410
171968009
1539765654
2849718495
703136691423305732
2980243631
858924511
34247411
3189001238
21125133
23226821
18996951
28472888
2328421
29769998
22640143
867345355532230657
853009507504410624
2826293340
118958605
2272344069
325385270
110263832
52488565
18208354
28694307
57047586
126716172
20015311
18978610
598186321
1694040764
1480852568
407395156
47336791
233842454
22465084
4175352377
1042734391
2163374389
817270221236879360
821782476515409920
22762072
8622212
36686040
2372202445
299273962
15684633
17108182
1940581
233364902
86626845
3121174803
146502086
41712825
19416598
3430093433
234947344
16130330
15234407
17471979
293454662
322347431
148985741
2575205850
23034673
19120080
1064477964
541111860
2366286805
75332287
1155742747
1452139974
1678452938
163452695
16973333
1613173903
723185462022565888
29201047
796910354781634562
171598736
17220934
824320219866923018
1077017899
3240143771
30354991
823565852922576897
314563166
31611298
152400439
24190981
810219551954702336
2402089580
23103488
60798114
149072907
1536791610
507889608
723200033634439173
3410692252
3018556720
158414847
46335511
407730106
2851146208
201255391
2517804000
1552975266
2777964501
759405823
284695423
541647061
45037565
21439419
25930038
2419784509
768286899781853184
926684976
1057745762
15631238
107440486
3285632772
15808765
39634561
69004966
19515424
15143478
116994659
19697415
19725644
324158483
928481
604416116
3314504746
18329409
52950203
2865721665
56177685
2862441010
113038982
20306461
72815530
14260960
1868925908
1264823203
19549553
2763499397
33614600
14190948
15164565
14202246
16314021
14177942
16378267
8936082
8192222
32692078
88089955
309162907
49320571
1244690102
27122310
95405884
352947624
701534212
1634124475
1667958168
2358458358
398909521
2451984590
3033319909
3119593251
19770966
156077913
624882436
225570481
950730714
20677073
28206776
158161290
311053528
1531871191
2537748403
3118991115
3191937334
1376582724
338240032
1048472533
52915629
21151964
50206480
45952542
1961077868
3010891408
1891806212
739441686
484198547
17948615
851538164
19909588
19402238
48269483
2982110165
43586068
397786464
382425318
928883497
2881600714
2891252647
403578185
2176278920
1896095874
2305304395
1576363424
19028916
316327930
2703562574
2584082934
2404903332
3091799727
21473405
65172937
124352777
302721998
379827883
6450322
1961188842
25087685
15134240
