1149942961
2217401528
784397947374964736
378259736
16819847
4831192811
3258945619
885630102444298240
3322127785
218601716
706071106793279488
1032381885987663880
2860455036
18170896
951883600579964928
737854876718338048
2595873780
66660156
1008376721454895104
1052618467684302850
10328012
1006015254873112577
289461078
1090838164766220288
247125507
18255854
927597307708796928
800459756292882432
969039192196988928
610531777
1292221363
57133627
26138276
195618686
824315865319383042
1102572815054704640
39059095
67738501
1707210650
3152272693
501293211
436715598
2816990400
1105121003296997377
275560724
854689591634382848
1104124837801455619
1096113501716840448
1045535450419478528
1103784900921094144
987397964854321152
971930589946368001
19081010
1024289999745900544
905634029793230848
1001512015607861249
407395156
2899414101
1050894418750918657
1095043654060785665
997040168
2337286506
155941358
762728646
35941656
747166740904296448
1087419554379247616
71563476
52853043
148367501
588770591
24223641
50195142
308806079
634785482
24212723
26929440
2875771470
18622869
467924781
813286
321197384
273098874
142688081
229514217
3338722193
55259925
13787402
19188278
19837528
502181375
14340905
872535409531781121
1023781707541954561
2353647894
105199334
16949344
472993981
42959221
22708797
42651647
25950355
68987936
124237063
38489678
13787352
15521075
17002395
15134240
15723971
14543569
378740424
146569971
18683406
562188508
20429156
32445781
264439476
30341231
1486733774
226598939
1910771
62902733
867686359347200000
46684036
1425685748
752622469144510464
40989198
852650748567404544
605153786
975006355437314048
367465750
1344951
21135674
852936862805184512
83384327
761172869695102980
189335628
4231613525
757303975
235162876
41204222
512266031
2181413926
39493467
1589179254
2348901109
852632068664078337
987338821342818304
850175239048790016
2467791
807095
5392522
795987811224682496
2510787637
1046553546248933377
18317022
2563516610
2788847983
17424053
53428840
810580957812158465
1158097772
2351741076
313140358
2661359341
4816230377
1268479062
2445899642
17997789
111218383
182361596
114527754
356189788
2733868394
1080627480
1596825955
822059688
1769551
55570400
1891806212
1072269104
130593516
2882989954
20052728
716288509586309120
3298054871
734013810
2435789185
849666375920603137
31613367
2731548984
47637858
516050111
3099330435
34021659
822954780
25351054
230061148
565920614
2268146767
561446526
1301516533
2590163509
2374087363
2484312360
9609062
300539715
3004235272
3075763750
3146762636
835306694
263423358
958296477444575232
16800330
2838660259
1289947532
621489211
14277692
956185091528683521
363443032
1416883573
36071281
731538050
136385823
477801768
36684314
27690050
264356595
271621172
