150500754
985749294
410380828
861811628794191874
42587995
25450211
35910174
50943299
245660950
582989477
28805782
6302912
14704119
1096535495293759488
1016779493992816640
1034590611616096256
606414342
602172073
976595646
92207619
357938248
1104228390272413697
25728193
1005166488
386056280
594180245
273238298
23719539
159931504
2366624515
952787329
769068
40601752
831626356278562818
541858751
18042754
1522696928
507341806
837131258
203054475
860862599407296512
756948150271619072
1038008614588489728
955108533871267841
17759071
927727303895011328
776682573401501696
848913193867124742
819194489801674753
91124091
14822867
732225392849915904
399804561
821402709987328001
814936856987058177
2288833020
256220940
4889029342
89019102
51752499
781526400918495232
419746723
403601549
194260588
954508346
960087021183295488
1433222964
435327701
186807123
201517171
1072651078091661312
24660607
264393558
808774010716700672
378259736
26642006
1307791
75050644
104255797
190817371
2810915649
2810984968
1050434511845171210
552252043
839639294855753729
31170900
2872693514
899077500
79293791
14230524
87379062
1138598179828633601
950377876586663936
438803220
2999987369
822612316474765312
90732175
996207487
145647271
519995796
2322580746
212621119
260795359
140252240
129337807
4831747133
568825492
304679484
18228898
1604444052
39364684
846137120209190912
785207040385974272
250887629
704896200093339648
223605846
113512664
38706540
96623653
24992817
878918050401193984
4003481417
3226603819
3106307310
763310874
819408729380712448
736134463
2227450868
2539935956
2276372048
533637218
3118283475
1403951690
872337128
1114427024536363009
600260454
3183639282
1126998432772706304
1093529355953889280
783776832470429696
2975740671
1199599873
4009632850
2409922767
1567004814
85428611
15416816
196716194
1074172890696871936
333898004
178005384
481290010
467924781
829881163472916481
824481408697524224
234395010
413802355
912988142
494668818
898133156053766145
163844242
13490452
11348722
5807512
14062485
3119292832
2388484242
17234452
2154127088
933088924955705345
2764811815
244627772
1875854796
19296624
3187002456
32522055
340613382
19213966
2467791
1917731
9300262
11856032
13850422
16815644
812021257
992541822122582016
737053040
16714443
14125005
3816567737
844520976759111683
1019341257162752000
562889263
955482829860868098
259392555
1042784596558073856
979346414852591616
869078592772124674
1015266554412519426
545452580
3353170821
750675490315374592
38139057
263031545
797599554870906880
1058269972768714753
1055918109209583616
3231321099
1072944174448685063
94907055
2588490114
492736486
715334865256902656
206943799
1087815884821942272
3240659214
2581454826
187987961
704880784482500609
481279573
111680446
14111813
2312423269
259809972
418968985
918137775177728000
908732016530620416
357627775
2983568401
43439922
14324468
915411620062535680
2872516546
46335511
16303106
158414847
962046472857382912
36843988
2151240036
37935680
86650800
15492359
14717311
47645083
409669895
1275209472
455684839
973389919501672450
17494010
216776631
15808765
342863309
476256944
72198806
30354991
357606935
29442313
939091
970207298
15764644
43412697
25375836
4196983835
1337271
67403876
760213207332052995
810619093749559296
26371477
16906137
1080251924
134497716
36770712
3254074466
842786293
117497369
472360377
1686740173
2535347664
36503303
2740176162
2602373514
750309270
43967737
1587068599
720306446
488856060
1551848816
226801853
851781314
384923291
1264697142
248798979
850041810894376964
254753147
159220304
221438405
602160976
948295729
45649577
148459962
33765031
248442244
3252746654
277752539
33569159
18726973
282122521
1086516333540446208
253340075
233386754
19397785
409486555
813286
50374439
27042513
47285504
2715115656
3063032281
47786101
580097412
2893511188
3223780374
765955600173891588
738796494
3400840175
1004772480446357504
282164421
823518894182846464
862430017430618112
969055368352542721
1002175038848516096
876111462351200257
259769700
350954798
613935848
1117656128
60637549
259324141
978438996
1337882856
2374693194
73299652
154341116
235280142
4794007640
2598405079
708328123528392704
863134543863271424
936636274445864965
38979214
1104117390055563264
33112131
66904150
812407771278753794
755608970
15971728
18874853
123063126
2523310598
1520948178
1176464378
414229751
730863697745174529
981906579791450112
76332033
284718895
176534879
138153462
2477278580
608326017
179155355
418875018
524663680
487897364
2678043378
56597947
911742595
303798678
455042425
357777057
1040752729
20527466
965439530
285203188
424536707
333738709
1855804052
938220001
436829061
378035074
1851644838
2832681862
2218463168
1004750750998847488
886019479
1105670843915530242
2667421969
934697235371253760
21405070
1116903364963516416
254189956
4854996696
1126518895861542913
392974702
2207822384
49658746
1124022707597848576
3048396319
2742739538
730080474303848448
402091557
1039256477012246528
289864894
319065310
2434245469
75378581
240061176
365085126
523190528
557017973
22785299
281582844
1023433544
332541489
2849745575
61638283
145732168
177676590
558223213
389110001
2550274932
3343113615
47779273
197146787
259822198
17651391
10842112
15411998
21713571
81955135
4231848267
746745695198056449
856216862178365440
857589911511281664
3236330351
2174803177
804480641505095684
1424621288
839582841470140417
935301052068388864
964220316686979072
3280215522
197901148
9432632
292511934
342051563
747111097476521984
2186460294
4128380188
3353907712
725076563302174720
3795486743
378298356
608732471
1454928205
275164696
2307667986
268881635
310425304
977204844
279644970
43545377
43998427
1568361462
513742574
749650176
1336844682
399526010
473668049
254999238
156314187
277332906
34474653
1004932530
1083022774350897153
974096366098989056
1007284936720740352
464056843
716265963373596672
398520702
384394824
133444981
1100959693441130496
2886461549
1069519605595557888
34267043
884683141
134953741
97605716
2395655937
2407041486
14715552
362915408
318912190
835038944
750728611
3370423150
1661058883
2312760900
2827543234
108897593
119619089
150977406
991823125149925377
632652795
1092880541026787330
875085081785880576
77757207
80855730
1104990067
291827020
1090072992
59746438
1570843004
845711790491275271
1573873243
786271177580740608
525402519
748096879
41866944
1030036866
750441050
247513207
77014927
68177768
1001581010671362048
351356829
17011177
402957663
50310311
22162854
17006036
587882373
927435694909411328
3415423175
749657702880583680
722884683722153985
1058760164
933634171
1451596640
216045870
30395567
72290565
208165865
392959224
51360810
23027237
6539592
72423061
970169474
1675855849
333284872
387896817
366606110
2895927014
753719998577860608
59949396
366116896
255747911
352145373
806630958254452737
2930071864
876468469
1568489900
63255324
705497665459474432
3122485046
1559340594
2871716328
3030631086
15635604
322822502
863172565786705920
353541134
600019901
115113945
20728561
2557037323
64205340
807689196
258308665
40302738
90084099
35369214
3154252605
19950500
131482972
178812809
102154232
100322679
1345393938
1319554081
4344752417
101798589
180463340
875048341037608961
760253367733977088
2856030754
22030045
825569108649340928
1146589092
56192905
15109516
147316823
3377585127
3377582547
540848073
17912982
1553104580
3994919662
726767006905573376
816024872728072196
1079104563280527364
971862873470255104
2221883407
382662522
16708161
382687555
438399143
102456961
510886451
94367325
293130289
250726586
293128035
33285177
85439784
243768654
14713836
2862767236
2459609448
43355844
61288679
759553266
203123011
23802218
115768325
103955197
612473
28587570
16973333
14209193
174860999
16026055
87818409
346726783
1116185762876338176
190710075
4898091
3898598357
4829972883
985629612569919489
49506479
439404718
69343363
19617745
25021769
25125905
438486257
342886228
35056281
365646378
415773647
15741318
1280439756
128963445
104289043
20732032
213526935
1723418250
2269280251
1082152406614388736
2257347438
963234811803398144
252204826
595027899
84487892
3017615736
4612856479
913857976892628993
942614154
82749787
201993032
1197019909
364946934
73136257
24784857
996911718675746816
337991139
484080238
2912133097
146569971
3253695240
16466864
2178443304
4328897053
22708797
14592723
23798922
25092348
17393790
2317885196
2388081546
52770751
252794509
196246798
730958460
2239561849
257209938
26157133
31220292
28500257
16530805
1920735037
1082673029912629249
56493919
887693897652097025
1092538025366700034
159184444
832711638700527616
2946792636
982325339912327168
764597838
3073292539
190459101
216894920
265748397
2887886845
790666229820248064
604817668
1460790146
784431023505477633
415647409
1154977027
770220542
403144319
770066750
1908383365
233976406
829153941455773697
1580783731
32940610
140879039
154259382
1611758551
4851369336
1656152912
506150649
62630762
523556031
138203134
35808822
31343866
903037565325926400
1499476784
399831647
2221830210
2992641569
1115267732
285444497
558624218
62513246
842544380439379968
767028671752175616
436773218
711982090741530624
1517365064
91420540
2876438080
150299473
2165210096
1180463143
270995848
137747317
150764853
348635506
279201006
179953905
289475666
19038934
17679977
378799537
124459427
14713787
18965790
59143817
204934717
2818512584
480124426
3930962773
263478459
3319286039
591920938
540812894
96056312
21238552
627972396
948377641
1128558919
158529101
2321632958
1241760662
1343036252
1117864874
51241574
3236421127
133143463
34036028
14522546
24000965
16044997
15846407
231921391
320997410
14133286
14293310
2413489249
5402612
52084211
759251
807095
339718674
742143
348044335
69231187
16153562
14700316
14159148
14499829
33933259
17137628
120153772
25581439
743585142
1339835893
33920667
48269483
309978842
22256645
28221296
500042487
26053643
20606805
18745857
1702710506
19602869
15651878
55286805
34738598
18999854
80030500
33284340
21110041
17074714
2236610598
564156066
1580480996
544369057
2970247951
2795128675
149188389
225218959
16423797
322603389
341842126
447614645
308556440
16397147
194569789
186154646
832011049
132647315
190835665
259826012
20729576
83636606
8736882
14260960
93714983
180000404
23002923
13683952
16926550
17881732
27947088
14216661
85433682
15227791
36375825
14079041
18999641
41353531
6433472
