1086359469921955840
2367600529
1139957672525086726
921762172186832898
3383536403
3111733301
717177517287809024
18393773
1097717130689011712
1109561898196844544
2148009361
16491676
86712827
19596074
1148206310921392128
958321164048191490
2270376266
18513101
291405463
187518287
557068003
85728309
239499378
16931273
25219709
38798614
2306896992
141328091
130834299
158451341
1020952663
35440377
415075929
349142818
61354111
5687992
42338524
41509348
12267642
1569453656
425709441
38359576
716145348
58171977
4201110910
3948479302
198020721
2248389990
47605629
262404381
2986365749
2154127088
39935691
533116615
378259736
249329330
625070495
65316869
2764466482
182839127
203714426
2746341887
14088984
20904490
102417054
1096058449
407476898
322658299
13250642
234309722
152713253
1383133224
1436382126
63272186
2792340065
355053826
37149113
14852707
271331718
77907514
10328012
999293378
196458749
14448779
7093352
1544468570
174847568
636216638
2828796622
337318821
1240034964
2401608757
547397219
83925672
141376289
33773592
320376718
17791015
2944953687
1478030580
2764811815
3478493906
1060845785686949888
2311907160
382893972
915304123465109504
121869155
3975293060
130370549
163164096
2833731503
279797666
3865005196
1143306289
156605615
3318578529
46884884
938357503116693504
4170517403
352350070
106110405
2269616103
1716121
14129586
193510146
996339746082361344
928201366132142080
808105127110266881
272145668
21214383
3909592635
927984814900342785
1339546398
724259734543581184
23273202
951434185394225153
1215748879
1036760985586081797
1014994110040510464
739117556137611264
250560251
20860695
903904045
113463725
960783328197488640
2159593434
4901659043
16269197
1128188674561196032
147610674
14143950
44395991
973680624719597573
1008396601956667392
61802282
1118983226607849472
1121723328291643392
870090583359934465
19101935
894970070358564864
1105230598010998784
3194651468
951901508349628431
1012095597896085504
17808891
40575319
836683683067121664
1579783608
2211100392
205385942
119188682
824054405578100736
165551457
132266024
1054919559193509888
1654222519
3311706530
1006015254873112577
2789884296
898624737298882561
760513107185860609
864926050035400705
1116663784385515520
1117073779082104834
1017083766458736641
788677398472560641
14647570
3138208817
1689320334
2740728222
860134005567610883
451779219
972249961
223794076
875362433195552768
1388496048
573184119
2461784317
2231600293
825537342031093760
168482655
410380828
3138111937
210233289
842164502422417409
178785518
1111325763809304578
2701073637
34169085
727434111040651264
824000078
79923701
25728193
506334488
3300876766
45704206
4898843075
988159596987650048
271058786
60919433
793517
14199378
2332208684
207598886
15416816
1083348632886161408
859590569856610304
900253694255616001
836929444795273216
4388336188
1067490340284915712
2201989099
705441875575054336
758846053223243783
217963801
920346851496398848
1062194825062215680
900237846
1028971135357149185
68220013
14499829
27013292
38489678
25950355
252204344
3342291731
20813165
393522506
215513890
2690662052
112475924
15432179
3223426134
2727517511
581076102
856858808592814080
869343629231374336
372922391
951604885379678208
3236623921
976947593929359360
97740752
74937883
3093683091
2474208830
2694150236
870364054044520448
3693913754
3392313117
80135530
303598509
2165131938
465205034
2639384011
710606442143883265
728610482240761856
728596105466908672
254484031
1527781273
276643081
3318332379
433741920
3519587539
738363248886566913
221304470
742042196803739649
46584786
33635864
515865890
763156668699975680
19134143
97033174
85136701
19843630
2517881221
817870972753772545
3390015226
24603893
2737018013
2910350817
820038719033970688
2827079420
2804419597
1895019607
1548841759
2192592792
1385861262
3225082413
498542680
17230461
3309217392
450897810
859598610
141369568
1433385218
48884440
887664048275419136
929398737797042176
118975084
487833518
794992162509377537
3068961197
540011157
3075746275
1314118784
710823574773374976
3405761217
538198539
571160299
44350760
4228607049
992415332148137987
800459756292882432
498872902
1597402903
4324844055
1713100904
1201186872
882978663825846273
162535413
1018176906204594176
3956807836
1431348835
3057306997
3645858808
2645602164
788727472506408960
56582138
3312317120
1302383064
2421322028
778962856624652288
846137120209190912
893331509951606785
16027546
1735442838
1620651050
116420646
1708117382
607351007
193483797
284071322
366665842
270741666
4513025417
176690037
185066639
588770591
27834920
2561407350
1144882621
521041439
817060288281202689
800067317702881280
204965245
463069409
433112513
3910127533
1002240421819396096
432015305
809513849321721857
3900990633
2596589880
379357736
932805374
190138220
2582540770
198194549
775401254142959616
131643383
5600
1376608884
737073655004401664
602893393
2508661010
964234705414467584
1018962877
405212879
524501086
1155497149
3676917916
332967893
2377958781
368750485
1564473734
230025585
3171122796
1082896290
347858695
15044056
28912478
897107358572269569
335461958
83179254
305135655
718779366134648834
872518859152125952
1433061955
748226902930919424
4398278787
42276655
752782331149029376
19767193
14096666
87321664
744046387365560320
3041710708
718235445692407809
21540543
746483203716714500
3025329840
146502086
1221025892
908050854267191296
856646196378710017
816737222070272001
407624682
316327930
31443503
17471979
15473958
15484063
1249676186
11348282
16435797
8963722
2970574378
2485384172
495611347
206071884
1072269104
2660596250
1080753187
636023721
848046702
1258075795
2509461094
2230300988
