7528552
1051181767179276289
2277219998
19281931
22162059
19910414
928448064
45891623
1630612242
29652534
729005174274973696
31062919
23451153
106411207
742590636877058048
65707359
3433762932
881615056437297152
62414046
813777738523901952
18907371
54695241
1144649361479147521
837169613527928832
1052458114157604865
45573874
768892734220349440
171252823
998007585717403648
16329577
445586377
1148009242869284864
182883135
1093579953449455618
60932386
1650973358
1086001021199872000
21688902
872470264092676096
12977192
38827207
160720376
2342613998
30805398
991749514200518656
127018994
885836984
34992991
881549978
16157278
21613977
308779730
1478210522
28023330
168336419
1109185600354242563
2643164767
16832387
34955221
1070026908107124736
128663200
248565689
1143909066043011073
116341480
2359777668
3937698854
1203564326
1152322912206147591
163028965
2191061814
173813231
1116806810890121218
1009487035692912640
14278608
25786620
958321164048191490
132980414
1128295781499375621
2239767038
472579346
99570549
91596869
280145317
1613870376
1093776775652560896
248798577
1100245418569596928
95250289
23458300
456109840
770499937658245120
15614141
183033212
2420967438
422874397
1077339504
2333106245
84379342
95610041
976162548960526338
195409453
195839185
3433407383
142359854
103652294
701750402786717696
3129968261
56276664
4790358079
1126365279158767616
617767191
871112455371407360
2964267389
900814978344787969
235934567
1087957969915006976
20747881
75701301
2852092406
4484997209
762086073673494528
997362070256435200
931311946212585472
2300278368
539104576
50085192
15446531
70470250
240506490
729174626765549568
1488928441
1141046691090632704
14125969
705573257962000385
634562078
508004565
2283715578
72988808
35887322
1042587097
1435695072
2467720274
3487147333
400086050
2308358966
16170253
317342901
316505966
3541387940
499313095
1151267449775378432
41444712
2658545748
126189319
31170235
973728454825861121
1081350574589833221
2446482234
1141912647127797760
1571443567
475393666
17037986
18924332
2443567364
1191261350
23669502
274754192
1375729070
16181584
1301107910
57029492
463765807
328474134
19055698
1080485692298444800
392826652
19119809
1350192332
1106942229199888390
21733692
820705814906339328
31841271
1143695193394339840
45869342
738075165515382784
262846232
4857702829
261045341
8953122
997629601
739117556137611264
814721393749270528
33796031
265048029
2742319887
835213468852711425
42540315
15401174
913215038
955105285642903552
15733418
37114816
805945652559499264
1047116864965554178
847705464
14159138
15366875
12963432
15768704
410216127
15210284
149954544
900838126029086720
1103351392285147136
155973490
47909049
17171111
1017446827715592194
208725869
706663977422557184
46773056
18278965
14336609
1026717690931625984
2910571290
91260643
1013399942
256117522
3654248067
29675916
346257165
25261154
133448051
56721823
335060282
852347772779057152
236570721
13378422
2988607233
3431659809
23494941
1100555161682886656
1917731
79864792
15675148
975381833151139840
2237868823
177101260
7087112
30205586
5894902
189618679
1019639768810999813
1061054683383504896
708156661
389606376
5011881
17972387
898944370925121536
866553098747076609
171742027
1087513934750310400
1638756846
943048100
990316770962673668
230328306
2312994434
2486051394
3036404074
53255992
94391895
187374837
1069396688488595458
839872942678827008
235129029
51049452
143673350
122130797
117513421
782090190974099456
824642649067966465
15587189
95485773
14327933
13228132
108484462
4129182672
398146813
19722699
125505919
1702134540
1002621996298047488
1072575250490122241
17630756
27022632
747043567936352261
599733645
77111282
1141263989227130881
168936309
25877213
4363746194
4033676687
3244139392
31312972
15165409
71876190
237119773
1015695357617946624
187987961
1203383252
15139049
1143541888785571841
850089475128438784
26306441
826288847562559488
16744473
60618675
2450083160
33856936
784043047055155200
3011892102
799533633832943617
121815643
20630489
4566854115
1116759067391868928
955945788919762946
473501581
761359969
828253734010548224
15814213
197369708
276271004
16347964
27588648
97788570
132496568
2330392430
90488576
793943366845108224
3028988541
36261242
1138853969424314368
14480479
883821941236391936
1623034315
3741491353
1112853675792166912
3133641954
21369081
1116370079753490432
1607352380
437625094
272216658
17261066
1101847640583692290
1006378672666787840
1226746700
1045102855739314177
23072226
843743322
750022168675688449
2932738844
83589605
98800723
1555211396
3310750845
36232805
721332934314172417
2209778173
40784594
715420335772807168
1103755484820107272
272045566
20492950
360083646
913451640975392768
268585854
235104873
117839957
7446562
885156812223393792
18388779
2181299862
1131261961
1054465486799417346
737503326573469700
19527849
701772624
1068201226112778241
895919851872464897
753276906041184257
1536823526
902473765
163624291
746128649447944194
830348127311785985
306662475
906309314981199872
50781401
2809916685
957155266117554176
35680276
266756773
112243614
617854798
34805245
4442340382
1511580332
57411021
2588165492
776230196
2912024931
151225663
4188898392
46919079
478823758
173195708
22156181
30855079
22406410
103130238
26527812
27083523
17444573
36980342
54459679
786047748508221440
2482300296
1325951616
378259736
255780065
1923959160
986794331582365696
61408528
130922325
57402528
18327000
518584786
16005250
7027112
880018682
2553827004
15687962
81483163
32652567
18019105
883341037
759640504371785728
114497182
14145296
212211264
39340574
909065916654211072
1049445999968743426
335660890
466707106
301339357
4812131
2462512056
28665877
1075212692690952192
17965014
24749018
163154809
4763866872
17768442
1067847988083515392
2931617704
36055445
21403204
849693957147815936
31096682
6931262
2950677387
2804419597
442866144
17027632
2327592480
2907774137
336936448
3378373154
252521025
22720093
786425479456694272
368750485
359188534
150224923
304450836
89115813
2827299613
15464883
1080533378883932162
187134538
1080854064567668736
2878373798
18582812
19847709
55692535
3377857937
1009049990919000065
259848814
14331600
24218668
48851710
813554157097459714
2569585837
1977915121
619050616
14257757
15608555
846110612564402176
510782248
610155686
365471088
26125943
98576802
2652828374
51529520
302439867
2400284491
67683358
1095455851140341760
19075154
18533219
849105862404780032
708872800052719617
724266556268666882
1130296450590502912
923346378343903232
124763921
4746113180
15466282
265705962
84431570
3327104705
750580358463315968
300642262
31624328
987042258556825600
368472546
37710246
2253654474
2732647719
182675886
3158695989
166374616
17049822
512044366
764523678663004160
1132534156985028615
114813714
946618914
32224742
19086859
256281965
114670081
115287081
13103562
1060686110756667392
26817317
409407637
2997967610
811840379733606401
873400586091102208
17513031
26332509
31621004
43383705
216912174
21098812
16310951
42707337
21265120
186123857
4863545294
970366258955866113
184664813
1058191782
376000557
46745516
459767319
1461529940
22159846
14502775
27758112
2814065568
2217801408
344800265
206191344
2802154692
384763249
360743972
122453931
81478236
2333546774
164554364
520685404
3805888393
4010683096
354279444
2231600293
246357149
703060885435244544
1111432654199640064
351094548
1867920026
247984096
760578822
964639010399203329
4415119614
23275456
716947914
1188393896
24709845
29644499
21427953
233842454
4833616512
71544226
1060338999611420672
3420750917
834273911965569028
4184255714
83522853
2733012992
245320407
39278381
14256353
16889315
807968504
778764142412984320
36735522
285361479
3192923899
2943231308
27558166
63169388
21293089
1009773428084273153
1052618467684302850
1006015254873112577
878820061
1915534530
20491913
240902966
1013174741744717824
1025564048383864832
121366459
2646561547
853229442
159169355
19548478
550453386
55158039
486117104
14245544
26323932
436881625
50144320
362049016
278141481
871866650244632578
191072940
556440640
2939245667
305123116
173740053
17333704
846181143095508994
14347286
1398558378
2193218298
128603479
2747371538
415114505
17419662
850489944
19808555
737621419731783680
1055923076708261888
338526004
123543103
1057676041811099648
2968528460
885413297423437825
3005360589
3195871562
31458109
41375491
20396262
384077757
730522215582601216
228605295
1067022578517192704
1067458318346670080
1069247556188815366
1069575510987104257
1070294324288589825
1070394823763476481
1073946467084181504
1080559392339230721
1082156227432333312
1082835249178898432
1084550810175000581
1085657977984614400
1086877662625366016
1087775315315884033
1092492998552604672
1096041541066477568
1097068235634155520
1098359176064049152
1099391521378455554
1099672418367492096
1099747489438150656
1100436120024899584
1101899878622408704
1103890156157693952
1105150927168782337
1110867314105307137
1111208974064459776
1111846734924341248
1119347823621935104
1123329816906817536
246939630
248965136
736417946214400001
2822939337
202350999
1446678528
11890912
371017223
19608273
832560594
9483752
20607717
825640390409670656
928758856859000832
848945026822414336
467835117
3433028235
3982969096
889582515803082752
179129274
18830202
1370778396
2311193425
877403265683656704
878077672290758656
436826287
16867101
2922866789
15860351
414257018
912487528875347968
427043715
819936721618038784
1092070377327607808
14641347
10081072
202944248
1922115786
785481562418741248
176188573
212486373
367980884
149627584
3123674845
776752910
984680740188110848
24789175
6606342
483192121
866715715696566273
994570293518782464
17630125
1013415426120929280
24445207
761811236
1055478856285593600
817159858575249408
708779774827692032
1019974187975430144
56262424
79028016
4851703979
3429022743
1894231788
971454026
89779328
701037780831371265
24971644
17329659
838570417057050624
3157736703
18917156
49198572
119250381
293131808
1212162421
891870823
392977409
1608317947
117572369
458480423
3389685965
242788397
1561232988
1075123391101878272
878730728615272448
50512313
24993630
2197365898
1044022254
1003419418104422406
549770747
110527956
1071510578190053381
69131394
27301086
19625601
535136727
2745673455
897861037
78905469
799224673095532544
73203732
2676106760
56567290
300200987
21386695
437302044
1957655876
703052849039675393
11526972
619524396
27053812
2280353497
95607516
340551848
1540108152
3021460584
2195092640
1648459686
4864175127
51449763
395018100
637197054
67003972
130051975
1072668783376916480
1557091
43300047
100021001
29819203
22650398
22139417
27048645
198724748
1209408750
1410099223
320391602
3311871696
807734012311502849
84547217
315636336
51757957
5633002
18250763
1113883743788257280
2886854239
862264836306214913
837893415035613184
795631731965620224
30095189
2832140768
2898969991
2701073637
24254084
931508449
107911169
542678321
4755092953
1105113081418526720
1107452796058722314
110070119
2465283662
531699792
25160944
15285015
3154462560
1885177736
919004995969695744
1060968254745788419
15363337
812151502122913792
1107701136302243840
15644999
1629970141
929791330519322624
803074045415669761
14346431
2337922261
798372097085108228
28088585
825518870421180416
3672281599
2398049058
1045967177189388288
4828013916
6424072
1521057685
221196476
43780933
587829054
815078916020805633
369553654
224494638
321759386
1108746946695622658
849797646038556672
222185447
880483829462454272
1214528593
2549031829
1323654877
393805952
1048278649
445764703
758881342310318080
326529355
993455238
3178522242
25438313
19299155
278124059
26258561
563232107
4551798614
3387082966
3342493186
323941382
74529190
2202163974
4784240401
4803705924
902004955963383808
1029865335820898304
755317595356528640
700997757734150144
17415916
755481576784400384
938995682
215876317
405769071
786379119810392064
226385976
912833993485189121
37005435
132378897
1724500830
1022089486849765376
866013050758934528
39571095
35223150
248482567
283755001
84703879
21669123
151617922
1047644343874465792
18103476
39750913
48428463
452080450
785592725265448960
1563797689
134994790
263165090
19556080
880092814515871744
29974646
30281825
38625234
1043596178045263872
11361262
84623872
871123914868498432
2141321
285428413
4209511
3097375974
1525764482
22719631
173769024
19788990
871523474
3394252270
19791829
370111485
1250085296
300452140
232034971
861276652126564353
2924788382
1586065262
2955201931
329464037
19611797
943856393907523584
4579120117
885501046637944832
2826279597
300760681
112297499
2827416016
387132980
243964701
636899073
48821708
1075913251924467712
412451009
3434254468
802917070048522241
2410983630
1939671649
3148304303
366371625
50578347
2608928160
995746910291005442
4848041386
16341691
429886625
3111035122
3115760261
946769353
822539776406519810
3285737706
800459756292882432
553280805
141376289
429992131
851467530581549056
2613399908
784564429480484865
157250573
171611273
750650878357540864
2497006987
436201507
437561954
440990871
446995699
449991544
462891519
469967649
471467567
475517609
496938629
478696297
502915653
514607535
514999420
535385921
537584314
540348539
543837191
545403816
554384138
558502565
587257369
574301563
589870669
593144630
616174809
626398949
707350351
766325725
749633192
729271038
715847424
723428034
1685261874
1851634098
1867961726
1879317026
1900856286
1946842500
2155321196
1963101450
2160832020
2172040267
2183896363
2191641876
2242674534
2260360956
2261743056
2286875089
2273542298
2301503046
2332743271
2342223152
2347744258
2375398638
2445145434
2459465425
2506189179
2555257362
2569660393
2575154294
2659888638
2674014396
2713746705
2732033329
2770235738
2815404889
2877320898
2907224021
2910130469
2977100981
2992087653
3003399145
3006586956
3031795506
3064844957
3195373629
3295177719
3322739031
3353164798
3548064072
729683698182983680
19784391
60610778
223587964
297648980
4816
8317952
9249632
14478814
15778911
16219269
16684243
16801671
17672825
18428189
19341389
19608297
21215254
22332114
22548973
22899683
29517014
29770501
30050923
32175942
32610083
33083079
33519870
37101066
39246283
45607409
55997506
69971262
75639698
84816752
86424236
88846611
104991713
108664025
110396781
123910041
133324858
156370763
161335306
174628272
186755547
206719123
224079521
253234114
256698648
257824868
285434190
326734907
336176794
357126037
340418291
360369653
369602017
373958098
380207736
382311602
396736055
403338386
443314805
476654184
503646566
574684578
586291040
600512258
713278322
930174438
948120908
971266472
973912734
1242580045
1286654618
2224947382
3096718263
4373554521
4670947874
762848314379280385
799047255378391040
834062619271114752
890151418958577664
941829517273944064
819442412
4048898253
780055971129360384
429220577
2992455768
883693613296664577
978295048440897536
5614412
72290565
2354013972
8935052
15147397
958146217464254464
15742985
190619755
1873493533
63262233
2921152363
87011139
2474960737
167947361
380524610
2420908788
6527972
16444936
38602059
933413149629444097
385763818
1078043582118805505
175114195
14299624
70614241
64475641
841334560994525186
511999456
905595576
947532375264768000
622417084
4541535439
39452785
78920858
877450043866759169
826939494041423872
1102974090581864448
19480239
751134442874343425
982960646
2826918001
258847118
2168026314
1112512976270118914
835893637032591360
28557445
389744573
2945446796
922826978591469568
18731624
20731304
487010011
2389325738
2302477748
17395902
2718183348
107874722
944791884274204672
77910830
901433374748717057
989006629537570816
797954920028651521
1476406152
58583837
780585461009911808
11161852
4844073743
947020848
112475924
966015533014425600
2588482844
961314557892419586
3234829756
16002839
1092883485864280064
25413957
38543346
17818515
720951847
821143158981533696
138179596
1066773270773547008
238650023
1098637066622128130
14073364
19758072
224715866
2461810448
289963138
2317900526
48511236
15728161
326335855
904785170456293376
1901546563
1024684242935132165
822481213
882821905765601280
1596486997
16013208
3720528492
795688110164045824
816036380904017920
891011497949749249
424156327
947956236804337664
903688514197495808
492678204
2155649270
548384458
1724009881
32695526
787149253302812672
538320937
16718799
1000369692278738944
3671138595
7651862
484590734
2534669390
961385038217728000
1961356742
14852199
3931283419
6310822
2930501180
4398626122
770352762
12503922
528700192
726369373
3816567737
755113
228535666
1069796467248754688
2163076560
1651522832
891040251908546560
4475055297
17794636
917815152682074112
1079651064243195904
3323579352
4835232609
1288574072
865313860370264065
16360722
892275857779118080
974403035010162688
22841103
207675041
19624836
13861042
149249831
102862675
510455186
16714443
918082298
925753163105296387
154016912
361812003
2885543426
16244449
1231936753
740989000475922432
733383
1377773816
881924236016746496
114870635
108094234
17876034
862037690597953537
777537561820483584
22118558
2248389990
12524622
15663169
15114246
215513890
2464740169
584179917
321563970
29193463
376679430
895317268900585474
26579715
852569338641080320
59506278
15751083
993640689224245250
32727893
322772286
13096002
1110237162
425266921
849083813640777729
2610319309
2616646987
2666272292
2685060103
2697278254
2786549347
2790500587
2791755317
2806045730
2820454184
2821239587
2825591395
2842680557
2844675624
2850423074
2872177583
2879928687
2894190263
2899581198
2944903282
2950446022
2969977649
2982055847
2977903158
3046883766
3047864123
3074854023
3081876593
3111892924
3131713936
3119059065
3169087699
3150451962
3191472237
3188804153
3298539223
3331619703
3397699011
3452948117
3582502395
3604985243
3634484662
3816062073
3676540274
3816182422
4252943782
4271027652
4699596330
4720463100
4794418649
4842640840
4907305071
702174693319639040
713817985128013825
717163880162549760
719635670499627008
718569487201669120
731861707853680648
731916601705041920
735286221832785924
743093313859932160
745684928873041921
746438296927113216
750330450351104001
795105790835179520
789232424194572288
781567117200097280
804062757775699968
818948817764630528
824317598414340102
825507759168827392
867816405449805824
832566349511680000
890690940288909312
892859169971294212
897466731551219717
967500276805636097
974790160402567173
1005136371344961537
1017456910516260864
1176796766
5976992
2264451858
42226584
3745274363
18571096
14738418
1708562994
1080198683713507335
2115801
852307167147204608
712690376
78435231
519047070
121817564
17446141
1248369446
25084660
23985504
25466022
460470940
369755338
238392907
3023272478
263928436
2209742392
1677552762
1295707434
16024323
596875932
553780392
260478229
292092669
992120872243736576
321788327
2734479902
1050679877312102400
2729061
706333
889553209727082496
312426579
79546465
302438883
1170551262
2285460493
110879984
168775217
1065385986962518016
43199901
760513107185860609
819265555832143872
837858607
458610909
41543268
38632713
226222147
38779513
149626146
950531
1082334352711790593
910880225566769152
1966251871
184132196
113745340
21789463
40383352
89058207
474643035
137771988
2836678462
2273477305
709234331789557760
169586297
25728193
14298769
2828925589
146894920
2848000859
2724095695
232299110
1365621606
100451920
200514238
830908366377611266
17375057
35891875
2498212244
19530289
1059680847425527808
54722501
928123985354571776
823757034185224192
552986716
80878133
892580839720136704
50257759
1055766116952391681
262799542
571297251
1418394145
860862599407296512
714540346617761792
754463881972547584
1241258612
17795776
771157784
21878732
81301020
12886962
3071534808
3026479113
752761292797206528
421576230
1068030658977701888
1008492120125030400
15447522
18228898
17831464
34307353
36256235
2431419187
1054936074953388032
24460731
245107888
16887428
22694478
401864372
930480157088923649
271512825
926190912560074752
14981648
718580929267122176
25085215
2457485305
1537052504
990643108579758080
17045060
3044614047
21522338
608931014
166022406
3305651181
835178526093488133
909673932042543105
23401392
2802541401
130557513
2851799412
246939962
231108733
288755234
28300550
21461359
224496789
16823424
64223295
4591961652
2829519501
341920967
353327531
289129034
352544281
3855496813
38117508
334255635
250286077
28779962
1666272271
47339713
1064636307257860096
3701034556
2269455337
1912521805
36724094
329761746
383466257
3198089018
985259114447204352
897505907914846209
1006016239053881344
1010908498723344390
2396864504
399774049
16795667
50543087
1026632736482545664
785615245
3742498642
24156408
741150194
19679250
2579056411
1131917492
27692165
1416500532
811283641
400882913
744812639151259648
962069820
993352990722478080
289602303
627416210
1058801101603045376
16451492
158035366
288055761
1899177630
354275476
1899560786
38253449
293624877
3296099156
288910781
101005636
3272287644
2420835090
705850200473010178
823957466
82364810
895328122924564480
929211084
2460047754
530982136
33920505
180681251
1070139264157896706
15800869
2959483041
3295473497
780557492673662977
48023374
14384907
1008917607255175168
502405403
303396636
532779460
36801079
320412389
596252588
284892835
3009712208
15531582
4744970022
14475559
2902060182
3181676683
14515749
401773648
849596865918251008
2421942128
750892662224453632
804387326
224355260
948086625128538112
703084614
202181866
916031611
193570988
133081348
3209949862
520818400
29221344
966113328
12618872
3760602795
21351460
46570800
106217193
2984715531
8734312
1268764082
3005582016
1682555768
16176456
22075159
21678377
274294204
709023589203316736
280246440
805142094457294848
437838346
15119140
2294733114
17625778
179218353
608182396
1268508296
10798802
2903095356
390261571
257396212
371958863
121597316
9636632
18839937
16369783
2834511
20121682
122085859
438060841
1015687486691917824
7410792
297505251
1012908268023238656
24550615
17220934
14417243
25704622
23621187
69476968
470792609
859062296
384654420
2696158736
39155029
1262892182
19295461
382823424
47401172
1013729562
153558139
2461069392
22115265
134658853
340613443
2572987832
64380665
1566746503
17094311
786780366879293440
28933209
19826122
109390268
108899342
87371781
818538605006225408
2911520575
1011034250118721536
51205137
433034888
283713657
2996351899
848913193867124742
19682187
39151934
1184647243
218292287
1081240074946252801
818554054309715969
1080844782
217543151
813333008
2665362919
17345624
2425179577
839544408299089920
2235411914
1081396966410670080
198357693
751283435382067202
22929686
6065452
18230926
485083111
1570608750
375814528
1079104563280527364
47786101
378171907
16262526
974670528891023360
137395584
892210613656576000
837719149765799936
868469821
19670226
1020268348309848065
1014516188590661632
46180524
122208388
24449616
540701081
146967921
1544167453
3574867997
123040155
97576151
165511377
3272270443
958196173
2468699718
956642678728306688
260180902
468076687
85583894
2247966660
13399012
115050842
123405224
316872701
889661863100907520
1077681271776706560
993961848549474304
819969704
3982004534
15099054
823474928922005504
3248125858
65626784
2961639518
43303934
262797432
71150575
552657739
30914122
129488693
198328016
1306199515
25454311
9082002
954026244
1507338108
772105518
20500028
2228706542
45709328
717520753470611456
2397010364
490932793
3150595932
4267091667
38467084
42937124
59924621
45792001
106204123
773593915689664512
11179192
15367674
2236444566
1897500619
493387905
816336073798352896
957024441338417154
31455711
435331179
950952511556538368
998962318062112774
1006419421244678144
15986376
128569463
22737278
24889586
63760115
131497030
130305390
102659192
26202686
810709142
107795399
2195912838
55080227
612019015
14774366
11178672
15760637
531561605
212163638
12855792
246560945
1435461
1491083406
268476335
134274084
3141213592
4510154232
128968036
54886503
969994371033640961
146215177
994243399
27500837
37799344
81305054
217238578
186890814
839163893519888384
17376893
268416076
934876976392933376
14723614
744776302591303680
1668100142
1017819745880543238
711367366756720640
4149395608
1395033860
721990085177118720
619958259
2421264353
1194617485
16043620
297563101
958420333240954881
108408529
3957234947
416715629
90420314
49164309
1000397452661452801
25719221
730895472
884802901
359828138
121102594
2188704360
2882615949
10340482
575568280
1110153836
624223704
1483064670
1546406768
15407632
16314021
16036587
212114407
2723713757
63359297
35403128
2468886751
4745184439
235261861
835252426265481216
131935861
3017412700
820585
35376634
2939686827
480930665
19637934
277595625
57084769
2779243826
26020351
1355429886
1130102132
24506246
20068679
1880725393
430645155
263567726
4627236323
868144050
1870227042
999837378494849026
796092645193846784
4783690002
309266747
1220645714
1013128462574542848
7773542
192134523
3118756504
865592744231682048
2666790169
21059255
2806253912
26029878
19574709
38346518
2815540876
54730258
926164634570067968
863033639055106049
932811031470014465
945496245530869760
16191793
278741423
3087186479
2440258777
17233201
170393291
2457141158
134545441
38213768
357562284
15738974
16583846
45806408
30106099
782292383450955776
206060598
2838117615
47747074
35773039
1118451
1344951
56510427
95431448
2557446343
40302336
23799310
46650770
49010090
14982149
504206632
15012486
212674482
422902320
153169256
35809989
571241517
1666134386
407387443
3894849335
299825874
86697288
1598985492
105152728
478771834
62265689
2249531
293750778
103046392
125453969
815733290955112448
4255952367
17170855
3229412144
739250148522491904
37123909
2355808260
50778320
918580097719812096
844180777910898688
1038096516727099393
307982591
23125257
59210026
18497018
135441822
208643146
20182089
577406690
711039938779881472
79923701
720466975135305728
771066512241065984
282446096
323346108
2273162878
154311445
2996045632
1707321486
963364082
74568060
224180296
14342564
39633235
106894107
15661871
2713080925
138203134
235164203
231407577
23281108
8525402
47436923
215954615
914868713349885952
482708367
10454572
245402039
121211932
61338922
885594949
2451840349
2458191209
175295959
17519205
2668606794
2920445361
2959304469
2314359685
66636747
2220388494
14468423
4786036942
3118700529
1485262190
293892234
612202965
26014321
837731128161218560
3063741414
126757559
1043031391628193792
2729545896
851457023044616192
982335043317182464
2942577509
112527398
205879650
4418253448
17579423
3066576951
380956211
2833975667
3370044940
1021331948550045696
3164594415
249308339
2925305530
401318182
712290562444009472
940248673
3099133468
1049097536030625792
1723988288
3817446261
710490632679251968
1932831894
3024276816
246857534
143872695
175434906
162436508
241230333
1276068319
17787815
2400221269
86230685
16170860
334217161
1306494937
470478353
21268897
40024699
89887215
12514
2903470928
869569854138798080
2702329087
37109075
988311691611041793
1562518867
923010104479252480
16623719
253608265
17797084
28610932
4440118883
2815780763
3092104835
16674182
44317593
1408142352
812179912379408384
4182410238
15442853
28117421
5513242
1037079624906358785
16935292
37543
2590212690
2369049968
2367647888
3497941
827194023639183361
703005412610678784
2602262088
3081856324
127091266
1467432649
22124212
3040289152
832596127962775552
188363529
750309994445303808
37150913
1859566374
115749048
829061809135030272
2372164754
881222783170228224
36851436
1512021254
27938182
887704019296276482
25150468
821432329
2343198944
3167734591
3317233336
20716480
618002113
893130323847823364
4441421836
330100136
728673283
3338088304
885672767827333120
67317783
8999912
179566751
30367834
2758988514
2288611836
15624805
834486759144714240
588587397
973444331091648512
14534896
55525953
145724092
16011832
923596684000718848
296810336
20821259
2149973089
15987690
549469066
48552048
174446147
71082732
515933373
137440152
334321077
4775213994
22725538
2905618032
2288781876
48289662
29979814
1685519227
126406217
28696850
182458957
106393496
2728002146
19304217
411861905
7334402
33537967
15162136
327125811
225265639
19907840
163845877
30167812
9273802
50317463
954476389184438273
394593711
18237313
943227283153793029
14335880
16504257
200764302
958099316337467394
14348157
86231642
809705407790936065
303920466
468122115
880053646972596224
14772775
561516853
17029640
183767243
23792365
193335239
2760974530
1183907521
958476080339300353
860547911268139008
439754108
92186819
15331408
998345349742907399
286476728
1029024535058808833
168146206
992541822122582016
593837736
10429092
1356368317
2486452056
245001764
1120914312
974734537476530181
291212008
712915056778944517
174682286
10778072
10209292
1118579966
957626739756118016
143430352
757009786168807428
27789237
21330459
163046484
64368994
249011520
14092380
4705272577
296426654
1275317906
33987313
498172598
41857973
14787727
23542279
203063180
111949885
744543668137189376
212356080
140010098
30911833
30321204
31311757
1027629454699294721
3065470483
36397873
2841013595
119449200
3303761749
21834510
107773189
799389318749954048
3404632912
979144038
43559777
205302299
104299103
14982804
78525538
36610603
60768243
3399754427
1015831317940858880
982639125688795137
748941533122965504
2444425802
17199075
3392619585
762690511836708864
932246077150986240
1540951016
905968105553309697
40328173
243248082
859847866306658307
889461110067404800
18771370
33251140
154145174
586749256
17905956
31013444
1030772035151114240
2290583342
15453
967027984426242053
87788695
935260995123073025
88749392
919511466666946560
3438149296
1481054280
711763185825492993
5019861
2965083477
7861312
341218443
15936696
423694230
246734304
606653901
115199279
780857507749036032
47484922
1011809173254877184
1006427649756094464
585206653
1686323288
21120694
2859448331
2838586734
249887374
2742193386
966851284459577344
21476634
465046121
3187824193
331120729
4361134933
16444291
78946500
923281979986063362
196458749
373522445
23232204
931239693534093312
1026736256
1720046887
254107028
48008938
911297187664949248
580312540
23534104
1075500894
2434538047
290180065
81952771
30043007
3194584159
909177789651206144
2916915026
20437286
1536223580
502046804
968225030986493952
906464601952284673
7081402
95929534
17597401
387254862
2815077014
844953243931291648
733640801914343425
183690150
6490642
15843021
16640266
717389285981335552
2834526333
22385548
1365971
191100226
219367211
28420827
158285036
2157648841
4873104323
249481149
167024520
4795952708
287333780
17907987
20097201
986072717832216576
73305862
785483321132277760
197901148
999470034
2894350693
883894556235661312
266697434
14367761
18104734
20783929
816509286264152064
989558064834580481
7429102
268052347
147766208
1117836660
48179352
2249873953
364499332
697581885086519296
783792992
121874748
163802435
26548315
423340589
16326882
2314443930
24352029
1430847793
774180818
206979314
127984917
941782988819521536
983061166862884864
4009593327
2935945237
882838615
2365950774
1125631112
1534561381
58945187
3044303442
2393761087
2511298968
27784905
36119223
234593748
200162045
38354090
705522046986493952
129653547
3290762269
453478204
3380961148
2722594750
3266258420
25446380
320316891
628698139
392463691
849271037678243842
845091207038558208
216065430
2990582254
63741872
979833155619344384
145548211
933753029811060736
203684993
193483797
133770062
1355181415
218975278
824333822682558464
955904270309756928
1415386915
966354844754894848
617266600
18236716
510464011
783356145670852608
153196789
65619433
186667011
16379018
1625218945
15187032
929399289436147713
2336591179
2974826115
65497475
735610541423644672
759032780
63227112
15204082
963876503208497158
81965252
15815784
20774514
138141495
15100219
785618379201654784
23360728
932564756
179615493
607856488
771152516
22330739
2586522110
929440099682652161
791937163378106368
21446729
14965418
16156646
59949396
559614467
18149142
26259576
331105666
3337813632
20718994
918663975260315649
887344511810252800
100136358
594857834
203765473
768462360
19806908
959204855192702976
46673476
766387657
29429862
23220558
6211972
2328098353
3060489838
209176493
32986235
3194592704
41510321
885080008917745668
15469000
723540626877353984
863752544690069504
787547650811793408
1061219060
177965708
280379781
982040378
4825609695
4209098729
14369768
284602316
444709548
723570389281058818
267856525
348174495
31354207
175282603
43736146
26522359
86328927
9549022
2460832435
32781284
988962636162191360
47708069
1388122363
815997508375678976
81482674
809887021
14463854
13493302
42797629
16477634
15092452
590429469
259032325
2217184142
264973284
803415740678336514
15907183
304423112
960117122536910848
23839835
360187862
243287822
53933574
97994375
22768264
198706976
102263558
14684110
22467617
128275616
848907803616047106
23482886
3128086193
2400231607
2433954854
614484280
2895499182
1663692594
2409516403
18330729
631476843
22605803
369160421
18681139
2231310842
2448077035
19727603
962488074
76837768
15984676
3320188886
914571565047496704
2200679306
3119675518
219683345
812021257
130584469
280134848
30488144
151650579
2329066872
22187085
798953701972938752
128774528
16347112
402885879
975666819762741248
35542154
355903289
1584530683
835209278600450054
923366081166823424
368628844
1263967268
975918325
47841549
157459255
24155737
413019210
355624327
98509211
847289161
175091719
860688715298914308
1559660850
15464697
29575969
7391432
53384611
1656244670
15102849
32872803
92839676
783824043765927936
836209548
183655922
704122685794750464
232313572
20707070
418059138
154286132
16683301
889644089091792896
771201035469586432
21990762
16422629
113130846
859493294874734592
28867988
52551600
630722427
3765479422
16909646
860472270183116800
3439164489
16522244
102807848
19278046
70496137
20447903
1351771626
188811710
877805727326261248
875496898420809728
180107694
21879831
272762210
36252186
59642301
146290693
1132012321
956163518
4527097348
816450116127113216
3283774369
305201151
880801071052062720
14603515
275361193
2887837801
1120387332
397689316
2582861
906545648
25167692
2518656595
2371310198
900970848
771868052870672384
177319515
2319791143
830041287550177280
928863452009041921
1489123262
12170822
1408655448
104047681
110326494
964531745893863425
2742291760
2612317952
726806564359692288
75892358
2562218552
968283277755846656
75974281
966145905257836544
3308829861
20198534
1086603308
21035409
3291410230
3226238609
272191896
58302881
1259838469
60783724
2460368252
3748914794
427505253
4700794226
37303498
27943005
42985637
4556567547
282076470
910492003359760384
17003765
15813140
66780587
18080585
91985735
202230373
936629540876619777
935241619028180992
484963255
44787918
705550388557053952
10433782
794456922
433690627
135695732
1228176728
746797787422023680
19767193
67728650
1398759560
32676231
22975495
952740715
426727911
474597082
379843451
18978553
870174998
823407502507134980
17004618
18933181
63799454
30192956
15428715
718071446354989057
1176994477
41127954
31339831
103106629
770256107440705537
2512719692
20187443
260690940
777045496707678208
4742287873
18629165
141309889
375141056
183001284
274991683
55643029
533754189
59007798
14304618
136924601
2360170550
1058520120
819271292159479814
34863263
22477940
796910354781634562
2963445730
8315692
1270426374
46090073
89765455
3903137779
21705181
216605214
2434051392
293088356
11954462
20110424
39668527
4726534534
224456162
61371461
16265742
470708968
21471357
239509917
15985111
35369214
718595376
2321216928
452733956
1363914534
798565807059935232
606776750
14707266
107225267
3410404391
61458269
22352061
855240223432769538
257959346
36105553
23141473
360630647
954484957585457152
952986418149773313
30272162
20746726
2327612520
32608975
1416622795
784464905478873089
2841633851
2580904075
864143250239651841
842519938476707841
824797212425191425
2361967422
1540897980
25263396
15363432
11766442
180993910
2309105822
891077171673931776
2577596593
69004966
135557136
12819682
21540543
19087450
46213956
817413454432784384
429734118
569540227
800163371727228928
153784150
775449094739197953
760594619641933824
311167475
937560966
15647878
14211946
357092583
41012191
19394186
112017297
112764405
214622133
939570735059783682
153557714
491876943
33057171
14672128
334059994
78890225
566806945
930614025129402368
25236245
53192639
362111287
3054082858
2302683607
237637694
15865042
488891446
55376380
620155677
2335899655
826589191412862976
594175899
20873069
23833641
17881467
18907022
94276164
20826738
419487011
25175356
17243733
17092916
16666014
16582131
24692987
1969346438
848799224854609920
98906407
20581923
3687721995
81853569
86975611
39834947
842158495759781889
19201304
20097362
515879932
26681715
121489431
31353077
2933120878
109974187
47724293
2911536337
19191027
580097412
485993916
276688330
404151139
613088225
248747209
611024217
932779154084417537
5867132
84351228
402664998
165944767
1579809553
915726438
297406574
372536101
402502573
816328477053952000
372483103
387186414
18990471
23760311
22771961
918199537725997056
938007744560488449
819135838587977729
810123569925619712
32522055
338183559
1265041178
26138276
64591392
2350805298
803061715
61306578
394154071
21611239
2331384151
35309981
810619093749559296
15676413
15473574
45882011
2671231657
102558152
254873869
18202632
61802282
80380326
29995782
936790095692169217
791077327
1517035471
3825345934
2382923779
5752542
2356733881
3793960033
55038953
21127427
43412697
14130784
41393129
388542782
21363690
1639238282
110189578
2835276183
2970462034
2308359312
2973969107
3249945816
12161
34022952
2992440550
842550390818201600
19785093
23083404
34974996
81707978
22031614
28419638
16957326
2260614318
5676102
23090019
3099901028
866426699193491459
879696238953865217
2776799503
91180720
104908543
16356796
354279393
8936082
5392522
23995748
322658299
306491708
35355207
35031708
129017224
237045404
2901877003
41993161
1882409089
2275883743
16817883
82483817
880969069028966400
41875694
16027546
82239511
100116221
606451488
2520061423
269525415
275750048
551247481
756595577622757377
47967486
888066140710293504
834913315507732481
498156048
18385356
104716042
2557037323
4039941853
808810656505864192
791771957964312576
68498034
821146173482369026
2370283937
26966487
439804287
14967143
260391610
377419742
956779022
1558247904
60040821
2844662736
817797539764137984
215099628
44379904
3407250869
838622414
69601582
713050909786316800
216488017
42343812
2332044398
75625997
174293830
303356447
793786465532600320
231521378
382810104
2260249807
239548513
84734907
16261513
46233559
15825577
4081941075
4696728842
898122879933440000
564919357
524855895
3311066419
1171109054
12304192
183218923
18452614
1362145075
397507908
34036358
2783025822
271057079
4035503243
3242495944
756271337585319936
2874959663
15458277
3809743753
14173930
130636009
14207863
1581645991
129520541
16548937
97275971
111359139
14932908
33747810
808774010716700672
14125005
331036671
22959763
24149001
25754056
23899446
118829680
191849753
7025472
20424235
15466126
346944092
33757961
43670496
1483921698
921281977336045569
755407976
33653195
51241574
11920822
22053725
2271638589
16619709
3291881
2796248238
2564083316
719028691762876416
3185889936
912706917239271424
17299734
2434191967
33836629
352053266
326912209
910908174449778689
1442906958
476582730
29843511
68746721
898805695
70831441
2781430855
3918111614
3333052551
2502019975
2956121356
130745589
216939636
3263479163
86650732
188833865
410249471
702292275435450369
23668042
595245502
25375836
6655612
2707540832
1305940272
1044241
16863340
800707492346925056
579747564
318692762
768486347300626432
1610958811
14275291
16630098
50171085
40221971
16305370
102256016
1226145782
14750983
41710557
1551758084
2828796622
915977114758893568
226346115
47509268
70111948
111578409
2962285217
166669818
361910269
806137631671222272
105966714
15667129
624253
5714432
14111434
811239440916054016
21436960
552582271
186154646
740109097
16529292
26303146
3265372914
73206956
14230524
19166519
14924965
618045040
22232817
2798873679
1717315062
455204484
392987060
800760858204770304
142894598
4207731253
81982525
17310934
2142731
275192498
42562446
858957830
821782476515409920
402957663
174593833
23578176
276736172
18691746
90169053
128292609
5854882
379864727
1144882621
349142818
32405267
355036400
44562973
273418969
1663172653
3271230410
795020475588026368
2894374621
26195165
247426610
24966032
475306547
2172163683
4206492575
15952856
3246264050
44940629
411481930
768197780
163436555
19802879
11757522
828161818677878784
841063115722805250
15547086
160304538
2302481323
292083207
78012548
17162456
2173203421
872688368739532800
119166713
575905433
207617689
876885754596610049
1183853520
17169320
2362619492
44951059
454313925
50064469
1158553622
349318164
21577894
6045752
19277467
14849130
52740162
40081719
17076756
35936474
27493883
1927873885
375511561
830896623689547776
198967539
494612269
780889391522717696
886594406257741826
293850289
9624742
279663381
1252618880
3028545314
844329827817603073
755308479447826432
41710484
51957543
144972289
838806427468763140
1413698887
19040451
2534062466
157964622
824334865608876032
3314247009
23544596
11621822
58925644
742143
5402612
428333
14173315
759251
1176718992
66182591
21917716
104389117
105973401
506166729
18678924
79743108
394724132
19834403
1383272101
65672980
302204453
824400401797619712
2532788058
16253142
65610814
290843855
755821730900299776
2297143668
148593548
388880128
357816281
136379708
26792275
1161237086
872288207844593664
37869117
80143193
17091068
23031094
2865839044
937499232
1099960304
302720835
825914754300518401
867474491114258432
840579454338383873
850080079661150210
859252910441455616
3719616674
851103350678589440
3438358100
856547986935099392
839664921029771264
856596564516651008
817517092379525121
3167508269
1577754348
115666612
342863309
27187343
250831586
45055696
394561341
263528349
442237496
63302020
46220856
882036168694448128
386915587
47448886
441210459
761167885720956929
2978837542
74287341
90992943
23561980
3315693572
826309249315725312
8267242
210833051
307550185
860555190
2909462256
221162525
729842069418561537
115464939
78445977
21001599
22429979
1020952663
453030125
722484998582874115
1282938588
1132776031
16130949
286871259
89028456
740238495952736256
846137120209190912
19186003
26443215
15000857
1965420800
29417304
245807362
207032120
14348594
18566912
318063815
110772878
2885138213
36248931
2293315159
3186124933
814857485060337664
837339331052331010
2834654547
384923143
587001586
20609518
18424289
4970411
323599188
2872961599
14188985
37738073
832981720991465472
852646194753011712
44196397
14573926
13334762
1035023082
2547700101
381326641
29717083
769846998
14336662
295344317
1400741599
1421844085
2516472546
2904572142
2923130370
3158351586
2688531696
2977605953
746107609741131780
3101015701
15357521
3107789363
2944953687
317422543
117777690
351897105
343452680
349137313
351895346
347505959
351900962
765342426340925442
864588482500591617
2573480784
4170491
188857501
2358970092
963480595
852251
187518287
305125998
21619519
295421748
15768594
20068053
818982672370237440
14303538
1222627254
110899711
7855062
95680758
24259734
604940737
849700305939775488
700432586720595969
872964266
628079321
66757780
1522917078
1529636053
2333587706
16491676
256513537
71326635
2325933786
19325156
936869486
2364949140
1315439827
753984763115950081
203714426
849699338007621632
2748559290
2987147081
2561407350
19139963
30715607
2253968388
14619527
325385270
192315964
17243913
81788356
464419646
1120186334
1694040764
14504859
50090898
20536157
33838201
24112747
20322986
63802808
171598736
625070495
16017753
28406270
72720837
862722214193397761
3375167474
472587261
3535218977
386507775
4276158575
800704496246484992
804015436979277824
16017475
2962923040
1480852568
164007407
824450140131975168
824116562768621568
851207343303868416
294225689
52998367
84119348
3111268847
751902676011479040
296060169
464854839
846172838495244288
16148151
2315670038
21144314
30864583
812361923304034304
2796999726
24024778
27922157
634734888
22509548
6742522
139528270
267243408
28698351
1932590653
76456274
115710058
410355590
378643551
832398197620224000
836226687272632320
16513335
824467746436120576
843392706462257154
2504452635
19568591
772107908
704825055423778816
48033899
728984124
2687999594
2972407522
24223060
62882514
377949581
851541702368251908
50393960
15007149
409486555
757303975
1330457336
1339835893
244655353
806862084277407744
820378690920058880
820354372827758592
22695157
826822492794798080
34317032
85728309
17629860
2359926157
34592908
304679484
3342812001
825070779435937792
20251654
810590628727914496
828706394073395201
229592356
202206694
291756142
1096059529
600463589
18632666
5558312
21269970
16160352
20744708
94010830
824720106991349760
47285504
15463610
804842292
2885725097
499073990
753247454984896513
572079091
22803302
101537650
515034648
837493634610126850
34936539
827688750603984896
289342771
24190981
20492613
14615871
776567006246146048
24457744
17596622
14325188
46729604
133007384
68814545
816652616625168388
823565852922576897
39610056
824072368603668481
15369276
16667443
159198223
372026647
259043742
371963490
222536250
177249487
841674773797228544
257242329
4245547949
61734492
18019555
18393773
29589564
1064206014
26637348
75364211
264219447
266133081
216881337
88784440
262756641
729177876
126474542
3089990791
564511791
11640472
12886202
3062112456
2381380914
912077304
89820928
76945884
18725815
773066761574965248
65375759
4320682041
606517190
785097802875625473
21157904
17896154
1077446982
935368364
1155212191
18773159
390967705
13201312
950477244
2763264732
4894095909
210056653
26909691
4424327354
29501253
2833024980
237477771
733751245
50055701
1180379185
20713061
2244340904
5763262
247334603
136550204
150078976
4196983835
521747968
939091
19918005
58543537
62630311
220036735
321522551
2967402199
119463881
828997388920619008
832672006113931269
1068481578
3011651401
34781412
19867477
442824717
2293131060
248495200
19527964
649683
968650362
15467700
2430140064
826247461362683905
862430010
834081571493785600
189376144
2601971154
1058051748
1071900114
1058807868
454099919
49042836
28918647
141991931
712892347
3027557970
1240034964
912608010
37920978
211420609
234837632
236916916
234057152
234822928
240427862
211530910
219429281
15394954
15600527
17006036
407172605
825132968037396481
1523479200
1075735296
22217633
15161984
483521999
806583915012046854
824157441248153600
2856030754
115823765
498698734
1711281463
34792486
2769921
27052147
7302362
839217358669406208
20926233
245451804
168673083
163570705
188019606
249410485
24745957
456374983
123398661
15439395
10810102
128151254
14511951
40979693
600983495
3853274235
15956067
354133033
62513246
26642006
30364057
86129724
867228728
825751565403238402
187838951
301750247
15483390
16442379
20474813
14885540
3192827780
3304913886
2374466929
258900199
449588356
17292623
2467791
123955880
14075928
54464318
1071840474
31128529
761257471952379904
267854863
161791703
138770045
124224165
233949261
1045110018
237862972
25781141
232992031
17384099
550340613
152832720
1096068614
1080509366
189167085
25024313
24721726
5336752
824417651560681473
1263255792
208120290
937723303
787373558
250188760
17587390
811313565760163844
242426145
44177383
22669526
1037321378
942156122
381152398
1051127714
816833925456789505
1339931490
235373000
49217025
30216513
1206227149
1077121945
1055685948
140519774
236279233
18713552
2962868158
20275773
4797361833
792038436
818713465653051392
18213483
17839398
17654763
251182777
17212474
160925196
1051396218
128044290
2966765501
2975091705
2964287128
2973870195
772941628134699008
1106501
47475039
1704646470
36686040
49698134
633980404
603025587
636586551
1363206528
2478729888
70784139
2734713482
17471979
15165493
14091091
15473958
180200031
15500649
19789439
86977818
19663706
2835559638
3795049939
3826279287
34743251
18674588
43910797
23222706
438467375
21308157
33530012
44988185
29450962
233783568
15224867
60919240
18018355
2317351705
158414847
316389142
334332822
394220182
91386979
102420077
803694179079458816
14135426
937698624
15461733
53151247
246532728
2437875096
2802346880
1285266390
3193957963
2316383071
166739404
104969057
37710752
602317143
237845487
113047940
23022687
1074480192
237348797
2794456922
824619671785709569
16303106
1111940934
155784594
2922928743
130496027
174110843
816869611480186880
2436389418
4207961
14529929
247486443
3243866192
569247858
351640699
1081962504
541158674
1299995892
330921167
290876018
390287262
337886919
40426996
437520768
721059667217096704
3073871212
14159148
30313925
14344823
7713202
824386163439841281
824033695527030784
824342512844222464
95981793
15856366
824343328837791744
824333698728333312
824057746366545920
558040899
442593662
34113439
1451773004
824294442097967104
22053641
23103488
21235304
826981822705889281
95938091
29442313
248735463
249348006
826472694426255361
171968009
24913074
91236773
139162440
20725994
176932593
15442036
818876014390603776
822215673812119553
824473943931293697
824126001936474113
57625403
476256944
818910970567344128
824028553067032576
824758521581404160
262856460
16076032
69231187
16153562
65698096
14700316
50310311
22162854
17061263
13393052
800942537083068416
824416532377796608
824366696517562369
824320219866923018
825151045869432832
824264707641057281
824190260338954240
824326864407822336
824332206952714240
824137712286441472
824315778866417664
824139632354988033
11348282
18916432
22203756
20733972
73238146
824270573203292160
9677372
21700527
43963249
14377605
357606935
15764644
15808765
11347122
970207298
16789970
17494010
72198806
19418459
30354991
216776631
813286
822215679726100480
93069110
