16162021
19530289
65284273
246357149
40302336
787373558
323440720
19682187
135897307
1082406694875848704
58081177
2352250933
993913676850782208
904948448264204288
47775671
519647428
828019861
3305256947
20635181
800459756292882432
1155497149
516769926
20904490
76146283
1363206528
865946951988035584
279663381
613714658
821974585
103019546
1020952663
869982661
862037690597953537
16867101
2944953687
2148009361
2272442329
625112544
244627772
552582271
817152932022026240
929823128259387392
19515424
2156007288
226011566
2388484242
4888338591
19563103
755279675450986500
195500610
11161852
576356219
4776695254
871430514556665856
839886353068359682
720632954666377216
2192592792
392987060
82321731
34032998
1370512346
829881163472916481
3390055271
2753003748
104068477
625070495
195996866
179214664
2410983630
2702329087
2903470928
2537867839
787718609313214464
50578347
597213953
739855488
3316501680
958321164048191490
1096058449
378259736
742769911
628698139
3266258420
158445476
10328012
1633496226
45255968
385192397
1522917078
4696728842
51111863
636216638
112475924
1620556356
14981648
1325951616
2764811815
33773592
752967707277029376
118975084
986794331582365696
1480385228
16435797
1923959160
2828796622
3290762269
842550390818201600
750022168675688449
203714426
1066868172496740353
786047748508221440
2355808260
382258249
916031611
304679484
2783025822
258667586
803637073
57570629
132235973
61802282
487635873
18006802
846137120209190912
2434538047
816375540303077377
23831682
872156132688711681
2783231383
2466833378
20110424
112445679
41761325
31300351
15934076
952339300447850496
346257165
336124836
122130797
1022089486849765376
77286955
1082334352711790593
3830097076
30395567
2735655330
4757713287
29376356
46530655
210991825
64000972
294176111
2808487850
29979814
328167568
93492319
4733728937
1036779185660993536
26657119
13493302
53130511
2311193425
89115813
37461656
87371781
41444712
127950286
414138120
23201339
27793335
22986148
20100312
316734434
325196007
60495339
345366500
37226033
90114686
43782334
32941560
70760188
52218958
98464595
743520997161205760
38034522
796092695542452224
237344343
62696330
152062106
185445051
460361029
46157036
3729233836
987893227863859200
19266591
379473191
2369865554
199421791
25784185
28268408
993455238
28602548
18445866
47616432
20343405
561516853
226222147
139130055
3092624297
21433344
85867265
3384669755
355036400
824343328837791744
824400401797619712
812109015723278336
1634248890
40684090
1074471211575308288
92186819
4842325334
1607352380
38354090
708872800052719617
2863996955
548384458
2573480784
18533219
25343191
47216804
21689701
15862440
1006419421244678144
1216789842
922556981147140097
774407512598704128
857391454213242880
111218031
240462058
732974415718158336
870443165852905472
1851818665
878789583273578500
3148798412
115823765
1080695666760929280
12886962
19234329
432889468
1909401391
24252268
26044686
86564866
117858323
442486808
17482476
486366600
339157516
371440992
28300550
346865668
54903378
31649258
14336609
28358250
172652106
224759504
636586551
20689378
16491676
74287341
2967402199
16031984
904869467238174720
741042725605113856
3218937505
2715180255
16619103
3305651181
2893518844
2784520128
425126788
478823758
48177931
98576802
87853386
244787462
195099619
2237868823
824662654065274880
34673627
820705814906339328
1079769536730140672
1915033663
39364684
929399289436147713
89838517
2504452635
10638172
846171199705100288
39408148
1017819745880543238
225970038
20068679
136862815
122208388
42707337
175434906
738814638423453696
30488144
14652182
19119809
903119605
41596136
8487622
586291040
2477017982
2931393865
36273721
1031403523
561228467
1653477433
474154291
2497449176
1074518754
22669526
148824897
23406730
256881576
435331179
783792992
34792486
1017119179449643008
19397942
130557513
992575091807420416
14125005
91386979
14515799
910492003359760384
3333055535
21879831
16306235
21696279
889602292424384517
3233444469
2285662423
2774157674
17728424
27679489
35408870
820681010438246401
32813335
25180501
40306315
217147972
717084901
16975678
26907579
852559485126279168
2847763210
180344206
258135801
72831048
17583309
1716581
19084896
124003770
544517731
637338906
242883110
1039931087416221696
15825577
16935292
189376144
2664681991
23995748
16265742
1604931252
51546100
110326494
84801794
162436508
47369957
76944176
294500046
61226587
228019505
17870903
223354901
23807759
941829517273944064
4791138977
774449653
24164338
19781646
26693537
31013444
4794418649
25598396
2825591395
470708968
207619323
815964647950077953
2912093825
965340399295328256
2167097881
7855062
801549353227841536
465046121
227409764
355591226
385642004
722516086529232896
4442367093
1032026290436689920
952551890402906112
78399460
70795126
233612988
150715197
267885755
756526987192176641
145499533
15119140
26063171
272221391
727594584893739009
164536190
17043428
953304902318501888
3793960033
18676526
323872736
457214324
1697438318
782273822137446400
18686907
15464697
799047255378391040
74305220
342863309
293131808
250188760
22187085
29201047
247334603
16513335
15115280
27493883
810619093749559296
785209740
2432416417
3298774073
39159473
21788203
800713486229614597
2541920508
1000397452661452801
318692762
17324226
17395444
138203134
16326882
18622869
15446531
14190948
14155907
34485937
870053473638854656
2288611836
4726534534
16684243
48236003
19516774
24312293
942156122
91150764
22074981
35586563
18494981
1965395402
2786131538
96783382
965015705123930114
880509498896633856
754163309088079872
19471651
783394970
1476133082
63677189
18395177
12266442
15279429
24190981
81482674
289342771
293088356
3258406777
340613443
811672205436260355
274642417
284230055
17782826
1245361106
917131148400189448
9942272
33442941
417382200
43995047
325162750
16863340
4803705924
2898355198
341871198
36252186
980473773165080579
2758342215
1787201851
2295630945
961525904
1355619517
1317129865
2147777162
20095128
1126846368
972952370303963136
749287218707968000
538979423
710549160366358529
969697685904199680
2537976271
742812465390587908
346353711
233755897
104299103
78525538
26928106
536610418
142905425
331854460
110189578
257108582
216065430
866953267
122369389
20711389
18766459
85583894
769315096476524544
850567326432989184
482708367
964531745893863425
964032914626359296
965266179836252161
14849562
15576928
246939630
250386727
1017637447
31339831
75892358
74669397
18018355
2434051392
372563164
18227519
21619519
15808765
15907183
32780218
43910797
2421067430
3223426134
138168339
26642006
341190477
1640929196
755057897583804416
53503202
18382184
580312540
14298769
18082945
19637934
301750247
485083111
15201979
875580120
13524182
16245840
20926233
266697434
126062842
1507338108
822131894540083201
21104257
575705670
351632633
3420477195
39668527
61371461
427505253
633989117
47475039
46822887
119972954
851211
30409200
22771961
36890646
48120914
17243733
14982804
90021519
46335511
182503471
731132367058968576
16051471
163971168
14641347
112764405
31455711
17057271
861316891469656067
828706394073395201
16160352
20744708
283013851
1291770157
57039392
255747911
366010246
467823431
11640472
11744152
4823705386
22975495
391123920
239548513
18817081
818646699023290368
798729566126829568
1578735846
31108138
2334193741
15007149
2863488598
79923701
20646711
14499829
27830610
14361155
16153562
18213483
69231187
33933259
14159148
161801527
17899109
75069067
14377605
43963249
73238146
939091
357606935
757303975
2293315159
126406217
49204865
108617810
800704496246484992
958435057
165944767
186667011
59949396
89503894
158426909
39000115
299802277
15220768
215207998
32871086
2316383071
15976705
343708563
141296076
40127770
20479813
33235771
19397785
284602545
25203361
47285504
229219088
122533830
738080573365702657
21266812
524733591
1206227149
27303284
25375836
36726020
14247236
21059255
72198806
17494010
171968009
875029068223315968
834081571493785600
8953122
1106501
14246001
1055907624
59031230
820378690920058880
820354372827758592
244655353
93069110
2271638589
22151193
293745380
38005276
306742502
85813671
46734290
292083207
904740870817120256
912692791762984962
21542518
45055696
97040343
704967105402114048
798168879293956096
19724858
19273919
39804874
810590628727914496
1383272101
2750877815
913252447
2789857374
33805522
170254080
22974854
113250460
637196658
16589206
16076032
2329066872
19879313
502135911
31312972
19166519
472587261
791077327
239509917
49698134
29417304
14091091
87969610
99572856
27249651
176328381
467911875
41419199
43166813
15165493
66162716
24734659
382685028
16378486
3315658770
4753851480
227837742
1058520120
55336196
2893418415
136379708
27042513
104969057
39689218
7861312
4196983835
568825492
1041346340
838914962370269184
17789578
402957663
50310311
4091551984
864881582317854721
816869611480186880
804015436979277824
2922928743
61734492
39279821
226813554
37045017
139823781
18583722
73060860
1419352615
4970411
807095
14606079
776130919
14348594
16302651
159633273
305530017
19330043
50826280
35094637
18228898
17696167
17169320
3004231
248735463
29501253
36686040
576603160
627819910
1270659199
846384672196169728
1579422614
4207961
803694179079458816
21308157
44988185
233783568
20772763
50325797
14529929
15675138
13850422
2467791
742143
1630896181
23818581
155784594
174110843
130496027
47747074
800263955411136512
216776631
29442313
13393052
65698096
800311260386426880
28185163
16669075
15647676
66369181
9624742
73181712
17629860
115749048
16172991
147316823
42977712
824116562768621568
824876295607554050
824386163439841281
824270573203292160
824028553067032576
17171111
130617778
800942537083068416
824467746436120576
824153054731759617
824320219866923018
824264707641057281
824190260338954240
824326864407822336
824137712286441472
824315778866417664
824139632354988033
2980058889
3240143771
824332206952714240
24532904
506429053
27187343
9300262
14717197
822517901294845953
15920243
267856525
53929374
22162854
17006036
63262233
16950284
18908973
23447418
16151917
49666825
59576786
78492615
15940523
26604904
76715323
31448660
37999041
1176796766
442237496
63302020
314316222
3141672447
4150288873
218325695
46213956
21212087
14630564
102595595
970207298
801781561464979457
381132280
30354991
131497030
44196397
867510722
18942760
79293791
97082147
17565514
28706024
166739404
62513246
3003613999
18278629
22941372
326507914
23987282
705807268835672064
117177584
76256268
392894080
3128624681
2238145601
859927482
177592153
248288535
42464282
79169394
215283933
180463340
466214115
86363143
25725698
368448364
19430456
30849103
156411211
624953558
19221664
26130127
266221902
90309830
151291412
20170550
34743251
3384912719
14996376
22090361
68810491
28406270
20322986
26535267
40626514
146185363
247827013
20924358
1240066436
2491891687
1957187125
711950727724163072
1416683976
2361948523
75927392
256573865
88749392
133880286
443215941
55117855
8005492
416963802
21526685
28061932
35097545
137865227
27711685
23827692
394216985
60520655
14166096
21502768
63168789
14593090
19165963
25654553
818910970567344128
325830217
1093090866
6480732
18952476
1536791610
822215679726100480
29344169
6480652
17732153
18548221
69406730
38611183
167421762
17735424
21718006
201419073
3154432196
22586041
35114180
132646498
3420181873
313091751
915726438
408169529
1600664095
10743832
1078053956
2649088734
3262779739
3288112231
328589120
2459912570
16228479
14315537
20990898
1144882621
26127836
555548903
18125335
312860399
973148616
403086984
6480682
39596022
13783772
52551600
2290210458
41266136
3012930349
1921499118
115710058
15483390
15764644
29450962
50004938
369506120
24407244
12611642
36184220
14700316
50393960
13201312
621573
22009731
35749264
1344951
7144422
5402612
759251
20015311
15485441
18164420
20174643
20950239
15492359
34868965
15224867
23027237
127305588
44570946
130922325
23073327
15163577
475995930
618900308
370941503
2438899573
9033762
2732708858
2557462848
27042953
2372563572
441606472
32372834
2191315032
39319668
30333898
51241574
346090893
140980387
243234156
753619273
2306754792
70698216
620189409
2697388795
868219082
2277988314
82946232
2548767145
2669157704
196727394
105305259
298503082
95453782
1442283716
1663327039
18725061
885554533
65305830
34285278
18000919
51442370
19562228
21113105
37780719
23034673
364988422
2542045038
2313624324
41860032
395705665
627889402
635420507
14288975
978787597
979416775
4519121
16181537
1446225594
17350496
18924291
75345275
29032961
178366499
505197426
239621529
622427154
920925912
432832791
55326534
394081026
15164565
39706174
16305330
805036170
17853760
52146755
19722699
18713314
14647570
2317351705
316389142
47786101
940280202
1330457336
4620451
65289126
1339835893
113897988
34575609
16409285
25460615
15666380
602317143
153546760
1418745782
809760
1689419970
1131841273
55637356
16267101
620142261
160817572
16906137
23544268
296129356
204832963
1729140781
1314411229
407304640
1271112685
124901312
1064700174
124439683
31028619
22215030
41978862
1715051
32774989
997629601
15143478
50158351
23680913
279390084
62290422
428333
35206553
139162440
36686415
22657153
15017440
14861921
19725644
387917832
499073990
24223641
14677919
15846407
31353077
316617827
15227791
165511377
146569971
90420314
266023063
306846270
6211972
14506253
14075928
25689672
16129920
766210164
409486555
18948541
38536306
7851442
146327085
344955115
115485051
158414847
15473958
15667802
5392522
5741722
758571517
237845487
14681605
14094741
1468401
1183041
60180322
50374439
28521141
15661871
62581962
12044602
37710752
39822897
14199378
23503181
14505838
17471979
85891683
16895274
11348282
17842366
14511951
26565946
19658936
20436059
18058609
6519522
27922157
18170896
822215673812119553
30313925
22461427
813286
6539592
21148293
25521487
16303106
14824849
21035409
112508240
18713254
44039298
20793816
14768776
6173842
1077971
227584607
82740834
15020865
27571610
42988213
21324258
20710809
14627153
153474021
18806753
14868699
17017636
30364057
53153263
10810102
26053643
41073372
14515734
66561957
24447643
15439395
47273076
137173516
25341604
11522502
65184105
19608297
18916728
18021496
21925979
59502660
36072264
14230524
27723247
