1101261028283768833
3231831854
1960195736
18179974
292095609
94401477
978824341969235968
300270852
378259736
2548586492
745299213509001216
1149942961
1604245273
996928780366041088
1065183385251926016
1027895336537391105
3107978911
1335366913
773300029901639680
953738445557559298
745345519950696449
939048710310453248
4048519160
836175085669072896
937615164320440320
847826199044861953
1025133779923349504
26616462
247125507
67347393
402157926
371553797
936743272256626693
1854198554
731528174836850688
920240592235515905
472272881
778713354835636224
276643081
576442316
611758381
54294584
717055517386940417
414459679
15862891
728336879267897344
3060094650
2537758081
755419184331235329
1528565209
155439838
1301002992
65287286
3242654840
2547700101
1362639276
2835602701
2925147952
3370901361
893749717
309159847
2935380369
463909403
218430860
3064228821
23547345
317216139
155230346
16079276
37703511
17425484
223529798
59126394
4082125097
1128468090
273342523
268470247
191607917
1115845405
37428060
280120460
819568190
86626845
1009645376
17899109
18067482
2301852505
381326641
3110777490
301709965
402820842
400151277
25671405
25806839
25807403
2154127088
233358883
1506053191
2190906684
2314387165
903495270
268875911
538082088
84238977
16584730
114276080
19416598
14267832
947547139
217198137
280630809
29775575
634348587
338545569
621835593
185910976
1349967372
900610518
50088781
198008272
574654527
567360618
352053266
125695429
8518982
148117155
519697310
570562229
14062610
48409357
34715093
86812925
519617600
95610582
16245822
37334808
331274543
133239513
46247561
28880869
65007412
87715935
18927401
177502839
210672830
32427234
15154811
