824233323476226049
786047748508221440
559614467
742769911
869685230
74287341
378259736
174847568
776682573401501696
1923959160
3186124933
16491676
1326945056
1144882621
1445020782
965695916740001793
15357521
2859964241
45704206
15299882
4898843075
947671695816560641
898292055679668225
2543576312
1062002713171357696
822632705292726273
1090284938933473285
951992324438937605
3301860092
238617514
293338829
49114382
558892811
831274870776360960
746107609741131780
35061327
960933635296841728
887367308435390464
410380828
1290313423
2396802864
2385731790
2178303756
558263295
1019642658581565440
138203134
967520401050845184
901622635
742798658
975756029999886336
1464676063
282772852
11757522
2897491036
966393029035741184
19844987
67728650
66021490
224078788
918235875678416897
1038624680209342464
2993673090
16526606
738825010786095106
18106847
45944023
824251731873853440
736792379097788416
913676009433526272
342863309
465046121
971969539784110080
976262095640637441
30331422
904431953226715136
987555274537033728
276050044
48624947
70379707
22482435
20604228
127984917
39159473
72394415
15162136
784790210349502464
2448167076
793400153499590657
295946264
868430459759407104
718673803
26858764
72842277
17042078
19637934
15812463
2827616267
1733993412
3402909411
1252618880
17157230
62575859
2798873679
3101015701
898093159
3998835646
273984889
958860793
2270744659
864561908
159059829
838887334410092546
811913062752129024
37710752
1259300658
1354873992
2391978846
316757647
140804216
943558027130626048
14145626
741368872779943936
4105734563
35865470
61593294
20813165
2683583672
107037417
14717311
1388496048
831254512455266304
1107724315
870870170
2350510640
898190294335840258
34324409
1364340356
1624505732
2830466338
561608343
300395107
12876272
778622174240333824
768708091206512640
16421419
257617636
2360081882
213088974
210558317
4721260669
838177905481924608
752720113225248768
1514018473
843888446741659650
1505228731
183218923
525751762
2755911807
376570418
131976246
2826778266
316508410
294449141
22819917
295728052
59012899
2754243824
603986609
3666503536
44992488
18726942
44984439
45854669
1087860428
824028553067032576
46180114
37587253
39633235
2292423140
74222189
1258351554
493889332
140802402
394273942
175421787
709386673541484545
474431335
975918325
274739602
15309072
472201672
21500884
2688531696
330699101
824320219866923018
2980058889
304392714
19397785
776046474165706788
1145330779
801084314599428096
802496832
133880286
735911206700109824
2975540661
1431760015
1242347953
2195838680
49042836
2848931345
141991931
330055239
235600263
48800708
3968969354
39511166
14559745
19649135
256017453
4871077946
179674384
1364876107
2402135329
35418170
2254399340
2478729888
65634864
112475924
453892183
234144914
1418745782
103158555
22080646
3107789363
4829577399
296919950
520087088
151650579
125420462
233278341
1083143204
1327865594
2944953687
48272917
376384888
714859067932614656
16779600
704933158064693248
2558050878
468987999
590368542
44168607
2907030545
72617655
2999294063
2362923030
1098789872
166267995
366053400
4805461477
28918647
2252850199
2432088217
220675687
1155653510
16153562
14499829
69231187
20646711
100255844
87656389
87706747
425790025
1469896718
636216638
23556677
575475667
869982661
38899275
70784139
2882277423
2514354002
35383188
860675413
2507820115
2849588205
1462076239
2563984297
594453678
1450723008
2874048166
2409489144
159124769
1967447046
118191162
992085643
1657726344
302412035
32372834
27596259
109254866
258847118
3345339543
4063698034
2445003570
96102210
20769532
2790325620
3305917762
1117689432
3604236195
320397246
2221323534
87657092
1891806212
634613460
636586551
3382607938
3387604695
3353501242
1363206528
1510992662
499396922
3091723247
3412910506
439872623
4784294478
14293310
31106472
75019567
2097571
15224867
3192773993
3022135143
1620349903
1218890352
3682397543
3233070693
1287491114
609462162
1024908331
12819112
3439519895
19808176
166739404
17220934
50393960
25330246
8161232
19339778
2327359038
14159148
33933259
69181624
2690525215
15492359
18563658
612620732
2823447918
2472890251
1435461
18049298
1072269104
10328012
742602410
320316891
16619709
57043553
21364753
52730969
626887309
43882997
2294625258
2355134480
25858488
849484208
230039195
487833518
41951394
2962536215
3402018069
36771809
18713552
20867568
14505838
34113439
57625403
27740227
23636580
87657446
48473838
403163083
1608950586
600803781
31443503
19767193
14085070
24457744
18766296
5031151
19711765
138360455
23638544
26287962
317187060
14402286
6480682
14786217
16926572
285049799
19940791
103887642
2555449837
1581525505
286459423
2974948330
23544596
239632862
2414686490
31080039
55117855
307065504
606549267
325533322
398293927
66870589
284663180
325830217
1342861723
76348185
61853389
1536791610
822215679726100480
1339835893
16867101
39822897
813286
620593956
90455062
25517925
257567230
45577446
3554721
411571890
50516203
19717244
17596622
16029780
13201312
260928758
17463923
441774035
2781170882
2302118989
38146999
316389142
2428190196
772825388
1646004187
2990582254
158414847
221833085
852097442
221101389
16303106
1626017726
347985379
66580140
1608610134
43829157
329198242
1069427588
374248306
1728757632
22066406
17471979
500704345
5402612
19725644
17842366
