738080573365702657
124003770
139823781
50086454
185797506
2561407350
748207868
79309628
636586551
829881163472916481
34032998
453347031
478750126
305287070
2753003748
195996866
179214664
2410983630
2702329087
2903470928
787718609313214464
50578347
597213953
739855488
3316501680
958321164048191490
378259736
628698139
2833024980
3266258420
158445476
1633496226
385192397
1522917078
392463691
4696728842
51111863
1620556356
752967707277029376
118975084
1480385228
16435797
1923959160
2828796622
3290762269
842550390818201600
203714426
2616757784
2493434756
1613250103
120636331
943910285928292352
864560037821370369
74573245
3132007510
16245822
26396117
1280622230
801639241
19984919
16031984
48931310
2148009361
1066868172496740353
625070495
821143158981533696
2688531696
862037690597953537
2537867839
1096058449
625112544
2272442329
244627772
187518287
817152932022026240
1007284936720740352
2764811815
1128445002407743488
216674501
22482435
20604228
4009593327
127984917
2932738844
1112390358833512449
2870274093
17672251
16504257
355036400
859795500433760256
2967402199
730309652412567552
1024930202491674625
19029137
145363546
144003355
15907183
15576928
510455186
844585806471876608
1136761480571867136
432134884
966124342307426304
836224968
275869621
817918015
18638090
261157191
1014018438044401664
934876976392933376
18497036
893971904062795777
460470940
217525915
195069218
2764843884
754073195074818048
3271230410
20563760
722338164678004736
836982906727845889
4428580300
1125923295205916673
731463062230700032
1138198543
1884603416
1105769770555715585
33114793
1096419153156677632
4861855175
768259650
36720266
433208353
2313927775
849610022044696576
887304627003195392
14195152
924998957830373377
119713144
892726289597173761
894254611095322626
932811031470014465
843916349562937344
11744152
297480056
3265372914
810682562473377792
22651854
1183907521
27977469
92838108
140945140
266727409
31512260
22532501
467137030
42671361
849797646038556672
3151261887
1113649895804686337
822637812113690624
2493031484
27380224
1112063849715236864
432840614
23477240
30013357
494396769
3816567737
1107309452355604485
892275857779118080
107227617
211721267
1059675376111312897
1900566776
87788695
3313618153
87849193
926811657359077376
16721452
879328279156707328
47983954
1041334590768525312
743742497331961856
42869411
15113584
2863821095
2910571290
17974481
1337271
132983131
74287341
636216638
16491676
703260518820159488
786047748508221440
2478729888
750022168675688449
2209742392
545630206
872460123125448704
510464011
2513432804
334321077
34175976
421033
81478236
85741735
14075928
61638283
912988142
80468100
861870576452997120
1555645147
16808453
170530453
23191561
24120793
785631337021571072
2783025822
2804055650
180200031
4633750652
1030459777548201984
3693753553
981249750019297280
20998647
36711678
454313925
14342564
29774968
373373336
552985513
15461733
67059584
178526634
70694567
236943811
19668026
80660928
20060293
143156249
125234024
15281429
26025190
551081796
959173934766837761
1917198907
1043119280311689217
1057347609256443904
975812598410219522
69140908
58958780
224130347
123054759
20534308
60620992
1095036002
18646280
1041442471
46319532
16619832
4620451
17217640
14199378
621573
21581503
15862891
32372834
8963722
487833518
14647570
19402238
15234407
17939037
15428397
42950930
22692199
17842366
22167056
16895274
15431856
41712825
771422352991059968
194347664
730514628363476993
14807898
23814999
17877850
3008464880
302129213
66427771
750389033579184129
229192814
4860853281
549845388
1393061984
2509326835
1273502732
4178478940
216803393
905764884
16583577
3685103662
2228403630
15820660
22845770
15921684
13176312
14944532
16029857
14936377
21179815
98921707
854936386994020352
2354013972
206001945
575905433
112475924
16434310
8904302
854985787
458733840
85728309
12267642
14981648
17385903
31443503
19920464
44903491
14729597
2509461094
20184945
15684633
174847568
15876686
26858764
196458749
14075844
17175139
2253890418
22190567
168757829
34317032
282423354
49012699
407387443
921770348487593984
1132461
884578187392544769
41479334
123372949
797497258988158978
31207348
32406021
84716479
105263800
277020058
537555179
284616690
180419242
183672041
394246259
225411266
543582293
376819015
189253902
467739426
33602654
29472803
16876667
22139698
15009735
12415722
133067266
15169176
138725262
103865085
17384099
21436960
8295072
34554134
2734713482
15612654
18644734
27978241
33773592
44562973
337886919
290876018
1299995892
541158674
330921167
390287262
552582271
65647594
43166813
15519544
28184452
25565646
18194898
153784150
16580226
50115087
11211372
8623332
30745844
31098756
21292523
6374602
15726728
17177482
135905236
2707961760
12190922
15898172
303099977
3234829756
61802282
890925384
14269008
19767193
265118542
878717249279762432
20410021
42070873
802480365386526720
2912819783
14051882
15437688
2381035422
191701613
18120198
102442011
17409240
17490974
46803597
17519586
17648905
15113565
84382289
14892665
21156033
225265639
46555511
787769140048175104
2965150132
4167213255
14483158
900851740840534016
2535920155
1411214749
31458706
129613658
25979848
111365779
1588068188
616353890
1152279248
307058607
131223120
711708804707196928
326275756
1029995978122645504
53938070
17874544
936401
190319216
986072717832216576
185609783
16799897
226346115
160142698
20492950
84966500
27862742
63242060
16318976
18393773
104549588
14202817
260398295
12418482
61715911
532824281
14232963
2433733866
18219314
6498112
18214930
240512140
17451841
52594950
15899971
57159451
1884474187
2970179279
75286820
206347941
52078696
575646270
824047282144378881
801318057465544704
16129920
874106117886005249
50657158
60637549
24215395
104255797
204965323
1439881266
72783659
751734791628873728
1004673434784288768
371890989
57043857
307865560
921796594571403264
970207298
44258747
233613720
455429947
455398788
1480666296
992468661582680064
2918726081
191239266
24630350
1017538023511257088
18382184
493470192
155280807
210229465
480746997
905795909551783936
945803584087588864
445782973
1355490528
829646124
504870074
257146202
27476317
912537456
142460382
757496921858736128
64292248
874275439
805089571
299178529
700534740575584258
3411200290
920026885706231808
3065375972
575013971
27829587
43644872
754596977883643904
757504946094739458
1979000695
346539976
19753974
15797540
19994145
1006140165302169600
849795218224275456
924749899815514112
2398287037
2689700384
3025860212
247768962
1677108648
3065659275
907992539218812928
791766138539610116
72503219
2796135239
608305980
909695931951566849
734154632159694848
772928216
2742006997
2437069651
904873293341122560
628059496
846137120209190912
2099411
14357273
47452040
14982625
57047586
3268436328
921759169
4541535439
454567689
138168339
16150457
62513246
65770439
45285833
922160278946529281
1927923236
3254208988
120995738
823022172826439682
32721826
68878049
26548315
2316383071
49698134
757303975
30354991
2859448331
21875099
834876627406454786
829686058648494080
829146283638038530
833725207344852992
102230901
65110561
86163833
608878659
37376499
67334847
704724245826285568
21153631
22488960
49057486
21761456
4082992312
189658688
944467345
3234475024
14176246
45565764
1209449395
2914487847
970721059
16899568
859134826066178049
850029913990189059
11342242
964529748276891648
25377135
1604444052
16045547
2655563257
3898598357
186154646
4196983835
227010728
1339835893
125212093
106201103
153566964
55099600
111772723
23046363
161416550
1104648752
903841725763825664
201981989
102119821
337991139
15437195
18655567
845256820264488960
965261026441625601
225193809
29518466
12034642
17781165
13298072
34743251
18774477
15032736
30258963
26853548
104201057
159588456
18164420
14091091
24919888
4260487493
64011951
15837189
243812375
492492626
141991393
1468154052
1915033663
19677315
965266179836252161
121853848
787239
233701155
925831582849499136
20609518
122533830
986235307
35391464
506429053
3117896100
948704628643975180
1006618500
3157689291
149249831
84477694
723770641048969216
1539978391
954630875160956933
23872234
2897774300
214213512
3326864473
32774989
20526449
1334950621
16356796
171881218
70725281
21859563
752743856941125632
863320472641044481
137752494
789109693696192512
48075562
130368599
220870792
463302596
70315912
30138572
871466086293794817
87555271
16582131
17057916
809130472655581184
48035511
17881732
18302115
41223126
15620917
45112527
1299737239
842029626608123904
1301862212
275134818
470570606
255784266
3214719795
24129206
1497949304
2387963072
830908366377611266
3223426134
977257968
4183662734
459675891
36375825
403773099
164418122
6433472
125202835
36803580
10810102
26782762
23670746
1064031036
66214850
831272491821711360
19000019
12653722
138913667
852675783550132225
845299284388040704
905966422248919041
419665725
475186162
910202401981833217
467069418
64826919
3421762703
124302756
61033129
18984207
44215023
85618442
249393823
380155720
44196397
4181404103
2594889075
192589318
4854666843
509270796
18210554
412373159
4633917673
375955111
24000965
36490075
481647908
813286
111073483
327206200
117484983
506216849
750034696633982977
3518447116
818556707706208260
533214733
2664431
82999576
102448827
216808077
15772318
15976705
331908924
42836999
186213525
36984909
51241574
197554405
81122301
141341863
110800480
5402612
19087668
16220555
70194980
1451773004
14806671
373683618
75050644
2942535461
786449581219295232
24177946
1618939716
2463359562
2220377011
1069347990
27699670
2918147856
2324762713
1041346340
2336573456
354133033
3600620063
1595692662
19375262
17471979
15473958
11348282
463430797
786937495
49670445
1563581276
478715115
2500096499
1373174347
543757997
2370385968
2321342454
1265578819
740109097
17258481
2432486244
621195039
15933148
302187548
19041310
88551421
366044248
523786673
53597156
422788860
369804804
361284594
353778254
188785608
33798654
235606637
266796585
1307791
22714775
174307074
