1160669805025943552
1128088195718090753
1001883362376781825
378259736
7867432
51214283
180010948
122527130
46408068
26929793
161466268
95778679
90697018
3207565383
391849017
222566834
15293751
2450186918
23537757
211753046
1103996365053575171
2530582658
81912723
2374359762
37547775
1947457074
15921659
26257542
2442015493
785834154
1133214583286587394
795887454062514176
14215322
1089762355
380021238
3955602927
829555308624302081
419164231
2214226670
1379372815
51547100
1014707277247533056
19165297
1141138960930004993
1120501935533064192
22264201
3247050128
529809015
425357603
3256233799
1084583323
3820639041
947604062249340928
537785639
33648905
270524193
979394120878886912
2822110932
1127701306129383424
3996859629
1006226350703808514
608286874
52560313
1222538822
33375268
3153450553
298539462
2375575963
72881464
3412949177
730187073941061632
2685811656
3130929191
218710660
17593918
1113155999341281280
2170353217
2724401154
1200337562
882929624602128384
92525794
341870632
881971763332210689
260342548
65166294
843888026073907201
230820932
75588026
1851816901
742774605648154624
2511987666
233268596
977924322017796097
27064078
36864334
816748379787116549
196598347
25696475
494497120
49671811
130627135
2276272981
121230858
2379868207
727237047438741504
492481220
492668901
121949605
15258384
834250910624784384
29543924
1024348708908007427
890151793656832001
856576300345159686
709033789264109568
962364255399043072
1666390410
324651381
1050555805727055872
1912196948
3097204653
313381904
1002312226487881728
2491494433
194381895
61787394
146137727
2246629073
1175335302
893861034443784192
784864924870729728
50149243
2801110496
19910867
403654404
3904210824
33252785
1554309271
928306947392188416
240091096
908017278163107841
2995211463
305692661
2248816688
473848966
17499317
17502285
194124971
977535552
1657993273
24700290
72900908
3656596588
2378965232
345488531
9311112
456386669
537264119
929766541046042624
919284518904668160
1084235693113647106
861658028684267520
1161496963
34600717
3323910957
933076624140062720
53723183
202141616
495938310
3299515159
727159185847259136
309260097
1062731282977882113
2821332525
80959689
827583699940163585
893889171600920577
234057303
581256692
1008797646
3223030219
1000699454
37037031
1114732334
2964610447
273263500
394142335
1381980883
1033738764441595904
980536066624114689
893096690269523969
15846407
813286
948775457339555840
61357953
18055737
1033027784728354818
714549986625773568
3021638753
411171525
14062563
3942101593
110514690
103649855
3855330077
2148275342
1043256344235528193
938976662036742145
847705464
2869697244
16676759
1631489377
3295528628
1483180254
3739965494
16873482
3575531112
17195538
284872188
967189061633847296
60333251
1271316385
23626961
227270676
996202928540147712
201781612
926210133331283968
890416964698488834
361671948
2328874411
950323892
3196002197
105822438
1613524530
871726155946131461
40830754
998769988323422209
590384165
949002176755462144
78465782
30093009
4148359934
123399281
969247757461434369
729927155740774401
202361263
2363530148
950608818
760754209
211385401
757295503
4402927873
721220358
2671198346
18819324
44663728
65128460
1320672001
43900892
1336577226
3933716057
716616768
976831272151670791
537092737
1000941485594836992
2658900674
882975694329741312
1292111858
786611672517488640
921424028178534400
21534969
998980799218233350
2363290530
1561118166
323613621
326317445
3422307238
32080992
956163518
3166735385
4169136792
407033538
3005597625
484849569
70789698
824942823917158400
960043363776024576
65997711
15740502
18951239
1122584089
778966938290679813
143183379
3939210977
95474436
142125645
2925539046
243952718
320985953
3044035709
852683484455940096
48831361
100818788
15418363
424326821
35748779
28798659
22037187
775700682326151168
910213554267189248
973192018569478145
905532564919738368
518659357
396090641
51833485
412597177
16970124
52109847
31215652
126062547
1524863084
87485879
274111803
15836678
884772487250288640
1694548459
1063242876
758103356397064192
474858922
486869565
236644153
87496774
185392431
30473339
3312760694
824303914082246659
57732099
18804597
1241465054
68753100
328198296
868489328
393891357
3279336889
391622848
227404784
1132483052
799301
754808863874920449
388947400
1488325466
727945260647780352
171514729
3119051237
444751413
35471591
51487665
791664222132469760
824741678661697536
1134737618
1459654357
1668595506
2810058812
15941455
23610124
63015077
343744518
322658299
3186312618
35749264
26532204
174690228
118255684
46537415
542228730
46465314
728028741063065600
432655333
36072989
1606729554
326979952
21478989
19632073
38588010
282758034
816477949
2435796500
407413592
2264855112
768491586779045888
780178152249290752
116888253
19126625
210684204
741682050806239232
759028423327088640
61346919
1952413104
89737170
20686986
402841027
1299694484
4866779818
32440387
8824552
274365008
2305462620
191792514
2423823289
2801152935
86613184
422191252
34661286
225453965
