2911488355
955813973324070912
1194843936
3243120372
164345736
3568586475
869236945
3353651812
1112752555011002368
3795281
742798658
1049359682337497088
378259736
19518147
1378590138
415822027
484034786
813286
1136433914958893056
2788259801
4196983835
52554306
2269666182
2747310511
4644564432
838887334410092546
1038096516727099393
18444530
967569214444797952
975491933882765313
222141322
1449771198
63302020
4716524952
1676430421
9083222
3061822164
799635850107686912
888528669060218882
220675687
369273721
4898816696
193152032
93129160
3070386906
830898525135368192
4824963021
995979576
58965038
705807268835672064
298663778
416814339
271504963
4922363147
180503626
64635680
24630350
28840059
408580973
726448407896842240
51263592
707213144008101888
2996910900
3115862780
960930702
4625687418
2555924347
142267670
310463188
16302242
1666229810
3630535458
330055239
317528802
182636484
558914121
265062844
53343256
1039631064
2213393515
124903813
2339662771
2148125496
2482755424
2531049352
1861393146
43139414
489366529
3085392448
2399899035
400859768
380567570
325255617
96915603
3085363900
783763632
24742040
5162861
26589987
21254264
1337785291
131948686
145107843
23083404
26257166
2181233851
21378183
300392950
98809456
1059194370
