112475924
769624199430148096
378259736
705494862
381746423
1017462010706096131
30354991
2802558480
776834692171563008
3342530218
2202163974
158414847
3091749904
3179108937
14075928
744046387365560320
2796557682
18506226
920676712488361984
1227885888
1115387399348072448
461691604
569423891
1877372130
941901403
23004436
1733459113
1195067995
981259709356404737
754781047456468992
2678236062
259289219
30364057
1008636431177322496
49986034
974403035010162688
3671138595
1448304912
1000059658156027904
881255782750326787
814958290388008961
831534650195660801
185631499
874857937
91360940
981317247103918081
20528760
46637873
226222147
1067928688992243712
2303751216
29717083
823256189169504256
1324659498
109379148
18049298
1464676063
3331750001
913065235803725824
3077742802
973901853607055361
721317432162299904
274735607
2712986780
3234601428
245634104
1901405066
71061891
3132007510
228586748
19843630
16303106
19108922
3434628838
428402969
837693559
2821205806
715573452535496704
1327626942
2687999594
499639238
320268880
2932871799
2396799331
24259724
32729442
1676175931
2691011232
472272881
594816093
3131597297
14085070
19767193
17487422
365588527
2154702712
2174250166
16029156
2788202682
1301903406
769846998
3587756483
3795281
1578360067
15154811
542037003
589975555
88642597
731230965700251648
730871824595230720
3258053321
2154127088
736181036862865408
487157253
3434640886
239153508
511581151
201935969
2693267988
601057509
823650480
145830934
39822897
17292623
487833518
331590821
19402238
14647570
17471979
1892009820
258847118
21333228
8963722
37710752
13787402
1169323806
13201312
12819112
28567809
322122983
22674756
2293415520
347666787
3303615117
2910137361
131942721
2820213063
769611116
2345743333
237125161
16245822
223529798
3192573188
48799978
972327576
2348908146
406414765
255717295
71293921
180052674
2534567463
933330985
1523437020
380816062
869101988
3310045471
47817893
3045094519
360117184
117357223
108317205
6507762
34373370
