815941956446470144
105098387
4200249681
229005889
1006149495279771648
1120131291419115521
924324403583881216
908641033617133569
1141146017657774082
1058806590
993913676850782208
2164983825
277755944
25816135
46126781
935832186816749568
1142445145897390081
155547503
380394354
815888671
747439693801848832
1291137080
2577855113
82503888
39721543
90303879
162535413
838374132756713472
54849957
592469426
15300222
813099941740560384
225799229
2286418893
180310067
958321164048191490
2270376266
18513101
291405463
187518287
557068003
85728309
239499378
16931273
25219709
4410102635
2306896992
141328091
130834299
158451341
1020952663
415075929
349142818
61354111
5687992
42338524
12267642
1569453656
425709441
38359576
716145348
58171977
4201110910
3948479302
198020721
2248389990
47605629
262404381
2986365749
39935691
533116615
378259736
249329330
625070495
65316869
2764466482
182839127
203714426
2746341887
14088984
1385861262
102417054
1096058449
322658299
13250642
1383133224
1436382126
63272186
2792340065
355053826
37149113
2192592792
14852707
271331718
77907514
999293378
14448779
7093352
25728193
1544468570
2828796622
1155497149
337318821
1240034964
737073655004401664
602893393
78744277
547397219
83925672
141376289
33773592
515865890
17791015
2944953687
1478030580
2764811815
163133862
26668365
101778101
954063778173390848
251985209
1089984975519256576
812324121166147584
781260252205420544
974359289757405190
1014625683803340801
3105515123
382893972
881217871401152512
459642846
3018841323
1139118156453154819
1020757925780959233
2854040487
182833081
370409954
730855876395958272
3371737750
812349269638336512
3198637423
2699834545
19505200
18539266
843102126
793447254942216196
1037695123
1477833530
2424151074
2900272654
562026575
2889619139
1087723439417450496
806983659114917892
909882161599320065
73694428
972249961
162534844
2924668513
1196859854
106364904
193301414
332233584
637087464
1018807303959646208
738196063
1123962175180148738
85552071
351750733
1113040282793230336
1722460152
874972424495931393
53401577
1074853160
2480936977
822948765778776065
987298428144291841
815496014
1407552384
830095167835217922
32746535
193916011
2154127088
2748559290
1144882621
836548849
89421328
18499709
2739434108
810555350944464896
107832057
2292534031
2182145676
14286491
509237151
908861268
235599690
1722921726
818393744
1724508974
382200092
1074663821476839424
248703148
18567018
986877912212279296
20228518
728595932305076224
1084088820
19826509
2362502461
2745553197
1042128919674212353
929177057401155585
847505559838269441
569837329
619505799
875351948
163099953
66682604
1007269733316677639
1045647643664424960
23950489
1437234858
819185036
789301627
1398017012
3317856102
3898598357
34885995
2837481580
2529783846
1011652583340068865
15184835
2449637502
3519587539
60913588
61753445
581270752
524501086
234309722
2377958781
3245493350
945943164
28694307
70951899
948113780113678336
783621388728950785
21801907
32302688
338240032
399964808
19787166
1119394370
902923568576679940
121204594
372785223
268919557
266372861
167040325
3236734336
330319196
737983923335090176
823518894182846464
1432748821
19183987
79653056
720255797859516416
1000138440070107137
828361667918569472
221808649
217942278
372759614
2748542682
702992245696413696
266010664
884804506571206657
754712954453524482
1096268049857036289
330408042
1111325763809304578
4887717435
708612706954309632
102763849
545457149
56492607
1898481098
37563
989813517606903808
588770591
826996098979987456
1124246860930191361
4144352963
17471979
473333936
73498916
487833518
1396563914
473098259
2967936341
2363205133
1338987882
121424614
4107913756
69260733
255589281
864261421
216728000
277997152
874638445
849287388287438849
3511866015
4898843075
3722225476
893105141381025792
27034775
743696568939753475
3813580887
34376328
3434136232
614440298
815300326127534080
296241309
2798387701
3354846525
14910161
1361478732
1941607710
3131064826
181962400
1903656720
3130886799
3938329059
1398283105
2660596250
114942930
1608529771
936516166226464768
724603614531039233
86837398
528879758
3242182827
2886972634
177101260
884185578513858560
2584131224
70904657
2737018013
1319987064
1571404873
839405495752478720
49964205
2345494919
139479730
858371310346539010
15416816
54495457
703074392
784460029
122163974
852058527988428800
876400777
270296701
922860750368108544
223231159
881524318747975685
35440377
1117205183560331264
368750485
1860944508
836929444795273216
224631899
28449320
859598610
3248209566
1002728984952655872
3131448873
249829698
922230051168538624
1147820366
1066035682026631169
379368747
153258015
984002154808643584
691353
15808647
13982132
19651853
82364810
279238668
20615786
2540514931
19676294
758039646454636548
1540384460
2427351685
1542731851
3305807792
322347431
4025059012
136256258
891077171673931776
1307715296
961352250194120704
281766466
2229672967
2831922888
755877821671702528
1468198634
2173820941
847391265259790336
2381087190
4134255287
3333052551
177005581
2833616255
800966398642110464
840928732386885632
1005567482684321792
228823717
1101593248081035264
965349922508767233
3166047705
231402681
832908278
393550078
14214573
850698599117856769
234283437
3003995187
17292623
17089636
15460048
157981564
3918111614
32372834
380816062
27530618
1344951
1568239549
308487814
3433388278
890798333094019072
534037507
796702945727410177
3362373359
153808620
355654498
298729878
96578083
3827302049
563091383
24228154
13074042
609187397
828536713899171840
2639911368
2758421405
139598778
82511170
886581980170780672
1924550256
221304470
1733777587
1050386065935257600
755733097
463069409
1336634744
1055162831656628224
222765418
375668090
66182591
88936048
636216638
352650591
15137538
1969984345
799394402112184320
744046387365560320
1375825160
2537867839
718173795010396160
261290628
714820854257942529
89119117
3152186729
1011708729685958656
23572718
105942760
581076102
740808785070018561
2978127683
23383734
259568572
135027427
232352752
29121167
870324519788879872
33152005
69277202
874310395875295232
576559636
16047950
3656836876
13399802
2458472498
2941377939
180858875
305135655
325719227
522529826
2158563565
328130890
718779366134648834
193659574
375608670
2484644174
1622940206
777940774986084352
90488742
3136229043
2212164307
754273366207496192
3106632013
2981013099
191553031
893559311355576320
2231179117
1018252280
443734314
15395767
1002240421819396096
1069045039
604840570
274721097
2969611414
75851127
767812739960082437
999823638932189184
845968426011119616
147637306
2485104619
314845003
2370991351
93881354
40281983
619958259
892837238727462913
936111860
809513849321721857
977560173781946368
1011697385645445121
900283042488627200
355616314
381440981
198194549
2875452649
41791141
565336639
4848860457
945496245530869760
954298336454086656
1105012994
420370077
171099733
796300683335102464
996880790142189570
702803046355615744
31537951
22132266
2327556110
1112731983258533888
902495767
27087150
286204110
2730189573
707433649
85605334
1194617485
115333635
115638698
1108419084717297664
575655913
121869155
31936449
150235348
34319293
555526074
627486524
629540954
1565839604
1330131662
366665842
4107579129
2910350817
183407966
19596074
746483203716714500
1960376359
116420646
1597402903
284071322
2497521337
4324844055
1708117382
947465066
4020498861
2890889619
1111198088587292672
207244231
80250475
134754225
2714415900
4031500875
1909185565
711507096215404544
733371211619667968
3350966397
1056885476869787649
3003492269
100633079
785477810945134592
1047951888635899904
2980957738
823519451756855296
570765703
509273285
748885228492562432
839763014190518272
3697013177
1851629898
80422885
950690174
1324542439
28082102
881453255586439169
1106196744
37989702
76637096
134429434
263695739
53907669
154915461
280790280
20527092
9039352
16168954
2755838932
30107278
3291285329
48008938
53946198
815633174
1007421620535939073
927722235674136577
1040958946226462721
2775560999
245299496
66773314
1082349776635682822
2868317127
915304123465109504
1098594154693754880
773982705776287747
766474631389863937
3834039327
2569591153
775788464453234688
16892481
1067218780806307841
816291044325261312
280354655
788727472506408960
3186124933
205129701
885648921489526785
910621028212203521
18911432
1068086821140205569
198584761
21297437
254218142
18080969
35415477
36843988
259403751
3077382335
582596548
924956185241014272
3971838976
211721058
745983790544191488
970763269
210471618
98526048
2863836046
115743614
1042767738031296513
2849583227
3510793463
136717652
788787252205854720
2809428180
1112788737698811906
778296191721304064
752888940907069440
69321340
2181037819
3420072465
2785879938
2302873430
2341894788
3012221044
314003959
2967826707
19393236
576354978
76963627
32147629
628286960
36320714
140856920
799710618
388800362
574448090
41468012
46114448
47623862
90372173
114422513
44855964
158691925
132254827
771301662363385857
618031317
394762158
4079975169
49984747
16416978
988341472465510400
765509786716758016
540104883
3306969977
562412724
160952087
221387627
877123172159684608
23602600
441779125
252124716
211994193
621563
2213051420
3358350587
27251401
390182745
1097978744
370590741
859710134641201156
908318991814414336
881054999329034240
808684956
4074758303
3750458549
358947247
1573565870
253588542
2754429439
47305063
3131334131
351533258
581032756
569921322
2533291494
1063720101768237056
198795768
1362724843
589032635
1194006560
266862667
21349077
104786280
393621632
260211154
92614042
22419487
273375532
971948592
991283693535809537
17834642
41509348
390177750
710592843669245954
1835099408
16005806
2530788738
828146233327939584
1093168995191148545
2238569976
3176122837
20134164
2851639594
859590569856610304
3739582037
108899342
2760015084
65610814
890063541838925824
222450055
2903987316
854681597827842050
3685671072
1904583252
2464731932
191232431
190380999
566777918
1043862840635994118
38750279
729960289152716800
634097611
733388778144927744
1161155834
804096523843883008
943790902774059009
893742978250018817
4806833193
726218201084862465
1081560927517003781
986855817516404736
2246717546
964514149312196609
91218380
348602180
2776209289
1001851428774862849
2765559884
876895425835479041
1157691060
1004258515375017984
2377969267
64015230
234910505
833908390485061632
3147637105
738363248886566913
3316765444
975748821648072704
1545908220
749161067767590912
216155526
968596253000036352
4503270076
2791946979
40353654
917752018936221701
834812681672605696
773966392882237440
1497747986
142134057
3318578529
16786704
304154654
278717662
1319138377
743385464
1166494735
703994835133448192
1024377732841578497
730734078660608001
56154064
111988649
247293860
954435497451048960
903188213929574400
1468649438
844029698
92829880
227648575
923909933816602624
177705432
992000086023565313
233644448
961390554616598528
730021803020668928
1937581884
931147938054541314
169276806
798683009411125248
2556357312
1094560718228213760
973551220219699200
1076116243265060864
3025775043
1095374756893937669
793441028871221249
748094983111049216
776935590864584704
106110405
1039787224676663296
981822277854683136
594572412
788851519064010754
218797772
37276226
271058786
920083416820805632
200415247
731478516181565440
1055792543827456000
29274213
557491580
302001495
932805374
1046589272
60069189
908226487928594432
790555364441911296
486643079
19444490
4568484861
811925436519378944
1083734763075190784
3121003750
976587757647691776
893144394689388545
733023059028873216
8365512
1070408139638489088
932935584577761285
105319010
1029929298587725824
926065447862177792
1007284936720740352
850817012821483520
1007660104706031617
1041185134039322624
386201151
52053878
30318736
22042578
1034838985837826048
10383652
1317390709
928938794556051456
455036593
309354640
367931172
280251879
1364643937
3433220662
22364669
1045893786
486234103
1153234974
1106554797879119872
54138532
38798614
795887454062514176
168304507
187438152
3412616493
570987507
828835987379851265
1186941620
215161433
104462518
795543584216875009
1215748879
877616433609318400
544302776
277319343
160235420
889132671556890628
2478954626
836990389122973698
1356861042
75922109
867369367880814592
918558343421202432
1107300953290625024
1617918008
21000110
916087333291810816
3318332379
2395053247
498542680
3062401109
26467798
16199886
2535783120
3910127533
1693811
1009858665925537794
1066380157647298560
4712871496
3302492687
101630597
819208219029630977
2855775369
534255106
2942016676
45191927
800311469703188480
311439292
22512172
1096083931
993515426230530049
811306760510275585
3190147943
2651740800
3214533497
3311264367
310026299
2178048528
26411042
3234116270
782700431059267584
1080524372341911552
172418264
196458749
2919151
174847568
1378238418
2827535740
3284670086
1689320334
2401608757
920670765858672642
1863811460
2776505567
156783075
779985727065059330
79190685
325622395
319118333
364232862
2429747641
703620799412858881
320376718
2181735726
886957935276027904
2527074816
768831623576035328
225446584
2789457827
3917447252
2278855422
793514480
222024531
771348976104828928
4212087845
23660476
1101397927220707328
218440355
346160215
189618679
20904490
964849526174617605
82330575
709189453
997171233174245381
2485447616
873695107
1096345710
2271761883
715877178
996339746082361344
243619166
719854861253283841
1086310837495709696
969887130305683457
1103423307255345153
3226919272
1098554111820267520
18065266
1337844614
146567174
1045753790899650561
1300316983
1025058369630097413
104644638
40890081
1545328333
430615939
882586785506832385
224256173
2752781187
777728484
19341622
2425619292
891032200317202432
145880567
130745589
130370549
15939396
996020192
148287069
482054953
16998179
703481822848614401
2437947289
926555191649775621
109390268
67263779
481943972
3129917030
2692399525
768050352218308608
83105742
905865830143021056
923835230628319233
526296272
892497189007761408
2198616866
182295395
338444630
3072148906
2698074876
784195245504274432
1872245198
67557335
31392977
33494863
1038739506671828997
1016992969189199872
331604683
202328756
143903442
2159593434
70205946
1062672521139535872
865322862
2902267702
936999288206368768
2647306743
440719416
984508802006429698
2534862482
627212905
1075384433807712256
3059788886
3211934627
1052610994944561152
555073218
1876209330
1872352194
4714959915
778041970895781892
794144501048758273
825790369476517893
737348401
927984814900342785
767674577140998148
928201366132142080
3064320599
36925713
1058706988929048576
965201095940280322
2921331029
467551928
733989393451634688
767652295165218816
983611802687758336
278506592
1379662802
1063589010
890532782094651393
994550380481712130
433112513
2685781728
113015471
1016034262934573056
950844713657094145
1426317770
22738113
3191006281
14249829
15143478
556151596
997629601
131644899
19348904
2277495931
1347111570
29179882
854660163642544128
790530655
1724990221
23055105
1694001176
59087340
2895499182
245564615
88315048
2877269376
4637438537
53406530
125644689
23462787
888947726519377920
4923871402
2460047754
2212386516
57643214
4818320963
708327263331344385
890592206121308161
793485632479846400
15912890
49279876
87524646
2755236710
85383386
702155643613011968
718776816
1653171638
11383092
245493776
30023101
280132038
2318213621
53560219
2255297864
404946566
4009064038
335939030
15021046
16922233
531697681
4144473225
832682391323832322
2583592880
811988927040978944
108095299
2699393459
1143306289
752487999800094720
79783264
3381806721
1218100328
27297131
422720800
182747810
20542737
11939852
144628095
974756850334920708
884494672835600385
963095275706470400
41784691
355796874
2883050962
843572993334956032
3432699953
1377360972
714512162425733120
114583306
87321664
14700258
22447002
24554929
1382532266
279797666
2393183286
2596589880
1080753187
407624682
379357736
21214383
1175748290
78865656
3040396659
190138220
1082896290
896004494433161216
837693559
48370227
592834067
748226902930919424
37254334
475983962
18100201
15297459
938357503116693504
987044054482472960
3693913754
899598361950642176
2883910297
2603978460
3860269577
17387342
7455102
20547752
841709695
74937883
913416603559235584
1482581556
448230523
308151547
415601652
41859177
865118409088020480
47336791
698080770078982144
38242170
910561546367008768
3676917916
404009035
804948578
1731561564
326869662
841039066284081152
300921421
33838201
2540794650
122080635
116994659
2530947115
3406403592
3865005196
17230461
85353927
793899128778522624
86065887
295622775
881650677797330944
2817674196
19767193
983617574989639680
3312317120
3068961197
539971687
4170517403
887266683303464960
20523099
14973943
22611252
127736484
945021622779547659
3397463187
15733345
162686169
3870712342
360761062
59553664
1648593824
305646525
107375795
204370454
29843511
775449094739197953
216939636
4880930321
194229331
4119951689
4783690002
17997789
936582201654894592
763384299903213568
202573676
2353685893
22752460
834417851490504706
293454662
320624861
2833731503
861869917452333056
3315236924
900312014156967936
3907798703
9495172
19760151
962997733
628765360
95786879
12819112
1053724531
256960824
756876264
2446916718
1112553272
357048033
202719554
260685403
1387625184
88727938
756656266085339136
4437144508
1635243432
2748575606
895016219555835905
185280748
265933099
156605615
801789630236467205
948479372486352896
964926844310114308
916561549367566336
522498768
16489542
2269616103
718832911
86292908
13384592
397350174
2589579788
397306055
39348006
94974012
884038275312308226
190629201
121354002
1413443492
860158302
832310500251860992
1981431
888419029697925120
4148611337
2961753237
2867047931
1663172653
165952878
19541922
59780450
905786675191828480
470337301
815778878840971265
19837528
58431280
28567809
123481362
1329302768
316389142
458966079
138044104
203307838
109310784
386126477
17998609
203063180
106972220
21626287
318976741
83665853
88795399
31443503
316327930
9207632
525413893
176371696
443226587
60565087
701267743
14053424
92844383
525358474
277261969
17579990
37706077
23992315
20048111
14075928
173206570
17736679
205195655
458730722
186034950
59430142
15862891
382669118
18887526
21315721
71273952
14824849
96922874
267915933
30364057
30345764
172807537
24862758
1047311
24654859
166130814
235780176
37710752
15492359
113827808
19678610
23493538
24847347
239642736
201907248
133950114
