3009294069
884817284
24683761
2277982130
621353919
2482300296
31465917
298709411
3555018204
272155465
1706042070
3656836876
2559974761
1019240616268423169
2864381561
870324519788879872
1398479138
334921581
78683448
378259736
2962136956
95092020
107225267
997629601
44196397
17939037
37710752
556151596
116994659
15143478
1045176829
1580548884
1006267431562534920
48515348
2203986014
757670123100516352
485880944
757648696695672832
2616596419
951489667354021893
819989205866713089
453478204
138326579
1951518644
19199474
30082420
1004731015
49856223
247426491
107037417
19918988
129653547
453701526
3010471088
128275616
2798873679
4135218633
520087088
4813597333
706821980754989056
818907239612379136
1475438833
1173623155
1880114024
1025441933550792705
1042606083267715072
19546078
79301441
2781162018
19909064
4150857221
27862718
707896682214625280
19729763
1359653610
981902535182180352
5374602
506200982
17535273
297888385
796518919087521792
23219696
59687987
103887642
36248931
2312567720
20458261
23638544
277470660
76179701
2386974907
361910269
15791539
52730969
29717083
72918810
898292055679668225
57043553
769846998
2254399340
2518188439
1015356180
2341224540
247401930
97282705
399005533
25428227
15946223
309298363
258019150
879536914004684801
923658317813174273
2187000672
1935925548
25446380
371612894
2946679618
974547582
197270143
820811888820973568
3290762269
1108374109430390788
222295636
2475464005
238962470
36976313
3147571579
392340796
2200305589
1020247382
1421929814
2837973047
979046528600936449
846778772506447877
738304293313359872
3017093141
3072051300
109928640
3100606329
2351827339
21877288
2840726613
1735608703
2844569713
868703400
869685230
2841795280
2887301980
2148009361
2987147081
1385861262
2274994068
389492817
2967402199
355036400
1568871625
2295070758
776446521625698304
2688531696
3830427194
4160269692
3902416905
1339861866
1736490572
2384004673
1599384764
69133574
342250615
105529826
14589654
3394395353
34540379
321437686
2192592792
2350510640
958649520
9377892
2828796622
627088903
3385495954
634109297
22029897
2194880713
49042836
2794618489
895666361447325697
2411283722
73552691
83208630
1138274203
2340543498
2835276254
499970463
1896450494
1325304444
589486923
1402244550
17385903
742769911
112475924
2402135329
2478635209
1020952663
231216809
377554195
885882167557009408
191583687
57625403
39633235
4295232734
1024492165
979385102
733372734
763452859652403201
736530281432272896
51111863
775377457344028672
698020262093008897
1171057021
713403155258585089
983009532350779393
712707313757360128
738587018192556035
2207527682
4877243555
3266258420
2537867839
636216638
2944953687
1363206528
636586551
74287341
93464739
21917716
105973401
66182591
2478729888
156989502
1969299078
38302101
10238542
23624620
8861762
22313547
716790037
142149806
590084071
2826615984
199313988
32853823
2932962653
853660077517004800
426294561
2365978918
1662704581
39812418
77101823
10328012
70784139
1405506498
20650723
4689372030
1060545835
894740932800786432
19711765
14230524
409486555
52551600
10517722
104340850
4729897095
437730945
49625555
321522371
885437054
353324120
564102971
325252519
4923158607
262454289
853311690364080132
2935117620
893548412561481729
69077972
3310139091
3079374313
3373720900
849022196118937601
213423547
2610218390
2290473158
2965041082
20822977
2991792631
739939154939777025
2164162112
475232719
561608343
27834920
84600772
3037008542
399865281
323198052
4224759333
30448249
1334883864
1877372130
22795979
2758669026
344774595
3380961148
31094727
19200401
16714586
2833024980
872871225181077505
2823159899
1946966479
2882277423
3192490927
371328288
784790210349502464
2996045632
1548664070
2939577663
320316891
54930468
561372021
2442719932
188444270
398991185
860675413
3013636888
19341683
1330457336
813286
1339835893
25073877
177285634
458848245
15485441
115485051
800760858204770304
2214785990
1658294791
853644540
21364753
253361122
4856064144
796101264102850564
2320747507
1495632307
2196286417
3345339543
766783996340625408
71886116
751745076167139328
16619709
382945026
789014144
11174882
19404780
1560625226
367780397
282279863
2401808527
405543136
65647594
1611061452
20813165
59184319
1662861522
2726694792
2771894656
860391206
3432042676
2850381365
309743396
3883327000
36655349
30290980
2767552191
38233510
63522925
2220473463
19515424
94633577
19725644
1536791610
822215679726100480
17471979
40028412
227436422
232965323
17248350
46180114
22132491
326176931
43418167
22587230
914471449
175204222
356601695
216979622
1176709687
991402609
99580809
190020054
244757645
279879480
37909382
62718945
163291035
19542333
99739484
17919972
16671283
216788760
16303106
241954494
19185921
68766498
17220934
36328963
74224139
178510929
185039697
27093777
387194261
94132305
16917560
29696301
36197276
16719771
14266002
32837171
14243741
17530413
16262512
17944624
710813
