1006419421244678144
29251447
332896953
46400289
478832279
423609010
588941837
607163614
122046636
19671129
30745844
729174626765549568
3111799180
187973865
290978160
1158023707606114304
872707908
3033264155
563700187
44739374
1029066429528780802
1184647243
903907174614654976
14202817
801080366
820603794874650624
2480104867
907996187478945799
142225011
19568591
1151827391070769152
313306238
1045272839203500032
332897999
2351280238
478634251
19990542
2248381364
1514999042
929399289436147713
20148039
342282866
1124056727102660608
47608522
1062107355721146368
250702492
3072190684
1068840676895408128
20591744
982105080353574912
713160090
1126712283302846468
956904127702929410
340732654
6208002
111376222
221332650
125381483
278117672
122130797
2284881290
289549640
1589437628
2546333558
47947133
964179013
999731943666278400
930925298341892096
259731443
955157661212987392
588782112
356517867
310746442
378259736
14700258
558844547
270318974
1022348022922047489
259392555
22084427
1026083389865177088
18525154
21642976
2951363255
73754019
1079721568283123712
729411396388179968
2296689098
16013461
501079770
413253370
1131433958137323525
722194882417336320
1074322260121522177
263283083
2749262575
14216436
1286087420
444720273
28665877
180463340
1122878095663321088
211993459
547815290
309935287
54999357
1168389674
805672359575179268
826006700150943750
1032988382849392640
1117501725303365634
1337311717
22720855
19837882
138203134
791243051813462016
3067485065
74712538
954012250053820416
3041702921
90084099
2862295384
62965963
11348722
44196397
42033241
19796863
1111013304640638977
19064312
793956214988242944
234694571
1004641788018249729
862399501167992833
955790240752570369
2339333214
16681111
798240312908910593
807520374707646465
226222147
606120007
3315766473
1081266683862544384
256067317
278741611
787365963025018884
4659646636
385619175
253631550
19061891
202858205
1101110101606318080
3623231063
2279791705
20603883
1068229347155353601
3012702071
2786255314
19721308
993862267342073856
144781068
22907871
701986649027153920
3099613624
1725137533
822532132274728960
82601305
752499373989326849
19550262
1038371770812821505
941755357935882243
294176225
714510234744524800
919966016884625408
1016800764021239808
173582514
229219088
953247165824061440
262865667
1069648583283101697
1053528684261527553
304089779
60023642
19910414
872141764680974336
748186470041649152
2249745696
21201280
330339010
917793960730472451
2832424765
29475595
29444962
22032817
22487708
2861345003
1420086019
64796582
627491854
404110448
1047485369401430016
20172395
82765185
94103975
631561913
113465249
18104778
998084972954177536
49414987
2906988832
83198883
150614565
1242525277
1019615624836927494
43312041
22771961
19811190
340459261
3060244581
247114704
152785310
2800608461
738547663
22508884
140924201
1467490813
1478936742
891420547
24790283
415859364
9247252
557379987
15113584
1337177149
2428796856
18863867
142973143
3656080582
986900409057988609
737283619518054400
292615553
2211799125
502686384
4846022654
1045012003281080326
3654248067
474833666
1042096947228749825
996900373439823872
137857547
768138935725879296
3253928104
3339762563
702504211225972737
1137927745
2910571290
105704882
18583722
785493895
45055696
4171303733
426154338
2220024959
2731606846
962399210099433473
28420827
213474069
114342796
20106152
728282042472005632
39364684
19656551
761661767235858432
113145549
3389872647
334815956
822622693036015616
2279227387
3002508978
203511412
16795011
1907947747
3274746871
876414842998931456
2316155956
3119292832
3238633265
129485549
816439710478438400
934693663137062912
2250737179
108392679
2828221449
195119950
884180960
10878872
61003704
117246007
2226467971
2838958983
1361804652
87899230
194524133
4894565471
18720204
726742252920442880
22518658
875327508190818307
139159442
117420645
829385684
1098785772
277607788
705709976501817348
326750215
967947667
999785562302185472
342657890
104798321
893813276399874048
712987405305909248
3420340816
482552645
35031708
2203203392
1007965669646897153
744139222559367168
384747994
255903064
233386754
734492654755577858
468737146
2383593744
92943533
91205401
755703497195225088
2960658939
429247237
17336372
3091261522
3010003239
105675946
1712320717
612481833
879648874675286016
35831704
997512916504141826
2371991585
329198006
884956116
43522180
62494982
988870772507766784
29417304
407387443
20518567
4437884179
22845770
2396677714
16995483
243418245
282392576
19355829
3398664843
24183682
718774129919463424
1915033663
127930044
20060293
904092876937859072
870583325957787648
87816787
845297127362322432
3556314195
326078817
42361118
965015705123930114
13019152
2849361659
831763634
20612033
17557040
799240375974166528
23441997
879153462
781124077
493974431
3081505045
744236169374932996
786871156515172353
2230459686
65045121
3349772200
308693201
965266179836252161
2353374818
35858610
166139650
352546025
2492836462
2818322000
602813224
3228263298
2214880345
91417365
45652171
22531392
2851828438
21820958
16287855
233765402
14726202
2182641
903714894
833460638
1704455240
2286348081
340367852
409589071
18253829
20912252
255592404
39602993
1726872962
435087417
778105142
420558907
897660980246659073
2184393564
198821949
827194572
2439032786
944286491542355968
3318800851
18974404
46158001
2900975980
935479283253997570
734056357977071616
2998690739
903209906760798208
20085468
325531751
210557719
2504586707
561296555
298450845
2188363915
727603401933135873
899820020188012544
20106852
15865042
18020612
61861343
14585010
216864959
2903872024
376819015
575612397
916331345537830912
809766574194393089
149272318
337729628
25663510
105043764
14411072
706222123560206336
3299607477
538194032
903692290543288320
16409683
180514049
241946847
575013971
986235307
917097860121944064
3226351612
286865338
899402791747190784
863172565786705920
435142151
107231905
579041168
103652294
45910499
3727149257
24024778
2211413390
2944579233
408730799
21067159
151838151
61183568
256157199
22529702
841660067007123456
351621695
3125154047
3439216666
829717015300554752
825275476314841088
91836713
17781165
88301381
34882196
829617942
954477612
99843656
307306333
257470046
293745380
85813671
306742502
38005276
305530017
255428260
385832976
359511622
3601650748
790554156830457856
173116059
791348956588539904
1706997542
2767771238
353541134
239172505
226890675
3373682789
2182843430
21181535
168731515
2496867954
1945118876
105173441
377299355
14788268
46875124
26149716
85544492
15813928
64205340
2754340162
725790095236816897
125481462
2448077035
330906573
4068362355
140070953
59949396
206328454
2893511188
125420894
58901718
20658373
25565646
14291684
209176621
2963894007
288333760
1107193381
3129345501
16941796
2541886562
456058756
22053473
1685261928
16526393
319022393
177101260
250205792
585307658
2480188026
518258018
485941061
802993674
827494604144537600
724678830
22686454
133067266
417999015
4121766754
3532664603
819017035204018176
4144244614
1433935022
588425671
808593133122551808
461347466
22493307
819980396536459265
749028187196325888
2263654798
433585845
822900890755563520
86775308
224318513
748903578669031425
126672013
33654011
21157724
803273190
3035023613
13496142
280461866
11161852
809887021
298187081
3905479184
387528421
810937178998063104
366010246
1621318627
25553606
45985448
2151264666
194347664
86977818
104201057
763440894
3066551830
1545961255
2853597054
2856757486
2825194052
1267523527
89168924
937949012
260247346
1539546590
4763161508
809620837
434799370
606637587
490039192
257199215
3375909021
29472803
260380078
19725644
1895141923
23559586
101894425
15732001
21271656
712724867335004160
154955359
37994425
748924958273835012
789728568267907072
3685103662
3685179383
1863455924
721059667217096704
254660127
52066462
1580058000
329112005
417071764
73080134
20795546
235236313
1012109886
14131275
18919207
395924645
373074894
951840618
212495178
3046607149
39997810
536392106
57283704
24748772
22419487
142980929
22260172
359601344
142681025
355452893
348724478
168430127
443668407
106502747
21594477
89486038
36333109
152287636
723597991320424449
58785448
25984418
217509462
273375532
744466339939688449
296462011
36765490
730914240865820673
42230810
1245078146
299323282
518737741
120412341
722378382097440769
121562670
1604323272
1561705681
2543629379
277405536
43706838
516477502
48683091
317227672
292224288
304056075
3683068757
2606782494
718869104556281856
461827669
257242329
2492528208
243662948
127958577
195850329
2249590315
18695490
321970500
1369315862
2481398421
275710913
159071375
18912831
703304282582470657
386915587
537588875
2562509436
1533844754
1024391197
3404297319
1524976560
3377183560
2624640272
262726387
253577097
1352565379
14807898
49771224
1469402426
23960293
15987295
3198480503
84717566
105263800
91409081
62829259
4706552853
4856942824
19318400
594029345
389969266
776562332
21754872
49012699
2946203601
1334806249
443818797
130177606
4702150568
142614009
512562833
3165817215
152714766
329600057
384986958
44353971
3301728255
2565759464
4387147995
631321589
3791129116
2317585726
393637870
4620451
3635446454
260211154
421274906
97508624
14312841
24919888
1454315358
3980320462
582965704
16185155
2916305152
1532335854
389229444
82853372
29809619
1162226130
3558442874
1671261248
16607603
3447352888
2541999628
621138558
3426014255
3073871212
340491163
462451660
52422878
343402908
2830437492
20515286
215233124
51492686
35877766
1283561876
108384285
838153224
1665542942
123440736
15778807
18644734
15740112
365127040
140118545
176080965
68376822
364434928
577040507
2987804711
467558126
21436960
85245999
15612654
94578515
3087230812
3247497561
542025613
310930593
487525168
2734713482
3064771247
579010940
3154252605
3143394441
3020285632
3066016755
240664869
19701628
21210048
3068594637
153784150
3005627116
2736215883
262388975
2539942451
1087860428
170646788
303289745
19532256
2938394285
399243516
141376289
101280230
35369214
40302738
586412092
258308665
232134700
147776954
1423173469
1872334610
237895166
198494684
104585489
21931363
17384099
1696185068
208442526
15726728
1548416281
2325202999
1451773004
497416582
303160113
2875096598
2723568805
1373486120
21634600
2371099548
391902311
92306628
636218935
2743548298
2790499376
112597993
2777161738
2782293099
2187516343
491221018
103828309
180200031
958864466
2756181708
2747716768
1227517303
380530305
2431984819
340635228
53110793
2259171523
429298552
375282025
402072672
1413680610
187354579
2528417449
625465861
26794869
205234294
2359926157
19794115
1541643504
21442019
26763420
31173665
2459541229
28311576
2585396407
1552075934
42478041
337228139
276671439
77459103
373222972
2555510127
138725262
1268821
15169176
972651
627673190
138372303
1903382054
1876709816
376772001
2171384891
111294437
217900600
17723740
230919253
483192121
60173249
215187970
391494900
330921167
745276736
314536496
133978888
1674061298
235887728
173998644
56380602
2493923121
15848541
2153350867
325736094
5747502
57905816
472044964
209648862
494000934
2388448510
2388474886
40535534
19090198
351640699
846337946
545863995
420566454
1603796952
227661919
550493482
212791668
437520768
350227216
25843787
42950930
131482972
2285523793
108336791
102154232
100322679
217536107
1345393938
19950500
746940613
101798589
270418444
32999614
17426542
1110230467
599991794
296831834
379090881
65443057
745738556
298981101
2154683069
207531430
358234265
1606711795
212521596
439238408
57912728
217021326
153363070
373891855
66190167
191963550
43702972
566485377
505706318
2294982301
235512810
2281995429
410811457
535125121
381783887
244854542
1964932111
375772115
499271809
1294569594
237793959
612714088
248883264
381131401
378174065
405059213
434909023
352348482
1362027920
353222216
64474365
92169614
45341566
108367039
19589086
1081962504
40426996
842286996
54712148
21325066
2169563225
399687858
19931980
706834329
892219807
289223078
403724741
145189980
1443188136
29758446
261927470
15662133
606639422
1567341092
1109421360
1159932943
21982663
108337198
851975023
93465778
1629365834
1029343172
213052869
353618618
273466819
1021913754
31408221
21589639
37896651
393347309
63565574
267389104
257885430
59776880
70855738
543582293
232702544
1420582010
396920573
1603826833
637219133
1445763524
143472615
507936138
741770449
40096652
260958895
139759411
295810740
605142718
129570519
1016121624
375523993
1545604154
1361713849
425392553
15685155
22575819
242801871
58844138
15901190
1523038422
53157964
14857290
494281591
198878234
14844734
543640587
104969057
149665844
972408859
772683535
529657718
368077000
1437460669
363257407
429677962
560845989
770711059
563319310
37878528
146584864
629707575
1024965872
17797702
490612473
240692531
87429715
837936151
401502934
270706107
101017589
108844857
64474358
209696300
495075523
45688988
209285895
100629311
174314398
46742737
18566762
15416379
69724942
18824787
151635164
38675213
271711234
20117749
222230490
14343312
33334341
19262221
240441673
16408295
19450362
69956111
200290746
376731408
348426046
282637991
866314537
1384636117
1062415598
390287262
830812038
19341887
290876018
216978882
15358586
1362654662
1340891335
301364377
87151033
174185700
41853111
211904285
1323187164
21292523
97446370
304973372
1299995892
347999892
878073127
617276576
257895270
333464175
1143267344
303074470
23023236
130841525
23529836
301359527
22127002
632412599
242723833
380265085
937779277
80245884
304679484
273122333
40933741
1028532769
20702626
260357320
58581852
78697119
50392479
375614805
705536274
152696429
141052723
171799504
27112621
244277545
183387449
30693879
14926148
1024303238
382784552
541158674
572418804
62009956
608575909
552582271
427648951
1137700339
51293759
448232089
1115148079
38716243
1042993039
609498294
308049660
22824746
154490405
626372660
16029857
44721111
173195708
1052882300
188369646
278175819
75887588
295608416
394246259
110451041
158028442
353194842
14857809
20585649
1058847528
978313033
33602654
431429137
862483279
1048418671
363262181
357032926
82688781
169443767
108681761
16434310
225539878
397349361
47779910
124702631
609766873
551177934
41441253
41128559
32547753
16819713
971939821
20068200
47905914
92727851
17894963
516948928
25456478
299298976
608051569
107064739
311385197
23503181
361821943
44855698
101729160
50091523
711148142
224267898
817295858
247308685
844112948
123015364
24931027
108713959
522344211
58298314
740336334
297380693
66129243
113749355
533314945
171404842
155618135
268198265
87465794
122941715
447930168
18981319
239166867
237820540
309015675
82072000
248615345
239042725
57937625
14947884
222600586
190947174
320134516
39345493
602317143
256564842
376949805
37963274
311371870
196951190
350971770
7589572
366592246
97898140
44196807
99745604
340228630
185260477
160979509
27660239
420978767
387835596
292408915
497139188
343627165
202320516
51241574
265548122
86558450
636234678
21596702
28978705
78881186
19206098
82950454
20221159
29716398
89447929
41405468
250701810
277188030
471861846
579006169
22167056
23266317
251561200
44088537
15165502
14693823
621573
8295072
144003355
34743251
218131915
522242993
336179304
443075464
233951549
155305663
328528081
90580965
352226135
537555179
462152717
269887376
99159975
554393494
33777424
14803917
340433481
1183041
325832193
42938888
236115464
236419490
436702610
233952512
216377052
109954267
31083978
178301836
127216013
46227975
20702201
359577475
486249000
44053019
509358106
478739429
484991854
20675584
491780639
412263489
106182754
200497519
185688167
291001606
15051126
48300575
445536045
410583340
77992324
70547392
202567757
237511123
266524588
35825428
46343990
26559187
389608856
355127118
39360648
191530297
236103634
239784284
314075522
278130428
24129206
40837929
122679424
20077906
19789439
23732761
430760264
22151193
44331665
242346557
160950525
30231735
418283667
457415970
234719575
148721718
125126122
98213948
108103509
467739426
72937367
215314015
166739404
94166168
363976433
360131213
257399416
183357309
111965813
62588600
182199162
19900778
485962790
375124858
106829532
50272348
20763517
26465656
310804819
85891683
72023733
214479231
75641903
81079432
238122371
22002881
84438287
50700264
281715530
312009001
226498730
93834585
15994125
471287735
226573524
279390084
52066011
384951307
342113120
397603370
253197265
10810102
280056684
364019133
83855918
176700507
108376299
134563275
19802879
250240733
19029137
341721032
99134992
23959074
29351404
20079982
111366085
390455433
186154646
20083529
49084314
19762524
75364798
40981798
124165341
101043330
395154250
35002617
14477262
46836086
96762032
15500649
209253668
259018688
46220856
163709743
337886919
75974281
38149980
30723624
10243642
385624527
14944532
51834436
296247498
25066853
47945492
104989762
27395319
363942156
274151347
277020058
11180212
26069026
15947277
14091091
12415722
17217640
15431856
15690382
19230601
53175445
166273518
319241856
189253902
15165493
18164420
39561337
41147062
16580226
227521660
196506793
138503081
208968300
183672041
65647594
207878118
82453323
41441873
23391993
36644059
27717108
214086823
65992743
52768208
169916971
43166813
353791374
11348282
65707359
265902729
349021323
45112524
150744336
91033239
25422302
26889052
44753940
142060157
225411266
105486615
156380350
155642429
228746920
108568373
14673400
19952246
19117213
312050675
32916289
20304556
47320400
29739553
24979293
14100010
14123683
143244854
15473958
28123862
124011390
17939037
15661871
266464616
50115087
161760542
37063024
14494035
32709170
18198400
153486432
151490972
148008516
332196787
47418388
46050005
5402612
62911770
17896311
34601043
26514893
241047422
47659905
82310725
72872860
