831429203212005377
1002687947747966976
794839445002276864
795036924
943148768827969542
2987147081
907870440701403136
849538360922316800
3230323753
249724351
2561407350
309743396
895331651881926656
182839127
720963865660506113
1123250403691331584
966313003099590656
405124299
760341961
2879642556
301568723
1593874944
86065887
843046994943905792
186468505
1051128098802941952
899763601589886977
15567770
1057216597226651648
22107744
1083481800175841280
2275883743
2409440058
122795357
115292851
4055744891
739772147892137984
1217344026
3364115985
1320475297
374160495
614509597
189658688
733623021521522688
138304042
378259736
143086518
176905010
266806337
189618679
902117454847008768
3387135477
363005534
868623228
20729766
2352368401
1963312058
1345580348
177101260
1009716150895341568
753247697247887360
225968641
134976379
9300262
571202103
353150513
3697178175
1413686600
318485472
2150558866
775284709203054592
986956174301032449
15862891
96102210
564853309
70951899
32302688
2228878592
19075154
23827692
243230859
17842366
22692199
397507908
292634416
868703400
334921581
2149008254
14085070
87524646
39348006
1041278022
539444250
204721301
579563750
331632691
1124939677146939392
2841795280
2844569713
2687999594
838413744
950453013612843008
20838936
314158631
316738448
289461078
2413216260
41582030
1615566242
2508068568
866102366
944657395363479552
2340605550
268556846
1085540271302107136
1033303791704010752
1033282215885459456
1100624053348515841
981885857874501633
241230332
2511701310
2312400798
3015243573
206255645
837693559
710064166468341760
352673744
525785424
887018224839081984
28616751
21761456
292927415
127305588
171881218
70725281
1080753187
706800925394997249
218797772
1194006560
3331750001
4108038137
276559815
258847118
1626294277
909911851777093632
285698560
19767193
22151193
62988756
748207924686708736
1025045701649223680
732611818951151616
28567809
538508885
851773048973807617
2217099931
3404241393
813860534
937050321951580160
50393960
133483967
2303751216
326296603
2950961005
782288491304673280
22419487
408544193
844520976759111683
2786420049
2435499030
163184166
4823937676
634955425
801614917002375168
32372834
487833518
860158302
485109912
481943972
4848860457
1183382935
2864381561
334969657
793270672344559616
551112681
754781047456468992
34868965
1560875191
18379614
770619360062898176
2924865128
46473066
248557341
1398479138
2244306120
854840560749826049
870324519788879872
788363167
314875925
1097986856
423433891
817270221236879360
1067928688992243712
27823036
3837815958
962496206
708056688876605440
832606155973201921
936813302667243521
47336791
316327930
19658826
14647570
39822897
9207632
48799978
34018296
3092297686
61016265
610659001
3169963433
745600340
214145508
174446147
344953178
36976313
3131597297
758705373360582656
576675214
33856936
17905977
26247698
290582982
3192573188
1109591706
221808649
379368747
27768247
3775360879
111456333
3092760197
370879693
3253256552
25295123
720552309
90169053
1451376282
519438862
51837775
106204123
3656836876
35598529
2900146091
2821205806
260211154
2580789216
302769804
1291199636
52584039
997629601
15143478
17997789
107225267
816291044325261312
3244724835
90314314
52758588
154991057
105205432
227748811
