15808647
13298072
3819701
494027712
2924437942
835828592
3081584549
1654028330
473089502
2327559364
2360
2676559771
433967859
116784416
543700209
4469839814
297719472
4336851978
20971256
771422352991059968
730514628363476993
123582098
23814999
34222024
3008464880
302129213
66427771
35306978
229192814
549845388
1393061984
2509326835
1273502732
216803393
778713354835636224
16583577
870364054044520448
2228403630
104201057
18164420
24919888
49012699
2734713482
15500649
86977818
19789439
180200031
29472803
26853548
15009735
12415722
133067266
16876667
15519544
30258963
44134466
467739426
33602654
52758395
43166813
50115087
20060293
28184452
25565646
18194898
107172099
17781165
34554134
15820660
40125351
2471315234
4688861786
3254658662
4682100312
2695241174
907666016
718003721515307008
1045120227342716928
462546854
1359540667
867407845142274048
40156330
88662134
70464585
19732234
809096890126139392
57579512
23184591
74697858
113498629
16927254
180730766
250625693
119505719
1472859648
897533935076487168
715065762747166721
359845415
932915246041313281
763609881047859200
898468166602551296
911273594939953152
996303962356748288
935446686951985152
918472250805932032
874225766892019713
233563490
30744529
2833635563
571878474
3032475890
314404867
1461447398
2645220206
2585154385
4667591756
3002063657
910458792172699648
874587766633500672
821310623636025344
816221537665773568
811868661090656256
763359751329546240
774191172621180929
103887642
1032409586848817159
604641964
579299426
17293921
803694179079458816
357606935
30354991
446352734
19985444
338444460
194398917
138737516
116579971
997629601
847036522968829952
753161312260255744
1283150444
2326770757
84124647
41229084
1062087211661869065
2193889658
4867361295
252427595
412363618
1050228604506988549
956067027499798530
961765382842470401
199782177
56659365
953724731219423232
900298194449563648
908556060574674946
823219570232217600
415897924
443858764
953829186346483713
174740894
88918741
18911795
14201924
126702377
135611113
69055994
59820194
14898421
23959449
36109222
492236273
295897315
22965458
237473895
429943747
106130298
3421301
263885946
35366210
968274990
20611595
16596541
33673348
28592467
125767439
316655537
41403364
34965187
135623023
43153641
292929271
1451773004
21436960
552582271
14260960
186154646
46220856
1636590253
65647594
3115592681
1168811833
2449232761
432568931
103652294
14807898
16033120
91391619
2251623492
21634600
555239997
25749993
66162716
20928893
252751061
807468903412547584
117662694
755924666
953616889
2849099426
805572709
773777667850133504
47884267
14175740
72443531
1396333657
2931701413
147757678
91309609
929837943451140097
2731259484
820077362
377878037
15178265
1247375072
101560178
3511430425
2202129271
3191771600
17296792
52488565
248795646
1042346012386291712
1131843423391158272
715154545475772416
1025450285777473537
4078445134
910084670641115137
1083445754818105345
1094899952810102785
2370203870
875645976781836288
2291347014
1062957823330521088
788671280400699392
1028896059475587072
940880313835819009
1049268572210548738
2438981936
577132453
1566860329
920228779947122688
990681507063828481
965564963673792512
1004743539161432064
942440642424328192
133623011
974604899089559553
1018174447281496064
574458595
50638548
1040324334504628224
889806042506375168
900279350834188288
1016666381658533888
985776607041290241
855826908457697281
951124300232306688
970613535272243200
1086567171235422208
3589746977
953614840597303296
841291457579356160
991965497263521792
423109364
17089636
841709695
207256884
38474934
15000857
378204367
2436389418
1666038950
863405239
1087860428
15127834
1083465257077608451
823277120944242689
22167056
407387443
28567809
740109097
487833518
914061
14091091
14630696
378259736
415075929
168508631
256722290
17042078
15684633
72842277
14085070
19767193
21218554
19766166
17251787
17221246
3430165582
22487708
1505733014
2764811815
110772878
14729597
18089292
186585181
255569973
39005137
62145577
933084565895286786
22074836
1686026294
605479332
1111926997813325824
326813935
49616273
2316224708
485109912
3075558600
771583225466531840
487990723
85262682
33773592
44562973
128292609
141376289
19053113
92724677
31348594
141633175
122658025
824893826066034688
101215084
111944435
75246346
14504859
216776631
3320010078
260211154
76348185
17939037
116994659
61474773
22148802
53082555
280811825
34868965
15143478
979319154405662721
581925271
2983147266
3800837234
58936320
844292417452982277
19515424
19725644
556151596
2584309339
753131358
2950206855
8904302
854985787
458733840
406408758
419028792
216366465
216019134
2859178324
3342789681
234016104
31345277
33727504
339412676
42715919
41117987
1030693296
617492880
1202760024
3122708111
216729597
1545756036
277401500
2294678598
264542169
60893773
408614500
749680201
12306892
314171681
1062742964
594666501
245956050
2990611686
904959738756177920
1299906942
4897595305
1368467810
746347445991374848
2280243374
758859344561569792
738367164395048960
784705308832694272
2907739345
4106278036
570988281
969492399067140096
4512366617
322711407
38738566
58906947
482929299
2573120156
334203606
346618331
2766925212
2921127547
992167596
4154140583
807103381978247168
880434141766066176
932284560204709888
915973217432621057
964437371251863552
790583308891676672
726114977757671424
31390522
98601958
717001930095136768
21678359
14299449
326195345
182227772
511017349
21021227
970835766
242313848
1962524780
2288237334
3184152466
48846886
795628065820971009
740993876144607233
3298466208
103036020
1271916638
3245949691
780790561
1732246500
3096674704
2654886270
543905029
241358021
1436796062
741285542
3222888762
555434713
804948578
2595244026
2530947115
1002014071
145784826
329353102
3039504459
775449094739197953
10666172
4806063669
996683537616027649
866933407976112128
4099967536
1893655219
799394402112184320
1479292129
2447650603
972120528667467776
97028423
63129457
23293367
40942518
37015292
128356652
2378562434
2788344134
2795892391
1399323104
343518121
761163448059301888
765535468104585217
478469228
577353845
2164614444
190405696
710439409586413568
17947003
39516682
16337846
24898621
162118290
16929108
21968928
41806795
38660842
372733685
228797787
18266688
1901711388
549485396
136733323
15585039
203253392
806271169
570782809
385909720
55308417
17060015
202403559
2690688900
246397813
160589263
18539631
1052117572693491712
729957865826308096
85679239
175137300
1149977274
223780834
1073349141227601927
927412114733522944
499145700
31884127
3064711841
83802660
117711461
16906514
116940810
962607038294515712
2511080450
143069747
534645696
3056394376
17777149
20176114
34768411
1208257560
3171712086
68977380
18071358
2389220569
191376433
851794371762671618
965946768683913217
2711769938
2714390250
1147215079
282695161
819562784191119361
26244486
3004289409
376019079
917642776984084480
45915982
850157859065151488
954332122625409025
147491390
44553548
82967815
148815591
1009140792055738368
54856459
375668090
185667152
350424151
19536353
144972081
26207038
920240592235515905
1433601674
3362496669
22674400
22640262
745467557482618880
2766064128
2543109397
837772065285419008
462274812
456140834
132288724
59386332
316659892
2823694738
34655603
86961179
1491326275
143923948
20941733
17026589
58897224
78922226
273552883
620237668
121226787
15438913
16343974
16973333
2916305152
2329066872
16935292
189376144
21786618
14266598
17793878
34113439
18713552
78361556
19539716
20329672
4012161
19336900
70696732
956933317449998337
360442117
761551218
3113149437
282087553
15310256
79133815
274849472
2375561670
2445933132
742980717286674432
213810541
16028084
31073292
24232840
291345469
16027500
68689443
43475901
15235829
25407858
109611471
17028879
34010976
241215352
23771696
27933532
14435376
18057077
62539653
8276112
19308138
15532983
54982700
14614615
108638625
17419608
52698165
18935711
418593240
819791
82467970
16578473
34710922
745667849918754816
294120449
117895281
17154954
17930077
278123090
107491845
308988200
15383592
48032694
67697670
17618308
39182383
98740800
168787364
42927645
87322280
21924758
23802559
16620958
8071702
17633132
30948091
119893193
81172779
891617996
951195781
217719255
1368737382
1897514666
1856414335
296612629
1669854782
61458407
27260086
10228272
25412522
91220126
51263711
33838201
38267947
17003765
32468665
38679388
56505125
31311757
50090898
93711247
382267114
15670515
74286565
2803191
15956519
14390109
18929773
14462907
69687111
106739913
1612467794
293464768
469610853
2490906104
125307808
373538175
3089758100
2220388494
266034057
2532459042
979220053492027392
1667162474
2879193391
703898078
2325553333
2859570452
366155841
224686478
1192597950
11807272
475134373
106419866
20134622
1392338293
394010949
368183460
172664719
859250855006150656
966699089365671937
959797274581725185
26751089
20770014
122781770
588308841
73839357
186072999
3438943792
825705752870342658
247981000
32372834
473130929
15165493
860158302
246820825
149197471
230492604
141525305
194711023
130492574
21611239
49588722
81814257
14987728
163573983
17248121
23490560
92522167
17054817
52740676
26024010
91815273
94818435
90696553
91143053
48463418
24944298
30034124
16130330
114968505
52716392
29458079
15513604
37764422
16032925
13850422
564111558
227682918
104237736
69620713
28164923
624413
16184358
621523
28140646
15110357
20562637
19407053
25581439
309978842
120153772
15532569
47479606
24274948
105231326
17137628
3078942992
41994925
350862570
337552244
886557108
714003800
183230213
145931959
63752206
194643654
204698478
47455788
272033586
416122442
83561386
934338110
1357824656
399972466
2799703072
1409251495
2587323037
727585000116396034
899588803
41168330
419298953
54875268
28639707
41328784
2446757125
2795046874
220228167
47571031
951522626
296459271
929129743
37942193
2646263522
1282946089
103770785
243381107
180380465
57947109
14130366
94530194
916564637436362752
922783146503843840
531697681
769223462720270336
743806903986229249
53560219
23970102
38495835
2251588934
236878639
964089230
92530842
14892330
17542672
5943072
58913244
181608016
330504751
14196754
54515483
40113236
38266652
7230492
164748570
14427317
20814874
31143957
280549937
275081254
290012052
532178115
40071118
41206009
125787946
59609286
131179343
21118443
134885429
15867443
16438430
23599646
26333067
114702499
43122860
166090910
594554371
1400060232
92593015
225169388
61037021
2301560780
250141357
314696468
30053453
27578700
24229135
76692291
63798276
18333308
21366757
22970277
31502497
231476876
65356637
14111203
22101819
96387561
50548818
22927890
106317808
408338751
18148907
146181560
220751861
70720488
554487897
550132616
18055737
1434251
14123751
17544803
22001973
35749264
19066345
21744554
783415970417156096
786485578564907008
718386174356799489
704216094354055168
1124572483
729623992055685120
719605412933177344
740043553187979264
719785471493189632
709397664174047232
786667471306653696
787587776858431488
711310036316889088
3591654860
3072744269
552767663
1585225512
928667190
742762460097155073
3171239508
2831436531
1656350330
82048175
2580330701
1119981175
339567848
380202490
1926360631
84679163
57111966
15646547
31413260
37755455
93224770
712530474
2521783891
859879783
1486004563
330202957
59662493
3570790397
2489181367
2941242205
2315916511
2557653212
3007493892
1718118432
2280676501
389609639
1861285748
2490080857
2734954400
2938884381
3067059272
2254722833
3144442977
20374262
7744592
22650211
14173315
380648579
153810519
205622130
34262462
1994321
612473
64643056
33400255
3308352436
104374310
738538436
14202817
15460048
705167099799277568
230157762
808633423300624384
736043840537133057
404946566
809273
1410905906
3114836039
3433145842
89188026
24183388
253041010
3117671981
48148030
105492002
293121508
38410853
1413698887
136249159
239875056
837990162
14287139
357571779
18042754
860224856
21959034
58066907
18142761
54295699
66451163
88697946
19939139
281627499
26322969
57039177
73481525
113724622
1115874631
266635682
1020965204
211525471
61559439
116583614
885487044243238912
6397742
41476705
844841218097893381
64054704
821763194372943872
2878119964
962715007
16145097
3282859598
965704518
28785486
1367531
259771124
756656266085339136
34743251
25073877
44196397
4868745923
3315154528
487118986
732914623213621248
21253742
33090731
26828977
17244973
26259480
25093616
15566901
25087685
16561884
500711588
942099290
621543
41602160
2925873648
26077026
15723971
96840521
33923443
17918663
10791192
11856422
28160998
13787352
1769551
22708797
14592723
822127086194348032
24236494
115461418
115387793
159126438
282133449
78619534
15425377
22090282
25103967
16017996
15840909
25104363
42871498
352053266
627355202
2983230719
318063815
326912209
1450021249
141158988
2835797551
2195671183
515183478
16348549
14755492
16834046
11859822
14086764
85289376
303862998
258847118
20611469
224798839
22189026
2527238167
191199537
16412255
16273416
14611645
364970527
2882755743
47588306
2389251319
348659640
16302254
116815753
2811563444
10012122
33884545
525264466
2364049800
2543217782
2583806562
2583583465
2595957175
513067381
72890443
2589318188
47685065
40361684
381949397
1170885648
1288175774
373280952
47543773
19329136
459849561
1642669674
295251095
287156977
350128848
2686770528
2397642349
37629039
1072993274
373410448
58243368
2534310320
2686834802
1324334436
2613904818
2596143056
259111114
2574232910
97217966
138822469
166665752
2222673457
77732185
347035710
141208596
2785480981
2602959463
751400048
1447949844
1346439824
2541363451
23947046
920488039
182058688
52862873
305670605
102368606
272232359
76979060
121580581
117789943
23196059
94304728
57116047
83938964
300360969
372847751
1278317358
74175429
41122993
12494562
92357890
18940252
534249758
37008048
2215976798
246760377
454213077
586671909
437698597
3873936134
76294950
60937837
2253142422
133880286
137780376
20536157
122473388
288863891
148872151
82139696
18058180
24954385
1251083774
3016185331
1227253801
197030112
70553530
182430657
23085995
380847666
2657456557
98673811
62247939
461174444
52800819
90965088
16804976
153407826
249120809
194346906
82908790
114816952
1638843894
36475288
74452836
256225105
167095993
33616861
52846066
250684710
30138131
166042524
151233724
64764487
15101714
19032584
15695369
27025414
18726666
280557152
72336593
6717192
24054721
15991258
20457806
52157345
2484334861
143968721
43366773
21346619
128668358
109680732
21291135
267399199
150740603
378197959
73346106
3298619167
2210977266
19897138
38647512
3060841098
240649814
3363945117
355989081
172327454
2739364821
700624545179262977
3000050703
341946135
4925296847
823095049
2179523612
2483604302
4503366795
4853789337
4737413178
3683612596
253642920
1558126777
53404154
2328531524
16907821
4695745376
2799975874
4628592741
1136409302
33689651
130864185
19332967
17072739
23082924
55940991
29479859
24536705
45829231
161309850
15775494
44588224
15766628
23449774
15829003
61216579
20663500
79962986
409261792
26777550
17371068
22005283
38852403
67025968
25570115
21234856
55277306
69282796
53372294
53371937
63774212
34352602
36695701
108409606
111419514
791517902
614178630
614134623
394469509
35863132
55035643
50984470
1114960621
81541040
4374556994
4225170972
4114055052
4790210419
352548417
205887871
24670390
23588075
83590349
17325090
24797315
34312259
36789856
27443744
34350419
89787662
16681542
16145763
16051471
158414847
14165865
14055301
20674741
10302222
14095052
18213483
16153562
69231187
148517828
249677516
1615463502
369245377
335996055
25159286
20430077
27860702
56637351
25930421
28468549
24112747
19667766
17717287
39986021
21213276
15113565
17409240
31310158
106597684
16129106
19611483
54885400
10126672
8775672
115749048
15647676
17629860
2359926157
15007149
325830217
818910970567344128
757303975
68999404
75069067
43283406
41229669
21414413
500704345
1536791610
822215679726100480
818876014390603776
1093090866
1339835893
1330457336
263257931
7490462
16467567
17142160
22703645
28614262
203226736
237348797
18247062
14344823
18916432
5561412
7713202
18891923
110445334
41634520
18983793
18646108
48459553
60680268
14335880
36452050
22956220
25101996
196168350
7702542
50769180
166990746
10774652
118756393
457984599
21119632
15782399
18433784
248845681
39308549
12804862
27311044
216881337
287413569
31464977
354990034
1543397780
20774514
119521385
19344825
86478153
121407739
22029553
30212827
3459051
71019945
13201312
29221344
16029780
3554721
52097829
17596622
116692211
28646364
20068053
54546430
17451742
14615871
166252256
16826617
64997681
139715762
18839463
45747659
44425296
69400458
29273543
83678036
82901380
33522957
331703548
66517904
19671234
135618949
17824922
16423158
20832496
115099953
22972898
16145473
38704343
260928758
17463923
120181944
14050550
28657802
45577446
15942016
17990173
19019342
30028218
29254967
61004770
551243006
32441895
72946284
118818314
123888583
141152082
27502088
36083751
15497622
38804101
121912051
279167754
294214802
17099921
1485542606
1119861073
1418473062
701725963
42449911
138271896
1921075682
4071001
37034483
25966181
332188446
270771330
34197952
277434037
19895282
52184322
2959635266
73411939
67283363
41649196
369538173
1923373933
28543386
20608701
620480686
94841932
2597413135
231033118
164213375
147493686
1153045459
405427035
207809313
130104041
1244137812
2183816041
53395621
219617448
180165031
2549881231
16664681
483787467
441636351
250495841
1568069497
1572013789
14344786
111670612
62576091
15385554
12040632
1323911900
567360618
1436292858
21350494
18036441
30331404
19425169
56879674
17813899
92128097
21260160
16146720
16017961
424549888
70526986
108691892
321823226
500334354
23898238
33754167
17300374
2836421
39585367
557236743
22964488
272019676
22642788
56304605
20751449
471741741
36665547
114565156
44588485
135173872
39922594
244655353
59159771
5336752
14434063
34570810
237368354
19915362
625011500
113061485
61598974
23839835
306989200
759251
8496762
86135637
122994639
41204252
101771251
19679993
22240612
87818409
454099919
16581604
38532589
185800571
21021891
14116807
131144091
137715448
74159604
15363485
122131946
341576313
20582958
152389419
18762347
254235974
348480883
47590776
143058084
48447332
14773568
21375629
19448989
18169370
19520006
438390080
102481767
12594872
105051105
169021842
26556275
88745438
48566603
73843323
131333903
12037882
33388399
16827173
21044127
124436459
13396002
11695602
14730894
14777209
52526819
65466158
9334532
157261736
242355136
21993071
238436945
65568744
20955168
9695312
184964515
245143168
15399512
16630098
28870086
20713061
427475002
155659213
36327407
87170183
108936259
101311381
149198901
145125358
36057824
113419517
132385468
412940784
18091904
1440641
18395177
19339074
91200675
34248609
17469289
86164834
2897441
50325797
92351770
24773177
100363256
14117843
89820928
28350927
20596281
24863464
24789175
16076032
19038395
18839785
34175976
7091082
14075928
36047098
80473367
18419094
13524182
14717197
9532402
51241574
43860827
14353202
50393960
15972530
23188724
15462819
117466670
16589206
5402612
15922214
21114659
47459700
258703448
74051281
19146492
20778387
18686907
70567706
14669951
18622869
34568673
15012486
20786801
16017475
19386622
16129920
12909552
14412533
21268897
98015030
17243582
17044233
16367286
18812301
21447363
20609518
17461978
297169759
17093617
16303106
34713362
151050021
514137603
26786635
28166619
47725447
39563956
220145170
499043747
19900778
47938250
17673635
61758209
15656642
53340896
18171556
79320096
383295192
257517875
18990002
656043
135629930
178298352
154494957
49870484
29132734
271583900
15731368
30043495
31127446
26548315
20776497
22129280
20522862
27901418
17028306
21397043
18172905
71294756
64744352
15931637
27085401
86141342
20109973
14620003
85243004
25333609
47438401
41814169
33960482
47526275
487818946
111705795
125416629
369554913
252539461
24917334
21665196
183631390
153784150
11211372
15473958
44707771
94092301
20148724
116733437
25490560
25082144
110418855
105186242
76456274
36510873
17010390
15104164
19729115
18333304
18216985
9824952
24740039
202235754
113023747
214409195
153458424
113337260
108322567
21504735
14238165
214212539
134887156
17717614
87484569
13320692
12048342
14934431
82665475
33621336
142514908
78941611
104509652
134758540
175082335
33683331
18251414
15907720
60219613
187947309
89692721
273897055
56679995
19794121
27021865
15400294
15988710
5741722
9300262
15896625
14437914
20770862
21773157
428333
1652541
742143
3108351
5120691
14159148
19590009
14224719
26688378
11018782
15458694
2884771
19177506
18209971
18451200
16012783
26527318
21093785
20214495
11178902
15306005
44706837
23630483
18559380
31238317
21800246
15603311
26279992
19277186
20585339
23114981
19037859
28576135
18028551
19338715
18463930
912311
15728161
19549851
17818732
18142304
16895951
18178469
8935052
19077401
15965143
1051171
10230
6682542
13844682
9017382
14191192
14080374
7177512
14177174
48463769
22843167
22587869
6577642
21481343
25984418
35810531
17001490
17004618
17133897
3416421
37917164
17899109
25098482
18267548
38146999
7587032
44894138
18683120
23030211
15978412
17220934
34364681
52992670
7401202
16273831
19248117
783214
20226248
14361155
7459282
36412963
30313925
822215673812119553
15649433
16027546
14199378
16613128
26475943
45905648
18665800
17074440
19394188
813286
14529929
11640472
11856892
23624565
25709609
17766403
20624855
44640536
9720292
15620451
16300314
20187758
939091
15173291
15918708
14287270
16312333
31409036
1917731
56418935
43453491
69181624
22053725
45157056
39492773
73190286
15441965
62858312
44335525
21619519
18227519
14062180
93540572
75797367
95845660
21643972
22341950
19552232
30542960
47469483
38349492
94720223
23003410
50404880
21502432
33933259
7383122
27860681
20518867
24149387
27160295
26060210
24146296
10297
61275359
23318962
15446531
24196277
48906364
62442994
52771126
66837674
19224439
16545647
22697810
19784906
20608910
66514883
17004139
30864583
83593936
21323268
35002876
18072298
16439471
57288354
22545453
50101725
24554234
14511951
21982720
35449630
84344194
21665251
39608108
21676073
14499829
22679783
35749197
19649135
29994840
48677485
80581580
80680473
15767831
18927528
14463924
10168082
17044207
12609292
17523060
48357397
14700316
33792634
17006157
18776942
16250929
16172991
38673058
18464266
15949696
19417492
16510030
19079396
21776872
25265539
60783724
49279876
29829411
19387696
19555200
85288852
43533997
75802119
14662354
14293310
76799754
121208305
17066838
44935627
15935927
46307388
3203731
87830601
28162211
78699094
18633493
17968901
7152572
25115454
23048854
16682738
41124675
18020985
33631708
19190572
19489239
20583561
17466933
23922797
107520611
16511394
49958310
83521919
5695032
14499809
12340562
27015055
20479813
86364947
35986561
21933319
15065712
44622894
156651229
21251300
16888374
18567018
59157393
163809178
18653221
125879595
14741904
128248023
18544084
20094138
92399925
110528264
91137260
18267544
33039483
14606079
82689705
118629784
2097571
83466368
159943752
17546958
113420831
818927131883356161
9624742
36683668
11695472
50311413
14246001
14303853
73971750
62572984
15691038
27830610
23484039
12211422
93957809
66369181
35773039
47448886
6519522
9109712
20791292
25971804
39511166
151106990
15220768
114870265
14552720
162114001
15436633
19674502
18906662
27708897
6576492
14130784
14514804
111429335
47707475
11435642
20437286
56891751
9534522
82282572
972651
20571531
33998183
92576336
138787319
51112072
135532444
159486893
15450996
55318210
57056537
210829635
135992581
42976695
37615263
14692385
36951816
143812589
139754686
90417225
15730467
226006414
1039531
767
14706139
19983050
16672510
18771458
15865878
6267962
2195241
810129
6141832
1717291
2893971
15921173
14328066
41187603
60615069
16132305
24822773
193697200
11316572
28403766
14268812
19740592
135476005
14274132
19058951
25444905
15224867
1344951
30331417
774909
25390350
46671396
20729766
174770559
174329465
778057
65150447
45564482
87775422
79653821
7040932
158129535
17596014
17889970
16994529
28137737
99349334
69324201
188166808
59145948
20402945
21347530
243751237
15220720
119714092
153936345
252531143
90721862
229599399
16109501
17060020
13492102
15514266
50166711
24136198
42622638
233364902
19784831
24223641
794808
26423211
5660912
14677919
24264540
274699227
234043502
280260681
236556897
41716273
16399949
60157562
15675138
37853966
16187240
15930616
255307353
48558889
14345113
16436314
18760959
16892481
46744791
14517000
18983404
195575801
26885449
63980569
26957009
19981036
13676912
17434219
267900363
52090363
266991549
247723476
213796133
152311372
185397767
11069462
48115928
16228479
157009365
5392522
16013028
14697183
15164565
189180763
231377807
115115285
208155240
16211073
8442372
212241934
42442665
251553556
317531538
89465917
63530337
271970590
18052661
230049663
101538730
304909941
23967554
1305941
7848802
336127559
52092398
43694024
288368256
94051393
17655538
230797985
17839398
237742285
299273962
16799023
372153985
14889248
269891467
20771519
307946560
56466296
248801839
36132639
64744912
228475673
168760005
14834340
198398548
18083464
80617430
293596423
136760570
168674628
18265400
199785324
71298686
328315974
52487389
15660029
14659030
61155779
268363951
418762665
358623863
15622519
147680254
14873013
23452885
382269545
29979814
33365406
37036390
15772453
18768802
404995609
4598
27511085
42343812
95580130
22522178
297648980
418991973
25512074
8105842
6218162
117433286
430250670
437795197
107225267
14893747
27655610
331215435
203296606
18025377
156382757
48878503
444926845
424975108
230825822
137947514
25702314
16340501
400640753
1489691
15222060
19349569
8886812
21332200
20596957
16742053
24961826
22803302
47455112
38630618
17965523
66390342
47814419
15766082
26792275
22947474
54311364
16369150
84445191
58550415
1947301
17469492
52714526
101595798
104609593
20131824
18307167
59821079
34680811
23111778
70416052
110441601
24888872
43307358
54424028
36668436
17776305
28414920
83859350
63449006
70365504
15085627
35009875
807095
16686722
61253865
55302795
15380919
58913750
19603799
106296313
163501204
14472978
53193852
44393896
26055230
24199683
177121156
166572659
18253799
156125388
115839646
37174192
53151634
25362418
24914663
65419121
54271720
59672425
44030756
40872304
121549387
43945672
26628308
31519846
154234659
103058785
31392496
45842772
33645838
81912277
18202019
98755778
20994927
179488101
229782891
266291904
282457244
59239335
61386022
219810515
255161757
90542658
64746838
22274029
69091605
246339862
84602852
106726185
67882649
123952810
39556342
20786352
243756390
21315038
285498906
426514865
448935297
378148151
409635882
399451539
145405935
29519993
71627462
20024413
45190383
15518286
34109146
15954472
20545835
65146567
121762675
167278917
250253405
125427282
75509967
187965498
190905427
17663756
58901718
31239408
18691131
273668513
86280331
115979444
14239222
821978
2735591
67358777
15308469
16896485
14800270
8671142
38213241
23116280
21259285
23450373
70992330
22184031
16043037
39582797
30357078
17047208
15825547
938851
31433456
34960648
19719869
29549589
35827832
39257690
59780450
14157416
32367677
418338977
3135241
1754641
11855772
16686144
10080132
28134618
1767741
19706851
16954241
788524
16929600
17990493
15008600
4970411
2467791
18114769
14138785
15723281
14857525
14434011
16929470
1877831
373689417
401818815
1435461
20038221
19802879
1046661
19402238
16580226
15492359
15110431
621573
23962323
8295072
37710752
15234407
8963722
19658826
16895274
17842366
11348282
17471979
136361303
325709244
338097895
18477428
112796409
105242077
16245822
31443503
15862891
34692375
15912113
17567533
36695652
14647570
76989835
32493647
29998941
46575796
59736898
32362338
32353291
74987950
5988062
87532773
88856792
101695592
19929890
91478624
4898091
95975081
25053299
18949452
8834252
83529586
56312411
50944856
15093629
252447499
24705126
358136545
