716772091
731263480800497665
1033751600043642881
2814100735
608247072
378259736
65431632
66182591
71190435
49799053
1126484057003630592
1519446360
2328833426
983742067
788093664803291136
2207968476
1144418962899439617
26813914
144994904
285834638
1104458961468751873
1115608172595539970
1151185364725522432
2561241588
1046189958
1334598841
344996717
635877707
3243613896
858418611672809473
1093882433064390656
1100109091
49067535
3112571165
281593590
1064673962926448641
3192385861
740016850671525889
3894492617
948284840981553152
738018210562244608
374587718
397240375
1246438897
1434762686
2969670723
879210527460913152
64211460
16027546
3077561551
386873947
1002291020371984384
812501750091386880
1103734898182029313
1002264679903891456
2712234254
2171683000
447226691
61406939
880787799292743680
3860817192
177242736
751914791451537408
3265506786
631305499
1706069947
1139369720795357185
727551935276949504
722034559110549504
4766268638
369637003
52408714
32389428
4470662293
2155658071
998383462158688256
1799260338
724630544957333504
312745095
1683291884
849425191340044289
480138570
3185667613
1599685808
3949667955
3449321837
806315914295709698
1016075290584502278
705214369005604865
4291026554
273166897
980629944429633536
2351641128
456873251
2355357715
2234739162
1250589925
164969087
979438507
310279668
766277932029513728
905368004145197057
1226678564
892136874780745728
251232208
822573751195799552
249885655
1558861585
903804920
47081217
283199017
1479966674
2698341378
22082331
242204016
44994067
29595419
300008032
3299564712
2278155830
1101915196371685376
711203861671911424
512211239
820408897198497794
739839446
585308334
386782367
19303469
713766913902383104
305645331
485054044
224888801
4539817034
192752803
404860606
393603550
40794223
984419286193197056
2809561314
259390453
1608626696
2915850956
1089667789
3307780824
2436878079
463394904
967455505
1022634784596615168
2516826355
1733268817
514829851
3019186857
971702878627942400
1868025139
1069792986161143810
2759670518
324715223
2445634938
2482582644
365640408
724582350068285440
2335767572
545975236
1038902936372297728
132053514
314006635
546233016
354572178
79754577
133438395
535627985
27826200
1014006036003545089
712420009255960576
24924147
37090417
74516238
27505973
324581887
1959173222
434574645
97125693
1072908305675247616
3004281542
1110020736
1577878014
809403175
4605957072
2477674200
563346041
344161583
907717153473822720
3384182054
1531034900
4909635494
214733484
2916820278
528901571
2777377587
751277087730724868
836373408954859520
694722415889256448
3198450600
3242795852
2804601518
851612500529381376
3917393413
1025743121014054915
895124765693927424
3038729978
1002188585611689984
1633517594
35677349
1664209345
24909855
1438162062
752216206589894656
728642449434779648
1379675180
3033940183
754815173966254082
2738203838
806534883254243328
753330287581491200
995151704860561409
162203377
512638950
18032731
1666515301
1072770667
734551038066233344
3029206516
148867652
4832603483
166674998
4407411616
2333991248
1523477786
580499373
764237171746156545
1705202990
63654990
340324914
696003038423752704
4831197192
229303190
2333790450
119521385
169534973
954003961568251904
2735151938
1472491849
297195923
1546968936
816794541147770881
608603969
987341195176300545
963239621579759616
989295739305103361
991120570354892801
523320784
816748201843769346
1007310235172855808
597159183
3924898458
869323959640182784
3320010078
760006878
285380205
3068454267
29643620
876020694
4184244974
2924895863
800475798
40222968
560333913
333769006
989697724013563904
308680185
195590303
805088995789172736
631461460
1381833990
4543244593
885884511497662464
1221749232
1219749007
1176130854
630438872
263440770
29307276
426796052
72961879
76744535
602033670
932998455265562624
256814607
1009252837
1667437255
401673177
3395967070
629380999
342464436
366880078
4678922636
518053684
46422645
3821119094
53253842
809509913261019137
187346610
821436505562513412
37577463
4549018003
201396099
778622174240333824
96173683
245801756
324633808
234630637
2778079765
3016557404
900734066349289473
3267422702
2241797785
1008013032
3266389416
918292155726254080
1446503713
87247594
1618380482
1445372443
624911209
844449323798679554
39186175
4736305645
757342968634159104
777707971111333888
27078809
31241338
2927197560
30492928
3302784627
2715240784
768188279321616384
30475276
849560070
1688360904
249974958
335697375
967071486220685313
226342079
146123790
14934581
31067019
2987958736
957707078973444096
474307272
33248363
4845870716
833722804575076355
1169122315
357746230
1668518168
463921860
59353015
1502379949
1534588742
1123497216
64910823
29221344
2926825062
239651425
1475564474
818854344237993985
431304465
722164608
3008877925
1209517472
70725281
947611693391187968
4195820291
15649405
698694188821516288
734764351584772102
2696674893
2305773328
860281766
420774257
1191953870
4460364493
1717694731
25806373
1678790450
217318838
22870549
770406412988014593
732957717048909824
1273283780
132758841
839333660230889472
212106778
3298384064
22308009
812781858115223552
1350494587
166421698
322250563
343270643
35741009
4152348913
746381980116279296
747170785702219777
3873402614
236482083
852642130040377344
3041530724
611147244
747112367243169792
107145333
128753684
140308631
2250806316
822128677
621401450
3928179736
1335241404
1490538931
1055459738
828632068968046592
18022555
1586017398
269496256
915052458061135872
4779370268
757320301252227072
907305812489633792
468983250
2417692564
817589262673727489
93891260
17746914
22116027
168854998
547994064
198999077
3323090981
40281016
852242710908071940
23378849
2957214987
3057963627
230809740
17783340
603131102
385429833
826785167750623232
127340639
264532313
3030980602
702588639771885568
39260391
211606973
3320159112
845713536278020098
890630027758501888
807335715789012992
20104444
66530638
517179892
1711341018
3243486032
237316421
847244832
1566508692
2897012941
70532530
765787816345366528
2935159776
1931126191
317561427
273295868
24200520
314842586
3103793305
839214779914805248
19622108
2157655230
855446070377160706
825138780067790852
734558761273204736
132655244
722247035794141184
3240013556
1210597316
2833352838
1093858506
3321557522
1686371240
2374080728
2849405376
25284760
2699613841
552733687
162709276
180355094
53764814
1727452656
3958398612
27551786
378933182
846770664
557511254
730948148693225473
709932151999823873
346267488
2673296551
2427671857
752328170
30524921
366048724
523702330
1146291601
3081989128
926938063
809202402880585734
539487139
1282320984
1195632349
1051811257
20462253
1208993431
7748402
826242411173142528
350320321
3038364722
816754542012432385
1055668826
2775546781
430048955
435599810
153776091
245401682
416409639
2482387742
456666351
421821516
723357361
497133848
454348100
4736489772
2359884008
242143073
3312652179
44507891
72914006
443787732
4644564432
804899883345920000
98791994
1683470144
15101583
2980684170
730006064
12469012
16526593
611762458
3282792996
2586184074
2345831966
1530979958
3617412626
1167860090
2955274225
2959370332
3239482890
3314568204
3300659828
4737497053
722128576045142016
741800433836908544
1476244940
3193054516
2568138038
841060759
2215055689
3197799427
1614357342
1282239270
1511423346
94841264
1231938284
1511194766
1214278512
61843224
2257763707
25388292
307382696
716829439548481536
2640736125
70770791
507393272
2544146732
4741292053
3239953298
2365132322
2698742864
697782285140041728
2547172596
4870494350
4856050556
2490748279
2737582945
607009500
1098381961
54688090
548114664
757262707
2811330143
1672168790
2960073127
28637185
1115334420
2871141480
529813695
56632430
480523398
268648500
2947844386
4726208101
2983318278
246542637
1096383852
490417389
2398682857
748412310
504970191
1579236768
1551259123
1129890895
575759276
205406285
2551791476
600621263
26140710
2319106964
3108502232
3901547714
2376016344
1145944572
2284699334
380730306
2851424935
3320465540
3315909924
33511262
28025485
730400376
568288526
1305879073
2483271108
3223504267
218031500
117856865
104581741
41509142
2155432304
3225640502
258483856
270003956
2353658520
1669024327
2570966457
3219689881
1241901822
1428864524
15679641
339946047
530809039
1514204401
3068868145
39932447
495892321
1149790040
44555079
375250613
2271933348
2999011712
424260012
232366137
365456712
27533279
490064896
41187965
1557403710
233113285
2508632784
2294625133
2340664196
65802412
38111178
26147708
59840071
318129439
451969846
22539880
22515362
59880544
17294956
214774965
733206055
1281187291
314741918
2620359355
2839597236
2892828262
594112814
211900184
36991358
26073429
595588306
2235460207
188421312
2490692354
2882201624
634133169
256326506
344496212
107556834
2733364341
1895993790
43289545
2400973861
412714681
978725749
350020705
2605918236
1038846530
35385104
58919137
168570138
624172635
744350216
2327170463
872865181
820384334
494221641
505044587
314662792
2384643025
2522718152
174801117
765951428
2320113452
536917194
2465289044
2258284292
235960160
2333596406
50323173
293159438
2301984955
1152883207
548195667
1314669685
828209010
630519096
1721012545
452551995
924710149
416447475
80480634
1045889756
340715494
20793816
104265917
1375424749
2271284180
116475188
38460734
378318864
316639930
1345479469
27237490
15090877
741941852
602188858
114685387
532018863
22720424
608499479
19278159
71023061
472516545
477398431
1476413198
807453991
48867746
1265319330
248696148
348917131
42787249
108197031
118707521
1889268530
1429009411
26020313
137396575
44156044
465973756
1473100561
39295738
1129648806
840957998
166629825
133840030
277596528
25389599
130384888
589646492
807106298
601913168
23114836
1355131556
276281266
125122481
492785063
29777185
155624516
1099717411
41388999
518206501
1217203435
818383322
778642242
999721873
1471100028
460329427
18915240
790136510
27821859
130997057
260523318
50811932
407458630
281703857
1222768651
139986343
1377224900
408678106
462653810
411946049
353060311
71344809
1044257047
1181206123
1307844162
524657792
36947406
1081409916
76177349
174777159
492366423
17074822
1292449110
52097913
530841310
1148951203
978908012
1057255670
375837671
1009513560
631980118
123417995
430352033
38888175
1152279248
95520415
102281770
23444946
33602679
183374911
35972685
17532255
492566290
26259837
209622149
20575752
382926616
182992007
48492831
148203826
342165503
737720437
110877721
631360616
362189733
25432501
45241945
23261531
186228144
546188543
19012368
351601755
20451049
14358491
130684475
291594421
28785486
246941642
30364057
15693493
36686415
40168339
27635622
27457697
407977463
618658064
534026234
17950422
34676135
19086513
202409095
390887147
16247383
15791186
89515901
561527722
221452291
255657736
345811633
19923144
70201312
498961017
39607444
34930912
49666990
470937613
67436849
52529896
488011724
26144265
45715445
284750553
6017542
456988174
423868716
46664685
19357128
78515008
29007125
17842064
27973318
16303106
52803520
78420507
46195370
23778898
16672159
48488561
19785801
19077044
89206624
284089166
18948541
344955115
19362299
53120768
33395719
245015387
23151437
432220526
34701524
17299063
24368246
8940342
54238128
19637934
91390383
189248614
57436774
32135704
36362259
270949258
26257166
91208190
243287822
120943272
413386786
29255539
150586299
96915603
31447081
237499357
234521957
115485051
21454322
115597898
41651800
260544040
261074207
45006808
23382777
43585581
45672084
52529345
19940190
40390377
131948686
110839423
82768542
15810936
360099026
202695420
80101877
18771223
356872254
46482388
32765534
40519997
21254264
34630995
169686021
6539592
36155311
9746372
193486742
25287464
25355724
101566422
19426551
2557521
105211981
20899023
18336787
51263592
28870086
116614907
