1364326988
974044645842980865
182881042
1122133204725567489
1120858248419127297
1117572759822000136
1118268030209941504
191585114
1108395914526375936
378259736
22195853
552841719
321087867
1122905077906386945
932489217007071233
3014137535
806957607521030144
809094919289786373
1092785774121103360
1111308598271975424
1563336362
612473
16973333
362204973
2557708160
276880380
456138707
2494986438
20367725
196894714
1019954514294726661
892744983211630596
344735736
1108516192455745537
5879522
102217430
1006419421244678144
170403306
1019974187975430144
16895274
19658826
487833518
849797646038556672
248795646
17369110
5694822
18036441
15460048
4865442614
318206577
1395199711
870707686643425281
189488360
2824318753
64941438
224244250
777837512
961641086837026816
11348282
17471979
355592224
136240652
919957341201674242
19726230
274046629
1497958094
3104747038
2670764558
854484147812913153
349126511
18700629
99620665
365080012
596294038
980990521383571461
402120585
221112593
774105176
14499829
121805309
79298901
103871286
797482652039258112
309236044
42102939
73459349
50506982
216436927
348090653
2437405488
69370010
197607452
1074775686
305559699
2834437251
24952459
90227660
3222731
4150589945
172768234
242876780
3218656133
142687761
1243054812
206181989
112431151
157764316
100824459
174063327
201747553
118582202
2865300569
27081406
560305796
523587026
48984623
236550683
2750346240
2437850930
14445844
70438471
70187344
75671093
27351699
1586287452
31141520
53304465
1226370853
152310757
466486152
68837986
1961311746
71292530
168834725
1319069640
1225530674
50036522
87236854
931952917
95260669
324978153
243243174
125751763
34394838
1470425844
1102051993
393114506
89202763
60657564
606601484
52403606
497105706
48055311
1466073102
253691953
179968301
64284717
53403847
201948824
326811379
142812284
54119188
252627874
1553733612
34202955
110470964
283535667
534532963
101572460
1683825949
1345589875
444921713
442015011
336139711
54385252
326410406
360289235
391844774
76182898
341526660
337934982
273266159
45007708
403556932
888227372
20455887
414856854
216721782
601201368
36417915
344302864
716585346
74747973
93900497
174027585
80104028
242080514
160955788
111027628
102445218
818038890
10283902
59784164
42384079
140649321
198929614
565823458
61483126
78454305
171619651
118238899
196491764
48870122
38718635
170806158
9360242
97932402
187921449
136301675
106144545
14749606
607301774
873727608
201493641
191182882
284319892
65977633
32950070
65406296
236959468
352795801
549716488
225445834
41609477
114838214
626708760
174301293
807386562
1210105128
630524351
63796569
1264744231
1276147608
177221056
139964046
417903131
87818409
208624659
380985157
82122584
574009252
280606085
140464663
148801400
37977291
33881434
136425657
68814794
51597098
209416690
14445094
229935065
57058396
187549742
57061271
202382260
374110947
390076678
41972244
410313133
156357997
409660468
425998164
447386403
282164286
330112624
341627712
558125184
544513687
551107990
49239055
68654094
314663111
465186770
631754838
71382045
450940462
267870761
52815096
849063932
36222277
50877600
1043481894
180688524
573305237
138048178
86823293
120224567
154276203
771882566
122131132
339532716
86958006
146087611
14638581
10908822
29222150
12098842
570516136
37780023
37966027
132827409
186211479
14316095
301632182
124347407
265631324
65743875
249850970
26113479
407480865
41919224
527998856
318684580
60486205
19881436
403454121
513628410
96185808
417121971
36258297
49575596
132330029
164700225
197473435
59215690
82601437
237870295
33790745
38607287
32879230
49755213
25311070
19045188
216374378
173278142
158133686
41622109
22557238
217192558
325228926
75910752
23348937
86838864
110409467
174438553
55364161
56467664
39617824
188165590
317988335
60711190
7996082
12861
51200175
7769322
16392202
12815132
53902478
11581562
15049365
102840899
23734018
97250532
38536208
64403902
26906379
127261805
13611222
18248645
28897981
37978929
7668952
37701975
6976792
