970612417
23645988
13748562
20668891
25307916
2247966660
17094858
540081805
67445077
119000092
21268897
17110927
26264758
277074235
899113460851593216
31403779
752560092982153217
1319519815
1097028008
975067871897366530
1564005638
47813279
1077532434101620736
1716403723
323440720
1157033135579848712
2835276183
4805508573
1024281504556429315
27334506
195826487
18501574
378259736
742769911
876927877358403584
526779920
747621890
1155220404069457925
393542175
234951672
161044052
825569108649340928
242555999
829001119753990149
735278690
3087733248
441596514
912992831417077760
1148422338628579330
935314503302107136
928744998
1678804614
2236631624
1155536866147520518
811635328721289216
2342613998
81285400
887728579760406529
17698956
2547979656
88987445
1082065082450919424
809887021
4513485435
1020193403882045440
20094409
35315865
48705816
232869373
5145791
330105456
1008910186969354240
709204884759945217
926575703746805760
242883110
4742058162
355906128
815733290955112448
435331179
31013444
1082334352711790593
1153344415777378306
829377009977585664
1081222837459996672
126803141
748231529608929281
25163678
565264651
526456651
958389924717359107
28354074
46220856
179214386
12418482
904538980833787906
423961061
599041748
1144065507009499136
125453969
1130869369607720960
733680914
16031984
7709782
170699708
296023958
124573266
289453311
90146016
558040899
18594777
734132487345967104
25382170
1125222636139606017
219502034
2415072836
112633447
2161983944
77852581
3081631073
265052462
57723737
1106664169686925314
19293874
25959543
19002473
878315454481145856
2784693835
765113714
2882699721
858798678710071297
768305230614188032
236570721
84966500
890018761687711744
39356200
3433407383
408024390
949934436
24752038
30861631
917683048782503937
1064746012416258048
58216304
125966823
3161012217
272058058
983376941305786369
14298769
17243913
21445143
2316383071
343639019
832971730486431744
42891240
1130070541
360668046
875484272613785600
251495359
379209090
3234073243
2349122833
2590144754
791326349256372225
1539121039
1017595957297414147
197470016
3229223055
86881740
1522181906
14155907
3044840091
634734888
2880447465
716818400
279588627
965366246
565715071
876111462351200257
873314053
904767890460737536
186474344
15740776
3226303103
2856030754
76247667
519818299
2243867573
87983041
94121909
987346953410408448
3154147845
427505253
166420823
1585983950
1130825233320034305
19785811
41117987
611438425
738225045663715328
33041426
16862209
14120401
749543785
897861037
305713110
47436923
28254715
886503842803789825
532779460
905581201422999552
180681251
1228462620
13493302
18295206
1286161147
371135451
33933023
21148293
790226191
268585854
1859566374
1134911932119617536
222554961
2186967120
2509461094
1413911040
799795171231531008
31170900
863081454275887104
1291868311
929641526866731008
212657985
998208585636237312
934221365099532288
15127834
1008732044141256706
4835399064
1088775481120473089
21451195
1087073882220064768
91656434
430108836
37940492
711909510437163008
4857347771
32871593
89257543
998208890650030080
1105836688524365824
3537013289
606441611
98546373
4147678154
1003107003693137921
605153786
967093267128045568
824320363257413633
933634171
540675645
825832497539723264
1573873243
620263051
2965150132
413274241
232452461
1028063001755103233
718973634648399872
23593446
14263780
2283779258
26059158
3404240428
826985763065565185
2516207243
34947826
2482300296
800936305
616703671
15009171
207411317
220676885
324658985
14502775
81741855
872616304833953793
744194874199539712
571963220
838877615373107201
4690043419
20466483
816024872728072196
2327971734
1118709880401973248
799389318749954048
1088582165044948992
80235953
808369661272330240
18000189
106228835
773567283402838017
18314789
871781411690172416
1122878095663321088
7429102
822595556392468483
1080539438508400642
705512846923325440
3188246142
91145174
4843533530
824187690
1363545236
48988084
718999808929832966
1556272436
49986034
917037934401982465
2982884380
3253980634
489569112
864850774614003712
1392483492
2587133298
4503374081
144286635
19606065
18153255
259943801
1115764759473926144
3686363415
545636794
230792524
798925214
263530038
925127013198893056
36261242
2294733114
260209862
180554384
1098592368
391403694
138168339
130557513
1269934188
1881515299
2987599687
64259689
36848474
3036544664
289732005
128699956
2597701569
4282171
765400193818763264
584893578
1048900644441149440
30799939
2377958781
34511528
1903105045
922654637445881856
513714411
36408593
998601702
348744331
1083923544143212544
822785583831453697
2936529951
1106330394125713409
1001674657530105859
1898334120
1050865274625363968
620142261
2983295300
73204975
2249967591
2232367050
792049853421457408
19236993
613713582
2426185862
14559599
14535407
754028190948061184
1064382074537291776
228574184
301190218
799250442102472704
1024852347036422145
23635482
2291452638
21239850
4822967645
826162719468421120
16204801
730524332003340288
822612316474765312
1692631112
139823781
33537967
72198806
2777030443
922124211283304448
987642085
3145127635
602209734
376541894
140126704
2507796164
66804351
1325976667
91714803
47216804
14248784
56004404
4707835021
2249138000
996331618414546949
1258129712
4417227492
53767041
23688540
702856232386727937
1018829860498788352
1116663784385515520
1125564572
26665491
845392971381927936
780955609394884608
14111650
48683351
1914662005
556972223
1676196098
361937077
3004532043
479538867
74287341
11161852
110739746
1036108410406805504
101386174
183578458
1114864344192442374
46148758
881369844
331120729
172418264
3167257102
22159846
961816146818183168
820077362
61623544
1056023790793121792
824253061384306688
1000100364581003266
713575674741567489
15421716
16054832
95292805
44177383
2443255615
1576270645
2258357868
22737278
15248541
896439042
15973700
18539415
30137263
50414401
318738041
1096972596107767808
2330550877
221082676
367897072
1080594672471470082
4814041874
808196048963280896
755193613907324928
23409879
4175759465
332993870
14362404
3095051133
2530166282
1115002609390239745
45659218
1119604375
829132511741669377
713772155012587521
1054549391049134081
1042895103352811520
839637377316433920
1042952219056910337
1042265787384254464
27721143
1104228390272413697
324659908
1046916370242449413
922228497719971841
459082288
868168036477313024
784575415457308672
15489291
1376608884
17686095
935332760
1097478722
3317036060
339455443
453335395
14707266
4828199649
328287799
26012026
503473968
2990451728
599587753
1259876460
1043143916340559874
42343110
904033519541805056
1095033565128073221
1477921363
1102063861044252672
22799750
942156122
23405114
955942215263559680
327015297
62663853
4003691845
833023093022920704
892275857779118080
367002352
4838903643
969055368352542721
15441965
135894710
887853071908433920
701322659330654208
14146966
134935441
1079769536730140672
114216255
716812878
489975747
341190477
776528756
85583894
21733692
18320938
17329395
22154894
154361768
275301000
246939630
1071914027792556032
226222147
995369593744035840
899028250588041217
776876548553080834
1006419421244678144
749252172492185600
948770736
1267809806
919130854001065990
159896711
952787329
890372679718629376
1084547636974284800
975463017210171392
16244449
103447679
479104404
294939300
95221142
19164572
2461810448
1634503045
857589911511281664
2739065578
1102960501158486016
936230411897856000
20742461
218975278
823518894182846464
2792340065
57371662
2358793768
35469905
1327113302
744396370971222016
1368443882
804861358957268992
195553045
588770591
354299526
3971883682
285024331
721028592159723522
1069228746689830912
765345123056160768
367873443
405745123
907998795098726401
1191224048
290180065
819183637631406081
30257834
52037007
946002726
827586441077219328
28621968
16887628
782806500
17687305
1442039197
358894058
19570960
391583989
441210459
975382329643253762
262269421
2474258538
328017437
1841170454
14775214
797229459803926528
283173783
749305004
30395567
884143865908932608
33457364
1070036144191102976
34938405
235196204
19999160
24889586
407111444
16678441
944883384
708662495930548224
432734907
1138736900
3432115874
1142039527
866426699193491459
15521774
19406131
1511250390
747267293093236736
1008737284508803074
58302240
2870653293
3861941712
772960392
784165874957709312
278124059
46131997
47529622
942166634789208065
3109045874
552985513
897211433720713216
741216960
414164102
53609015
37072899
3230575412
27518526
5763262
774407512598704128
484796656
1587519074
2662861692
1059251648164519936
19624836
2238041838
1086176969463611392
74878213
820354372827758592
913203265466257408
2374466929
15489022
2859448331
23034673
710642640
843507215390687232
798849499061854208
820431635145510912
121366459
595903268
36746352
1059408968
90420314
58009859
847484522115375105
29501253
31128529
31122582
436152562
2209778173
1083805757940944897
753672654607953921
1723579344
323869695
2233154425
429531188
70947578
229509740
348082699
1002175038848516096
1213912045
1120308836
3178661116
20508720
1072246650557497344
20786280
1026304807630503936
586291040
138843333
342863309
2617158012
822452392331476992
101247957
1853307416
957694386703253504
30699754
47886347
4546886249
2835886194
16303106
268025425
75974281
3334843313
2239350253
480208240
14981648
1244622433
277261996
106597256
1011480529
18393773
15407632
30272162
46417885
20253808
19071113
22187085
867798376703766530
30009639
979938777706704897
972371490640465921
930266846938398720
4749154583
273418969
1663172653
465046121
783792992
23281108
35315192
881585596451364864
830946073271222272
2900297681
47438403
757303975
847273662826782720
780206406024691712
239510568
800111181058838528
29275869
2680480364
15729844
262543492
3240879006
493276617
39279821
3244499496
982493449286029312
18428796
899377318816235520
298445805
8472272
3351684539
62631989
435503179
14364337
2557459130
3162459391
806677750006300681
1061436534673543168
3438932054
513542979
2293353372
55066571
564099543
1126859785
753842447176699904
786370849607561216
8525402
840095393891282944
2718274974
781538096349192192
197901148
442858248
487591533
828059977
822416284151201792
984635318954586113
922338955537862657
15728161
7855062
806862084277407744
595245502
87788695
217284148
118867974
81760610
33856936
874007257607839744
2685246030
169426475
196994616
20796069
886932319025586176
917915109116338176
22593772
194167409
19119809
2424932089
849569988
14983410
1004477553984204800
2524538106
40302336
14844867
14335880
423520876
92544900
454071012
63188873
417802349
263473924
41704988
180107694
126722715
119491006
163598915
16378486
375662595
382685028
860555190
485018010
705706292
17436250
168674628
120233868
38936142
237477771
42153941
2201085688
115563859
489218573
897950053158932480
153324320
50362260
20788157
1640608412
35586563
14477723
72290565
1852923116
732678376306188289
21879831
64209556
963176808
19052570
230025585
38125898
2460663452
2202327748
466856651
397280193
2192340964
19533817
115478596
1052369611
70111948
2899929414
1550273731
2972541035
313552402
842739751497039872
861635087653158912
716612270143512577
1905741362
2310921790
2572256519
809490332
716686190108348417
1023492055
255033213
2903955513
1335327919
92186819
2746506742
18018355
156653779
1231936753
1027393249801949184
842029626608123904
893306560168026112
448163535
14367761
763613209
1204803524
753604249
106411207
71186814
330748071
2508264828
36401728
461421839
298785229
2148033656
762106937207091200
582962011
468499741
2292155305
1597064766
1009557697765597184
815199661699006464
1026186810676801536
582348877
798372097085108228
484311507
1017242034636144640
31579383
68177768
952820307122769920
1021166068000313344
78768913
28190668
1249676965
416934863
3871626314
497238252
896386334394380289
946475962505596930
3383159573
3695300717
939944784407314432
2230018111
322382735
509085929
1001814654161686528
966591013857865728
975213830061154304
927048907787587585
856724453828337664
856262897118433280
757636428683550721
878053862053036032
918236712643411968
751283435382067202
988322424969146368
976602707833352198
824374498262663176
2764811815
2231780650
1144660910
233695347
1018897773515722752
2922188617
2708611062
16227415
450112697
3291244532
632091340
100102221
884929586638852096
2970550661
2885239252
927435694909411328
1266209922
1918561646
1009577803304656896
18602100
109112036
325385270
380268462
907384020916473856
3437440029
32345883
4919719797
973389919501672450
14787019
293036019
17480782
180004522
482209065
373522445
1651522832
716038469454159872
866464244124057603
414869859
17158189
12754762
26029878
17261066
701750402786717696
826101886390525952
774063161918062593
1537676431
861402877679611906
2828697281
143313988
467726691
251553556
17217772
24350405
120329535
2800410859
869696624792018944
20053718
45341566
2896150108
384963895
314882665
20808614
714615639231561728
1424621288
20764031
1017500017899266048
2329451219
204739355
189024811
807337182
3382220387
3411047353
154917790
133872048
30909155
917726744525922305
273737025
857970295742902272
826160438278643712
2327155306
3027218243
461112527
856217828948684806
742156106156412928
342802864
54886540
722884683722153985
1867039164
38207696
930061
912147654968315904
1646242405
954503852740427776
64266590
3363584909
280461866
77815209
2999889829
585678724
315324959
1009823492
2358302612
1009901954837962753
540458083
23908154
562212732
806731591
323318041
428016360
88581667
411703839
30907279
3852500374
396636981
3313742311
2243010122
138203134
833352869873057792
282110248
4395117245
869281696591601665
41223126
395515096
128109346
1370126905
1623455917
1194962714
740220366795251712
1399411016
11670272
211218767
2319062221
117874595
91150764
3687490461
372563164
980479766368342018
20097201
1112572404
15221232
956085711198855168
977883426870190081
821267314498818049
14984092
44930873
578847740
958321164048191490
834833841957203968
2988629109
14315917
936988860340490240
14348157
2908993445
226934096
3514817897
15178265
623215259
15676413
65399201
233484761
459872442
953298062
26352872
885522642039701504
772958490356617216
3530134932
265
110140954
2612241456
879161563
1323379315
775145121075437568
927271399001075716
201124924
580224794
2904169317
3282697398
977590404974391296
16222904
1006416929387524096
15418628
66189521
1499355500
2996400664
975360201355390978
19083161
942224687400136704
16936068
2811503196
46819688
52052254
545674125
124172052
985668751
97474887
30449858
724698129128259585
19865053
174847568
1004336046509838336
2901910819
24171052
557068003
164679813
1003944855540649984
321589427
79013080
44143505
1003766139837698049
291490752
84930462
828337530936365059
2588480628
18082945
1546323750
239418314
1169649678
780989568803823616
813000315159068672
779279310
898329323177996288
919798112037646337
888298925249015808
798587344253284352
879495278713339904
773986737659994112
817151267541815296
749657702880583680
22080404
18498245
767821356830494720
2442545461
859225763907854336
38438830
895396619419615233
108710418
17066022
65285551
844024110
818277212348674048
45607170
3307359865
917166013615046657
998965917647278080
253664636
2164233938
566838469
900638314176290816
934500442364559360
590120366
103976638
836574508408532993
3386188753
2327667715
3164500144
54687816
982954803897815042
985632914032521217
981259709356404737
1155653510
962046472857382912
53145373
117104937
819081000986771456
3187824193
872174340418277377
953691495361662976
135977764
13838472
3233891354
283335371
16794949
260404103
71785045
732739976354467840
988170200972312576
1146795114
492736486
134976379
64602505
14516534
19910041
965085578076176386
785968989092446209
876892868
1935503118
398338250
3057894066
416605149
457444522
510464011
1541458998
78754185
2722646211
972548400
2152614947
895228326599589888
15612654
23544596
298766953
720632638000734208
1322394026
192574681
59949396
471677441
103595977
3024427874
746283487271981059
804391177713614848
950377876586663936
2328126344
832816974992330752
61802282
2396153558
554865310
70496137
774445533008191488
164369297
858466264875900929
2360520846
14790966
43606901
51781119
922006978225950721
33497071
797899198645538816
1496566272
2560418707
6491282
564225194
14304298
824519920679428097
828116598
342803375
3158041189
19648615
97605716
50374439
516718132
496330051
892366114512130049
2339538282
1915033663
789953745689849856
2302386955
16162149
965266179836252161
191224770
574909704
18839937
856216862178365440
827389458303447040
525663989
107654547
826972521828343808
534967401
78182168
2889684000
2902517092
285439517
755992316968443904
26130034
24472847
439404718
52770751
569365462
58544404
183467878
817896004041117696
395336469
738796494
2741335327
801614917002375168
21753847
758430193853734912
768852799
2888753069
452545583
178039542
3236330351
53297035
2252347992
557021500
574777171
2310553124
1467646890
593289567
1554021282
94009909
35328942
17474006
786309892990574592
50073507
889485961486151680
839582841470140417
1451596640
910492003359760384
766556735003693057
15018426
863320472641044481
937499232
1336795488
292511934
831598888452812800
1534043894
2434051392
372483103
86993064
743552587543285761
3042593172
2912942070
26642006
724631353
914469791431147520
52567604
2155641480
3044723941
751409375504400384
246961837
803694179079458816
47747074
2998707467
83374478
398146813
3949525095
759481842814726144
465334000
3314486832
818494936882511873
902965228937379842
2379518905
799037793385218048
1002270306
46385425
857072468028252160
134953741
3312830404
746797787422023680
870092140541509632
594241833
923530015484104704
2706577220
2468124720
15098373
3253463982
758819021219168256
629633635
16491676
783726731718975488
809043928276238336
46479416
262223982
397507908
31037199
3223426134
1058760164
59839834
45499837
810619093749559296
345459346
2852181336
374813847
2809118824
394345130
2306030645
114575005
4874981512
16590392
813600807442583552
132449197
65814364
78889274
725878553825280000
787592758286352385
275589813
772244083104505856
759217299274465280
3242524611
73206956
432898754
746745695198056449
726767006905573376
864907589997535235
171690173
1593386304
7993742
764082265999679488
15557211
336007282
2497405897
48225615
1499862943
1534408015
390377908
38280952
2983387323
1012472611
733275138867757059
862032581050613760
3225693646
141376289
419487011
3010780784
791077327
3333055535
3816567737
18111157
1006232250
769641584
22129280
755886754180243456
169620752
154207307
2555421992
755835576
20972371
163971168
170877963
160010755
3344711285
877198536961650688
2444425802
26076536
2382470347
752508784862453760
1085646571
20744708
15976705
517630986
2340137912
19877186
241201438
3840640154
21001599
1058520120
176976565
4091551984
522282462
69480815
322603418
243291022
3280215522
17642747
875029068223315968
832396119187521536
20458261
3017858835
3248319877
26259576
15907183
834081571493785600
4797924571
34202118
239949176
248735463
36686040
132496568
2863996955
19834228
594175899
874060637089005570
862158550105284608
824732613801828354
196458749
104914594
18967418
2573480784
787373558
1965420800
3264508501
825181839358701568
4925188717
1480852568
3285680335
177028305
20689378
36712233
1377780391
961755354
14801863
571699177
32431468
55948054
27943005
808015652078370816
30409200
21461359
851539372700774400
25132908
821782476515409920
3415423175
46521556
1661058883
15552773
5724642
30974896
625070495
10050812
73648642
1371044154
846137120209190912
22030045
45290188
3192038126
338057229
110772878
53082555
237926395
971754559
293704928
311694988
486844089
475391319
24792733
2502499914
99636257
3438634431
331214624
723516192380489728
465076526
32995956
16912124
635608354
409486555
247048158
1234429994
3419299703
3250352600
17639064
16313751
32302122
15757826
24173584
11779122
85717426
36402257
338543184
73310442
35830238
255096112
269553150
359074742
478992495
298299421
826333136
27061727
920491754
225232485
748434102789898241
2870816765
213844717
257661436
20608910
15446531
217064621
12244082
18838558
175711277
402888514
228768266
18580432
14165170
15816595
224079521
8548612
1733553463
331297670
343954370
66680000
21059255
722560095184384001
1216789842
27058591
22739318
4925356661
17578198
825577846559092736
2411259444
21310682
18766459
21728303
3370423150
17494010
21952661
270728353
1286312880
731132367058968576
738080573365702657
637338906
2391680875
95369115
141381999
48418646
3219727400
26712064
919233492
1109114040
733280370
3289200798
3289190726
401049654
17666643
1011872455
1648176446
989075401
1406611710
36272645
48211845
50918397
127268855
729776963209068544
25887797
18767537
449588356
19496772
21517816
27493883
1213767212
1227742098
16817905
2368030733
4508528655
2197365898
25154827
11912962
610020274
348468331
18696855
21560513
49279876
51429353
3244305970
15912890
28178127
14275562
1428659995
546135718
19245096
436409645
1195823640
324140951
2591949873
787514180215726080
778325055856054274
783257860377542656
30354991
26797929
36711022
46581007
1154232481
137786365
2361062875
2473147956
18919970
16260213
2791783931
321300018
331021613
777882090243182593
2420890728
4883846414
4442631088
2758466637
1481330324
622989787
11384102
12340562
13524182
25049056
1613162275
1161094062
1220227688
1227550758
900942314
20854735
812269908
634011027
110189578
947945317
1240451828
1672232413
1516199874
15635264
580312540
17974481
23715059
780552359118147584
2967120993
767860230
761703222029410304
71820047
6758302
63013144
1205345400
151257881
2525491332
123651230
942493040
588892049
37780157
316306962
221692327
254754575
620814938
791272022
45570728
1372897854
384530145
11649802
61713109
38339429
26077983
70291551
28507954
7749102
27821983
16342328
750545206399864832
741820408140271616
3805282883
2872693514
4663965974
65447696
749419922179125249
1508170772
380648579
18424289
56223278
48038024
21215620
18993104
21878635
87063281
2657581
1273396333
2370627199
9697732
11046
347002675
764205594739871744
4053804075
77085308
715906606265831424
2182994245
3993035307
753412096591659010
2371633193
4858031747
2626767994
1016547967
2504625690
2366190558
55862649
1403578801
2618232897
2648300766
2284117050
2569645833
1579357976
2230620613
2430027652
1948783340
2174078544
1104990067
985700455
551184774
1442916030
1120260840
1589027976
2192298021
933311810
3816873269
402992051
728962178
3062032178
461505624
532348518
2425988656
322616955
446910576
211109134
34285278
2344141208
2800144745
4456278074
2893780095
10470
32633517
8083262
14517538
137512415
16319594
491631309
2340558698
29263488
89887215
33391760
369089298
950531
3328361134
3154886899
119818076
3331610908
4113729724
27803817
3184662192
342226913
29771100
97539939
612679579
19206876
262799941
29607664
15537302
250784170
732693306472169473
3303457302
2621582513
6076462
703617414647275520
760433451208179712
19488823
42304981
234598460
355388107
377563926
2195547645
624514762
634995931
875346096
626357965
725782125371346944
3068646278
906541273
2813950236
2478373077
3401029565
3047891479
2263362272
2997420355
2550433140
2546017405
1421975604
2469377334
753777635025616896
2729159061
756289832737878016
3293231452
730079927719088128
3915079103
3829170856
3138230900
527584194
2519397240
726852412980391936
4788211703
732289684248875010
4319369056
702658528218058753
736915311664959488
746142132570841089
763217439622520834
769770695555506176
587066071
722286458548002816
4207961
21212087
152400056
1389824197
2178362716
80134835
701764234217189376
14108099
16741660
2856078252
540801855
425774660
291363481
2227162321
19151315
121949729
91158484
23372773
21934060
47841677
115433865
32740321
228497837
294924301
436077942
2384228132
326401564
25252385
1720363566
1423343054
285622842
22091213
11162812
14652942
11149582
111273599
7812882
259306765
524993580
2868084528
4226288945
417079089
2559212453
349289363
160837492
149126628
408627912
1464595020
5567942
182545611
18039567
249144962
18478452
595633690
501544317
608456386
95531683
232696664
921432523
256156519
515460467
552314049
25547265
1348483314
1275192296
2766777689
2741311477
520138835
536780176
29952748
79140448
707444302595690496
1261641733
240463602
1976517732
14133970
116007876
22885414
16302651
23149114
39561001
556315848
13073662
3308334995
20843894
28097630
28097314
14715424
629550967
537586347
634026888
291645592
255475096
835911265
165660881
371823601
22053641
23103488
57615926
60699802
245470685
299754773
264825458
199847510
26112027
27512877
19482768
19503669
445703
19779667
14362409
58316492
149646983
17111442
16443393
17866318
231653036
47448886
3829824072
764447907827355648
747462812746686464
765307738020655105
765395369807065088
763464750940512256
755987491841114112
742769414697783297
58897343
763841070698463232
2865164507
769577809731727360
770845529844641792
749235284747886592
749953102996844548
742544955609059332
2378809674
3562133235
709422267365609473
752061495463161861
22419345
14960215
185723399
21769671
29620091
236963099
18688051
23654040
19412366
23815359
12804422
15057943
22652834
18216985
128637042
128960879
126002546
24740039
177524501
21313816
853262473
2598450223
857291268
97040343
23783700
227748811
171590357
3112104673
34347535
19729115
909251
164707981
348284120
43074937
262768583
17800376
1077198224
697541390646054912
82947233
1083798392
249047991
818102707
17948454
9930742
809760
534026234
124818259
191678703
21926404
100136358
6974622
17634365
336199890
1485837702
2251623492
69123273
38344723
219070080
14180105
17094311
489475164
189795889
33147205
102256016
2183259996
827684136
738910476
31906334
22656792
29782223
53184098
14627429
36972997
3365238852
2640572546
2808632260
2773439308
700383575624052740
331921807
3420477195
14912587
20028756
2826767768
2646096686
1084743120
2777030388
2338781575
46476909
3360747939
3022298957
3393737009
3044788503
703748469484351490
2812368026
24111331
901212643
26608905
76018629
1517740586
2257224210
3294719931
33572246
1832294702
292687323
1334434736
985788134
1151695826
541024649
2972894629
2946567036
2916224137
756629
381913733
235436858
2423168467
387186414
160605575
13433612
15961191
14062563
262559721
452340122
434214221
87355478
32205645
104508221
260048070
402224702
277302744
203765012
162118290
90696553
141525305
97035806
88662134
92522167
163573983
24944298
91143053
94818435
48463418
5746452
16120265
3496641
22843337
69426451
11666332
2695663285
1707321486
724622479
293252542
136418103
83730698
3477461839
18825339
121795745
16081831
240737740
13067732
30550346
198511319
243639047
19914257
56440142
140286364
58504135
17907987
2292629117
1067019618
3154423646
32379757
48916915
14053433
15091252
235659548
217640692
310017205
252725390
101597945
192609140
95849233
64298350
55363871
3397200419
935946366
3072636219
703789358005035008
4890627477
3902337275
795302353
14053627
149139906
6032042
482500305
163844242
248742334
376790816
119073765
87656389
482108339
473058057
486533584
1536459457
393621632
21349077
92614042
22272053
104786280
206661388
41358714
16245822
17089636
39537053
17918545
439872623
135583203
255217112
21280276
55287231
17196768
76757597
18741462
85136701
19347347
407091772
324440331
17243733
18637396
16261513
15756288
15201979
187838951
21104257
20474813
93876666
90077282
23232204
377778216
407396556
19554219
118245138
61734492
218325695
32871086
113667788
21147712
15414456
55015468
469509327
15400294
288368256
47101500
66481550
114085514
194505099
109025128
14794913
65551087
75797367
15220768
15173859
741050639409635328
322018463
947986136
30540379
2811748908
7619982
7766032
7793902
16490790
15426911
1005479898
16106135
10099732
36782237
235348644
1728419371
1727997750
2882413844
22845770
15662133
467739426
109069997
288715278
349324792
234016104
31345277
15290966
335473253
854985787
30989098
406408758
277401500
19496411
115516110
1128725844
8802602
312793268
12267642
16228398
409659969
225265639
620761847
56499077
4343226976
103865085
65801511
301842084
1522208108
1522179686
2231543232
1101631262
587437673
611595758
24188895
19806974
946084788
151650579
90507401
125420462
1325951616
824000078
461691604
2887301980
869685230
323286179
15812284
28162211
594750433
117775964
46213956
18851248
310482542
757893380
184860130
26133429
219350591
169586280
22313347
15893354
18982396
39000115
25488111
33255907
28268435
26008135
118843161
3455796672
1640929196
16582131
766547376
2729977052
2730550162
41984111
2421067430
1195521564
15126599
69666615
435202527
2224947382
42622329
172858784
868856461
849169945
1594679162
18509967
17579312
57797206
422169746
2999438926
2863880869
2563758630
2281924184
17930419
1595621977
352886904
2753003748
937713890
1873782870
212404689
50578347
2899008055
3390055271
2418230672
17668502
1689421
15196135
15226612
14914631
14283618
14188985
8005492
1707471558
17750056
62714992
117569600
19956399
17450452
27042953
46026799
853669538
321598207
34400417
126452674
29470302
42256596
364988422
51442370
75345275
65305830
39319668
53459104
21991769
18725061
33040475
18279794
49519258
20831583
9033762
17697300
43360950
138141495
463765807
129997410
24196684
16170253
731167584
250492272
466519303
19847765
215207998
721055018967805952
139162440
2598504601
2623884394
510170761
93620121
2194328732
3036844179
51832577
1628438840
2837463821
333642846
759119202
3164903673
761602123
272581159
3336234275
210810305
3305881787
2278708049
1657221480
2173645910
772194260762304512
1409821698
319979120
149068955
543362721
391570586
330562292
42186740
720028045
19091530
292400876
89430267
1878830466
2685323576
370763425
3294026870
3285694916
1723517599
3027709306
3411337576
1433498906
2263441858
25082446
1355937458
2485637500
2790672651
3017525724
3323813354
3436581832
3343753693
3319747414
3101769992
3150523897
3415168977
3795043941
1688061140
1850019518
1448448006
1619793912
1685243274
1410458814
1908051618
771771201907818497
3168247662
4194387554
37554793
56607198
213482476
210457478
211715910
630332078
45149250
1253036102
1252163744
856681160
350718556
15207042
315208765
268911581
1140783042
100308535
632703855
1365020696
28677073
1193503572
837561853
248747209
2472576967
384098957
1689062472
994511898
318485472
207346985
551112681
18744546
247610675
9035532
20786801
2255182597
21348880
2800581040
19568591
1472153521
979950038
1316966916
989957642
512474451
798695809
2398770674
3066074653
2992652815
2991216370
908892763
2396288478
2220263239
2416336062
1110663036
772434014
774605198
4761097821
830333030
2792810143
570148010
1308891510
1113674971
4359652214
2165772673
989529080
423832000
901118317
500527224
465947335
376478562
488009510
1666220628
2433531740
2925642839
2884917183
3231669587
2888522735
2986139197
2453977016
1325574044
281711455
2510462634
1333333620
1240632860
1110444072
1315543220
1451389015
109917690
2395655937
1564745354
1734018546
337453078
20660342
244722043
18963809
394046454
20249103
63001307
90746345
15275864
351832182
19084896
14870670
309282144
1543986138
116341480
230450027
21431618
18697888
82167518
4864041317
4171339967
3307926466
3901646188
2761456950
2727284272
2790326771
500620889
423977954
622427154
296129356
2654652886
1557885860
1270620150
384316868
2467883737
714999426830376960
4179773542
4336446256
4835469437
4547855174
3998889815
700461062165024768
4427488159
1915336519
743293978968088576
1397458430
1173178968
716813053
4871077946
47997801
725295042013872128
30231573
328679423
15808765
117809503
238259855
297532865
23817772
18097821
80638910
22771961
108617810
46817943
36890646
37590426
71584155
35221731
68611923
31058145
3479654537
4470811228
704386349562994688
702239073746837504
703394778675875844
2569487083
703468028277620737
4852175399
701681125027020801
28576135
25159286
19674502
1615463502
249722522
155784594
1111940934
80111587
19734832
21634627
24769507
19087651
2922928743
50446226
24712487
130496027
453319164
15464697
3752377995
17389023
68498034
21534951
242907470
19570075
15908429
282545479
16930125
23621827
102789488
15766082
15432218
61031027
1109421360
991748263
618107389
599897463
3518864172
2332800709
90755137
278693248
928997281
80617430
151444950
136550204
997684836
112526560
39155029
34022952
16072058
138479037
77032777
407013776
217550862
398088661
46557945
15837659
12272322
15463671
4924274944
2330392430
2176527421
2236416063
4427369009
44753812
267567115
116466644
728361280013217794
728358589035859968
2364458448
2796926471
3300243287
1694425855
722886870846144512
21757965
2995061033
561608343
3079701749
2195838680
204832963
77222128
50706656
25505663
4286891255
36636066
4406123834
14190948
42994048
782987718
2510917836
345008875
228957553
2953885195
22252782
26324070
197346819
365939318
15753057
108088376
16442379
16249259
875580120
129295928
5371532
56847039
14410756
15180898
47658459
95573246
301750247
15483390
26326911
48071844
248820522
161715155
252104045
16222202
36093620
138977055
15742985
114793310
224320485
95316081
174873393
151201617
1075429538
794763668
784933770
50520435
143665019
15873722
993271387
2174888832
1029121778
2358487890
1098634470
906706963
249451090
311107295
262914522
1162635900
24237542
38762773
213169226
1148951203
14326849
14162415
15745434
16522244
759003
15029953
36735522
17088729
795385578
965091
35761518
18325929
186560551
1024971830
9313312
27752148
60792634
16150163
11439732
20695112
126064077
226632165
21415375
2779821
21966695
36651871
466451063
498988148
28161405
2469710024
1574082192
246627394
628708314
817918015
355627924
619198672
562269430
416496956
423012432
78397856
319666759
24165761
1706307726
19355829
1041442471
48844884
397694029
443944804
1934588731
1430685188
2312760900
4725705254
4883925411
28049003
1324762044
744814759
17550919
299751154
197192859
26303602
14850840
1434609432
3234340854
2733001508
3324292377
776542693
1920583477
25852910
23365188
712768784
434050353
2463550338
104524350
2652192337
2317645591
181687606
417219291
90975504
441560048
19325156
21412725
803061715
124863907
2337689202
3030904449
22454663
16378093
30000912
15879629
51426896
14215322
27221778
16170115
928481
18464266
4267769207
2942065349
113000312
2959103614
1061592301
2398205456
893367212
3070273855
739832094
589743561
2825546849
27075032
32649134
21228708
450941680
11856892
364423298
205864193
20068679
55334133
54208274
49698134
60919240
130922325
29344169
17853760
6480652
28406270
69406730
21718006
165511377
15194242
47429474
17566505
49033103
22109355
159609655
160561302
227841653
330070043
234309722
4057350831
2154027642
139598778
245398972
602893393
795563941
26314546
4002649757
464227881
2535751596
2395053247
3863129062
4083476723
24931498
718218456353607681
606402955
3011557510
117004724
2736239400
9273132
14209777
1693811
1733777587
3519587539
187763403
12897402
71569841
3317590708
15726077
2314055840
1563164448
33435693
42995067
83668232
21867341
1071777608
2332617303
26186655
124763921
48807945
526709034
1437212226
702121489
1639238282
1948293908
16457926
21768766
312314261
74542053
546918992
111778335
705807268835672064
1486106444
291849321
17264476
2707065429
106010958
814325990
12889162
180058006
116859144
18084746
813286
178704473
720997347971338240
3464587514
21811091
3097773261
2366113867
116630713
472283555
18256748
292960624
625753974
370696063
587999163
100598612
14426806
282778510
444047971
190286772
56913725
16029321
22717141
54751981
602721749
930906528
114327049
326405840
84653850
26951743
2341248866
3166256299
432264913
1721029602
1582964712
620217707
1262498653
14292235
1004927923
22503013
32849680
1433222964
104044363
342886228
47964602
633255857
322589928
303205443
31136821
60985282
1191200610
2375540820
23440471
33923043
454313925
26003862
21388284
32567081
116559622
1281405877
595515713
327672977
115538599
552053879
1146926238
828269574
47475039
1553738719
19133023
1019188722
62385046
262020733
532782336
548655452
38535114
602905707
492252250
312838194
319579990
584069295
30001357
28368825
47153140
281666068
2208901351
3306230756
310500735
49011758
706133272569507845
1362794760
291345513
3353501242
3158695989
499396922
636586551
2212010940
1363206528
2944953687
1431760015
1041346340
27356715
2928224473
2173924333
80386105
1940550553
3343143335
382810104
1594021728
4823705386
58515678
1328778984
722972322
16560864
15147155
41749124
168502762
29780473
109361681
18346598
26930438
259595987
18325781
15824463
18323373
25029672
508239255
224362254
29992342
248053702
22035690
91692157
36252186
872592792
1544468570
274063094
577337633
45934467
3863998647
373689086
19237409
2506036178
700753731273363457
715296438406647808
58968544
1304119885
332964485
237548529
393364186
70481157
370879693
21664633
198738534
21792170
15850163
41713603
261061836
15576928
370429783
4781378176
3232054991
515931365
1550823990
191477653
29450962
15938246
835680883
2280554040
306861760
19167465
314014164
2321097146
22366359
1288966735
737637373
876672108
55422474
2911065772
19582310
1408457989
1570583684
278083839
3043014442
841061906
1447893782
3329369615
2314464974
62127399
1707427058
1548489476
281566410
311613612
4727899720
2315206489
1093780609
20094138
14750983
249724351
1850982488
2645602164
271727595
718869104556281856
1110093782
2239630459
17604915
774139460
17366486
193336046
222368253
39832918
3001253601
138166008
19508349
1365917804
876673567
3347203689
90084099
33248363
2236672831
3118849351
2734713482
357606935
970207298
15488026
2316155956
3404297319
14966186
2431984819
54712148
1568471724
754276452
1561705681
14091091
879153462
1024391197
1533844754
2562509436
3447352888
3132630821
1721123071
36886619
426205685
3994919662
195409453
2928209793
346993504
296609350
504995612
73845366
31035336
41626609
17385903
407395156
86328927
703084614
254036748
3073871212
766342146
3230052541
277020058
284616690
38222521
52768208
84717566
82453323
41441873
127958577
87520051
65647594
22270118
290735485
17170942
77281745
4597092982
580942452
1934989190
29979814
20550560
35376380
18221346
15985111
410011982
282233659
149665844
770711059
363257407
146584864
198878234
209285895
222230490
2860278794
592004121
940832767
2983162518
113874950
142143902
1579422614
213282389
19608273
55117855
20891396
616353890
4440816016
480935445
2329475196
4196983835
655093
18000919
1536791610
368196789
1102642783
7093352
2806004678
79923701
568825492
2224644214
1240093237
220219500
199938696
214622995
2313178180
2348865918
2455426392
2548557925
2561385290
2602350786
2367772056
2284133515
624372225
47438401
2528002974
2277666787
14300436
27471827
351299373
26534772
45037735
2362962776
363822884
1439661253
1390415695
461513506
544620720
55326534
138737516
127305588
2546448348
19089363
17008726
1029924230
103633920
1965178260
746873318
1358923406
49273885
843789470
32855999
452934286
2544120416
24676024
1427306744
20174338
2591287116
377654770
47191725
356026306
1882066478
75668156
415472140
22926862
2644902171
239885144
981127062
589535421
78400205
969105151
15102849
2272458943
16713091
17217640
19480937
746604090
1616544354
26356687
83860499
1352088642
1518036960
302799417
64442900
467639730
404442001
266178979
14805740
76349025
1613070396
111405958
240402787
282193031
27699224
26125943
1603218127
783740564
229441348
90222717
47455112
1679227753
570585947
25375836
579299426
18340942
481483116
611132296
24216951
22200760
9355982
25795116
756475
15021155
84936481
72211922
96822166
15104164
14589511
733416408
88641045
324072845
14947884
13982132
18210784
582909932
24980717
1481432082
471815834
20174643
1167463664
2359926157
10743832
1941699362
1636240297
1520248442
216444727
114562472
28949826
390625716
75927392
374177211
247104242
1389883381
16130619
21630311
15639774
786271058
279344768
548587560
59247108
1282121312
375980981
81138450
2427597751
1006749860
16120268
53837003
20446182
2360416968
2488954578
203016834
17097996
845030724
1051156543
281375654
46090073
25983346
2358493154
21641427
2485871142
33971020
188531871
121922208
15794409
982268930
2307019926
1596428653
240797900
262317278
2479398823
36144714
2370710330
15633023
238188388
159923091
991373832
836833110
956468174
411536613
2451518497
86626845
327373018
25152524
123944239
559770457
11621822
442866144
1216661431
2333122519
24100202
35654600
454244871
453294225
25728193
268060605
2263978129
325832193
579006169
1137700339
561754773
19029137
627643923
352059889
128956175
304679484
75641903
537555179
28802580
195328083
20553374
56922540
631703
175091719
284551548
122795357
2463458419
390460596
2479224200
14145879
101297831
463243764
1922840965
62513246
2300556487
7243
2453060792
24814398
1891806212
438642921
235691138
10034972
198194549
36126602
257010511
2355442386
38810966
79836272
978881826
27711685
570278376
134573771
860624965
1864592605
1284861
1350694039
137412911
2439773912
1687842859
18223968
69140561
401230816
22477940
25893353
90545097
339722887
17174089
2206374113
35515235
210653242
2383174482
5994042
467924781
21634600
207352430
44144749
6480682
19515424
37710752
22413809
14766418
961625125
33931483
1572420974
8198012
14972441
247977797
82259563
528550535
2413749461
2290210458
293303534
76715323
1827901
75086932
17487585
20471660
141283162
599631411
66727905
2194154114
15169176
15232970
2273091100
188369646
44734096
16983361
273002818
286004189
211957547
9697862
11274832
190708265
545863995
318337896
329810123
1558096699
52053878
17108182
20277444
2274160897
18114639
1374674358
14807898
135990436
396127601
75943301
25075784
250026115
192228731
23124765
38978404
19327875
17047208
22931893
388595556
19316526
79489732
260886966
17060020
32547753
143086518
19733785
2167437547
216979622
146712087
29223997
64954941
178366499
257834309
14299449
22419487
26024010
21576334
30034124
79997785
16130330
230492604
21611239
233278341
1370564532
15949242
44903491
83424009
577593904
2293573075
809478528
1344715644
112475924
2153940236
273940910
277792348
216547608
1876552592
1655594318
2156090672
556149771
2349443505
518184679
106597684
28468549
19667766
18144581
26572460
607137149
242828495
465143733
1132097010
1002513128
11229132
135275592
180200031
16876667
2389045028
331926451
208442526
38655859
103652294
1633681
16356344
15130614
17431236
15947277
137471526
15176676
15180686
49012699
1226458368
26853548
104201057
27754737
410232198
590068644
103930214
46836666
141628169
581012668
21820958
19266899
1523704687
40385166
14090323
377522185
581627890
106464999
1279263594
95371025
630769394
15484063
428694938
883145232
88918741
276259528
173668475
207256884
453892183
15199980
185910976
19808176
326195345
95894506
133483967
21917716
52584039
11885742
17905977
634837879
147406918
615866863
198020721
524396430
191654681
13829462
69195321
26117527
138424180
71643224
1486419739
14496573
460272173
13774902
1705411482
410572471
559887036
780104972
72952988
54282139
19316328
16786966
18928764
46797128
11232742
11232732
14070891
11229332
188046098
15032736
15117459
15461733
28184452
41147062
107172099
24919888
67059584
15921684
116994659
997629601
500042487
316389142
556151596
18774477
594666501
194347664
264451361
1711286204
726628538
729040530
30233007
1225200158
250374176
480751451
28141968
104969057
473179284
490978111
14485066
434577201
224
25428892
1688672498
555620393
836350213
1060545835
632592632
418046502
965780173
2248909892
6898172
17912817
488300738
306829433
399267822
1157027197
1400763121
18607272
60709500
423255809
233276216
1439590734
43822174
10729632
54885400
26559241
61083773
14344784
27608584
6705042
2168583079
15844865
15923152
14201924
201311445
206936447
11109062
15533823
2361860238
595746987
25749993
386801299
17732153
2303751216
449451142
1666701
1195089362
559614467
193483797
369747344
2316100129
115451185
94524376
37433403
405482317
18760297
279310488
73198795
34512337
29219500
27449758
492169001
2231564305
7861312
18396070
187428929
630598940
211073619
16435797
742747086
2266731428
1865796583
69020969
17995528
28487033
233788247
7081402
205393802
67623126
64674727
294176651
6258042
129526938
14155927
280811825
7398912
61474773
502248046
1733347134
180240998
252791434
80245884
555239997
21007773
21210048
196223678
15099133
1184354442
591223222
152714766
21724904
19927012
16434310
17283244
15489945
487584390
16574990
48525566
605449612
15154811
15684633
17115693
42950930
417224567
1526458003
21394764
1483959817
107225267
7215512
52000483
14112318
496399535
624231609
1553104580
5058231
97973515
29912873
27978241
425938818
183181931
15661871
378171907
14735121
157345111
626111072
478750126
223529798
1921350434
17749086
286737037
545535923
554943727
1128357733
356788303
15327637
319873492
1710636852
142320786
966562123
2319966785
965771882
1208489989
1337271
133723860
510617026
2331416060
52789743
863405239
24254489
443510782
16697018
1855900141
303598509
71048726
2330721445
135897307
945386886
15007149
589123534
1196494921
1448456016
2298604556
403764053
936049357
595027899
2316224708
59603956
2294678598
340613443
620618811
2277140276
351640699
20635230
196777778
219872606
235029044
552582271
14926148
1115148079
231832647
179644633
225411266
15759202
874916178
1571270053
20800328
31377368
14955344
16268732
201870414
6408382
242844365
87899230
64838619
5110861
18720204
83130849
21755787
135749583
8904302
103012805
124886495
36757972
46512135
458733840
602317143
18644734
468669904
121869155
175228441
186585181
990206568
36171004
20351289
15751301
15519544
86336234
12709722
58978275
39005137
93579404
430886729
20950239
2285311688
166022406
1399640347
133545597
386915587
497139188
91409081
40426996
330921167
275710913
53175445
274151347
541158674
543582293
328406897
17944870
15652377
61306578
253536357
186430105
80331801
13783772
14062180
21918310
15820660
115710058
15500649
2811851
46319532
321029318
24848046
127707271
4519121
1120626926
14172171
175378976
618095347
860696028
633111445
1061812123
633988044
20661539
65733755
27091468
48799978
19789439
148496087
22990962
222163635
228110922
309124612
33773592
628067206
1676175931
23761008
428715295
37366095
326184086
578224153
15667291
11274452
1332673651
1173108078
177446118
22156181
147357742
389502603
1339835893
218023318
810474
17669025
1062732469
20710809
1269839942
179023938
25531732
290876018
1299995892
835038944
17711717
168876634
16303211
60395840
164122774
58816328
203063180
19345488
476087768
344128331
93723543
410907643
52613032
48435442
1330457336
1229836693
930223086
22700817
303804147
266656866
522410721
49784732
60475031
19596074
16608508
13566872
318912190
1278451134
740010194
989839837
362915408
19471361
568247551
333732915
36980342
158263856
16008890
20861943
821847895
15521075
49807269
3954581
394246259
16267101
29787654
14345238
5534722
22534863
21574303
15638615
477020592
293850289
209261985
17156053
227837742
993972252
17637553
86129724
705509137
174110843
19186003
15764644
52521572
7670202
186154646
25295123
16370782
16042794
18312897
371509552
109310784
313537605
501000504
329443994
14327933
34743251
287502089
123327472
27046750
16326882
426044697
29038088
20522862
17679825
14185317
365346812
603025587
130945778
14303746
177882435
55190116
15249156
5916862
1183041
27941766
20245775
56700964
34556109
820585
34868965
259395895
114782468
14588748
18686907
16006592
323644494
2195241
1106501
72966192
589621591
121489431
17990493
8936082
19563103
131596986
24773177
16539990
42389136
21910114
20333987
233228833
15013891
133793696
458966079
17220934
21415998
71294756
20065842
105918870
22381957
163283674
53464314
37238862
24431892
174526877
28872567
21880237
1976841
17703717
247153862
16809083
25512395
12462
30043495
14478260
26548315
20772763
7259302
101518746
12771122
131853207
27291591
55259827
755756
2984161
15247442
48802204
98543618
352548417
23641580
168003156
34739408
148529707
14345566
231701545
168295477
14529929
149249831
3443591
31127446
73495361
4119741
14749383
16906137
17690747
755431
14800583
14552725
27901418
14202817
15757880
41814169
263292498
61592079
24439201
32413955
18997933
158426909
29149439
87285570
14791563
15731368
11180212
16060397
14865059
18622869
50325797
30312137
42936316
14848752
100887957
438550809
88290488
21218554
119048111
15325142
29179882
27055034
16194566
39030654
49278848
244655353
14985228
36823
17006157
128292609
112508240
23501022
14515799
23992159
14824849
17004618
14940354
260540115
15812438
192589318
7471152
29342640
14534827
8442372
115271631
18776942
159523955
40891771
47848627
25434616
44438256
46593413
16023029
15146558
34330026
52916881
14085070
19767193
16399949
33395719
12382582
69761615
30013010
373416209
16533116
16017475
22938645
33857883
109298652
135316691
4620451
259375460
10810102
15666380
24447643
50393960
772471
21842357
15439395
88763317
14514804
17889970
19966557
22461427
32765534
48849046
112484196
59145948
24223641
233364902
14348594
16129920
15224867
21982720
69181624
9534522
8295072
95492861
42774947
42763857
42332469
