29417304
216065430
823302838524739584
2483070756
3285632888
471516779
912764695869829120
24786850
19038934
886003676694937603
783985343125151744
537476067
16077204
4105477510
344634424
408902268
324443227
625022363
2752812749
834081571493785600
438111039
27075032
24254084
20178419
1142627778
1209642294
24384295
19203768
30378270
40259091
21765161
14844867
1086357504
133468201
22310731
705706292
1004804740105035777
19188848
15552773
1049306268
280664117
15456198
489218573
238772601
25535595
337325417
453893556
44996925
33792634
218975278
19539716
1512021254
35307491
487942988
29770501
218276360
3406397511
1342956066
25261154
1023554392409157633
48797538
27055034
15464697
40296465
234785973
1020353387437674496
1075517806551154689
316512832
250386727
58503762
82167518
546247295
122650202
798547004477599744
172377661
464854839
14276135
463765807
800704496246484992
4724951400
818646699023290368
55896443
3817401
1083629070
834205583637147652
14298769
123661002
246939630
15816595
33256849
19542110
126284066
302722774
1599266138
1017637447
858466264875900929
3061311382
944325904259584000
138460164
99401353
4098100355
22799257
804776629172105218
1130070541
2420267570
349816997
29010710
34487135
2783231383
19608273
273700859
1142880525767585794
315259328
149954544
87818409
14676022
17471979
244655353
102745381
794651044450041856
3488471
826942001782337536
988942844
64916983
22728467
841334560994525186
1610976638
730763492840464384
274294204
195826487
337844446
25896607
288363743
16358097
102251724
13524182
20444181
16400248
18533219
16017475
125453969
388513351
16642424
352548417
24616657
267854863
15324851
389782388
1389830185
15993122
552731613
539010491
29769998
20159596
20097201
65277959
83237493
39800314
378259736
6698022
226426787
18766296
26548315
771388593130483712
257223459
94215105
19847765
47837269
956955048185131008
23600262
5741722
1049530141565698049
2590800889
44134773
212657985
31122582
761167885720956929
242426145
2382106993
3060489838
985749294
18839937
20508720
2999294063
23664429
26657119
4127856339
40302336
32871086
843867077597417472
787373558
3044993235
942156122
248735463
240812994
231108733
162069635
74508260
36686040
38539421
798973032362606600
449588356
69590040
579747564
1965420800
782806500
246357149
4091551984
47438403
309680827
21461359
16244449
113064158
453319164
1118850294094422017
759481842814726144
2513432804
774407512598704128
20094409
510464011
1132423819011002368
3217010722
65948622
782910704953225216
31660769
1128720706278252544
115050842
1092976758079410176
822131894540083201
22187085
259925559
787334376
736033817056686080
952307423842373632
1002351
461697741
3233034477
24752038
305818748
4364923707
1129095209772552192
30657398
261330050
810590628727914496
122130797
2687431995
2233154425
1134156476560367617
108469832
92186819
548384458
42586998
18360437
835229616302403584
802333405358735360
52392666
60506242
14362404
780206406024691712
282307872
264234035
1134403332
992498457515454464
4876116043
586291040
188066062
2397703977
148243439
811976883906543616
500704345
813286
1090745483667169281
446517281
1101592087051624448
3138379261
1080539438508400642
3427550249
1029820474660978690
15066876
718611086841356290
1317309962
22959763
979048684833951744
1323214644
13393052
1105768649342750721
200066906
168117676
736901054642688000
3044781244
932185180323897344
495806083
4877516667
83404274
321093028
17242918
19751542
97459853
4516255048
845392971381927936
278370404
16240725
10340482
159549621
4265396373
48783951
726598346
15822295
54953050
922047036
2515509260
21508112
939732288211791874
31497214
15202629
1063487919086809088
805065398542548992
737362108397060096
127221289
894988135985172480
3355014173
743856512
269072512
1034219397139714049
1459862707
24290265
1082840556991000576
1034781095512944641
273659112
2638910421
3195418863
357888739
949979267873488897
964526624
739836929278156800
127254873
3380356587
2926351647
4297978576
931809149272379392
11148942
987664053660258306
357984652
292540917
560647751
71325454
1008374414797352960
3124664090
16852037
16529873
1046566507700998146
2887405971
902908769113317377
811040591035461632
25695060
1560939732
483195215
3875835687
216854050
147723974
1003107003693137921
1130042420
16275936
37489889
789228601291997185
727087118
1877948160
516853733
4427698696
24714215
1265637114
23134874
1449695850
33530593
1023233486
25836303
2229163766
920094309000646656
483927075
1063122684714770432
935263053020614656
307514476
957700600468267008
783029804002148353
27200364
586976360
233786111
733369677628461057
294302403
2983250529
4861307374
340418291
2844598342
901415334439260160
1034879082113183747
724579775017312257
459876432
184785192
2852378032
59386332
207281199
37222058
17902569
196753919
166490546
941110341659963392
3032748725
110866528
763796708665032704
702273774586998784
3938173949
2813594772
308863190
1000885281090916353
776363741499756544
20002777
44274457
847491998508474370
156699802
26363301
2544514334
767029620
528055712
23325901
125684945
583377732
751200874031030272
20811534
32843491
735699505182474240
835227923267346432
816304578299908096
793950044743409665
75576664
18522327
12726792
457743272
62236036
1050755543906836481
19310484
16548855
744221033440415744
770398367771987968
137346000
1650738630
132917003
416644653
101650831
1629205153
814270043315957761
2297187356
595530638
3133971925
510742852
920428712046104577
796777825210605570
909642570577281024
758871766324293633
33669105
11395432
59351766
11265142
168911431
3031991798
1051625869918261248
2927825419
316873698
18138592
1047500431042236416
25425538
726872852968931328
15558050
2502967792
53090314
310466289
48759424
2855449858
4875625013
21333783
794010005909348352
2297587866
14649254
244493996
1164934344
841482339016298496
748996450051174400
1966921812
922869448691740672
37947821
49260259
15582684
835922167506190336
21513460
783799841159680002
941162851338805254
1636208005
20286700
316449565
957323782393335808
327545293
122014550
884856576863068160
763513600929521665
18372408
974128654363054081
1030098865515573248
22434800
19734412
4568936352
201354869
26589987
2786282417
186345084
4870478255
878830426604814336
896397409957195776
489975747
145344704
2941686465
2158849407
4026594622
978032279502053376
789659405855842306
978706013816684545
851294855863074816
965266179836252161
835676407665602560
705721221925593088
731732242742022144
2892859906
2992517678
178679652
22631057
22402658
937499232
1707321486
3234484121
754947881040285697
972946316560093184
707628064734388224
218396108
744194214
1633058688
2404869900
344896371
340489094
161838875
96617313
974307183495061504
81189754
978526458716065792
848701849410711552
1019428669373153280
826339217747935233
788417346092183552
824443395414392833
989309723555004416
59874936
764951274798260224
918249445292158976
1001592024254971904
1012604486
823633355589713920
806445296892964864
1017392815364591616
714431419376930816
1355218452
904103412249358337
767367767993487360
15347583
46202016
13830342
817783863791403009
225191580
927624895705505792
885997878207971329
2466427922
3089068611
875169619610279938
869761165966155777
1880133085
433380606
17142944
1009139061376864256
2430341433
950477244
959059526489202689
264924050
981350629
4735017273
739835391323295745
2618843767
893306560168026112
893491047418007552
3110176476
53577731
350642536
879539283815653376
930512966537170944
845785991910584320
4194282466
882982825884082177
2382860342
621196022
936694700643414016
2764052433
869090471137558529
827664080144039942
82437677
71036272
269746718
882469113745952768
874415903978508289
770815276908675072
975087193248227328
402320568
3796085833
246799077
2768830619
814837987372597248
740595126
440600577
821543248959336448
64229716
172077209
14098734
293708758
717891054611992578
336595325
1005078230347468808
528113293
959821127601106945
38884296
3491917516
4611136697
877490728615776256
50145657
834560797
25319922
345715168
491846086
2905657947
15857447
329185762
807810340339744768
933223481818234880
934700965147508739
400518302
43117431
764556671020589056
27927246
760971797143486465
364510729
3260267550
2851359505
2551747426
2256583035
734870606
20836412
872820511738351616
26089729
839595160497451017
710958073
2247966660
992526244796424192
546880167
340364935
1001837972029935618
897160697536229376
509111140
999127898735939585
3058713120
844810593164963840
19134434
381185565
172867574
858846275831312384
804778363479007233
527693261
930578874
476309296
982269029090918400
757949401323233281
983682842587693057
994808784211054592
3435192275
4842878215
3007333878
1384774008
2584964797
4597818194
3361178921
770360191061745664
2897153263
778933753150251008
132496568
2423747018
25417067
961113187453165569
389562239
989862815954538497
93462621
967519062183071746
935717365286932480
330721266
331659690
2284715855
578163254
2834653493
1347148117
132629476
3312766008
4922249983
809124591100723200
756699535980765184
365181207
930269690001346560
228144288
120254893
865857627913207809
847081094621118465
776198805767106560
1308934165
3419894505
14055855
865226519412563970
880488376595558402
717149686176550912
3334843313
492991594
969301009171349504
965603405744963585
2896115964
798782417930592256
69810483
4141925963
3682771640
849287003262898176
935708525535170566
22532456
16843325
295285502
84923805
1633944750
170840293
745098025714933760
900171843205836801
46013002
2708033720
15115280
918538904290111488
518220132
537571327
915282966028455936
36012111
260444335
24100503
2953804785
45738284
816498128455139330
725764018695086080
865178073603465216
2395345404
1671766986
961031886591090688
776244109505945600
49707692
1128673398
24195886
143566081
742891178346086402
780179640895827968
224426183
879792670901751808
865581194
229673306
823298858771943424
984400605706883072
891719336892653568
964542268370706437
2869549986
324725761
781222374414880768
889864460692844544
792223519
233905612
3856305322
370336854
863530055347064833
24970656
214428368
974482086290583552
455394628
76501911
1583507754
866445854072332288
881174262983254016
3947025803
798277911564419072
718464769540403201
2336154123
190149987
820098415
983754870590197760
796280869681905664
134504976
892849104082018306
1658663401
14680172
2802560696
2263157618
982658628887949312
829914268246093824
17099112
869883184879738880
1109981646
982301038936915969
959486093858148352
22313603
873234990905126913
536083490
926289753355575296
173536822
803825091016589313
75742264
940467192713400320
871157213078933504
257984395
603835660
127363719
33596934
758772487060676608
830101025688285188
831532143989776384
23825103
872641496935223296
52643252
186710539
50897951
875022503852244994
34501876
4720263377
844695996428959744
924685307454345221
3266897876
3100720066
823017609922826240
964437585698332672
23230387
922995568636334080
464815693
28225322
1150030076
45864195
843556423548067840
57425960
922372289743659008
860206645154111488
860654500431880192
47730523
998556714
248436405
874106117886005249
24919030
872086377202102272
923363969057853441
709760189419929600
796411715638304768
729724057340514305
58550999
326665662
4442529193
298602588
106275367
825301853093117952
872649700129861638
3050320028
17427513
361510774
164705232
936236963698442241
833728535260966914
18730596
2656706100
717875763031195649
822585667
402483883
820970607944863745
709256631368835072
405407239
92298330
987261810
854194394856964096
80659075
829712720542830592
910828574449344517
3233771361
1832428578
1463059626
3035655755
1284956808
303361757
726604502082572292
25506240
3216067182
2859661852
396158429
3082986275
785564854190878720
23811063
710924174919774208
830605585536126977
23939704
17261066
416783345
349372439
19508515
250303220
822992195376398336
244731708
822567864259510272
414223947
47416350
3128898925
878970603771920384
316752833
163639637
3098129598
810302458895286273
16787838
1566785172
879475848948072449
725118377992327168
353489501
407843530
898309929521434624
16801580
2272057687
36726020
802595152602820608
755591454697721857
966064166598356993
898533348
3179008920
705555281371987968
2182720274
2509660632
1224656035
997682274
3096561402
965742340416704512
2420861756
63144098
473637671
994053811
19769070
1245409088
23094875
2478705061
823729085318885376
716432228
870480883848892416
871463662430683136
927673112
496481464
259512653
785257706575716352
22577905
878006456548810752
190747896
818418566
526005290
474351727
308501672
905530314
150544798
520475983
1915648524
4306490653
1945517448
934476549868408834
45834623
21315430
466952405
3323130945
3464501381
1270366926
20385517
612057704
823298254435717122
1168572306
24220800
14858441
2353490884
901212463210807297
16225955
1131834690
1240077378
845357907080351745
147370236
53551504
2172047094
244767325
797976501190848512
60171707
4379939474
580224794
4189726677
60743126
493636177
870412311361540096
27249824
123926189
20374432
1927903423
891435303961067520
1096509110
816692173462786048
345539025
262420136
4376835677
818261506722828288
826982179204915200
2333566868
924005657375854593
408996541
3010734652
2496335227
320976973
921755591353171969
930126308
75156938
902605254
63549462
308238845
83377111
940639255373721600
413722926
455537870
395898013
829478266763411456
3093559049
410975365
754779897252421632
893257524006334467
22990501
3020900987
1245361106
860841
802184729235554304
11707152
827609841984294912
713582080291172352
427149795
301471166
44883029
955951966504415232
1120879074
269347200
856466313891500032
843329439362502656
15656663
2918161040
4755942981
80466390
2435517199
21061459
23255247
268006196
4743222288
826261123297116160
3697360401
531873911
53474689
18066377
198982132
506420950
31548286
250988555
351357598
890825837641175040
827856654951538689
950439980509343744
32207199
942033683988537346
798936281954668548
1694935022
1476138799
399707320
2763910490
4399325477
893586598989897729
1959892363
42780235
713100658862198784
536740155
843504404938526720
2173656891
900406288055758849
879886416335052802
932973765511835648
2686521
67416437
834517906264322048
1269200970
2319615301
3094327464
759570314879655936
14774479
27259796
744928170411855872
827605938156695553
2786914349
831014935404621824
48393997
17174922
16726409
291862171
934181338793562112
28111803
799010005655633922
3150600186
32765899
452836157
22665887
4734009098
75714557
247611277
299929232
61564714
828208507539300352
852287863244935168
871831962809507841
843795934181912576
868534008
804391025838067714
1380929965
1056716616
934576158305345536
173163450
19088288
261529790
4541164574
48290129
21974005
944717299256315904
33631936
36961364
271075882
42447494
728969814153166848
914487734844235779
53135927
826611876
400089636
2865693345
821235792559427584
827165816110080000
503133315
15652533
486624141
146160591
18267131
1688
856175277327622145
2319109401
865952780032323586
824794776633430016
849074068137619456
850955642592309248
317396608
478316622
795880680727216129
776830741984444416
923242090661740544
70580749
824239323474182145
139956991
857457629592989697
779721208946368516
805452671880744960
15215742
860189500731011073
27789237
310673159
88471724
164060400
24973048
100031883
1546306496
17717593
296968098
2998864022
89552709
4221857565
897957713321353216
4755139227
2329607173
827237152836685826
376211514
327930019
2421067430
301713190
2614523772
124776946
573333441
922006286
166307363
15188196
804924163961987073
392866463
931605073515311104
895783389994897410
53527882
750012859
851314563861446656
2490671043
823100414878851073
32917190
85099854
2562852312
1190891329
44952326
34948397
30972240
821548867409838081
936014780401254400
932462860227117056
937157426775773184
818322978865692672
3291447454
1623023138
2289374247
15893116
805543699471962116
1273383601
56481865
909038962513252353
2266400202
903736502710140928
849372179535990784
4499826192
834210261863067648
1436668376
340613382
316077117
293087843
755808822506041344
900038696438611968
63068507
18850953
315503834
27032207
60686360
292342023
2917859649
914597061336629253
2352163760
4872519219
19881112
825776310790266883
829129673766477825
193349967
51944245
482621265
724698129128259585
815326991180328960
368704909
820709145615728640
17446493
532642459
355808345
375392482
2336573456
4766959164
860223122783559680
240360514
899922623190056960
270203083
1093276609
35934245
907187906
263433398
290980590
2682735426
314565617
336654624
827890976890945536
587875070
835968467547279360
2954174343
873777345240477696
840284466740375553
927672124050935808
178846604
18798286
850106837907132416
901977256175833089
2304881734
1446977828
40983589
325681531
838351435595149312
35954866
3507254834
922605862094557186
170188491
880130691572396033
130319908
17524394
435069141
55887645
820277156
3382354685
75591075
2159970682
731922811
3149314212
118025822
922558706239377409
1128888726
42436866
2560843344
584760752
821420676766662656
2575205850
551416921
813158712
1612067526
915530449786736640
452457892
809950501538304001
845359091887280131
34753678
489933237
197169956
120794159
914142559361957888
1276302343
42428902
939091
48465602
21793673
357948884
29275869
28717096
45413198
29449596
25738950
812669725
842206655781695488
105592017
2148275342
833190907960717313
10289462
524718810
468522641
898530487425269760
878767241323532290
223671790
1044241
632927277
739844197935644672
602197876
621252383
795579244428591104
1445448055
32167206
24073089
1419094218
3180827364
267391389
2814717487
19356814
371483512
765635315646226433
31048669
708793817906810880
18831946
16981579
608420356
32320441
897321881421848576
1499148506
209083148
138233501
708270762
15254714
2271695568
834558900879896576
746338389000060929
1253417976
26346508
409486555
498125238
827766009637376000
886099802
845414611000156164
101273932
702678750509400064
772529820
823171093854912516
1927156488
87501473
16702010
608661793
4474148009
4718040935
2822863047
476781951
823293564155207684
773692460409229313
851907672
59421988
789359354956963841
1640917519
2952519553
10929352
1723509650
810469406505627648
780736996675194880
156493032
216397634
45043221
396720850
277828762
802055286701912064
765191508572110848
712939219
148209352
829647236
390641663
792100839175380992
3041073339
237181053
1952300562
806975227968286720
816119896442421249
2993933620
877294431170330625
71320740
374199331
3103213542
2813563435
792016850771120130
17233204
193732179
1967654654
2361461546
10371822
3018818924
301634807
3030332133
741450836421664770
23109598
53088231
875029068223315968
216463902
14098909
825181839358701568
247552110
1369701486
3026085999
2425192465
28600154
103663299
17243913
1479957685
410462891
2791565088
231094448
2932460195
524610484
263528349
456696616
1189008036
824460816
475381567
601615203
606337160
3070029193
4927862525
3230920029
17717430
95516870
17117351
829690954508550146
225245149
3400153203
850765289641963522
619965012
309705905
228893069
1120186334
2328059947
459269265
70499835
1106998735
796480443402960896
15210670
2629745715
854785479786496001
17214303
1101222204
14129237
824685684946411521
212329199
201109966
18353495
824369950311657472
299800641
861442146
704398119446958080
174477930
845894632902877184
25225877
48088063
85867265
802858010460753921
2904129875
55887469
2185190036
264823968
845279858305515520
270929764
15237204
128044290
832378323502321664
24733117
53503202
799250105572491264
1380840205
809816214591651840
3341351054
581502666
2329498706
1629044378
229512866
3648998236
42790254
424005157
550702200
107870917
816036458335236096
418454807
808741454331936768
819291797012758529
21958630
736935466604363776
701311839007735808
432201500
4662630175
169026791
1596494690
589477136
835832492
166699198
76168471
714198742639837185
825808949039464450
795299821
27778816
39281565
2772418567
2475768654
28587991
3420717695
279255097
2167097881
820373288144670720
940054543
2361678404
170653976
1206513552
820338420371189760
41690175
3426522132
2771357608
53017384
2682680929
87788695
1886685362
2336928152
1056251520
823635542478913536
177369877
253147434
813186335695630336
606412878
14573926
46347589
722541298310184964
36986138
122396513
132173493
2774062997
1429244420
818895217734676482
203132018
3305380733
21575717
254886861
763010018
716818400
1969346438
4257519502
116510462
827972838
3167508269
102067248
3528368134
