253956617
22613350
1155497149
111287761
21724904
40914713
720504404
841284281691459585
61592079
382893972
520754079
969713480897937408
19984919
938791273858658306
828019861
238761250
795887454062514176
838464523
19183987
1060545835
2701073637
958321164048191490
2270376266
18513101
187518287
85728309
239499378
16931273
4410102635
38798614
2306896992
141328091
130834299
158451341
1020952663
35440377
415075929
349142818
61354111
5687992
42338524
41509348
12267642
1569453656
425709441
38359576
716145348
58171977
4201110910
3948479302
198020721
2248389990
47605629
262404381
2986365749
2154127088
39935691
533116615
588770591
378259736
249329330
625070495
3519587539
65316869
2764466482
203714426
2746341887
14088984
1385861262
20904490
1096058449
407476898
322658299
234309722
152713253
1383133224
1436382126
63272186
2792340065
355053826
37149113
2192592792
14852707
271331718
2910350817
3243356006
14448779
1544468570
174847568
636216638
2828796622
337318821
1240034964
602893393
2401608757
547397219
83925672
320376718
515865890
17791015
2944953687
524501086
1478030580
17385903
978671691965583361
634626250
829881163472916481
168304507
229623319
7215512
72290565
18643437
1875854796
2431547652
792316808
20406724
15987295
18646280
13443952
18244358
1675021465
459183161
477581890
381484696
75982743
54881417
544548981
42011178
16326882
14801863
64197283
2837952059
907674677467738112
706738094
815437478
931088615534415872
626395120
159842464
2603293424
133725292
333915961
47783286
16744473
290180065
259725229
3224616765
191911117
999293378
1083143204
56838529
69687111
2968989617
186585181
2303751216
26858764
2869116759
35706316
877616433609318400
16486812
23173210
110761753
15684633
183707859
211620426
57985066
266362220
1133435618984259584
16211566
127296681
1608529771
890798333094019072
1395033860
27297131
1002386521347854337
1039457664953188352
32746535
3011830495
1218100328
713123591844413440
246490565
1477833530
813099941740560384
61753445
37989702
936516166226464768
22281002
3285119581
2231179117
155916643
15733345
82511170
1082699809549512704
3236734336
697113757856575488
4373772922
110940386
805191715
1542731851
1042356728
322347431
3195380606
758039646454636548
738606868252102656
146567174
2543867616
2471035914
2532315008
310064178
34884767
3108351
5402612
2735591
112243365
17842366
621583
34743251
73147282
7905122
2890961
487833518
23962323
13298072
15492359
19722699
32372834
16895274
816653
972651
15460048
1344951
14885549
2228878592
15088481
2524538106
240605588
213204879
368225673
588587717
1344391201
1356714703
570850595
734659580
348307362
58429276
900441163097931776
524545961
185043343
410380828
708447654
1007284936720740352
1421379786
40262799
38146999
18713552
17463923
19539716
78361556
16958346
14266598
21786618
34317032
834042977135816706
189618679
15233658
96735431
3053133163
25950355
25952049
316134826
233788247
151965668
19843630
91070492
1125778529902313473
56875220
55215681
331554375
142196592
266510934
856527548
171977969
32115555
14511951
63667710
71534367
19245004
20582958
1006419421244678144
505741151
132437983
1391847530
357372364
192831956
133880286
57339160
557061254
228077941
17904983
1626294277
187912062
6825792
941587234465177600
107375795
1712505764
887648194603212800
909882161599320065
972249961
787628592616407044
706514699664412672
34960648
815496014
2687357899
271031399
40537229
18911432
625544587
48728240
189658688
189506833
238268090
253398162
43412697
101005636
19624836
722884683722153985
87775422
816672565259370496
1109637475021062145
1107659228087570439
44144749
4885508993
83668057
3739952369
872469205555322882
968189958040190976
25950953
1021413558351998977
1058446101982797824
254201259
365145609
1161442118
45891623
86626845
1082286904983384065
435006405
41131859
1271878585
2350395900
3432792592
800459756292882432
206657948
16866617
102417054
400019273
274325818
902839045356744704
17667626
309087942
1000390320662700033
143086518
1093824840761573376
822215673812119553
370344674
818909579400638467
495300028
822215679726100480
87997739
16245822
1039244319318716419
1617987241
228593079
2665573442
74287341
544092884
980267875
483997075
2942978628
3037768832
855262092
863412220151160832
966249518374309888
1585493839
2881099587
828601482
864741602287390720
2154528422
1081132003414732800
828754867
121093670
116412542
18133498
29464148
26192457
257096059
168410432
2813141774
2149242823
29950404
121211932
123179325
3266402922
89672048
141163282
334739944
295590410
320644276
149052206
1298578243
2382362052
352145373
134429434
85605334
525413893
1872245198
1067397750365540352
1024610465630965760
112331083
166739404
3089095589
1585589059
3374431174
88425861
496250281
145935897
1067838912
206717989
36329597
8963722
157981564
19658826
16465385
3579993075
862567967636303872
24703416
2972541035
810590628727914496
3433407383
948387885308370949
2340718668
10876852
4189511729
1002240421819396096
2964606814
226211256
15054166
14779408
842679437263028226
181912222
3305188036
31136822
1249948627
2847704289
2275883743
621523
15982882
220981466
130125655
18424289
14677919
35773039
4898091
2349869670
405802444
733973755781861376
856737901618581505
902792876073127936
733226246486786048
423425081
1044828773026332672
856076948
1928214643
569714177
13058772
303862998
543285429
2985077058
921351479595864064
44593489
942537707053617152
1259161105
35254866
2447372096
4164221524
706825897
1288180873
49616273
191795989
19177501
34889448
714458838
376211514
2598630877
278093318
106360047
485644333
1356798427
196551279
84114313
368471878
2862225749
280608482
82564522
522106646
16153562
1509950834
703189488
16879321
1371662581
213210929
624155877
304973593
84503659
62860939
1334313697
1333603022
1511684546
90702437
1221273788
742681004
16683014
172647061
481211906
1182931465
491280103
376086025
282052097
496059347
225506566
55906932
68659982
78835168
68694261
61266253
110698631
53017381
50633083
385903645
399256577
362362308
185971345
81883678
358083393
478444882
190635850
316287529
268286362
506740980
540180670
510563599
382531470
274539566
544945183
389918366
292392104
202997142
192834633
395197693
57404038
213283042
196573033
505601073
386104689
544974743
574444244
521378143
390656411
102947327
590025029
326135100
506191350
544167780
581160508
18047309
328882469
624552794
278581902
157273341
599627154
576982946
555351686
612720160
611843404
574353598
423282754
416444414
455173965
146446612
415606997
102018701
732752461
315668927
327346554
488416311
624680231
205212569
736645394
558492225
494552401
59198929
376014015
265114555
24274948
17137628
59186725
324159545
105231326
92194394
12880502
48847646
27007055
22321690
14834114
17467699
6959082
62498360
12609292
317776678
202079453
302788499
112433299
64671127
16027225
211556142
11695472
244711450
166535822
18992997
33933259
157955248
36683668
23241469
28504319
311640421
241080523
191002974
82578750
32377379
213170220
654203
15922687
299186235
80292024
265775526
226189344
237224764
124166064
3375586955
770552874656989184
562746998
1116680022952116224
2706768612
1101367648879890433
45154548
815591614903001089
783792992
29442313
20402945
67358777
19407053
16896485
15110357
25053299
14173315
21581503
48913492
399243516
2377958781
1505733014
103652294
25219709
2893511188
21611239
332185953
276689825
3140909632
59589903
57389552
16027100
2854354355
464195453
130273820
31443503
275686563
945646483
2329066872
54953415
41572931
706108149174939650
243887401
756475
2353326744
186154646
14700316
1348182464
557483649
281877818
1054824769084895232
152972996
416715629
759251
35315865
80419148
633022002
3879304395
541637104
21404049
70736359
855921573462765568
3187005376
856696675
311439292
870627693208813568
33838201
1021875830794924034
22959763
613491958
25728193
29106807
16192637
188851714
104983720
18198832
49723417
10117892
20607628
3201026197
1197345571
3350788870
281764347
323526535
197178598
335800766
26074603
281341580
456930921
185345185
23094787
2444371909
45516390
233765599
182839127
557068003
15759202
214337395
80203745
65743442
14526135
328287799
128292609
19767193
66182591
44562973
26099938
14647570
11348282
30354991
216776631
1435461
138203134
165708235
2983162518
38254620
795441605947822080
17794636
346294679
230492604
2294661174
196458749
61306578
2308435182
47318173
84617373
1461445926
355666246
466420346
5120691
1536223580
40839292
3459051
805688517150081024
87420519
925437728895811584
835352323438280704
33773592
19515424
6705042
84351228
8005492
484796656
776682573401501696
2704932312
3428933729
850399499281412096
7097602
3622951582
15808647
3074175954
16249938
211411397
935232202270498821
19402238
234094005
4620451
881997062232866816
234367247
229847733
1014151464
2872661847
922424684011929600
981372697727795200
2799348263
1018720880984092674
1051649666717294592
168350399
1666038950
3300794127
78744277
4562173852
904869467238174720
44903491
3214533497
3257162537
3300873709
2546518086
21147300
834529561970892800
2555273731
844541166
749676318
864534270701916160
21540543
1355864317
385706410
962190364047179777
105918870
66590132
757661032655585280
86127317
842186308252454912
18325849
14095644
2984899370
3300570615
918219892779814912
769634301151502336
637324182
21624378
112475924
575905433
738825010786095106
3067318098
809534134154469376
2861361
7093352
727501204935217152
16031984
758268288342163456
2435789185
917037934401982465
1811342888
1279777537
49677683
36670025
777899910649749505
932163222
1259604578
2932813026
16973333
87818409
229005889
217750417
423921016
914136869520080896
978944434120351747
2678072634
3390668956
1583865109
879662212540899329
938157784079593472
91478624
14159148
256057712
785611365360599041
886690433308426243
482133423
15727406
970383081109704704
2690516608
245776950
482322383
1015207329405591553
1219824320
27005410
4833846078
993913676850782208
881511019994005504
2688407349
847921285065842690
1616398562
13230962
143681693
3945622394
2160545941
1010894609491333121
736838690970980353
3181497979
1375908032
28340778
1427913121
179129274
30644410
573918122
314700035
472301455
4791138977
839441319823097857
2485666802
1399835696
3431524775
46671396
54827242
42833395
794383158586187776
174083824
1637406871
41561657
159767131
529126022
84860555
734071428
1144882621
2468998524
2764811815
141376289
89337224
981611186113466368
976902344490323969
982223918223130624
904177400837050369
974452350994673665
915403772599209985
91461955
2841816060
16627240
934842466175401984
4829972883
749960296513626112
318093688
147131662
538043825
112665358
2893684442
14941905
3017066316
3286326373
2818385293
17939037
2970216760
755065416645480448
914953066767634433
899045284453511168
387132980
54945432
291405463
468669904
53560219
3317856102
821116603442098177
701153385525997568
1253405990
3243028897
741358144346017792
3191771600
3296687788
213953689
824659105633673218
711981955949023233
3068961197
877925836636143617
885953601067208705
879783542498217984
759107159338651648
50131378
15416816
837712421435367424
354221701
22164524
299536718
42874717
96756188
155686316
1621271
98603311
118894592
834609484781723648
710085186
2987156301
824932080656146460
4919251818
606175120
177405475
1627856934
873189512167526400
1007153400
15947602
19941919
2720097845
41712825
740109097
122066148
752642655448731648
781427301472874497
190220423
151295755
379295831
2318768640
809994381281390592
3911460201
903453800773636096
158414847
819700545896075264
895313608040755200
3990168190
3016713518
759539743
795971063930884096
822881011323334657
117492758
83185208
293445832
3081603104
993500214
818500806462713856
27884506
871248678371172353
372400939
1551101437
3906628889
24096887
795441987491078144
17956437
231952307
856453435
2699164331
88212111
757622478315331584
239621529
768346876232011776
835822483949375488
703066169205510144
166057855
792458227116019712
1913296284
34400417
781852357651001344
3352326767
15245376
3022474355
752654958995001344
4638225918
79586952
288672302
3709999582
2573683565
752533455162998784
5988062
44310665
1723055762
4342493993
2467791
41805556
256177204
20562637
946608271334432768
14297863
287843201
410605574
419520517
429676852
301309392
17471979
15846407
813286
1640675437
52372177
600020334
51055638
25088746
742143
2097571
14293310
17125730
807095
2228394355
46335511
18759465
21098456
14542434
19333738
356026306
947523433
126240387
487736815
15912890
23594033
58767113
44196397
37710752
58663554
300254843
2531650434
34001374
2557446343
408683294
363005534
71594919
22358550
2188931167
780687436426776578
1153599218
338444460
20891396
932249184
517306957
101422070
81305054
46078438
384625890
20015311
365101425
19725644
43904362
2994893903
16735210
2389227352
15143478
174365756
14697575
116994659
4003742225
539810130
1246544294
3107829723
