5611152
2965150132
2828796622
44562973
308593313
24147428
70784139
2478729888
378259736
31013444
1082334352711790593
1604444052
495509842
568825492
125512325
1070199659237437440
787440155191894016
636216638
2884929017
1458320232
520754079
942149528618139648
795887454062514176
2442015493
969713480897937408
2493302816
541731281
3529375212
860671253761445888
17906547
545590673
53543144
842550390818201600
871797983125397505
19221664
375902075
2441931518
854840560749826049
370906508
2769533518
2497521337
977562973718876160
746483203716714500
1708117382
116420646
20813165
1085642778120462336
2973453269
1420467234
14619354
16866617
2835276183
2172
3099901028
897091272837672961
129640365
1510204819
89006119
27087150
1043508062349193217
4898843075
828019861
97498167
2388484242
166415915
1096084052
1550520115
2887301980
2561407350
1253405990
15729374
2748559290
982223918223130624
2966727298
1054103193997570048
1102066877801644034
3186124933
4888572009
3133647120
884811868682022912
298445805
247610675
1025090497746853889
117662694
17471979
14647570
31443503
1020952663
1155497149
742769911
4830765244
559614467
744046387365560320
106826079
203714426
19767193
1144882621
800459756292882432
2811503196
636586551
112475924
74287341
4562173852
2967402199
917037934401982465
10328012
16491676
16431751
940953047383138304
2453570761
26334664
1532767034
27022632
65260792
771152516
23574562
78492615
142720807
113589987
23177213
309912891
16162021
26548315
20609518
83686286
37045017
15808765
4919309414
25684856
2155649270
463135239
1228516999
23314049
117848769
19279990
981259709356404737
1706101310
43300047
1436973182
228794007
783214
1337271
3058223719
39364684
1060219097919643648
22461427
27908189
16912124
783792992
205302299
213478296
51241574
2836421
742143
139162440
21753847
500554954
819743860871950338
19471651
18634831
18924291
15855171
45724110
839226269627621376
864548241882324992
60709500
2270615438
16288455
1067249352115200001
16874875
19844987
30540377
241382835
455295913
406745433
91441711
22688210
132022097
357936193
50701663
225895249
37005435
172624867
48439275
29345637
863756077
595177557
50158351
1276341824
46484304
2996297678
621531838
376762928
43420866
19806306
436383077
4884591892
774180818
157045069
783875787451609088
2161588465
832471260
131976246
3265372914
14939981
39804874
487718304
19273919
146290693
1885228813
1014348966
7769582
1536791610
1339835893
93743751
15764644
37099282
9300262
2269130208
29037526
32939851
605106202
602993818
23544596
14677919
14075928
297505251
5392522
4610128519
17107297
992507870473170944
3013095278
115094711
928411861
1309282633
208064959
2999158160
51591957
813286
5695632
942878337806032901
173677727
243905905
19409508
451131659
1512446430
480930665
29344169
586892658
15276225
20344826
80977873
16306235
6480732
27558971
382258249
73060860
6480652
316389142
15147397
16302651
130922325
28074588
72423061
42583325
20104965
42977712
27711685
19165963
14996376
1375736322
255773815
22222761
1901546563
20711389
35980780
522661225
139823781
757303975
16305330
2468124720
166739404
57084769
19637934
28406270
383493565
74669397
255747911
20630639
27825390
17350250
53297035
59949396
22321602
366010246
537702411
531561605
442237496
409486555
97082147
18131961
52613032
1048134828661596160
78366205
63112528
16900536
2467791
18202629
16017475
631559606
35918992
18491038
18036746
97576151
21819430
2343994460
43812483
60520655
846137120209190912
30364057
55117855
4758944300
18101713
8892822
47216804
24312293
2538115178
6211972
63302020
79923701
21689701
946618914
39357410
81480697
44039298
44381332
2230047990
502281810
807095
15690771
50374439
267856525
21125133
2536465640
19658826
14681605
18739443
21148293
14717311
37387336
22811937
82455213
11757522
223743736
76564891
46933759
16421419
20706096
866953267
39830136
502135911
342863309
827278930734243840
970207298
4196983835
138203134
1705360014
11348282
48381939
335465276
2639733857
33597603
17732153
16031984
904869467238174720
836946470
213088974
376570418
4826312969
536731208
2214441588
222499460
34840241
54067030
742461565140537344
802259857902620672
4918872589
789900837703213056
4734704419
2950790404
1411490390
562381032
19879313
78194111
31312972
89898430
3256389271
46917651
774311630
40041432
20643592
15666380
1418745782
16303106
2329150328
15846407
18997933
5668902
15160708
14574536
19397785
16129920
260768920
41032618
23630959
19591618
68599478
34862903
158414847
14230524
287892770
