378259736
998215910497374209
15084853
1151809319249350658
510661080
255147207
1282915350
1959415525
584195481
729626348310892544
193479969
2217401528
790589026642395136
920316384927780864
780681818747961344
2802245830
1092434510
921374435281694720
385195466
17221627
2410742142
2879583201
822484401254780928
905963688
1057222350691807233
1111212336210153472
33481728
56493220
2292786126
866389207543152640
201698706
1658929580
223957966
743721356961800193
1082966905646972929
43070633
409312394
42196145
865119624
134576181
4524195615
1073201012176011264
240710285
970698568116908034
323973831
728539074827563009
733067406533238784
2834286071
3323889946
1067721483949170688
211495869
930440082921803776
1054697608093020160
927975509811658752
473179284
727045726216282112
708696811595276288
1065932229765939200
747546518849216514
3413456170
868581450618195969
1080858128
4824729796
1001036754953043970
187315118
2861145687
96237313
1520790630
1019518460752203776
422781979
863360255673196544
262322667
163606088
1044516100346646528
121458303
422872774
3356346947
913505554106081280
979028313619525633
3058800267
919701471935033351
74711006
737927278034866176
482389086
20217584
164244249
2455622770
989164814768459777
961689362311340033
948653488799649793
904413721505693699
1018956049343238145
857301432684482561
995058929708208128
730306677547925504
1046894354529497088
1039625681561427968
1045315411091378176
1036991846617153536
20971849
311484185
798738564
725004692342841344
416599934
747396090
1143551
3180583841
989455880591757313
720567740340314112
993843670284734466
334576185
148000327
2870632845
44874400
1032915753752776704
308375145
356467868
862667035607785472
730494343
133805633
66318794
121562670
436998967
20776773
302877588
702505923403718656
848090215
724715248566067200
960543727352729600
740244708526555136
820999345000615936
41577521
905891615851638788
739714637835309061
613823430
426964310
20466127
780795318778470400
2793857151
825296452457005056
1000986071512076288
4405627115
1955086460
32501630
998621526168662018
2743236782
336779966
977573375269916672
40346501
63255324
1017403766
290676083
22536315
2177175701
976117368370982912
54319857
46627286
923601972925816833
1871919613
2876254768
1349191884
114213946
624744756
243435798
2202839206
45535365
145768853
70916300
811959395638792193
727262215947075584
3970638255
865173241
951018147984879617
912746442711760896
3173109916
832612835125493760
847751958593126401
728928930888097792
429971950
3160261965
128283509
2850195106
2802647151
304461349
1070556924
742646602649731072
2994773073
41564966
795636080045342724
778155530
467905072
92538216
420343289
294303485
836967185583058944
2788979638
864746730566406144
59128801
266503309
388189977
3342587057
710445285684682752
316762660
721975841043980289
1918324508
874280774308167680
806630958254452737
857539079923273728
2960152143
197662233
192555432
1543299708
294231556
718562488099450880
2250502885
190960735
806793440495222785
3908125588
292583659
85878935
3065214219
4054745128
418166784
1056203792
2814867533
409903803
3065992787
2659917244
27013292
216647845
829633159163760640
257890789
791175140495224833
763914049
2694183541
823933695212056576
2821479520
40745474
23312627
4853316232
209674717
798544512415105025
58644094
1134104996
3200357393
235529761
176615503
21495638
2898203566
3600225975
584603887
1365369518
723196411966156800
4111333696
20429156
25950355
1933597706
44624289
253746570
37438474
3622698375
237317743
3198196673
614531669
945982350
3320529515
1228216045
717488018374963200
6294192
723432966014136322
723456281709830145
21117425
4716441167
399689183
169851606
515837126
1568489900
582905640
3097050118
22419450
162317442
559533149
149058324
104182491
307985653
20051245
827967642
532550978
66754444
3796460716
140766236
3122471715
16949344
353654724
1268784463
146569971
1322145637
700615859
703120309
14499829
147258118
288736261
121438877
519343797
2463392929
2329370784
237041491
1966481526
70796837
771251174
252097823
374964231
85555796
112400525
69298376
2896557412
526248463
2890689197
247011795
746023346
2195808223
518634298
229466877
11522502
254486550
