2233156898
3901882155
22186564
192942213
2308454174
143814480
1050095010669047808
36485403
3355192210
815737080827494402
19395129
2471033125
1023302038501969921
19005152
3021956115
601492398
36465468
3674939957
49856223
65431632
734549646064922624
3937939214
119624643
4884830868
985759850
378259736
168508631
415075929
14729597
207346985
861686077
551112681
174847568
80135530
112475924
405212879
302877517
14981648
48988084
1171827830
725819684281425920
323346108
1270647949
2999675810
958994297860313089
206255645
154052153
993669953021657089
481719002
56745793
1089907695358902274
750157493481852928
2453474300
776196011538591745
837763398272237570
1131990072
249264319
1027746950358040576
252161971
255452495
3630832217
1044661959663251456
950792523013939201
1481562266
14641754
126785553
2541981212
2164349059
1213366334
2314303076
921020948001841154
2884254856
933017812972470273
732999176246693888
437675673
79854816
2983468651
1052254424658321408
908354182423486464
249790792
60300190
3882521414
1435693218
2179676321
104175630
880606597227085824
1130142934521790469
1016403285820018689
129722917
2673648210
3360880529
2895209718
1441046953
2729741473
49941800
259992220
3226710287
3677595075
402202146
326077427
3418339671
812378698649370625
953242848744394752
45832096
2474087960
2726766875
256735205
890255871325995008
2188701097
271473145
822539776406519810
3054258463
874456737889361920
1327342608
2704834914
250918484
86621516
900312014156967936
42391676
781680078761623553
246373492
2304736621
779347410984112129
182422417
117797395
46220856
3387264753
887540562500476929
375163775
2411076968
1041719428679966722
282213165
1023052879
975837308221100040
870652018117013506
942423152348540928
3385661661
709805946071977984
282855972
1455282438
728618267485585409
2453885288
2491381657
1077651444822654977
125388881
1692191124
785663264
129947150
621514018
2796220859
600616359
96204094
2228898228
713026411611557888
1110557462162300930
801188883627028481
4060929377
436127375
826130432995500032
361385033
368334417
789344651241074689
1067065715780395008
927597307708796928
1006015254873112577
849666375920603137
2635013000
191156816
858017356337086464
909783197927559169
1083868073436868609
373974495
930975940989120513
1091383632848191488
1017771166323347456
868458019927068672
239919844
98217755
244244870
984076763490914304
104870504
2365723506
898251325460410369
991980093038825472
234479129
1095380123140919298
900253694255616001
1055324349949825024
77711880
997984190
1332058963
904545638519644160
3292235202
2731661839
789520993480011781
4790881
2769866904
449728428
1286466858
737291671977754624
413880339
904211118
83876456
1017070673745862657
139498933
884787100423520257
2554099898
528148167
92100988
2542065108
829347876635545600
1095973664
578202005
1104353937791033344
443303008
466993794
562635111
3310538931
1103897159747792897
520462563
4502140093
887799200255291393
1704982352
906638953
12134862
3349839941
49567644
801337628712955904
711230630
1029328668429099008
1926352591
344212394
993968453798244352
984435906512900096
3261095767
3087048816
65246396
884045790
706537064364376064
1513708598
302329916
4876726552
232346557
781259239058771968
871833935034142721
935311686193569792
14389790
832610018914607105
928670911796011009
403474487
984441789628256257
2584323929
737070648908906496
4228908860
1022066448070569984
773173063
57121973
767877585707540480
987849932
4041127467
1247391073
1134047191
2227211908
723485289772097536
37208893
844172704454533121
840208397622468609
979103597412732928
1037693281730265088
801090384310910977
559660238
2811580657
96116759
844291413403734017
2420858653
856167054038237184
88971649
204891696
435133759
962073997226553345
618268178
849983916
3351949930
952994498690322432
1008560954173296640
1087807934568947717
186162744
791690389
1372347565
714895881514954752
758154597613666308
1045605415843753984
2579359027
4872955493
1040720849194627072
1608950586
2496988280
1071358658
738069941966934016
2463152178
3165455166
1329707372
1875808704
896200526651682817
958196173
69622525
2467006321
854905752
996852347379814400
780828800619720704
1897490646
914871246915035137
2182616360
825314196
193767233
1897523828
730918917502304256
1033656470
1052946719493775360
1179265111
1523437020
1006419421244678144
492492626
3225432743
88040819
865724717088612353
48679623
76715273
220054502
1241223530
977232641274597376
162638920
1735225130
1017171414099652608
1066681406112309248
2408824753
328918413
292141642
574988763
837050605164195847
407387443
381015454
709161236173291520
174583679
743831452375121921
770980412084617220
2656977350
882901946058903553
89180907
590068644
1057703224084320257
738825010786095106
2750144563
779303900021198848
1061626716685242368
1364955146
923351582716125184
2895272262
1055225772724625410
1057328038441086976
1040538112643006464
880120855
415773647
393522506
826486154535038977
773694039975718914
622300794
979390393
1056868536168181762
928625976866570241
981364006467194880
2859058385
16031679
913764573668347904
30065242
943048712468811777
1041380780067319808
984901342606123008
758721035097092096
1273766809
954062017156980736
942857687620116480
990749077703938048
2209641480
245869990
205166789
2323255908
558578094
798518975164518400
994311832952287232
2235191251
2641647230
34317032
87977368
1024648794489724928
861574421131268096
990796478
1077716970
69331791
993913676850782208
845787120
3161330176
924822018939408384
2506042352
572606779
3004162264
815855215878565888
2885372922
800459756292882432
184033980
748173689921880064
911009045267439616
893859682888167431
1428265766
894562980599394304
4417323807
978671018217693184
3401319615
51473040
857271362716672000
533317016
289490699
33885551
971954447181066240
831359094
726169352811077632
832566362878926852
3298807784
771077307066875904
1029753005879508992
352960574
15737554
2893201804
762592973418819584
1583909786
2531009972
833670940273819652
2258958426
2293503504
1014634483520360448
59686920
3167817137
4184249592
19344270
109292821
164802999
77296783
257586031
983889739597144066
1002230968726540288
2474050352
885836984
748225461180862464
2791937658
1126567044
2987759486
961978234161246210
2464872344
1315254876
985198032600944641
3648630260
869563533834338308
2215788402
982761174965112835
968979719596077056
249212923
2783721467
4658209888
225814760
1577656471
975484703401697281
809455239531286528
233215913
106422945
3397199002
143465390
2388649646
2391639152
825357667623387136
703104012069933057
1246836782
970969679241121792
258401464
951820565236633600
64203453
851748824754380800
3297771324
413037601
3350639236
783343067428425728
2565371911
965608706808467457
2995707615
935467042026684417
2387414858
2778072482
876785518742319104
3323023355
73911886
971573194288259072
2264828203
4895991351
840198597941567488
822114797244313601
751070362650181636
1485337316
390330738
454235926
3233753202
923092111205027840
2735705274
21666339
406572269
159474803
350860087
45663323
359104448
3034808015
42886079
343310459
913147978596126723
1111330190
187227496
960986340
2231715007
227678041
2974843247
3437707655
219721398
870282830902898688
805944220066398209
26778595
3192972015
3167151993
824302538258284544
397531066
970526641
4866401620
563706235
831295790190620673
180085648
935983438808666113
1153290949
330509973
3805882816
938443572088590338
3104206437
26650942
19918353
516027188
1657728668
3225139564
743592923342716932
755655889
856124874858876929
246560945
2459582290
803235241171238912
1288477237
632155022
245410974
210528259
1886805116
3497183486
702554875633246208
321766871
3059383636
705001443623878658
47559603
220146740
17292623
16183781
3249511269
2831658273
786274281042817024
3031897887
63217301
3208428959
822719057434726400
702399171005980674
735809098655076352
3958069894
53462173
4295182814
174151902
3073819914
442178445
761831193306247168
71273730
65148101
837693559
14230524
1535582298
1332826376
15846407
826457403965239296
1357021620
823565852922576897
274682508
314002712
492431473
2294168076
455863245
1633863487
1546638475
3097010993
361531272
382031738
2932547206
378578016
749011943223164928
22883622
1884751284
432134884
186899490
415614201
472226568
30090092
384923143
1480051292
61793495
2249261114
1904579646
804060661881982981
2715294440
420621641
36938886
2923273367
482026635
41430696
716657520
115041992
26251434
771066512241065984
28352201
1339835893
822215679726100480
1536791610
1093090866
818876014390603776
1447181720
2535628669
3600771149
1400741599
251438362
2315152958
3430525120
3030236116
3083572305
2667275929
63777448
138082797
3156144840
2485294956
2456998423
637087464
4264534751
764556324860342272
89268512
3678550157
783564752
847664184
222226449
2467228680
84525520
2371318344
700754465813430272
2813341027
60184668
3362437877
3289357492
21539202
763724996527157248
2385866911
102231484
1329895700
1464676063
194354685
173932367
768499772856479744
2382928197
2271596911
36191419
741711951378665472
381119370
796841677
109379148
2617653918
38465211
31618599
1253277294
14647570
767855832675516416
764870963498319872
248742334
234018462
16134692
705762604669669376
2584442810
2303740058
575570738
2483070960
253685928
2693270983
38491229
121514648
2280855902
608310777
255269130
205268022
4498179360
2915101352
3031435623
482046883
403163083
754346944630317056
407976756
223847023
3762561916
1708117382
4002567808
562495967
1729984736
757268786399641600
2800218970
43020461
224991073
52889950
1449904334
2568367098
245197333
87657446
2159843300
551221453
59216679
278332728
2844030249
17129326
564062023
76980516
4482046512
413931786
16015434
3008834569
1018962877
118899148
366280467
710790878
234947344
2511556309
14239043
272055494
561362691
4560035114
2250984078
3376257545
3351698086
96102210
482108339
2459666647
2842547819
730336522180907008
2602508256
77977848
19382366
384516903
57759275
117920388
3246421877
722825145866301440
882545322
46460299
2198899806
581012668
402875257
2540542921
409317141
3797014392
3290638726
2550312565
267328351
224090883
313386995
196198372
26287962
1601413508
221470391
294192474
94576533
3367898615
136441843
2858511997
3101065058
112476445
803465052
4749621366
32372834
786937495
495300028
373373336
408565402
491376236
123326795
3098029492
3296092823
1839864386
552985513
2459609448
1175435899
3377486907
517803427
2516411185
305102848
993683022
3298146355
2672536371
1920583477
724888040968192002
2283979046
304578117
17998609
2798873679
964636609
322658299
577882553
524501086
720938411402637312
2354233526
36116203
3294425469
1550656874
2950730994
2592036992
705749962
139516956
108975656
305458085
219437430
1373712176
20956102
727158176404127746
727165648003076096
259610490
1722214158
728290080733933568
1306979454
2151161054
19966398
19821629
14713787
3488449573
482133423
1944171337
707692251678416897
4364361676
4312955536
14505838
1226458368
612496685
78208471
325018497
245460027
95940639
2808259087
1199355600
229575976
494134556
17998102
16926550
23838374
20068053
15280441
3415472603
252811693
2398276105
39585367
25228282
256110006
2498784942
7144422
3193442156
282014422
2864751359
2178196008
3240237627
331029169
2279808118
590251531
1588225812
351613934
374273536
394068823
717715677138788353
419433634
15738974
3559729345
403338928
38850395
26374797
33773592
488753533
888851240
283056496
87706747
19038934
168769727
3359481
1589244330
3004164515
989001540
4854000898
44562973
41269727
89719937
2179791505
4787696979
47693465
516591235
5392522
2734818368
2515925815
3242200378
3512947152
30014495
2425843530
44442099
1433384898
2293603104
2802127411
1880558749
418884517
1246397209
41325780
2431382160
2765880822
533158285
4375591097
912867764
4850024344
2572789243
2889815680
1194871002
2864172328
29221344
20646711
2203263234
28133455
580216612
252768317
3267273060
58431280
34973665
432605509
609308872
19673700
949940724
86989960
48473838
216356915
2179512451
1198056380
18056707
3303221991
3843298932
2805479306
2246341620
270918265
582974624
29787052
2815536696
248887287
2188962931
139558640
932258994
2671773182
27596259
1705984340
3697459697
3173419780
3518864172
2231831288
131286593
3327510052
109617898
2232845389
322933840
18696996
4751181176
24878961
2743268854
23602600
418090594
3081898329
12819112
1132243872
163364901
14857382
205289892
303597758
322889899
2848813967
377522595
2180851257
326385372
69642020
276692046
3251181281
623226593
1392826357
31792400
2207332660
2752775016
126346362
493018035
2836896298
182898734
138166008
2935508378
911529116
259382051
3253069098
4269494894
972134971
14786322
2876656090
248786999
3985877735
2493407430
175471321
968232932
22418057
193301414
16245822
42496144
626499412
2286189025
37710752
3093045513
2989216474
2201571414
4345066695
366651124
488761281
487584390
227093032
15463610
3044741759
215736031
2516472546
4866626794
3826724481
2435789185
1637574866
1419557646
2280012398
2280019405
4742725308
2764531652
3432193703
237314127
2724510362
71566823
388422353
1286087912
2779012844
14159148
917601228
562889263
38630406
2359958558
1948761906
2279754476
1144882621
134233712
3295574960
2959036465
197905376
4059992474
373993464
2547726954
2937230393
1446836365
227102437
1344603788
1870227042
2394429932
34415079
3006033361
831434202
75284303
127646580
2460519650
451236001
465502395
2243106739
3092509516
807095
229829428
2234052000
56129134
628698139
2281088791
3343098167
30053712
2775800819
135553041
2442563256
90416361
1557362719
891677214
2792380225
305015198
1072269104
23481654
3301937809
2482921416
247265996
106157796
4699400563
1939916840
1733459113
55117855
2819681925
1246646640
38661711
3865379481
1911502220
4714997363
247975399
486842125
266063489
415096523
2888882587
1537076652
18734010
308593313
22674756
57625403
1359799057
1113439933
67516281
493376882
30540379
2837670442
28139112
2615599681
2811748908
3358767453
3431150740
950409998
1061214060
37016034
384914539
513584690
323854120
885300613
21226678
13467372
1955376680
557890123
3063029972
602046582
453892183
28795138
4212999921
393695140
23638544
2904630494
888007964
22190567
932760326
2391361177
2862441010
3402258700
3251661833
19656050
229245802
819341370
105529826
2418111247
1740309666
3421520639
130313066
1691810982
140252240
56510427
3396107086
4068257657
19658826
3887755213
271073165
1170533515
260804780
579327281
260795359
82264760
18813264
144202717
21178908
14260960
69970248
426080991
2810688646
1087315136
2645602164
441560048
3500742023
1511929999
3128508339
3890805994
41089784
484850956
2988593685
583506897
958649520
1377008780
448552985
2231512243
3437095019
2938938859
2329305728
2239149990
3158695989
2458733935
482440749
63135089
2207669719
484415967
1101684464
2347831572
117541876
14995355
3740706075
3730890676
105192603
16340475
906720104
2926214071
3534976816
3044788503
84432604
1628070217
110263320
12599562
6433472
25732408
3022945368
3502284315
16574717
456354916
1173231918
1555146709
180000404
2358451860
3423571791
2724584252
108909795
1111497175
34648934
3308383018
20810335
1465755366
3228717123
607066717
904367624
482150741
913812620
2596979101
3236302198
238813464
2433954854
1330950650
2348495330
2530951819
196977246
571175322
169236725
10328012
1268333353
3144764601
1259704602
776618251
364033642
3233694007
485558954
618496409
79002509
633095212
106711101
601438913
2900430125
66476513
621103830
552252043
51062531
389500267
3198945633
392987060
2468162534
3303197512
307111542
1599000980
19536120
482160709
2546424960
1202378150
2235449214
304844046
3120493275
480992177
268514954
20248618
376358224
33838201
891627374
73121583
135884285
2838113927
177714532
3190738517
22200760
1513289635
947986136
2561407350
3154432198
3158991190
2161330357
716077105
54904679
3153682613
164824719
2283311462
127982550
17260575
2372194897
2993989984
27934648
3104975121
19760151
3071813235
19397548
1905206040
262082115
1379801707
180382238
277391629
1003904809
2365911708
26203004
2584903576
63072063
442894709
215122468
577241870
2547993842
882906361
2801835533
724800523
954667838
274063094
29331428
3021749920
80373632
134172160
2706497028
563777262
574613919
486245930
227107517
556026341
1205441970
574715079
2277998340
29581140
1641060560
326535775
184377947
869101988
3075928361
35778741
119265911
2308951741
517348136
2981673982
2756821110
2790061536
2909337367
34613288
10681662
343573021
2936346314
25021769
476776338
20769532
726491190
2272500420
513132473
2516649458
2875984188
161149557
24919972
1228287744
17919972
27692165
2836625812
1127076499
75046329
2431867381
15862891
16700766
309649701
1414171411
18965790
369354784
56437995
246612992
87202251
284029219
168757829
15088481
2783234622
2319814645
15575625
2429215860
2615407218
32073521
15492359
617478634
727865330
455778072
97479473
344204222
133880286
2533851745
934906352
742143
87516430
838464523
594305024
166264611
956454271
2458693855
2305107372
260357057
23085971
99548962
2172833629
16857753
632592632
18999683
2587878488
1628237377
2148100406
259348680
143306525
1594379568
475117133
490541676
238205888
23377640
68360830
85625415
2480714952
2431914631
33571544
47318212
1947870133
195874373
868144050
222096961
1900883024
1640991128
1273148768
1704357816
67373886
1158857329
1891806212
66757780
16027051
2282833494
609714086
193192769
2343089821
559066829
258581867
2332374782
2211807470
1248664250
88425861
1374732564
17029752
17029532
54904339
1400478980
135178777
2385395119
2382967344
7215512
1514638892
16550480
2205342828
16143520
1954731864
262770460
373079416
2370961800
330574652
1283190222
15428397
137759637
134819798
2366349614
191844758
87319893
18999877
1460016181
92913768
1905318883
151455340
235213723
478208405
15836703
536862259
1000591422
132524805
316654916
2281259504
115797660
205248193
119812267
435222598
1017795972
36020867
132215968
136277669
243778910
1883351018
1685750942
174280795
18049298
376174776
581272083
176650389
310316876
114778967
325111418
414263977
234487326
114894016
172472191
203126212
77021598
469616931
16251366
19030368
87657092
41875284
1581289837
1392977190
66343224
100248543
217563367
435056847
237926777
253232482
109224630
832532425
842473141
1362862112
1727047075
1270557841
241036365
162074535
1249676186
114852227
544716013
21455377
281530541
16878156
54546430
19429847
956380796
18065266
74868032
17451742
25382012
92129836
1060545835
229901392
1397439103
347824875
339722887
104936457
113152969
22021156
454007980
247651411
32124168
81725200
29133079
20470335
365664320
439872623
260416718
517622064
870870170
486533584
538342587
26013389
84098782
944750814
424216799
384780849
34030502
35728079
90433405
436846626
778889748
252138831
844825399
14638581
87014413
48399119
87656389
264433212
30494847
407912092
303476607
373372958
590813151
101790183
431524427
609464258
15521075
22709020
41852856
292947172
13201312
518075642
589857213
587873748
722242106
75847576
17881732
18725623
24935997
377584838
66496796
120340881
26259268
563355304
553926031
17659219
82432103
17831464
596703859
73177845
71042492
41262371
16931459
589975474
42411129
22458458
40001204
568403057
86602046
181959620
256563020
97576291
497379183
475894045
47753206
88947251
522360662
142676044
114934120
279694998
272539655
65886562
498982170
133784314
192988879
130926168
41100077
34926807
42112234
17471979
208755817
126178950
21729799
22193613
19249182
284000599
277759347
243009450
89006829
234466512
49939651
14342564
24692082
20897420
93666150
14615871
18644906
44704429
61013812
32657962
61005910
34424156
270936829
124487702
93941747
169219654
253109145
364132493
278667829
83887346
64732349
308613286
124559475
59619336
405281063
89545649
172490453
87831007
352354625
109355705
67027463
143822028
22867317
62888702
102448827
65085145
52388416
31007926
246841318
376172903
252739090
21202096
96188338
197049267
102456961
20081707
114482778
109356584
27689173
14079041
27768241
57322373
197920707
80344952
263271990
112277757
102794840
326347707
197004049
20095255
17596622
309425149
395698495
