5392522
1396151678
986741120238571520
22545453
1009926869641191424
512709414
123326795
15209862
25397824
2392723730
23999515
16617676
4556567547
749543785
894057794
18686907
48071844
115710058
465203112
86626845
1940581
31448660
54275319
18997933
13784322
14985228
38289217
378259736
89084561
44783853
146569971
455024343
389147384
24990246
2835549102
1901463576
339274096
343435911
834166677579321345
23835272
949345727121158144
986956174301032449
807504854
20643650
1090838164766220288
909222166675169280
12
14844867
2945860411
1082334352711790593
1109254992089669633
783792992
24236494
753138733344362496
49217025
20180321
20217019
600627915
931279104699183104
14708747
47003706
14417215
16314859
15228276
762767192320421888
17192352
24726056
4861375272
2355324846
991472006406303744
30774361
26548315
375837200
1007336973424644096
3057141860
17837184
126606819
22756947
14410280
94464331
2540170188
1394742469
17494010
316389142
15764644
2317351705
2835886194
14515799
14529929
92354987
27716826
216065430
406249194
47475039
246939630
2301928861
41868331
3162459391
138203134
129286846
838992813249323008
44196397
965015705123930114
46335511
267856525
16303106
158414847
3420477195
14480403
859075760958562304
964032914626359296
1915033663
965266179836252161
875029068223315968
137440152
504962601
26659619
861714510750535680
7113852
2696746532
105349162
21662996
15471123
64090321
1444227289
1447462140
19738046
16560599
384376252
509151020
14661912
18783501
21424669
842100810
61565659
2956652630
822215673812119553
500210501
2444480108
3326614153
13136352
14595011
923986516803809280
28413175
809481170370998272
21965471
1536791610
15846407
757303975
409486555
473145488
13115682
518082918
218292287
64321755
4836732312
386263630
19568591
430995737
166315104
850107536
25581439
120153772
21711635
28145061
743585142
1137453541
1551084246
937386972
319029017
612385368
590620405
432971364
380749300
1046288906
37666708
818876014390603776
822215679726100480
967585001414905857
2964949642
858782232
71647012
206343487
18985027
15633702
971781756193001472
237787362
2565745902
801744015364194304
19732885
2533307652
571202103
94682674
750152384
1063180723
2208027565
15666380
25337319
893632729
1564144592
875836847183745024
33920667
38231370
364474556
15446773
897226870487343106
18713025
20172250
754438256586952704
22760252
813286
1339835893
25073877
1080844782
762122707
1287265764
106489248
106461068
136385823
3063287715
487652716
785968212
15572423
107540831
88806753
20747881
41866944
1769551
621543
25087685
39250316
25552666
16359110
46940279
49992096
39346859
244828334
13058232
12925072
38531995
16300786
14499829
49573859
15955429
35268845
