1245008065
453409628
430744681
576160362
967986798973431808
428900388
1225841629
1326963956
2339732543
849930795263418368
3117806104
869174739813773314
584960916
960928411
146548246
610232748
2407214653
955698157
2741980856
1089086146930491392
372735335
2731285111
4725923733
3099615172
326369670
242534131
152601415
1134869074834612224
2578296030
272485877
1026548036586090497
988322284925521920
842079805013143565
835163360
1125750875585155073
1113803814
820383703943749632
920012460962217984
1136090157248065536
1008057933391958017
450487674
1074921179918422017
3137324408
1952606161
636404723
746013399255900160
732593880164487169
975468332190261249
1108461994376642560
317333882
919011836
328555906
872599744874459136
1134577357484937216
1566068010
845676978
2589517116
737362054764462083
788642600
1119085380567830529
92027622
281655546
597529790
809694635387944960
252142296
1121173864669749249
759840047050821632
421694328
215534780
1580789244
393250452
1135811797917872128
2563107282
832874369928019969
243730381
1116266790231969792
1052855216851378179
1101168039301652480
984219468653047809
2269067179
1121041095075467265
1122791602190213122
1055353112913952768
421679071
866977314290114560
1111284611601088513
1120709004739710976
2588170712
1096319987826987008
1119467208365756418
1117795906953388033
284702956
1128860971571843072
1123840753996902402
2208565689
879782880557363200
137716495
633284940
1426853076
1131895352897019904
44948952
46479516
918827279630946304
3218526855
823172917953523714
1093121663036727301
1020671260207079426
1046500366307807233
856434949095919616
504853770
1494924290
245299496
96645814
1085544788127072256
980420517441294336
21249205
16143520
3015426209
79311481
815988475
2600248255
2931757395
125817439
24348876
1718858192
95982652
956559814003494912
2651385825
1116126211237920768
1030170557491372033
1003898264075341829
633933072
892889319299575808
334715799
2823694738
544281093
293171324
826433764301631488
118971833
343582416
1101143002523885569
1195544924
2338763360
1132484864438153222
19056819
457798172
1129690854925459457
909978813148274688
759184088
1009740840959447041
1134005405749796865
2205225406
4211982645
2493403620
1134175628822028289
1097832257723736065
335833113
214122261
1828018262
1132176018872127489
4905601906
103386595
1086346502262480897
1004341088574935041
1129729760509267969
246736389
2168151163
1725323046
2645693084
998151217045000192
303328401
928697863730851840
887227710891859969
715264971517595650
1133028321728634881
1133469985068785665
10378002
24881906
1450988905
1061168492710387712
242762040
738011505455706112
89200188
1042492573397475329
1134654847096016897
4796006933
3431615452
907455302550917125
3841526237
2895762352
1038458739517521921
1132821671285407744
206531402
129812273
1099722248188055553
1131156234067947520
825232672310042624
1129795794406662149
75279450
419862453
1117047703089942528
50703345
242482148
190585782
1101764344642236418
4468756337
946127001236189184
1113271678145003520
1150458734793121792
584859744
102661215
68654425
3501023539
133659160
947726082475732992
396535079
230049663
923896408297627648
343996788
838851026518171648
1120571006752444417
2594946684
1107595450423619586
2822697964
852123008
368948051
1537013378
3057540256
1859780828
1139142870936543233
18629110
442640130
1166332776
453934021
161260208
23742649
1084571464102227970
1377140197
274930261
1165396704
2409488466
1722303421
921363590002741249
1055777415681728513
4900708828
494350699
1006637512029364226
3788751375
251198662
187598310
23218647
18169161
87654233
15109467
19142734
55603454
50052259
725866657
1109925020
91539497
2689402845
194533175
2892074737
752094069933965312
86971363
2461072808
1146362318974062595
936133016094740480
244206716
2541513175
2975998965
2421354318
87818409
26435784
493633703
1145637675493482497
15088481
1064243481848102912
1252303500
1001778863708540928
1050009205506273280
1125204199678066695
606403442
1032554472759808000
1539643532
625752606
1128021382133108736
2389210850
883346844440559617
1001184707873312769
577353845
1074004973149671431
1139596664270929920
716570981838557184
3335103227
29751284
174291882
1105805608287129600
1136642862324617216
1129466594730631168
812613277716979712
1144936945111445504
1131018419497836544
1135884487013724166
720613818
1154326417813004289
14464063
1121435407223156738
1035497472
776869116430917633
229912186
284987870
4868873122
2900766636
51943424
505935744
34908361
930171306540195840
965695916740001793
879999007224987648
483435563
204279080
75778575
312273442
71359718
997018705
16779600
1050648914439938048
2221567033
781095051028000768
2371796769
33354666
14290960
220495071
3720218417
331572090
451797680
283309604
3292696777
2902090935
1126422727961862144
770631079141183488
2377595672
3734838148
1029645248031535104
927507159507709954
1135942861273407488
3306255848
982248347883913217
1069542680840019969
1036971944640425985
189809351
1022399620415193093
980655379
3255936530
911547559411372032
1187943871
465598968
775923182989484032
3148019131
1141508706225598464
3433277662
777223897
1121353626847514624
910840931347238912
1966394978
844877294896328708
1107563220103905281
3915502212
1135952817317916673
781510629702139905
1138575748938313729
594355092
941917701924106241
775439378185322496
1131396221497729024
918518063833677824
62653112
1516534668
401676165
323758765
1046122028967825419
1037266045940260864
1056887745979789312
485404704
3067639041
888375252232884230
1107586621816401921
1372641625
1357976521
1139552397351686144
1040681970488041472
3957249682
1131471465516273664
127736817
1149976582414618625
1026438745
1122936555163852801
996789888568590336
1125538406900088832
844841983621279744
2161998190
1560786841
3271915224
125291350
3325503543
813465374503026689
1154059150382514177
878891986211807232
4017866872
842102377113112576
753570181377646592
1027553217671036928
1131467291848257536
418899778
917729119684775937
15024250
1006419421244678144
1245765295
935163480667250689
1013456378445385728
1042364894069358592
1128634343897931778
968225418
926601
1372200414
70459168
4000969793
1329397100
999633053482876929
76348185
14615871
20068053
19539716
17793878
14050550
15463610
123231225
2472066191
1573751760
1026803466142969856
22140392
1684152614
229016226
2245523005
956250134786002944
2313394284
338358708
825819392
43063271
85174097
3412557759
240279957
1596650251
783634272699703296
883214435736842240
795624977366188032
2220391902
2294238618
44644329
23567438
14298769
4091551984
1154876573516017667
72277781
895260538200084480
39279821
971350764
874612827838873604
774957648559079425
735079307354210304
826860250766725126
2849583227
222813694
71489756
50405064
721938060
1135433900
716375773800697857
121564533
296714530
741185730605682688
34113439
120181944
16698884
2977828444
3607923977
922766485570940928
1307256163
14266598
913313435387121664
1339148192
2710222837
764636975953575937
189658688
2308534404
50155315
726814703696134145
2766285920
956554212711780353
2874183033
66370363
138203134
29442313
1068337838
18761029
5120691
914426170787155968
199239550
3079761305
812322867887095808
1434399565
850581265162153984
2441911580
1136879004
4708021523
808335039763247105
164905548
834013428
2530943429
539461077
47172467
15240265
848785548
1023983437009641473
2748422886
248721023
17229513
14332671
297100174
412127943
1056856257645240320
1139369394700611584
177195490
1015188087423537152
856617103037804545
967837734894174216
1135781607829192704
885438423347187713
1140587550123462656
905050862485155840
295722230
828568638605127680
543264965
4856752893
1066777066954285058
717442052783480833
828606984
999610533186859008
3169811499
1137602698214350848
1010169164319940608
975846260
3118531959
409545597
3429994144
905342935947980800
1126749731449856002
361442853
1123867761522946048
1730136247
3433551677
1131913326320132096
1030066542116040705
1046776231058903040
1109609561172910080
797794525968302080
1125655352660377600
57126412
158404976
1064261528059330560
2509512870
102849927
738028585512996865
2750547545
1135972725917458433
1355184996
1136349006945292288
1139082796461371392
1131236832614789125
50771082
1139819634226540544
1107316652134285313
788301317278142464
1133433947797544962
1143601675015532545
1131893749594902528
2362317116
105990899
1107066166780919808
2804662143
1115642963634167809
724951682510114818
872903135206842368
1125326102757609473
563585383
872261
4010671571
844288346096578560
1097877444692971520
38727370
884689473493233664
1099338857940746243
1100342581676990464
1104046981264093185
992233451771301889
1103637016175169536
1055978502
1055575917857304576
449894512
877963543802413058
932572652119748608
936147415706624000
49671037
84615820
284188896
831026640180350976
346506503
1051810611221417990
124270548
992872041446559744
2583732527
1109727368644567040
426159888
14137236
1025780111147188224
380728975
28185124
69256567
121969949
982299529
99618620
411575926
3306230783
4011818134
1092947971480666112
2320889712
953919020582961153
1147467161507651584
1027437982402236417
937628275995656192
1070377327908061185
1093901216277557250
878990642239729665
1136882498456162304
316419621
741011475775422464
172596881
989785093
2527810184
1147984816505274368
1688671220
2979609700
86929075
67154338
543850705
762619881044992000
289286939
236432501
1141754611042344965
1835111072
49281163
4815809075
33328564
4403895077
1147814151466704896
987684847022985216
57783223
796769631784542208
992070547038228481
150169417
704933158064693248
574053087
2213793001
53125264
475212186
54731914
3095129776
1001455291253362688
1120569207282970624
1017070725436465152
242951926
800285348261556224
1126099700954861570
898297024784859136
601336592
1087421545
15214746
358404820
746756851
754234124320251905
281864746
953282443175432192
2565408667
886136923726778368
1266665718
1672611582
1856568480
3411205709
243164250
16078991
1048202900034478080
874633619947606017
801426750156771328
2881907319
2294216442
190172752
3502444775
725064522541744129
41160220
964120272176668673
928630758146805760
928929221694640128
827180020992978945
52996884
811994423236108288
330116969
945409032726118401
83342352
17823586
4724862737
426847004
993251142263099392
871002995475054592
51357144
170956187
777598553103491073
552806312
896028848
25977588
35792307
28067952
2336866657
239429420
182239981
1652623292
474696764
974708436511444992
2533972483
1264028491
15305044
20688492
223416400
1012348700117602305
1494592956
273094257
2794010981
62780534
1009013976154468352
971052654318137346
51690654
887445643
3345646132
4856713349
235915911
3993157035
59258459
52757839
931529461308297216
270949527
759445007283523584
4774520627
148883947
21956411
405138312
1420383781
1033089673080594432
879142244
86765866
263565681
787869157
158681111
822503303246389248
1083236143917871104
262092582
1087057172922617863
1083188517403021312
3041729411
4868499561
959543204
151100867
1008450162426109953
228840755
933051944
145059208
994084568134189056
54596721
161051882
1070108076211101706
1112681952304349184
1087364653301334016
36889519
542784637
891734884930244608
1088857637750558720
66353598
3206818702
248257409
333231416
2728182396
370343276
1002280898832814083
558662066
333050777
131227843
1307971111
2218044840
97478522
1602498422
324579313
341576313
322884518
790371481
14468008
2508681054
2324620868
747124125999710208
249470402
1082724248458805250
1009501419035119616
25081451
557501090
275962996
2192645179
1122973796154126336
835960819347304449
614090970
919369682980950016
2238411525
1051723474568470528
3438557002
1016930374738300928
2806269739
1057429466778140675
37343073
3435192275
2982760727
320437654
2313451700
303716217
777936561044357120
2499980150
70817797
188026256
2739423839
2510054603
211312761
3134283921
2730305534
366010244
574695237
1103301443426181121
1885050439
156711834
1722214158
714808974
1147131531124756481
24919888
2870274093
23818581
1140520386523783169
34714323
93423282
1138501390072856576
26709689
260648293
1112638480058929153
11493452
1484143980
2194764925
958692499761106944
968168808673415168
3686969489
3351742019
1236460470
3044618350
861489244401000448
605398694
930366105503322112
82109913
14677919
371195476
455084468
1015579117910151168
3303663329
4016169381
223411301
263923254
52518534
2345020173
525988726
1141698044825657346
4376557580
804562153202036736
85220923
891171218929229825
84350127
36114047
3233522662
72624275
3097369829
1135891934637985792
594862869
737552234783772673
43608285
623996126
2340409814
462053329
993456540249149440
50631042
1123533612
762780744
489261911
317095898
1143534888131420161
1143369941212524545
1099981969398681600
133887862
304817234
417217413
892453451640254469
129667780
93936519
286672392
1735079407
1477039015
203123092
1046830584272760833
1012630739295391745
378259736
1363206528
355036400
62127399
303804147
1604459690
636586551
441560048
66182591
19382522
211073619
19563103
166022406
997873747267866624
4716205599
561297215
14849816
2507144761
1122825117271306240
3952222514
93883927
1125765268096077824
794163882998820864
1397199464
4103580141
60514114
832678177403068417
902148461063270400
2613673914
815603839827054593
177142085
2336412097
945389287
3217350388
2231650657
261127368
1072061811560775680
321868181
1100848300817874944
34668980
4364868389
1102922408221200384
905402710647861248
747782407458291712
114216800
148778513
224631899
562157984
1095786930996949028
16922745
146939233
936518165068165121
786589074022739968
2288074481
1428479539
963784095879843845
708686825615970304
1099941663873662976
702174627624312832
1054708797028089857
1085908795048505345
754234094322642945
229499379
1947060127
1115236067890860037
949833904185159680
709930812498530305
841289354794422272
191000751
544661811
1088046414234558465
127610528
4259943455
182642648
2561532925
3365540759
2364938381
2740070626
3826881039
1122053459103166465
3288977410
1130221335748194307
267943153
2243936072
1274776940
923693018036822022
2959387908
970367123276095488
180220420
4227187828
992683410664632320
21091033
1844804580
1040704304737411072
1227094380
503492598
723506604
996444097501069312
58307933
743816030200397824
1081594120710377477
1115967775967674368
1583247960
708423584587358208
1080482693572452352
2990440625
291368475
1128272036885934080
2367013802
2937046864
429331077
106807799
42955171
1083300888
105466176
1094477730
2976790310
464844018
156174036
115074634
97671335
2859263133
1120756609871953920
1133947056240975872
913653902880460801
112228031
2993995444
1681704248
783638453577801728
768662545452392448
195391094
718421509174403072
1734947112
1141106203
3324704675
928182052536684544
1103420367027212288
3308260667
168607383
1022066448070569984
1094621611293138944
3826737269
2962063198
1059418911425347585
789555465319542784
389425338
20800841
80333421
933164214
952490716168671233
1131460705843073024
885524232410734593
3060013553
951703932
176822367
366129591
14559745
17969659
16544818
859431971247804417
146620155
47590776
236936450
1074239985098858496
918794910756720640
267066757
48364066
851292862692040705
1139416927590162432
558024570
1073706565876793345
2401857906
590458674
72570943
1020385726519742464
4274152301
92311940
1045042964664389633
848567094102941696
179935938
4812969035
518918764
1156460030
1087351149907316736
1144882621
993854959581040640
1093313064969986048
17899109
17343047
864815466
935837022278901760
1136702622507950081
468787929
1034370083664158720
705898150922469376
3579621921
877449581172322304
3664061835
60624338
2571132768
192942213
993249055
485843166
23061981
947755491375054848
1073654002250866688
274672604
14955677
4891771864
2798971468
1038757549955338240
1544215651
2213863118
20688230
22814467
237317387
436201164
276597866
1010492979537211395
2260317025
1094877848123379713
1944181279
351607936
1444552422
521356575
1089801969345138689
1099440505262358529
1087827837560778757
1100396263244251136
18669682
893007298565636097
864793381184167939
123113675
556301260
1002089395359535104
549197601
698619829696249856
1003718202352918528
196079478
453015436
418014807
219450529
1640092218
988704226808422400
882897657567600642
221318048
741564175151992832
2865949025
1025490814800220160
3115865625
295869679
947456491
803191768091160578
31927197
2987503485
311350961
960595476079894529
1010531947578380288
1064863440920092675
59801002
929676767899652097
1110544059502874627
97185917
4518716163
876345687356702720
2974526806
727205201606770690
3699774255
788126920164638720
2210389772
721631022
321107517
612449481
195841758
4195211475
2705442823
2592070334
3653343257
3091054828
316024171
724697915072106496
905015971647291394
230840748
591219935
908650819154841600
121072645
128548302
704660082278199296
324672199
614411063
799206372701306880
709119528018382848
911508005853761536
911138256158363648
2890876823
766470684
201012726
410942021
1169259331
922803801438015488
15395397
799997191754567680
796646829534445568
3362099487
1423697244
3246224123
360103120
839470135932923905
2325058238
421720737
1024834274
2852888786
101772407
320430303
919777241327738881
2150631865
540617288
930830846235435008
4329329968
47946761
2963189963
876139214886383616
972509670257627136
798464892902707200
1153680566
1594827942
870663191633813504
982393241512263682
986957757164109824
889184059041173505
4871297853
991923902916984832
835477156864090112
727211028782682112
144279219
764641073582964736
175689054
794103646053167104
968405686148268032
951377402659266560
852514220533059585
879703299905249281
850057143671820288
737222928820015104
3394538309
1725196638
928995535998083072
787992986525306880
837303141339119616
2388682957
50739642
1159571552
3246498805
74447139
2338302284
876396239314661376
913109630007615510
246918218
1665170575
1012729478
3114989572
3245639558
954056324865814529
857659623033143298
118201786
2968446339
961627153086533633
23753331
1044773610827612160
934757161065881600
2460071252
3650797695
1045605175854010368
925821683574951937
189456951
2978999363
844499221520793600
955009996470747137
147990617
246795097
410052004
763336045
4843501696
3434515732
877771837362524161
1648910593
946242680
259735671
451606156
1007175815547838464
3397342641
1026185155
1325039503
2388881934
957512095813328896
1090241717218017280
1087814556502683649
188039125
412126296
1441791164
2319411883
2976994809
64195713
857991360141504513
1272919069
1168357387
352008979
3421668513
448080706
1263743778
1116989238455754753
112153105
4610859082
377330299
701476821846646784
919643854877446145
22265434
877442781224083456
876181339090944000
55813340
113352671
1135847262175801344
80338450
1116419170533564417
2524889574
2289773617
411654849
1114190451085598720
15918780
800459756292882432
1062353623693303808
750724296138452992
126083411
1124327618151686145
48289662
2512602248
153278468
179459971
2614385001
184442043
1375014373
988750747998310400
2872313750
383177771
787238459845083137
855174576665448453
838493451423465472
2423576869
926409020
1052456618321793024
3983362403
2890304869
534533690
2183120401
1252360896
448054735
1740234690
63721642
1122120544403509248
3287849094
1129092661430968321
632027892
37375231
2647072141
955396273015844865
1125675089024909313
1108644047206432768
878844609731973120
925738696695074818
858419380220284928
943425118012919809
57501485
1623124639
87278692
320138348
293990682
50638548
860418266577215489
900026340375703553
1115986729515851778
1106134490949267457
1141909272
704257242858708992
65437586
856960946677452800
1228356133
1063493724708184065
1491123014
912660712832557060
1101907598998159361
1092452240026161153
990196024684765184
913119602481225729
1067811566656135169
777876726131093504
2990000033
1024978067591188480
968144842672037888
3186327627
1004660951185010689
776756479214911488
380409617
854418965405335552
1620748945
822925159917121536
4707480495
2384173392
22245771
987408188562657280
256900512
359201971
181912222
2354013972
1639748756
581636777
893097936409833472
741368872779943936
443280384
901562283150778368
921759169
2577184188
42936819
3345566050
778623007967342592
2861825981
234070681
135980210
1101683759038910464
4097258093
262153174
3312317120
67217097
1112417463201861635
862441904436162560
824265743575306243
857249140723593217
1303145108
2651212470
2588591737
51336023
3395688793
1202055853
1024584556110852096
410945436
194836141
4745468882
2582663762
917643940211384320
942420552
884437786475941888
857159499752374272
769188695312330753
320858638
855961025123938304
823983228432355328
1020047011415035904
251584284
1124260739383005185
1062713898657185793
876768522164162560
14293310
1008967228434341888
1055352886073417729
140137815
57028997
3343915126
211455616
2841913576
46382699
169422187
81243851
1014004148
2651796877
2440992621
923147582842564608
3728919327
17997789
352350844
1111583411985108993
1111296641980600321
15915182
44128516
810177238645800960
22039274
770925629554307072
4705006049
1083656582980911104
78005957
70928183
919960304
107573549
2611877366
1096151128495001600
1117023408154390528
825785128144236544
1053768884732547072
259827615
728352151
1072187272815149057
4834091004
1059722145767526400
538290487
1096766566279073792
798852551743401985
2559248260
2176203054
2414974064
965531789900025857
14056825
3005708427
2498079906
2478575348
208442696
83608067
982256854620237827
984462268804059136
2925306019
2769994652
780738785751343104
1110340952185540608
964675598323871744
8806182
145976798
353826286
535910067
3846880096
621210102
2751083256
1008711593507590146
1886621250
61883270
109523472
100368113
1117168358124871680
1511641802
2215530354
4159201575
5374602
913413989039734785
1098930894759514112
282815200
2809767612
968206780240101376
940518128320176129
2984944879
832188909933166592
1025348955260047360
2849770550
37927189
1028386957129342981
1020388607754895361
870870170
2420858653
4700288609
1610287478
1496429796
1659037038
434917000
974289544181895175
837851859402424320
271339050
1088761282415771648
432806285
1264831338
2464872344
208988759
229531168
19336092
203056535
243100860
255688159
260300408
321558836
339132200
372738535
379628540
397211155
399496025
463652340
437613950
464968048
704014225
2573513818
2590920734
1059476198697455616
2380195534
552022836
1018174447281496064
878233625535315968
1731433213
75256095
1029361914592342022
4901370903
1083303873098539008
1126463225409806344
21611239
810555350944464896
344395626
1079443074
816592081200279552
304232082
1289767561
989633635
14632294
101081754
146123790
384923143
34317032
10999502
2666790169
987131702
66476809
63441585
1003379274
2961439782
2930605481
35535408
972213550855917569
398117469
529185379
3600155067
371411779
2231271228
759124162371813376
957610010141392900
495150993
54546724
786514991104962560
1076570455
844618578678759433
938933422965354498
2772307282
65303217
874664993802858496
1001808698
3318774131
145940157
995259308
14717573
273326012
866922801768300545
1361542928
37446062
715080664840871937
336058290
17187345
79478121
2808778041
624021611
53943311
945867740274884610
2936866983
936555226525585408
928177585292537856
785064840
2475835325
1561072633
111991273
868912247434817536
717326934095622144
866215033793110016
1588428578
4716164121
979720304736993283
3139196748
858403664993636352
3832279755
962233926201827330
4471892232
434192943
757398558
250293892
881064092068233217
2148562602
2198482789
826852131428847617
851585580
341120981
717251324438401024
3040696755
887584869617946624
19333674
554416317
1007316909342314498
119291420
83911945
964073476335206400
3228840216
566729338
921177869820104704
841085635557507076
791639003892183040
4772690528
956942964793794561
910457110416289792
704214636019773440
3020036674
572359351
71719809
295158357
85523365
902813158154178560
734369834830532608
1014863275790618625
1013581942963437568
4793437515
5232141
69140666
1017816734982639618
956973260243197953
2192747460
168433246
1021579584330969088
4184830882
3711607945
793701213107650560
113032792
1025410288793870337
23742780
2240268936
1681203914
2998063282
88202108
892803346754662400
804344239555575808
719971174659309568
771765759882174465
3313255972
939934896306511872
739894326
1036264882155474955
3086382214
751000927390273536
1693658654
2611533700
851064372457857024
954107727487422464
974060055598387200
2780231311
1038831109759541250
234541663
3118065082
78298421
712172447223717888
365762311
1035513055403237376
1046486137450242048
769283866112716800
1049296416680685568
2426847517
2810345751
470268055
965782667911340032
926402143522902016
338909735
114425797
703978215036030976
3200301935
968239891535495170
173079542
3420272625
2578865756
1011501599976448000
1056905497796923392
77710421
1395471493
112307249
799142668848758784
3076641915
140022341
818393921474744320
929074479237664773
817834194688770048
3364259710
1046879543489908736
920693224238436352
911151296404770816
1069330043611033600
1063067871180402689
957662052599975937
2204094476
2864272992
628708662
89095895
923908044500688896
1044568153030897665
1074025232279760896
266005418
960207205265035265
959467725381865472
2696193647
255935896
1082266653281247232
989831200595435522
860094522050711554
1014888612146696192
2492356986
2236237395
764131802663358464
112490032
975081174811979776
1090644082232315905
2188444148
94606784
1085051835671490560
920209903179874304
1066587136579661826
985776607041290241
2637130618
1098994625992421377
82739464
1095770575874768896
482468584
970782471343296513
940343404839555072
1100657817906753536
325195250
864162588069965824
1650374125
1233371552
79146814
1002302327095746568
2381286150
3331499447
1065956618561572864
1003977896216682496
1103294844116570112
1649410184
888482766119211008
844316873000935425
1097817705166655489
809704665654956032
929982243292008448
1105138236291190784
1098860262231343104
1104131676454772737
1105827028526350337
215955792
62614993
800861438096994305
544103123
187155532
1043109979950133249
1092624779612508160
1108753083352449024
844430063504384001
804423483966951424
531036721
3983759537
1067691394398081024
213719142
854226651944824832
44850421
399373599
1201417771
636069117
2993143390
2992046650
290929222
1038808691183681537
941657173490388992
22807586
992884527704965120
239195241
1119528645423456256
1122408206523781120
1122833099845447682
797119903757168641
1120750222865518594
1074404810663833600
975688684216504321
3497066052
1001373846283411456
3664667308
1121350555908104192
1124318256775532550
2160993004
533554803
776377781483634688
253998571
3387098549
161237982
13142132
2364041479
76892910
5876652
101848693
1412275207
604840570
115730144
2352996278
48406195
1510268654
2859045424
1324134018
4695960530
3151722699
3092747091
3977303169
3288510261
49409158
3294045904
869817532391337984
215792952
827170793603858432
736238505475575808
854335447044153344
14431633
1122813425976008704
28094117
819880338478534659
849662913791098880
869935770915700736
201525114
1102282757043113984
1089947946613919752
2906221461
3494338533
1246397209
2787619219
1314120612
1151537048
867408564742234112
457636872
1032568256182272000
1201298557
488620421
23781348
542551738
1122840513391026180
1035254982516396032
55369958
54810639
1084465479815700480
399525722
349119966
384359826
39542611
837435174
272491055
384753474
17507347
143909021
815475312054116352
3399551992
1107959671929872384
933650679410946048
85802831
27845025
2478349112
872389528874618880
1116059487578853376
26472681
175078562
20138070
1327379192
16001082
15306510
14111299
100310623
251849006
823457272001134592
1327392500
4787224096
1089457571566624768
1085811651998306304
1774149098
481839331
716748541939556352
1103992851342479361
722771098744594432
1113097599505088513
956091300914368513
731110224367636480
1073516705547206658
890108679881715716
890137140570578945
890250677783494656
894492301476679680
895322623206465536
897334934372798464
900030934870884353
900709872798486530
901561968238239745
903723696749109248
905821947774115840
910932695772999680
911284161360519168
912723892363517952
913344828280381440
914135532984205314
915273489615028225
917344573361393670
917363587315851264
918833356774825984
918959125786017793
919126003917770754
920039687430868992
920941209312485376
923710471886184449
928055486712127488
930143035937120262
930544405760659461
933021650215489536
933394469378019331
936258605757665280
937016677035847680
938050292385533952
938822467249831936
938913866582544384
941037344337035264
943517590818668545
943797345073942533
947890384016945152
950365016292814849
950726771397275648
964446819785814016
964564020257697792
966034969951948800
966413868334567425
966450392283295744
972177106699472896
975844804553670656
976134467252240385
976483191279284226
981761640029880322
983782672362278913
986202623836606464
992124789941833729
992138899240767488
993974006415060997
995877126464303104
997244772719902720
997577991843528704
998412541574365184
1003542005065109504
1005026173221470209
1005586768354332673
1005886689003409408
1006260359395758080
1006467938541559811
1006773039760134144
1007628707836637184
1009170451333910528
1009189231644889088
1017515278400450562
1022114787055099904
1022482043836477442
1025308559058366465
1026133738999218177
1026522617459761152
1026926542331437056
1029627350948999168
1032474473692188672
1032800827755450370
1037400382610317312
1037504552281538561
1038094946304241666
1038601588246552576
1039443893018877953
1039545729616936960
1040861873908809728
1040887167273381896
1040992506706644992
1042787620630216704
1043921239113371649
1044596896222724096
1044846976800632833
1046853954599030784
1049310047635996673
1049799475194224640
1050400199032606720
1051746109406756869
1061360654865567747
1096041541066477568
1099952466920177669
609355875
1027267898
89827230
831067328
889864706080616452
927522940048027649
909499830132707329
885835057256173569
1108792954171342848
956840306770620416
1109149330638807041
1109785466948194304
936293196388360192
1042496869669036032
2152901138
1106540613829308416
48372117
1008736200981663745
1108310082708819968
1034565957895647232
1107730961976963076
1050388111581163521
128211584
2516464725
784205741536251904
723474671748931585
72546412
248059178
1093945830564904962
1101196614864158721
199597866
19493315
978244482524172288
69231187
332185953
799984710
1396785410
1094849342
2201695822
986174210287525888
1103391316464058369
111846234
1976143068
1089862316215148544
1092163398563975168
921046913348194307
2522895488
2543576312
966980056693329921
2396802864
4862023769
258726700
3114630777
3092381638
78625347
709862778345881602
34324409
3299573965
882255283
499396922
732575800478838786
2866476539
1083695416955289600
429057282
885436655280287744
481827108
252735766
856410880401080320
785573695947280385
1090200255902158848
3092516963
3063934204
1096456714755411968
1040954303731589124
928456979026149376
1088124946382024704
967438882433363968
415602879
2798109904
1102619633427890188
3311276211
2302927777
636867095
821399806551752705
821963183518838787
581978005
1645004322
1032916328255041536
226281344
54206317
1094279820782063616
76644468
1006622805633495040
726313231619215360
410396534
816291044325261312
1934411472
2182179260
329863218
27013292
525893577
30324031
997599793
884185578513858560
876866114097217537
840662162804731904
3609361397
347593966
223671790
783279620594536448
1683254358
988858672582483976
3828089894
4658187021
3091818106
103064842
563030217
184597703
910991744673746945
555005870
800887417821659136
3913224807
49637376
1052600026353029121
994230848537939978
833718827187838976
843903545019719680
1039312000935964675
15465421
3382868506
1361885102
1026775417905197056
3291096371
3029952255
3207406925
90359373
1036870012215222273
1042075138026602496
63470651
941374302494117889
1062006100055244801
969920935254949889
1036590312959995905
2698031723
1055104885908213763
2378914074
1036604511090081794
1072114427615432705
907575443720634368
918036757978984448
3958578315
4874474063
993854799950032896
1003977360293679104
1063044694517731333
19905041
921560064808443904
216456374
986167262397829120
3345260074
194575253
788784818456764416
14853818
858409760860905473
60290705
825199026077175809
406544173
894915312428167168
1044127707217506304
1048183477936558080
1070196361180704768
923627501192187904
1083089963707703296
750042409883623424
723053836609310722
888446750935076865
30946765
601295584
832864124338106370
1039439835491131392
914089159802974208
989466552662622209
1033355238311428096
1043047298719277056
1024589640207085568
1053242981283700736
3364208597
1008575731843125249
3226111629
18881182
3181280472
50779091
4803264354
3386079693
812972626217869312
2387086292
2291893968
2553590323
3882681238
974211698
857234755858960384
2604160958
136300752
54211414
869467382279962624
121777206
2882277423
3234996861
780594000029900800
2835136240
799963102821367808
929245488171356160
851468033847644166
1070680072019984385
798509838401683457
4568475377
1074233929979322368
2919839194
1598352888
1029625120044797952
970321892069593090
80637377
1062722647069466624
913681560834134016
881006300036907009
3253567189
4744726621
1621502042
952075531276742656
842330452056764416
769112109653327872
40210060
970750134882619395
1612217574
793767341330927616
1088071149194481664
424934938
832607371214123008
10387152
989920521688092673
1055788792081199104
1012253880518922240
1051106915332358144
1885807718
971152912633204736
1070364693825536000
773504182271807489
768187020485197824
1043602884
1062372773895520256
1031277199842848770
1874840533
2873534079
1065357439
1148292348
16449615
737362108397060096
2786016848
910672590
1079029929763893248
952611785441529864
246490920
23739023
954062017156980736
2498157194
56969669
4559728582
948226952292454401
42497567
107423035
81333564
959978092977623040
742242024611581952
2805496556
378643551
703090157063254022
1170546253
2506868712
1147789196
135488533
878725251793907712
14085070
887056632135516160
390641663
1205450144
86726920
344802478
3758839637
933104527
955052995275841537
2165258262
533170769
901564132364664833
737176692863565824
1405966890
105565448
2352926748
748853679571206146
44192982
795587841405448196
925848661564776450
484616225
894173736
572609848
2329302656
199102006
4535959948
177729591
1070658644763729921
1039081844946481152
1072598976241823744
991965706668445696
977528512998330369
14449574
49760807
1070610333218279426
41854966
2517432966
126542976
35364957
858754019233280000
141909554
808766613860261889
703658535868039168
759065196
934523986188423170
1731077318
897003572612788224
488614084
821453498831241219
535264106
392584277
171260200
968077583924584448
880386259239264258
866027496
696274755331190784
851488435315539969
19914859
562083946
56703265
950392790
15494228
965967960958529538
1035126330415882240
918009405232373761
779791444726968320
1069157094908223488
412101247
32133238
2398549549
439588053
20034358
67423256
591697876
1019312960836022272
219656954
1006176315194699776
1034076366449401856
1059173477943533568
1045981055264509952
863803716469747712
777915381264547840
3317717230
295632944
400073799
2713288193
108278098
21994081
2370390110
887378770243538945
1048513141125079040
1039099243573772288
589938254
2799982050
4819106482
140537037
1047495299357466624
1091816953
878655614901243904
1064553666533867520
1067750085231030272
1064492976292933634
789963081820561408
1069677556868284416
1059427228054884352
1069729280802856960
175282513
423501441
734728989881831424
803344744663412736
132854261
1134552092
2233494522
1021322799472955393
735179660321918978
979450307288682497
3987569062
1058374305678090241
40299597
59898727
925321398
18772269
915487163751571457
30435298
872124822414917634
2882961095
49583055
737408418277949440
2812684838
1917931873
111954709
975600981814710272
2289472196
3971883682
47617667
753983554510426114
291762221
258039831
61729247
1002597497427124224
117131990
1262801960
356402800
1731665011
1201902595
3416104641
1265280536
415226850
1006943121081552896
1063331474630500353
74772361
2249975650
842029477744017412
561230880
801149710266408960
715260639866970112
1008702794642182146
1045055329040510976
1320520214
1585000212
880302283
1289000028
979010101376880640
1055511951613349894
729319250071048194
1059369139326849025
1062283450458222592
1371493658
877812028223696897
943050268656185344
1058002380137132032
1061261140318134273
863788990398423040
1065983237326016512
1042077787203493890
110648619
2814957910
30246966
22900494
116994659
88630242
905710541171290114
2166255624
17131762
928614318928809984
717658115261526016
934076048068763648
142297875
3290490353
968604499744051200
249102629
130781810
1388879300
1039476121526525953
1015158094492569600
905048565935898625
48392431
1058627640678989825
778582387395551232
913405336027004928
458631460
950614170
916401859648151553
898559529624981505
633088439
704268414144094208
854408773875716096
432662253
877936169199316992
1062636380415844353
940983319
1036269311181156352
1000713851753689088
19646980
3861643139
373474887
25974040
80811754
809729701438717952
240664803
2812472208
856148305
1014090077960638464
76961631
2647350677
1074493962
1564951968
96932876
66773465
795900850644406272
1027849530748936193
930919241561329667
2257558088
3233656563
75742264
870206823793659905
2160116215
793430626795917312
869634485184327680
1542671677
54824481
206255645
867652547871465472
1008630310408466432
1620250698
1940230142
3207912058
998911912032260097
785592749550546944
1042747421342806016
1026471187944226816
1043116671530086401
921296235331510272
25082704
23836866
528469400
3871640914
76318006
1027840344271069185
244074282
868535688
42873472
1029811436804038659
1030012318590091264
2954761065
2589125882
412764134
448552985
965171525996380160
800633919204835331
980338024864206849
729048072525852672
3147785997
857423000
43541998
829999443114151938
829219790
1449981656
34754122
493025161
1462832827
1267304930
900844264346857472
326951906
959812026351616000
913318974162636800
2301485580
908676798975741953
1017022278020804608
447275692
3091390090
971771500876443653
727461507609583616
1269900608
926463846088429568
2610817950
781814579336769536
2207047729
978905192136572929
819141974
1571335610
727374623013261313
772449773265809408
731541642
352669101
211865123
22547666
879659512487182337
800023703962652672
4130260468
133246247
92003735
461127682
3044943484
94296718
1000201182021730304
898295620515094529
844491796344426496
2301925466
537114854
709138655764418560
872113116397658112
4818710662
1017695602585546757
255505618
127878235
956707306552541184
874304935906729986
1877776230
907579377239674880
50285664
388200695
2647512360
386796009
180668837
22362552
70674124
424096801
3681341236
3309045557
951333319
3247888185
773781291749769216
39077431
889715519435059204
3394382181
144909618
3459051
20582958
343267635
897457670
37926315
575586179
861519632536137728
245356294
4644194194
834758182484467712
3019651006
760753909593993216
242780723
912304070
944560328364445696
910748146426417152
4918380920
1510622318
717382323256340484
1946843282
2993095181
2422183470
879016131213873154
741157274715033601
715798212
154202699
915357337
507636858
948957502258991106
2419190216
844847380730019840
815855215878565888
379934923
338594499
419640621
1014963604792201216
1021257220741369856
1015467044312141825
945713156801822720
725705375652130816
808730594490335232
825081637847330816
191760377
2922570677
2857399222
2754681001
49567644
2280675510
828988657637982210
26211488
2863574275
382599726
3095071991
73988021
462316040
27404855
786644755
3840612448
754980068347219968
338351018
1190929160
974613321155563520
19061050
93516189
3727884495
129174688
23339387
4393424902
2831610929
883778734913966080
842346858219479044
2682900548
926800348391419905
51691495
14332911
930047008232046597
865102060714434560
832555509228195843
864410134373683200
1585624645
21281727
1104329424
1016693337456365568
993498409192640513
727934671020003328
15210670
252028911
785028762438135808
832994739125370880
860040868857651200
884405606932729856
174275644
833701871244148736
9437692
934805261751111680
1372130516
320412967
16958346
109241118
858031013313875968
2200886954
935816543157485568
286041674
379046381
964432904930566144
986095910567464961
3315514417
2813530168
25061096
1015197691771539456
798077577281830912
45819973
52889950
2965066155
540734980
4217407227
945776574732828672
20646711
3223860103
222035562
733379232848609283
1045133106
3727478476
2874880006
743407151218069504
106364904
951461719506935809
924979316668227585
915175551706464256
98181513
4136286825
858344086612434944
416244068
2505670087
1882305566
4820961071
1003623772837072897
18289637
745498547328421888
60361843
2458407515
1926357164
3056091634
902555116288475136
4286475675
479010447
397899175
1017868118
772786326122991616
950770364262514688
271392309
741613401953206273
105106207
2572565407
4240759042
847906631178481665
2827796017
787251778257551360
521230100
787030872704901121
955761075722563584
67257319
2442540438
1687375844
15821162
906267397132255232
912264688746008576
843739206140788736
872781894299136001
348388285
1499621898
1011693671593512963
999606877179785217
310233974
962976544770666496
978935789718470656
2445803124
943065063832850432
3879439403
1350477312
2577305412
35497266
467446785
2791175339
1439206158
938765465849081856
934096171164893184
3033450658
998913044242714625
3041013653
723227877005733888
4328512222
334107188
969872881432875008
928934147057508352
1014840150201905154
364875657
20421862
72853865
9824472
18760371
17965092
11060982
19488465
593531333
2484475590
844546133456277505
852883434309640192
913842279747653633
2198416037
119460103
2245719144
993531619993706496
25483917
379017687
734547389634236416
869460077354287104
915285609798873088
773815920754122752
15479239
315881268
2657134014
4061453884
14499829
2823457491
212299529
2857804396
293711051
815591614903001089
795769500
794462244436344832
2494183177
29079848
3083572305
935168944574431234
17803569
4889282517
110368456
69091249
75042810
1403125868
433780245
46965766
778583664015925248
864984098
793203613535465473
1893766142
997138255
1125111319
803584003756486657
1061126786
1614307298
3033544468
706243245672681472
3365109496
806138928730357761
1161471818
820252463102066689
404801315
54130617
766284449919172609
3043010422
786616836204867584
1150670790
826039704059518978
2625743546
714822271370719232
823970921031618563
970532755
4081073019
4011675555
3927592341
3367197765
891578166
3004541915
3105343953
443150355
431547192
415419372
3994507762
1435007113
708701080608178176
2729358112
834137598549438464
326031690
769825372720345088
20504798
844118917056548865
3412664241
849689860214575104
29404455
818461766954979331
860028713257324544
1678561616
864392071943245824
859415145105178624
866658648910680064
806409474
784207303
872469022289395712
804389948
873109640384466945
707688664084647937
3293713235
727536186655383552
10360
840326035119849472
3546178757
872427682088312834
721204620903768064
878237835832291328
90674008
2548856666
882519441401098240
247594596
883786896056430592
1545114120
861885890402103296
745911270101090304
887602485338284032
1694867594
3385670073
2985652683
859873369809965056
62242525
109244256
864167935585202177
369028120
952891829795647488
935187606761025537
2147793090
922565343993884672
2205020756
43658209
904560564206157826
976439167713456128
610241761
771650721678700544
2825337272
2961801384
778572990325911552
2846514997
3072403648
797092670195830784
999964425300926464
492014763
999991185207955456
3092450734
970614172387086336
1327545343
3348081772
745275427724337152
800839862454779904
2752101986
436154941
874233424063713282
19528896
19709133
26979803
560202962
431570798
538054398
14890230
4905695189
222056120
589148754
104831851
803618122016104448
29564003
2958812848
19650743
39512715
4294804697
784826946064703490
2922150142
955743458777600000
1014126862291914754
2718046451
33746990
15448175
714118217124421632
2870769919
868463648209072128
589103453
242224431
978907565533925376
1012241476938600448
928871241544622080
1014057755966046208
1345206740
1116502891
1009078963543658496
1009033266907832320
998909906697773056
2507111502
1571520542
298029693
1435461
5553082
18237848
40201139
73165936
201701275
228664760
198894910
502751959
592844349
775672188863188993
2152983800
2893166008
776754777283817472
3055558071
39232878
50975596
606318133
750700022619078656
2894433604
1011500965239906304
1004703580165689345
847928574904598530
3064371874
884428257617215489
19412730
3384857931
2283463274
2807262956
171828737
1248055861
242712250
5467912
64030194
481408404
48688014
2340347311
134405422
2296283035
1489959858
1011695582518398976
1012655841764261888
1002144863096369152
946028605
40683660
611069419
92955419
109271105
554607852
808319641009393664
948515665480224768
380342993
241177160
2396344910
2962642725
2826079501
1176457020
250322459
409767366
34271443
47616261
303239316
262689180
28962525
48006547
8626582
51014751
374494127
331544473
745881994610020353
821368152068071426
853149419394543617
889824606453989376
2522309028
525799492
1012060001584721925
1000373059847643136
1003988649577508865
2923203567
860383821295964160
2779102548
3037398740
898014342192316417
992679301047726081
995507253049348096
1070531000
14406394
921391297943998464
782521734830391296
951413036794855425
987966730088734720
1225230104
1254815232
82838096
410101003
903592531
328174514
63246821
960805401859117057
720504909716701184
1482450013
3343716257
2673257739
37901739
882930396639502336
4236795910
3406851310
2327036072
4193618008
437714430
712180460974174208
880942123
994098287111278592
986660702176841728
532445253
479483124
3086927458
1006671540170182656
345887704
180039764
2800470183
24233443
599200407
3891478463
184747424
819196925551509506
419753879
2696483496
283474794
823489973001322497
879076314266959873
872885452868550657
793830006585647104
881954281502408713
935394198
15410765
1005779552495394816
754074891595476993
557717468
84393073
27937512
333677315
2780258358
78252540
54523173
224276004
390287262
534117142
898948123745296386
977044592976650240
610659001
42628622
3292315556
1379662802
359188534
109275078
965324564069847040
185139994
1007459588
784316810204033024
715002757
556710643
38474555
1390600508
146455858
717506077290397699
137943189
2522981312
94845587
555104407
49432817
2962275377
3064063763
2968809287
92548783
98867315
284073198
1857503864
3418874412
341564433
3311033775
3319870373
316104124
3317070525
3087074926
3061727074
164010444
3402547923
873166512
3437763287
3611230463
3379945599
3287186636
3513842721
3387103227
326665662
1960370958
562060921
1010089691973070848
1010142752556937216
2179369227
3543767476
821657560386338817
4835045692
857970652149579777
2219508777
488988036
2179373129
816613339619033088
882986382393827329
152754658
745330304991301632
310365097
632960949
990862446058459136
467332476
419474247
721660141402267648
2752015480
964168843
873222253126832128
973255225984286720
3367555865
101463452
1489703012
724359032459431936
2885611301
1073400482
26838385
3003001840
47673626
227588307
69306763
16191793
4202104529
3088340745
3376897745
4823503660
52077026
3170820477
1335445184
282325677
3824698281
223827980
1959324253
539047920
4002037397
26267038
718818348423909381
195397084
487657262
717434566332575744
4689346038
3019675174
3241585743
239060810
142238141
3403949627
81305054
166092726
299212398
4872024094
160286320
42587077
43308301
73197759
35704408
88153587
66670774
101018732
91555931
38180826
145182442
124397553
2152668890
761461778459090944
948668166527504385
108566175
23964268
869870832121675776
733540097312718848
14856994
2470728001
1002207824
2505113551
382393385
1467438254
155899919
2244090240
3014331856
564757803
771601890224148480
407854605
3293739485
755826976678637568
70150907
371423070
3364022105
1008821372380958720
967045235623817216
951106124865994752
735133260
258399267
22466220
3007874005
783702593692401664
2479875504
319729354
499022744
793437696
574472598
24865524
308947529
3574798097
756068913331462144
811201684751917056
2355291679
93556226
2392082391
3458417495
1482104738
823567163990704130
78088840
773816887343976448
2494521138
826742669036621824
2751788184
936892918811336704
36924745
3063912809
911874293906251776
596625618
29963566
989413704885207040
1008828590924890112
3305022759
4103956817
34373064
2903666907
43630367
2560763666
847214123083542528
752427446511755264
3236400829
804318560
914115392
756558621262118913
17368287
3955568626
3004322919
2370477158
2768248715
2870504999
959063789705617409
148888663
3319058543
858545503172218880
3545407575
466369716
4040543949
942399427
1343845657
904724990221832192
2251604052
802860929033666560
735470311760596993
915133183917772800
3044647744
708305890785492996
163423981
899211452610904064
3374157063
3068834201
796309728624332800
2873598466
114889017
2308518222
819518090849505282
347878114
797101813875011584
928216838068166657
2887864310
499318074
2827183882
3345963629
718063862264758272
3922263143
955777273231265794
928571638483955713
1421238974
749575392374190080
2692313739
3439249462
816611471178268672
879263209492017152
883553222
2580298374
42724842
335942157
1500764550
69621485
2843279007
902469691465191424
781391243339296768
4259764053
831065082058645504
835797092
42045262
1005896520930033665
54956437
54243837
3061255931
87715935
958046214
2279699857
2665611220
3385488141
8447362
1109053896
61853389
2885085044
839911649473527808
801008989471461376
806136041438580736
930262211095941120
955823491214905346
130016268
221532435
3177643997
2436005449
2514796525
910081288870219776
50065709
965548552658268160
2970423196
809418215545798656
988721686060167168
987008338402590720
206717989
36329597
829709881041117185
783719151684685824
2151671676
822072792124366848
818837224003289088
524396430
719870536113897472
791812078730223616
972042997473992704
951373295122776065
156370885
976166795076952064
978564342839988224
879744840824651777
749217986985295873
855083056604033027
1348840610
909406359980003328
2949326404
704577809436549121
2342200676
984721979776405507
907625958324219904
3301594995
938083807466610689
162302756
264111969
714278847
52009565
134513740
33186443
20045134
87922339
1000656798720937985
986857550531497984
1006170218174013440
4295367989
2375851034
4126875935
123257847
22758888
898153703118602240
929722107071750144
1004008032727166977
1965318882
2220031674
1002752745898676224
999262586267893760
936286123281829891
937605560387690496
987044485266853889
902192245750861824
1003560485315383296
251742878
3122275378
4883295166
3291456363
958330185497174017
755690659646930945
242462413
907679984206192640
1005423966184509440
302026558
401908237
705808377
124431249
1524113916
1863023976
2600072269
2600144419
4398146967
757979230244368385
875683644668604416
77009778
79048510
107174802
4308011553
3216576705
391282073
391451424
2689863042
481121592
830848383296405504
873149940
19395093
4742912421
751502361626050561
19682423
865264706084364288
948898118472519680
51214982
69248730
82912952
2829638994
3305458150
705815990932733952
730993419787599872
748854559053901824
47323734
212506659
226614708
265859722
1547551135
2851044281
711884680572698624
819567224298029058
892331482550816768
22758085
40009689
47620601
2227511889
425038091
2443824624
2535047275
824888938103844864
912095036
63075353
782748430531645441
819510038
2994300605
26299015
19196509
2165328662
965803860
72942104
787414943343734785
3375301355
88125543
2409494763
2154508795
846716623012708353
849617041816526849
35541235
844165028894953472
721703031541252096
857212083615780864
747393927116898304
866264856764325888
53360875
77807808
868176328700424193
847340200250359808
878660816115048449
868118098494279682
835880234041901057
589406010
842465531223523329
885954179461783557
888316921908690945
868872686965059585
344938739
124245162
755044096876638213
817555791028846592
759463365525790720
883283399586328576
929062134050369541
917660275121287168
910441781476646912
933708000572911617
933772195314139137
800301300189577216
1211191232
42523833
937007330192953344
53112612
938330873778331648
38626270
942769750354157570
4202292165
759415862973632512
946160789148372992
939084739281129472
148567888
837632402759553026
949684848612007937
3377782342
2785302844
947141245670952960
926455920271425536
3295000157
937628615474282496
942193335820840960
819841785509904384
936387453358891010
895983910152175617
900458454141341696
622771931
928289824175546369
1275353604
1673452801
938976146921635840
3135835199
120392471
83645428
956892576904372224
781399961116282880
4854473662
3110007406
942336208008634369
22167406
958294869981704192
958683054423379969
2910835965
880505898833256451
961674367594913792
310774571
792012100545708032
834323078637350916
363253791
24694625
965098302260858880
962616760917725184
965194537202257920
2791870022
1060060878
967337754848845824
912963190652317696
285127864
756530378723168256
967503358398525441
275643688
3014546704
4120363642
2902176466
966349808389771268
818089074196103169
702495475275079680
494962109
969908156062142464
957238293858541568
4248555617
880763723002130434
815469233090023424
974266852577857536
850871472369389568
973100598894776320
926335853982609408
962692284645912576
827452377024303104
385395751
975441132795678723
872179143697420289
92940332
550424076
968779997946286080
976826296536915969
977449987104821248
901295009667960832
813177270663790592
959747187159814144
774590305320443904
894820114503278593
971362593578389505
1052423305
2387164154
941015306058764288
970626122793832448
983645355966386176
975027159646507008
964790772838076417
3173737462
966707365893558273
893357717305348096
2753306099
927159477735960577
537487445
3217014089
1714974733
19935196
2747943817
989544221983027201
1466865594
134403249
2637860632
810399469313335297
992831582749757443
889576944085286912
994202611875241984
995991449408860161
907639993862115329
4337564296
397938127
996675681873551360
538043312
843740950090280960
4159901114
2827234137
972835881227816960
997208149034749952
833652542315823108
863083389028638722
2543608103
54173046
3092613099
955407137584361472
1916308045
2522647952
847755447545155584
149856709
1365144168
1003684178054008835
4783039335
995651263227457536
985054041800626177
2975061748
4062896807
889456394
2319252918
2965324384
776094836684447744
37622306
819096418694688769
1713002281
979253162
1277794351
1706103673
2461091804
833617943334383616
334629852
762237553781121025
959340440930717697
22469196
596370414
3130962927
43366046
139508594
295651080
312549686
3069748690
3345813353
827676692491665408
119170132
262111176
3422189951
3831344122
800987010207010816
827666055824830465
1612747026
458283972
2165057996
869111103007182848
979286249856028677
746126548210696192
226928424
1366418701
742768352066711553
2390795392
843115089154785280
53063354
949743764045729792
14663967
78954906
1534315296
924098450094022661
24884938
37882289
386439983
2840574203
753164008862126080
1222331
14123679
132534748
141207429
184964324
177923062
214110962
2604658461
22745711
3760135997
884385808240828417
1248230310
2317138542
74180152
3822243563
3022059329
3079814135
903232920407744512
4164613763
25101713
357984566
1475039898
2478029167
2829500029
870270406376259585
2438850456
3120428954
22253353
2751898052
780476617671991299
24700850
46462315
329324361
3673078036
68647835
825798935864287234
919862561595633664
289827698
126290511
152589817
1552459740
83402287
2798114615
719164404231749633
20757823
308521086
430827377
883571255823257600
1734955188
1962591
222125199
135138608
787133359
787302565276971009
877869314346557440
849582986018394112
347737356
1001700637371924480
982332120977805312
999963140384264193
2562113424
3369575092
3097253483
73181250
1004307869288878080
12395042
1652715750
892678885527228417
353139378
250627259
3372201089
776011420412575744
3208473502
944567887817256961
2221323534
701091818
2163456691
134863554
930405801176522753
454402379
712590397
221377055
41078571
764404970066149376
873758905
835086342690390022
2563408369
1307491902
138742422
139831045
963808870052311042
36939069
40959901
708990205
146004406
249068608
719795359908765696
20766870
188771602
223885725
409589992
74993971
258961032
360485951
1851175885
755149111
1556064595
864114062803832832
29858729
780758268519944192
758270869345079297
745286081822732288
14898525
1415971831
17875811
121098001
17876003
3151000636
24870628
621675973
3302585734
753347455404552193
487831420
801401824855072772
2334947540
73330018
3381005295
17463923
3985877735
17137628
738824257858359296
115099953
2511910051
14493552
19918353
14603515
49164309
159496014
262082115
91136680
860084833292255232
3254510626
372487553
2313423816
2799897290
19123229
2438411396
178435327
375744391
783705
4875859415
820992327460196352
22972898
3396800368
3083916281
3284667866
960122650457755650
50516203
3524568376
848889239861383168
18713552
78361556
3043353708
371795336
593766474
718696084378402817
906813204097114114
4092938723
4200716788
271286209
3692532443
531297921
885980114101600256
2525002464
1596123433
48702842
38146999
2294938093
157981564
826856127140941825
956957204812320768
867046041518034944
958997926210166785
40696686
17596622
13201312
75067369
23638544
871655689667661825
214415710
35354684
34437051
898293788728274944
857217447681810432
884401283884515329
2178002744
58751145
961069452
730335314808549376
827446273754198016
474747625
951767575440093184
928531144508891136
4166630788
820685961759748097
777761038120980480
946791317304238080
155568265
1671248730
38421649
3402941374
433303871
1856849370
459092531
947587280
467321087
939842660830937090
126541873
465965880
796446753067335680
14647570
66455196
1157730138
37680477
32874446
2342564436
207387053
64182332
18031612
285537858
1168803702
25322100
2179763023
715502789561081856
19248781
223864885
17471979
12390842
23768465
19240255
18774524
884290494
18047862
5494392
8720562
114508061
15243812
26233560
385057996
18729349
279033227
186847337
833580314446405632
3380012223
3342341253
2783692454
137460948
1675410024
632685482
931095572534169600
2211372314
208056889
482133423
3395337579
70736359
64645393
1901404884
1127974357
143389019
122048661
63128684
836127332293292036
19457074
343890284
596432091
919917961867157504
2546137698
155830441
856527794532212736
34901538
364806264
1100395628
793823717105082369
531336258
730353083260219392
4226522812
3032854900
912365466
3187745548
851730763833856000
3385849150
3665093601
366037745
787082000
827480682339381248
1001390960
2794141373
836632195808776196
633847782
79162432
3030369688
480365240
22252511
246235344
485881338
1454051533
3972627922
714812250276671489
138683944
214864850
57341938
353595458
65339733
3094649957
14159148
859444603
19649135
453893556
487833518
19658826
16895274
15862891
32372834
1079876899
19402238
614249266
82832489
621573
243063184
64161189
15072786
42854536
3099367654
132677711
14980634
90524645
78372489
59762504
402091455
14497517
64375648
19767466
163847870
19709695
14953378
221768076
19199866
370076269
31696434
210843135
17308291
2811038306
1172282724
1435641350
202990434
202541349
51496400
53100622
34748755
85120200
1397186856
91110697
53058163
2950949649
38472803
33246689
702433673329680384
213255816
205195655
743477287996260354
760769144182730753
532284837
75285702
20661091
23745370
888995041
3026266833
717681149900886016
42599074
2709481506
3575185942
2980798815
4849873473
895925442
712105784
790873204269211648
95394865
256974553
2837913549
95856748
237348098
705461923870056448
364237669
63449466
771344148616060928
80858333
1612812474
303889307
2969727718
3293922999
583869504
470278757
730772587224158208
784014926276882432
322697372
153726697
20307289
149030786
1133797976
19609062
48996740
38498341
3970866023
18585097
40227292
234343491
164620984
