16006834
398967442
30855079
3152675697
32364544
14188985
14283618
10328012
378259736
1568758466
3115701824
4219833508
2902889583
415075929
194343133
84351158
55006025
84684955
576436187
86125016
84347917
1711239283
1724405875
13649002
1001726569
270609578
91836238
28943421
34743251
866426699193491459
2707437918
2707492825
220005262
1353397813
21421703
23938403
236204370
259427873
16645335
750776562455162880
26832834
2369366659
582208181
191074329
1286980015
17336372
730514628363476993
69421704
229246832
50758087
410053275
137836269
32624460
2802474784
246980471
1394399438
23544596
24537541
22538164
22623663
47585965
35846368
32523291
183033795
18723114
61008852
17437735
44314871
89253100
137319302
138845026
20457806
28436760
16150688
34010976
35961145
5383942
62465691
365005464
20815041
169203141
17226612
22036027
56488059
172496840
175404215
68761459
102503323
28870127
466722458
16860511
47379290
15582236
18547117
100811526
602538744
155230346
25689719
991555513
3234116877
40156330
116748080
18294275
368158573
873399943
632341632
44991932
413308631
20187065
1098710533
2177994603
3302778967
1578079111
3210133079
3000604963
84915778
24261916
1194962714
293850289
382511459
156760775
416814339
1564437038
17939037
48032694
415151136
16012783
700784500658208768
782615960
3152287149
28583197
23818581
1344466075
296644509
213012200
40927173
16192218
39388524
822658172754296833
835599578552483840
2172622974
2999158160
4196983835
44971719
198924110
580097412
166739404
2678964708
882202609
257688941
764559503044014080
21101550
3298765441
43411744
2426718750
464224390
343490305
754645136445939712
41604602
58683565
4794422196
3457424956
2832561875
865749895118036993
74389964
263562358
44957814
15769734
18695134
111379452
22478416
3131156278
71074656
37710752
231431208
2624399133
59949396
56510427
21937767
163562125
50393960
16754078
34122903
544810239
15281391
468669904
4620451
33773592
32524936
30013010
49040951
1148289704
72198806
132496568
810208785109319680
274233761
34369712
34437051
196283631
5768872
87899230
827634277818966021
818084572067987456
5988062
17494010
824292426961408000
411150622
16339870
813286
431645737
15563814
18021517
47678782
50753411
34552656
117064656
37732219
39694489
203470497
262885665
262887338
1597067594
26759915
920104904
328174615
185419122
120730781
2227355222
3290364847
2313950822
183723450
40713876
40100270
2463332676
127305588
316327930
463257562
28406270
252225857
2848259962
182886164
14267832
986185758
1051396218
14046504
123417995
19426551
19426729
17076218
183548902
47348249
306192102
1549182894
15639774
234947344
2946528058
20478716
19843630
14741250
43166813
179764224
237409428
6134682
233336165
38372813
15460048
19767193
24921918
35773039
573918122
4914561112
1090026433
9300262
14955353
26141091
23059499
223669139
228586748
313939160
238703222
19048641
3122268527
2911707061
33279328
2458567464
590205767
1209887330
74474794
86626845
163154809
2959295439
26138276
288402923
24249787
102754598
102094857
568781990
2794850834
3805263518
614644977
352487356
17385903
17051344
1184354442
14441143
15480686
5110861
66162716
233364902
19512493
8005492
20280065
116994659
6705042
525785424
12702822
82985064
3020204265
710669380464410625
39537053
27988038
6981492
298029693
43208100
15383592
30045088
1434164370
15668818
14592723
803674982
380722931
18052661
199462709
185910976
2243010122
42686056
543876839
95869752
2951101482
74171204
107225267
17997789
2330721445
804915763
87997689
21793154
2986320490
14095644
100780278
86328927
44438256
1949299478
20444825
760065560
251502134
16017475
1522181906
2960611408
44196397
1929460038
217158161
760303
17027590
15154811
276660526
3387582503
852039852
350317164
125467067
146426597
16176754
44928810
3086783734
29881875
18294197
426909329
4625687418
14085070
117932428
57346365
124237063
223560830
23633023
19407053
19725644
16228398
32002507
36563175
22575479
91478624
20536157
1532061
85136701
19891535
13171622
189364778
17393219
2599332097
58591731
14514804
48569578
11435642
12366502
108796474
3110777490
634348587
602328139
425733656
495517322
588586596
15862891
1362639276
2154127088
47775671
24750136
3891702555
1381130269
16303106
39275966
468583731
16630098
188456286
15184840
10615232
845743333
113130846
18170896
16656236
2873825197
32171828
85906238
116867280
514806103
56564230
3178131275
16629477
314758565
200634860
31461371
35306978
62862144
46145761
146569971
24270804
2871094552
18796835
54881970
306120060
221397999
2341563884
2378024335
1344951
184313387
275686563
204832963
249821282
14075928
742143
62581962
8963722
816653
125878563
1400360023
11348282
5402612
243695648
99745319
807095
23103488
274738772
83883736
106588948
6017542
