15575625
378259736
2431553484
1176718992
525699053
22843167
14914631
4757324228
823565852922576897
50331143
1694782680
318821694
1148986779313352705
11413372
195898294
823583332780965889
479688911
2521231496
3160550708
1002751998859587584
233266490
2873719366
755057897583804416
597824709
1100527593164558337
170897911
800149971483754497
1004883668
782335230439002112
1041696452542521344
940593307650088960
1098104362184761345
2273688780
234461803
1068907514
21217251
593222428
3024075586
62601419
885080898
927366694229725185
39208275
733023713931616256
1154461617855352835
947556120016703488
17243368
17667742
279663381
21728303
137139940
2273410434
916052708930588672
825875171487674368
1045338391670218753
11744152
150240350
308593313
1120333433190928384
1031991770
1770039780
540514107
1144269478437326848
725943999672946688
1076529490170339328
1079555429057814528
1008700044105613312
829032434222166017
1126907906702462976
506204013
803694179079458816
1086377250398892032
1136106698882592770
28372301
1028417600001196033
1025033758926360576
730040384588382209
46183984
981259709356404737
795465877382541313
2772930111
964270014323986432
2361066346
37428663
17813513
783792992
1864591632
588795991
927751333247111168
16873455
1020193403882045440
1147803045847322625
1069252827669831681
2907529152
34440717
904408999
17302149
1870227042
706645349239095296
392987060
13557972
2825591395
474154291
721732768925880320
886387839402999808
991403559093710848
116362700
265582167
299798272
68712017
1131986620255789056
103285224
1123610959
442866144
703648327322247168
549445327
816379488132923393
1935452844
1445020782
1087580945086013440
1025815018527444999
150114739
66182591
896162791568101376
1708744208
769782108
2922332096
3052773116
3289089025
862037690597953537
864191974584307713
1122941472272199680
156705421
997228315999059968
331991500
233289899
2798873679
110772878
1020952663
895653119568232449
595982444
196796657
950113221847015426
17162143
826131674371010560
826226272418283520
402620245
445461550
3229223055
1662927661
4719667652
988859932832301058
191639705
3315872721
1199356597
553926031
3394395353
2848911323
401123204
1083183557357563904
3785043940
1071149729298423808
1064700678713425921
889894296870060032
836370398
3316361264
22971125
25878303
613981407
339878225
755886415863504896
2330392430
2232913945
2279629033
35549780
29774968
714476437764440064
591474704
19698910
791844256574951424
770646823585222656
27520918
1534476438
1620556356
19940791
37556637
794981505504161793
2796052433
784564412522913792
1003273798018326528
1097551854622392321
1494724364
102740051
2507111502
792331730
1047927724486979584
2782048551
28418427
621070937
1081996587746750464
413930447
96378701
1096149275048853505
18723984
947213049600946177
1131634638
1069745218398945280
743040481370755072
41713603
864940077402660866
22039950
1035249059072815105
1139670195188981760
186344574
2678410249
3158695989
818662656823455748
2770854817
216979622
2811381421
835534749712203777
1555645147
2837952059
1028533164
1090651566955057153
209924428
1097932445972905984
1026053171024736258
1005206743767367680
3128086193
4114441180
1006717859899338753
996929019147898880
31804274
994584394982678528
27621880
336618981
1108020329643823109
951453925714092032
2288831935
819737827504254977
28420827
15607227
123015364
825877915682369536
2231600293
742995272
194710041
19165963
261922571
1550879382
1066868172496740353
1124514405666807809
2357935406
1114631299212435461
1038521214128533504
854901199010758656
28353540
1736490572
3084421875
19370029
89264343
825836457235460097
2501427505
387435572
1021263672054898688
414865281
1024684242935132165
3300895721
4759503020
23599461
786047748508221440
933808561162874880
2174463928
17158189
724965928182636546
878323071639093248
3150595932
22419487
74466455
2968099245
2236028670
986794331582365696
1045829118
99599045
16290772
889156723856027649
700869948365602816
800375946775707653
3032907197
4480846180
946497817538957314
26142131
77556243
1202123708
1053356151121854464
824381877544960007
1477971
12803352
833875558803046403
184664813
1090795142254972928
1037081193089576960
1129174277478125568
757661032655585280
2952576733
378850468
2571419360
3303284932
1012531655972618240
966137137606348800
385522168
56778928
728723072
93550278
19164127
1137579374
153052148
1115818849830559745
362391461
3243049570
176976565
3145805498
1009577803304656896
160195176
164037186
346722730
14393872
2886955190
15357521
168859387
1528376382
825132968037396481
2708772816
910569614819463169
2233767878
2699500634
601434817
925509308758024194
17593247
3579621921
17900161
1083680419709632512
1093681874113835013
562491330
47678137
1092929946786385920
154150481
2874561727
92163692
751378984856719360
4824654766
3737410212
4084438992
24478733
49498975
1463245052
3178483856
805563800065900544
2812538479
1020091683008962560
2710618988
37468613
703260518820159488
28182288
52088179
927325603589652482
4870436903
316786498
18015509
961237580829286401
14106829
733415053987328000
873258896017829888
377551652
358195554
738697479881785345
2251156292
1099199811411165185
168777899
2831578691
1012538987699843072
1112788815444393991
1625218945
1396367990
490520333
2828159057
1116862134934212609
769143267262926848
3278223769
135300531
29151815
817736250618769408
222134128
498096698
61872472
3334332021
2305195022
1055800400597651456
4072544806
49189677
2909691652
1100129689627185158
2224947382
922406648
775077327059365888
233278341
166022406
1019639768810999813
601372379
1028391654087118850
68577152
1090804489
298089225
739038702
2412051054
122345500
717351644027965441
339400638
1132864128
2857031384
1112435282819702785
828410141078859778
979518434601046016
1725880772
35820384
1043283768730152960
101390470
40955130
459443439
883237584
786770416475869185
1020705735196495872
1102742188163768326
3969130162
244150035
912413977006579712
1618189980
1082090766430806023
348881615
867471317188194305
102581124
2953324761
210773390
915217811089305601
883353569730211841
994350894
28838219
564099543
247426491
55076929
1093842260
923620686832308225
70862308
1056580693
468852567
2664445569
389849717
567629239
984168173757976581
72819944
998295086608809988
17121755
2206540824
926575703746805760
1148875922
922979125798887424
912345849971269634
77315420
235348644
921434572340056064
1035659347311964160
1548841759
1018130880072683522
769624199430148096
826313584187736064
84451560
726980478
106542267
17929027
94229606
1488797300
892423635096526849
118022537
918235875678416897
757796215
19933869
1002240421819396096
962071305704030211
1048255735199666177
1883892919
1090006203445534720
551534377
5533142
124470482
1163396113
1182990416
983677425707114497
208277888
3317856102
399267822
1581410808
1064581692269228037
232229359
516580064
576356219
201941023
108970875
784293443208028162
1300328653
3296412809
1087244824737181697
1358554022
861686077
80636218
1080853253938647040
4840540624
1461529940
729046089580597248
2413659290
17217414
21374953
3862792999
971902111851122689
404674183
805570008873058304
2782955249
911775993483862016
948475538187878400
948629356720476160
937502938330730504
27176602
1027332361485090816
848413254007177220
897123280087330816
59239048
22397106
19907840
151650579
918307249386274816
19325156
3403612084
34139711
1103701853966077957
149340809
137823308
944990085342203905
3797338456
2859306247
4173258794
2574559213
828745402199396352
3567422295
735833944612970497
1435461
964913325200076803
213106240
387499227
3330747826
1898039586
893635027292098561
58910309
1090279666273959936
143235979
4822463661
455204484
608671507
253888474
544260938
3529375212
18101319
22752860
481863227
247610675
811356313057972226
1114404372451033088
975399387034611713
1022147658872434689
1052041932220719104
1095145587073118209
1040440635902361600
207346985
270451177
887065691936796672
29342640
958321164048191490
1179642390
556149771
3485597543
3130326569
78040914
776041176151552000
57797206
874208952891920386
3221746620
771144922737020929
952772830252351488
197001766
999293378
483841270
425129741
755204318001672194
2522961582
628759007
2964697933
796285759158415360
393910075
226011566
801549353227841536
755207716541440000
1025514662341865482
317124204
1017242034636144640
1023239418843463680
1105604314762866689
246087285
2538765170
1923959160
16435797
143377881
1100559057700745216
55277015
1060545835
343322805
325725972
1026940996087697410
529571477
325153243
2577373177
39712682
4744353975
830582765343043584
1054061827976560640
137717878
538508885
74087670
124088983
903894147421130753
3067300555
2207663199
18185874
2156007288
62378186
7286992
1090747809974890499
336986009
1716121
1034143064913313792
494627110
355036400
3390153899
522519631
385540427
2848217745
353123516
1080949154581381120
1065751182512021507
1088076953188552704
824233323476226049
270627293
824855661217329152
866867436
44407505
386133306
930946432831541248
202195283
3101015701
949405732901855232
1395850410
381268621
904054897246519296
16738904
2409269164
1633496226
1058785553871724545
1052712020058021890
37703511
929873948547960833
1400517288
1616096060
20183596
3984447995
2434495988
3001629386
3288365162
2279423491
18521888
825906379743432705
835209278600450054
26149716
3404297319
1533844754
983758049704923136
547340539
50578347
3417953188
2829150121
273672451
798941519986229248
430143424
2255903484
305287070
2753003748
1873782870
416934863
547866955
32855999
49273885
146712087
392009371
918991153797591040
19431755
1671262868
1100223604363616256
851155230947495936
1315439827
97957904
861739776008957952
753984763115950081
14404842
737424714503757826
1894840093
943657651187142656
859679866743959552
1498533734
2435509679
727951102822486016
1645133150
220265157
700432586720595969
849982868646494208
1041334590768525312
3424303330
1059493630082252801
1104942901
3255997940
212404689
323754242
104068477
303804147
353847883
1613870376
634101915
61805211
56805324
886059222999412736
38516689
2685321028
1044022254
3065943502
980525742
2197365898
3331535007
1325256806
386206970
840315800816898050
4170788818
132399660
2796902510
843400071156776960
1039987764127776769
1567022484
2901425744
4513820793
986618055156490240
833531747379736576
50056496
35512761
13062172
237733607
1024405950
634734888
595245502
1095920991895662592
937476884018941953
415075929
5687992
425709441
716145348
264851886
58171977
47605629
262404381
39935691
588770591
249329330
65316869
2764466482
182839127
20904490
102417054
1096058449
322658299
1436382126
355053826
2192592792
936869486
14852707
271331718
1155497149
337318821
547397219
83925672
121869155
515865890
17791015
2944953687
1478030580
506606176
539066394
1548664070
1622615089
754279338049101824
1054399592475828224
300919895
1057703359203999744
1088162233161601025
584645961
1076508048666054656
1067881173781831681
1062102068981166080
885873948407341056
2328421
817512728
167416301
467705283
2173875444
1077419833266966529
2710674554
520158594
1442713058
29479409
703621963
65105252
18262639
134041626
222799975
1011136891780026368
51171998
1435130268
56342370
1095600502493114368
244999430
1703538271
472710990
2407806512
861309415949045760
1231936753
4835399064
20734420
1024045470883229696
2685614153
35921874
2429024307
974610078329290752
36053782
2997144615
1329771661
334620499
488300738
894172301905625088
453929050
21082934
23866018
23344937
794087379288006656
788063786133516288
65497475
3418750471
708056688876605440
48414199
37628914
1044193522117677056
960613109865111553
912415881505923073
226818372
804879865891721216
329129478
1002398694207942656
851040355302621186
178229420
1002546622377746432
949059797701230592
951062029
827880002758836224
879164531586592768
3046911937
739857437272989696
2993914458
2791495186
29275869
1050262040277790721
2892534250
1205799392
472587261
792252524
800459756292882432
1064529659470192640
211273540
884884356048846848
904444806126071808
149878643
1037365993209819138
3238448948
968882305929539584
61891772
1272837014
22805612
123671070
255769626
475005710
2853478324
13215132
915931760
1038670807315111936
14243008
1073642905489817601
843789470
16132791
899906451732406272
2567872399
876070302786215937
15776891
494167286
89316295
3278536453
1366485854
279195976
325782853
746483203716714500
737290420292583424
259871223
2473338816
18019105
3194584159
3610707263
779280476485943296
2381904828
1960376359
835252426265481216
39627841
845077591564435457
22200760
825488469271126017
1564751226
169602624
985759850
3294036083
1613614777
923499540610736128
754107930
3313697554
14265125
64251218
2764850480
884027664750784513
196081913
837923134904885248
734840597404651520
63272186
1383133224
2910350817
1934588731
1081673343659581441
2174023584
582872181
2882483225
19563103
442776907
3357289637
125512325
627292749
2217099931
105503107
750022168675688449
1021379287084093440
1048052611272855552
1025433491511685121
1091090555600232449
495646644
1033345424
1041895528538275841
2905560955
2476987891
324620452
2884254856
846510249485885442
58319301
1013920903325839362
403109324
3290713591
112314399
2276774694
631218485
1074235280134103042
991713014549168128
75314905
9207632
1085309673933324289
2701073637
836548849
85413907
743179539984031746
1056952072921403396
948225684035563520
1004409488839987201
2480860421
18911432
916662954149515264
712377631564505090
370308968
808369661272330240
852100520110161920
53401078
298785229
4446479003
3519587539
260833271
484463087
42414246
347866009
4740106614
2499559801
104821479
15237501
2471326454
16033370
234136347
28935371
867648475
830430919664214018
375278130
105973401
2478729888
2886063159
813099941740560384
74573245
2702329087
1210753170
1017414088807276544
1075180410777292800
1067314434836590593
194839442
266255881
1104755540
117905825
2859448331
15664964
22472055
2774151012
173518079
250887629
488894446
880879617107775490
2866342226
778559250
19933480
798697875001802752
1024826757587890177
816750217127194626
3100232178
276750066
15496407
3111404511
82321731
625070495
203714426
1044760243715153920
908975641365762048
1029460266210095104
451567698
55498202
727229094073655296
613714658
782973815496192000
1607181338
3265542528
3093201981
1945765621
16581795
1068636258723868672
19724858
913203265466257408
847561882122821632
1049214506881224704
2511427181
766520424637173760
2355808260
229509740
290783389
2477217776
2312423269
463375144
1019683797653245954
936018715
215879332
1009028614208278528
2658554887
324728814
217963801
88641045
2418002112
2892451389
1024519034
889878497275129857
3926722899
3139512330
1735608703
2841795280
227373977
65743442
484307748
14932388
1054014625090494466
216263210
960413706533314560
3317319814
164009621
953544386561716224
27303284
2369995013
11176902
2290212306
1091550825976160256
22679533
805582205934256128
20234739
2960021176
1000916447189708803
1689419970
3941135661
1370512346
50560474
721210506
193570988
2877800686
2594656310
951850457466470400
973540383950065664
27785451
1059194863047098370
942473097244012544
234309722
1358923406
2171608526
22465238
4423476200
426389014
452080450
4196113517
700420540629016576
159536498
789479669561253888
1022128903236800512
991114913031454722
15102171
600916866
465982720
1450477844
2740728222
572939295
3948479302
1018820536225468423
126068081
3676917916
14456478
788727472506408960
262956113
1083413611240919042
1059520534248071169
977213977
2413640736
1043193728624742400
1060520937001492481
3383484231
2273549300
2349443505
254806092
95894506
451236001
194458329
1075824311653621762
1221377785
25728193
703559772675510272
975918325
2844569713
3304913886
768965554426216448
950727794824302592
153401835
731230965700251648
983459425871716352
2993673090
1081000693845106688
741042725605113856
367908927
103064206
1037115792461049858
156012135
175233683
302769804
52584039
1025784963776618496
1013824184860831745
735602559004483584
119561017
2225566590
2667790002
1969346438
816449552
16013208
1654543044
1190608434
270531044
794869700845047808
720467174482186246
4696728842
737425804146024448
1617625124
26099938
470415578
1363206528
20078526
292511934
306528990
42496144
2950580699
912653061813886976
703071348
851724744751812608
21966695
524501086
3244352047
869685230
19596074
1034999431177875456
2426250971
16893822
20689378
2870816765
356219597
906305228
314313174
1108034342
3365373556
947847565474779136
3429648423
978711829202505729
1000787145408180224
848833596
875579584120356866
1045605415843753984
3078414235
2205664916
1910006208
381303365
806672359872557056
1013121036
567639053
2216858239
720632954666377216
3077486277
189658688
880101157225590784
757543165
758484549408088064
170449761
947948729390321670
37149113
1681324362
1083817801612226560
2176420138
2425635532
84658448
899763601589886977
351566257
2508266971
951972342560907264
869982661
16867101
742769911
16533633
796530653315612672
70407133
887120405592498176
38685301
28267492
2779663985
362818304
3242619155
216544114
1075731542910124032
857388031791296512
2911147764
1029907493789544449
726539981955571712
950459502482132992
1051308301391187968
3979320972
32926220
1078683818758979589
2372672922
15023095
964571744190201856
3048580516
10293922
50739611
38359576
59856510
728048323
120995738
1694040764
871766546
2837407605
757702663072944128
275503168
89024854
23521469
488589499
875964955
185066639
2746341887
1070436579376840705
1062452452186832897
1439590734
1227373182
458642227
3107789363
947414568
224759504
778801685661528064
261978254
2792340065
27841081
40655158
829154251666575362
17866756
1480385228
1517035471
154638730
31977140
354515115
830547103927537664
177433166
27106139
2329597698
19889488
30781655
960832142916890624
453347031
1291199636
2423116847
594666501
13680362
30233007
41509348
363253653
19797588
1851517538
2314303076
863405239
16474108
452521774
519899873
48283056
25950355
7093352
2501216858
3291691
867250572
253402294
15200667
36850038
20770892
955711313186930688
3515085202
919210610742693888
733415620713295872
3389698449
259617113
4432304921
1081551914
4062726748
26557249
27412149
45863277
1034890649143832577
501455648
332280704
948163830
14140714
339054083
992873547495227392
706618632868999168
943345878013743104
1075575160692985856
3243336986
20117490
935612386710622208
123994891
838087290605858816
944995932927549441
21435474
65638857
893630742
75065475
57865343
1363061054
185509525
2194204362
364560137
407476898
379212448
2154127088
2416620920
2986365749
1505733014
15697502
399674573
484796656
22062318
3404241393
1566900048
996128974672744450
883836422255411203
183684975
348388285
419854605
541637104
407396678
97498167
50424476
39721543
732611818951151616
2194294741
1031107487515246593
1290930577
1000249528820404224
89024157
14384907
176218386
16817799
358228667
3497333185
762254371627368449
1541479584
207541837
783135752943054848
1072869482131972096
3177913382
544302337
986381595929083909
118975084
74287341
1031998878848090113
14293793
1463797422
998876040209534978
934535397459275776
2828796622
874106117886005249
1008501011588304897
17690747
893128446427230209
1018604830733021187
2950206855
2791653672
2728156619
3099901028
233841077
3571402155
60813201
762064649252667392
15325613
236573235
535493621
2872289802
948706823447642112
884078757916667904
32196896
1054047753204981761
2774353616
2383804734
703535964
526917031
40129701
28223136
1043500078630080514
189200688
33249013
4823232245
25524160
859958966033408000
2400798296
886610195698171904
2239350253
45655726
1040567056037564416
64054704
358464377
1087860428
39551364
378204367
378206995
22161956
1067915682128506887
605822586
280354655
810555350944464896
81783051
3018737579
2688912846
829791374023196674
1011964524851851267
4325060836
22463885
1005914659793395712
2183259996
46335511
2380902402
751707568871878657
529403126
8715542
35634979
757192611568300032
33123688
796797255206350848
2615789766
3078493692
993662022
2252810378
19413784
2571811705
1021213055919828993
952025694300721153
724700330802315266
960530876022050816
345576832
933466893628903425
15970820
16783988
812143738747256833
933479012797747200
31274165
1066120153509834752
31329800
15612654
21611239
21724904
27978241
24457210
1376188058
927204517539655680
2542090808
1065370403466563585
756554348767784960
481328906
155947652
1059495942339153920
1127421548
1842081248
21753847
110512936
369633522
41148474
18240187
415418785
3844361837
742776416501157888
2585366864
2377958781
617914549
768286405508280320
976173244750364677
3327660375
755423886997590016
305620929
45835391
4237853751
265705962
928621771422609411
30726383
325162750
57625403
175276054
110818717
232486706
1054718055140507648
30752163
221486800
38272711
1027329545064603648
281908630
908841520840790017
901929255772332033
175378976
2871454018
959484258388557824
118960280
178213281
1002800854863245313
935610344885620736
954160030680604674
833510622268686341
34622833
871707851290546176
21210529
1021274304842002433
171564798
784575415457308672
712887139449462784
982824998904582144
262197881
912842592802476032
110326494
929350342948552714
47781429
2874562696
3188369522
103657355
117635885
55443601
110329399
348804297
277141554
49706968
40915723
855430786039783424
3418864336
805701001
1034453950370652161
3166115012
14089195
2437957806
796062340768825348
18164887
463428936
2282176736
909017503
443944804
917065118898196480
1001016460951597056
1061285654968102912
2671023157
2287176903
835991915375943681
1044641006065537024
914606573816881153
498973022
4562173852
107269285
910612968496357376
489613881
766282867504771072
761234166985945088
1060726301747666946
65289126
3774145535
40989198
1367248214
746430664044535808
897565112055336960
816005389783334913
39043781
16191750
445634433
622014733
709795850348851201
1019433639870857221
1001949391790358528
47285504
28443216
12562402
2564263380
37982492
328705687
627634032
15644999
2832807293
3000455562
274866253
98485143
891251263
949585230444326912
93578482
1061087693046714368
40349928
155544257
36975564
20265142
29840295
901685283896340480
942754965528895488
713721447382917121
3030452571
26853548
28184452
15519544
25565646
18194898
15169176
138725262
897861037
529126022
14583400
511402689
934281246435405824
767788832175554560
472613426
15153844
2163597692
21092944
987335952
460481503
1558319382
3162009679
862029310470877185
497088659
1060280793443037184
1075927117
16302129
593150937
216065430
6449282
21964954
179568369
14172570
894684364625149952
912791703597178880
1005597034680811522
26046275
167969826
19272244
3001660079
735017224310661120
216996500
18131961
247560825
152801977
115050842
32238757
613712440
287874817
2779243826
26020351
15175368
1051545973
1822298852
36971496
615651824
42950930
372536288
3110161611
124335068
64197283
24971644
733827926500605952
192737798
753350776051728384
166415961
3025465037
211002550
920455609056559105
72744460
592273698
20068053
20329672
19539716
78361556
17793878
1265423480
14786217
1020628970
783912567500517376
23280648
268574796
26959507
104235481
15122826
23856081
63816907
1010396342487867392
4397418252
214350003
22461621
197208081
4827378145
1045460647474008065
1628700679
22975495
540216101
2854047899
15435127
978473768770093057
931289778808639489
449600949
21636986
819723919108153344
15760637
302260150
737882951661260802
2965365795
1132012321
742068161239994369
815022265582624768
984852849325674496
810556234285936640
440959097
951566552633032704
83668232
188444270
320316891
905124347127316480
41712825
66804635
18531766
822683592925020160
25755958
87251660
4902991
1006675843555495937
989314650478186496
14448779
72612042
19919458
18725949
1595392003
69416504
2408789036
256634590
112720863
164279598
440985828
112696327
899569450340540416
411076507
1561646785
937713890
54819183
16630098
611318385
3405695951
2561449134
493970719
5695032
20838936
2853475024
3301606077
1490033628
2291540036
41582030
2580789216
1131630276
22926862
285530973
3367849041
35749264
548655682
1016098943841603584
916536508210802688
175264457
768394950429908992
1014760268
997502738
1021294144856023040
769391704025640960
1899141181
273418969
1494667153
1438162062
141864252
832471260
34603742
1663172653
16226179
32477873
730853752496758784
14766418
542297585
2172
17139483
23962611
5796972
4150428253
3435508690
14975117
248409248
182037512
21200255
458793413
53735764
52364169
714990045497729025
466178366
7168652
20745274
49723417
556232310
358881865
2903470928
50433281
138477253
2314668625
509278253
587736011
1247331740
1960641956
3089896267
28594495
834899546161430528
726158305677205504
360606015
2898355198
967146890054832128
21854543
1054356574578315265
123239990
3169299122
1028115176149667840
22651854
26773498
174110843
4327127414
816869611480186880
3283694581
392467654
2422409796
46654897
831178005749833728
318485472
521509156
421274906
154292978
955902521280794624
3011947880
20344826
26946348
20299862
29663668
986613740077486080
20643592
973100671808385024
19693287
30409200
242312067
3078945610
898705066160525312
1008522215413854208
94240943
964147926103613440
2334189703
14260960
1026392222592364544
1511360216
2800121770
868469821
835319567278727168
1858657566
2856392857
737115729149988864
294362391
54903378
18476633
22324642
14993272
333841761
907549531855826945
19902330
44398818
1000874285416747011
151739057
78693749
768871205713637376
352093320
391621145
2758345674
2564830902
25807897
2298135984
2619967191
42724842
417515718
1046972668753448960
1202793056
17156000
556297194
1131148676
66920732
378746121
28642017
830974223891861505
1633987406
422254477
23844016
826889830873317376
177210160
285074145
367219804
62944315
21814628
998714327237455872
1045440780192497664
2219800785
14313816
14869615
2836893203
1502892860
94558801
16352458
1669349856
726857118242971648
618480916
1048252322118361089
901957210586079232
288316394
14815685
307669140
1013880929713041408
33442941
822691259823206400
881336677138128897
1152279248
104412102
1025009532060295170
12266442
2317198941
112764405
108768860
580312540
3235594217
387723497
28377832
3306891736
16041234
842550390818201600
2481485252
786271822358585344
39822897
34554134
255545898
79073934
20282100
12144922
592912724
254336374
628703258
2522135638
17552119
2570178294
418334284
1010442932413915136
20432977
154280902
923357466800377856
19767193
18682876
15222004
2209742392
563715315
4800736986
2562021924
33773592
1144882621
854625776657772544
2979171304
28301513
1602956918
33154795
880747676
981545039334699009
1025739980700831744
248111082
992812540504694784
1010543781911801857
3023693328
1037697869334147073
1037832778723860481
2887823263
378421052
967261395652923392
19235902
336851461
829020194446139393
123615190
981755967300751360
47108254
3409928548
67133275
2608878625
830811599367606272
855129890277949440
4330757717
1399005720
252357183
318215986
40790674
2670099200
701674603
910524401048866816
2650897699
28053728
256778287
1027408974
23578176
87933979
3293178390
341190477
960248006355415040
187940550
86330674
1115874631
936220743188336640
982643424976240642
24231296
446719209
3906088178
1002030467875463168
117248144
3638429055
104651468
2365715058
22060294
2809015505
2968926057
26566263
1039949185934614528
18164420
52758395
29472803
8295072
156152785
103385129
32327208
960792981170081792
732674305641828352
32219505
275804531
20441046
654143
1796541
930040429
351140923
830800125979193344
95731269
351438522
849643892714622976
2233154425
17416571
3269149484
865631650675281921
923596684000718848
416963802
35394679
26964352
602572980
61853389
83374478
751845337
631356256
3297028577
15611856
3008028465
774247376
3030440893
898241212427231232
1276606645
526948065
749485274447671296
2937632239
34873364
2590407811
810709142
1716711450
3367804455
87403396
633292225
716432228
1737401
2288946997
1013095751914868736
636714033
318692762
18247062
164356459
3586217294
3830389939
17819666
868198185696714752
1028458716
252751061
766720738690752512
308580081
102700680
2461810448
33919022
1026128909392179200
4465554619
137440152
510464011
624000263
1257617551
261157191
3288218026
240605129
370554308
1629637526
3167222692
897236598219317249
801490569025507328
22111533
51241574
14353020
4868345397
22018221
109302025
776126942
2973751807
22820251
1237556629
288019754
14750983
63514682
31022623
19571008
905894352383340546
475881223
22630520
870443165852905472
95928470
62127399
62591415
897610782
41442340
24946505
618272730
89535432
233043917
87478618
18346641
38432210
170127668
267943150
14677919
2817944732
3303028623
705642624
484107191
231302944
1291267135
2962370302
368473717
123082109
16573941
19081448
52551600
1216789842
18328636
44637487
14982804
1716581
2373819187
956584021760335872
3253318476
17466132
16017159
2368083463
407013776
216958754
2214734347
704056484452245505
21785446
2183878805
388332919
23556853
966870593755860994
24908105
4726534534
16017475
885678481077653504
388542782
437838346
49043438
2678232924
38550265
23341251
66950070
369316987
322842111
341769678
972946316560093184
595035044
256293382
19348566
21316293
2450291
126002546
95427261
249150179
24740039
97040343
42744294
8568192
3300932289
2467791
894333769020256261
926359514433105920
23622416
80701402
928066693745668096
85843081
28949826
38491229
18677951
1543717195
4069761761
226206783
712784228493037568
723974082988007425
2811503196
2904630494
2290024064
636586551
2387414858
2862441010
10328012
714254059243438086
844059177626423296
79641704
1038096516727099393
278585764
37435412
59889953
2547742911
759251
21326353
4435013356
778276699716714497
9113072
3288015793
15023872
2552810000
228468714
82524253
62365652
378152930
148237475
16431751
4235379015
3018859550
27132235
258873832
298034632
994652872989138944
7144422
43166813
2749854865
1017551671151546370
365660522
3227312479
19342253
27793335
1378554852
4740625257
2786568029
2654434159
919518182
968125524
2305466966
245632052
1862377483
707327579103977472
2279754476
4354722435
3029206516
2859525629
755151407037153281
14691791
18667838
715640926841008129
372813728
902965228937379842
3241784956
811529204214988800
770146642917990400
3012074210
2291196909
574382866
1103376337
38146999
108610055
16619904
218951054
16027546
16878156
951133063165116418
706147498545393664
2340738308
3538053016
16831165
1259839165
984045614735511552
18250813
3018968748
76508287
625748268
802558842290708480
246560945
27539364
2666790169
50798768
540358001
3270777709
69733322
4853065283
838232557
6652512
2279734332
1080753187
338240032
4105733832
572240095
2712853423
922338955537862657
948530080086740992
1042762439249604608
951408200330313728
2921436489
713825076412592128
3516922272
259847685
914755659291414528
211813957
1151762600
827637158555033600
14505838
243655287
77316818
977247373
1020332866641842181
824416532377796608
795258024483024896
172113776
280661955
183500264
257199215
68412310
308998697
741770449
572418804
4584188601
3281098886
357719482
64205340
977422978215329793
213897366
1299279140
277307910
962023561320841216
243381107
2642197660
464209765
225887881
56505125
33838201
30315557
1003566361614929921
3861433641
330066365
357832495
414551276
45152608
1339793101
144652131
34331475
1098989498
2420877697
2701820402
1449630536
169643843
2742150439
822557970152259586
242883110
18825732
100399487
20105978
2485505982
1029024535058808833
1968053532
151601458
1008384817
901627311983878144
11678692
181428877
231521378
4834539004
1023572545252073472
1012376357374976000
603042594
235763751
582813575
302102232
1449904334
912022134108631040
1040650894315016192
112588650
305175578
377949581
4277663963
1012673309589336066
30566308
20267794
67220800
25811031
4850920402
779899987236950016
821019905575165953
549298460
917511276036853765
42691888
26126717
209599290
15659248
920411250
17446621
22338863
1132786040
917037934401982465
45417594
618300542
1516479518
525531386
2214331839
250287517
3288195401
63204128
874027385355739136
2904108790
894899924051136512
574153211
4843104873
204619134
49931119
31455711
764811858951929856
405122520
221919949
869427341373702145
323651034
1038552303446491136
18428796
435607756
18561929
381718743
19950847
252652558
729458275
3347501421
3433028235
75723561
424691485
940308041836171264
883567346836701184
305818748
967921228185878528
124863907
1033142532136415232
824797212425191425
18738629
701725963
92186819
897507166713675776
887681057050341376
812056353615314946
1053450787
908037703773679617
998039902234333185
1036034166096363521
14294848
3255445177
883028928432132096
254218142
6541402
23042739
23177270
21500333
38611183
509185272
1715051
1257839726
2413284410
1524833940
108661747
2167097881
15808765
1735442838
2532127677
98677089
159894847
916448288
8724862
15460048
2780215928
475978590
17998609
1383157789
582426026
845314456338993156
2422765634
1152679494
414161301
621418010
768892734220349440
20076860
114870386
707657040924119040
21955058
858052038315450368
73797299
594175899
18828839
4755160714
20998647
249113157
2344514694
1025214767865253888
871884040097468416
43689017
1700058480
809725772466360320
46900681
741707196
19933729
20122661
3334843313
830968440743661570
2632214789
43398776
879681751936897026
4131923895
780254454822019072
128685564
14125384
899643174
2336573456
296647742
1942642807
781526400918495232
194260588
734357425696985088
1033876208084299782
1562404537
92896595
835614908544864257
896656299953238016
18121841
14142946
31259579
150264240
743437368
2836564135
22709360
15053754
76522840
992152438013616128
4505788647
468520692
759656187910561792
16948493
134846593
45869233
32169040
755091013685874688
373471064
959880238070140930
130649891
50826280
969054457978789889
17874544
983489007421218816
16567932
18133405
135409686
314067961
129838205
204995942
171363590
29861904
3656113708
30157620
2995974226
104292644
1413392749
562842852
902265271485964288
146179559
2402596573
1604430080
739973665631047680
526755548
85651733
21271656
780347429736550400
393087633
967254881320034304
3286090777
1468789524
2975409450
2292158527
4615508292
31497981
332118291
31197262
602566166
22188518
3761623276
20702052
289969718
90021519
109111201
884148782937460736
976517001043742720
3087859360
636364195
296005306
87493961
22674239
190320358
69288394
70535360
1031245262755323904
835553228
31403901
77059638
328348432
1030561537700884480
228978956
571299969
33913156
57333521
18939563
111678563
140980601
920023898154065921
25893353
996415493660708869
1712939281
2573071194
1009953604491411457
175694937
57047586
1918111022
3898598357
1284922063
366929084
828195128888078336
23497233
1960031863
96142625
2964236675
3290736533
827990528151072768
93534254
929399289436147713
4835309053
1255110902
131029961
365014195
347913406
225209550
229955267
718570775918153729
2741287317
1029459116580851714
19564764
2967402199
145548211
751811102175064065
988723688735428610
883044243685613569
943282670435520513
94636858
52939106
268941928
97256380
41882286
18660142
279661432
2275076180
267470228
933458981816807424
2262094293
43774013
716699241259876352
900722384969322497
361295662
2979926397
1198582129
2415387542
67190018
14120215
45709328
751536164088246273
180779476
14055636
1891806212
1624047055
728020310964895744
832684267381485568
34868950
938971402518048769
17302588
72831048
39668527
98509211
26787673
18139619
776207227732447232
1633984034
936370782036545537
14649254
924836857988313088
742098465124188160
251272156
3331548839
2614782182
924795314460086273
42116630
16429921
29695221
520404766
3409091620
26274648
21434307
14315537
192255288
44880062
17469289
109208402
27882109
39112591
2273064468
377261185
167055052
1024126819
188656529
489770409
495128586
905966455
2682561708
14966677
62208940
22097355
595933928
1020357442423721985
298414203
178690996
28897926
878650598043856899
112587479
19617317
175717850
134902209
973739390534144003
88987638
12579352
47392778
778236055229231104
14283618
23865382
105918870
79365337
430995737
291814511
17342703
223531202
36723796
305522775
136063295
20459814
27695964
19353746
21034324
2875270251
19401690
70789586
204370454
74946420
259878262
140136223
479998051
310330192
143381041
242727646
161801527
881566497495240704
857015773998583808
1005665677750030336
1016280876303507456
899114484391956481
998262403979710465
1009426478130442242
1012105953838235651
6702042
470575914
26661178
264058770
436103176
614728287
2196565459
36435278
915006055331110912
739784130
154101116
27131277
1005486633725153281
401681146
1002175038848516096
3589736475
852251
16275037
988544489965879296
508674483
381893156
829576982551683072
27397922
2960166173
111772970
2320920964
32631656
26396117
1325951616
1113439933
1327865594
732987695622848514
2577685128
2271596911
3198853123
810619093749559296
68810491
249346453
23083404
1580511860
20241749
15648612
73210123
15769327
114813008
43928023
74791798
720663554
778405018512814080
2313292824
2973453269
47802713
1450154582
961414951184158721
833894294582865920
61891907
2321098639
47785553
4346249116
3782503641
858820374397558784
978432114873065472
54509489
18509318
829715365223682048
36711022
14629315
813615862817112064
817945473046626307
791447394621718533
906016285175058435
66464745
2729784259
438517507
2771901399
987033728684908545
1706101310
1012726768665427968
16804055
913009318345236480
1024351529808093184
531279515
312766469
909572625994846208
985782002
1152927516
324165749
277595625
46238026
132480396
2740939937
532369237
16522393
983726438602829824
444578941
2913862788
153093481
1879343742
163700332
881488539791130624
3428242389
825734712
2155649270
2439032786
229219088
46233559
23779324
92717138
1321596145
590787034
17137628
69231187
18213483
16153562
14700316
3459051
39280808
394899240
1651611811
26270971
1193209338
20198765
2521772215
1005133945875279872
828427093797072897
313082640
568825492
167421802
424661032
699134444418891777
459538431
3178406655
1018689600792006657
578073726
544750090
153061933
447015162
835942998290612228
2595230779
4278224189
9507322
817386
6070762
15066271
522299452
769401610476720128
343008120
255780065
777519596660264960
789385718757896192
2465869068
752213099386667008
795269332980928512
890323775849418752
1183617324
2432416417
24355039
387796860
784954294718136320
790737777868410880
337342218
397400054
2171567817
1015734709299470336
264436054
1022646704640811008
2879824814
338084918
35094637
19058681
718343745150849024
4250158154
924647350446026753
2342486372
15684570
290864815
158706110
1020826830989914113
186910559
2325963392
1365229039
25343191
15147397
164481132
22811937
121849647
24020447
55707420
98247788
2149991511
749651598914248704
623040697
17081472
757303975
2835276183
3011037227
52105914
796040362070511616
44375245
896158685533220864
2325445039
259654238
2471058719
24243022
71922851
1600664095
2400891055
3300198836
996405428
176091571
951323471367122945
39633235
39800314
2370627199
19711765
1397175396
2830503949
253383094
1463880866
1446460165
1264788474
476234589
573459961
194935335
3102053939
491451140
3052507129
3248227955
1528218084
31666420
127402642
3049973041
862853782148861952
21025855
895069690694782976
778622174240333824
2906328670
52195757
96192002
731862209190465539
21429882
213482152
71310291
3473597176
832240326102355968
826875378165809153
963372640185585664
712365534189375489
980549941054595073
902804774734757889
55237566
927677850500718593
1479474223
3257118305
849649187670999040
847891980
884885670270976000
45885508
34321294
916735110
552985513
14800709
42950596
373373336
18019555
267457429
281530541
373526339
113070794
23355831
16630213
62542252
14955908
15506034
15678511
19924393
46177003
54085062
1002316857767026689
233288673
156306739
125481462
188061519
2274642726
930463614
46758019
156829965
573028637
808806102
932880673731264512
981925529174532096
2771020008
1274492916
946876486199386112
2225906870
971226120
14199378
601179654
3092798350
4206353801
32444665
449269900
21600144
14251225
856861077384175621
706109851693412352
3259468670
1553310020
25370703
44631696
2160074869
43190270
32876210
1020058453
870556525
14192680
168794588
94418963
117559240
29525099
1168443265
334162740
992085643
94588684
1509936680
532555648
612845025
302147399
183329477
15292416
25219101
53496184
126406217
21193261
14782218
262799542
353805820
1126187748
14813320
321070016
1604444052
1019436766095396864
104900714
703664485593014272
63062645
777683430305849344
1019129030
31676365
14681605
3765479422
358894058
152949613
1378000488
18197476
2394899258
17261066
4541542216
2293940731
4906810334
63836982
738080573365702657
262746604
17610271
82321511
341045866
16887507
7905122
30261067
2890961
972651
16876667
30258963
15032736
14207863
15987295
17939037
4620451
15759202
23962323
46319532
816653
16438248
15862891
17248121
18700629
15428397
621573
21581503
3094670767
15926905
849651762810281984
848503348424826880
636216638
1000390320662700033
60520655
2293315159
762141145254158340
1383286602
1856205205
2288972707
962505068930101248
86993064
747888979
19273919
39804874
3265372914
21247989
946618914
2460417806
1089428887
2593998866
195838034
755024353708892160
720720779814416384
23260868
2333107796
17815232
862429161029197824
941403164917534720
46775436
956358436882546688
755677202
817050219007328258
815985039485837312
2433737761
787373558
233783568
713839291210792960
44988185
864668758077517824
18171792
3226918867
21694333
984635318954586113
705150352052637696
1266249770
23760311
22167056
15431856
24129206
44562973
194347664
2707961760
17177482
14807898
135905236
198020721
22270118
2262155696
171682730
19494203
34643071
367945799
826114268151975937
705871297360711680
2407876836
1607408052
18409210
17159397
2886437452
189134186
2259809232
17006036
22162854
402957663
22738203
784145225132322816
996516140422651904
22657153
35184346
40255499
38536306
62290422
71876190
268439864
133880286
4387250417
2185519721
2363614766
2871687574
27190331
85403665
308746112
14840869
203162990
15291335
21904217
20255162
18173624
15687962
393852070
2715115656
3063032281
580097412
89503894
4691933191
815466946124726272
437584361
60406738
836585913538969600
866749307252342784
29450962
933527678
169457861
816391458286510081
160604871
15599279
21060304
846798960215969796
40444923
3169905249
2333817589
711736953746673664
281291997
45850990
176609398
970080960623476736
2995211756
895814938995957760
776174723143045121
810541631741030400
14495392
293624877
72915722
3557582901
869597948241432577
829116461633437697
965608758494851072
713373797928316928
32423055
721150439891148800
811377
113211856
949048864773881856
49964500
71273952
28744383
28813937
746883778140741632
580224794
256881576
122533830
2424178550
2981402568
4278192083
989154496692588544
554540678
1387804657
620944330
537798421
11640472
518383741
2541920508
941587645314031616
2986421494
1023072078
785631337021571072
4862042900
993455238
3407493910
966927976787931137
3905131696
500968897
896228737
920449444843261960
2717254872
239797922
939866158366384129
52437361
246639380
75925179
1454315358
2329252147
355050620
703412329946329089
20479813
45707366
1170795830
56927066
4519121
3359481
890371282193100800
1145695394
48799978
1046661
13201312
14702533
15234407
16817883
18151027
48029347
1584997952
967164447063191554
464067709
224700958
734431215491547136
120928749
971513923
962722315724312577
1712147191
780890659448233984
967027984426242053
2881295272
816840998441598976
25871358
830468488967843840
2989017898
4449801194
18588279
220049454
32959129
2899569896
25115847
701433111821815810
399348030
929058332371050496
910717409127833601
969138694308421632
151764042
959059788188520448
153145447
825518870421180416
3650253494
3409193855
14982074
82410974
14708901
1006597696910778371
372903539
14308569
2209587063
15041634
382797300
954399918067798016
975974167140093952
50999331
1497497796
955567973070245889
845343425247547393
19048684
260505820
574782207
224159550
888130007029104641
2330714383
21720201
2216668447
2646300546
776052739101102081
920810298872881152
2490097364
798041400394727424
901570534198083585
1092202778
1700441000
987113139811639296
1170166104
716155526
787758820965621761
803987849414471680
963436120297082881
2827016431
4635481471
311797884
22521330
20813338
2665886420
17551403
161370318
28096781
352547206
3323539726
869185352824705024
862458051269447681
2382044670
2921015210
17180328
602764042
40426031
4745613554
574932643
434533220
320742580
817232974609608704
788691691633082369
402468568
2853670970
2605930386
161427410
210954253
2719962073
138271903
43280100
414223670
108621970
50278507
895732032252387328
20788555
2701863841
548202108
513883865
856265892
2184648072
11461532
3120989294
17830403
12892972
1019151432
237106922
70111948
716472581625282560
16648033
866426699193491459
161826575
254337496
39780359
860568805709406208
909862589567512579
387920251
183030883
23995748
21471357
2527048034
612528686
23116280
15505687
29770501
65698096
26657119
13393052
800942537083068416
26548315
39547629
54617733
72072454
17787985
736172947551977472
571963220
379677587
24272129
246328912
21304852
119154208
40863682
3222838619
970459949276061696
2802572768
158848407
811350
1287741464
480819245
903376050679418881
1716727903
26589987
829651713669918721
312998749
14258196
969311410529427457
2440645501
899432742869504003
46137812
46128394
36965838
2389982801
100666684
41278525
21587613
34333707
953691495361662976
728712271325761536
83908787
777843602156351488
2973956613
241360662
774651566548619264
2321343752
942517217660473344
155956310
1625425554
1639290422
1115739060
1647170617
799520024
2954580006
299112358
975913893066231808
50295068
756880425067290624
17901366
15164565
27384718
842291809
22986631
97630019
1918360826
284602316
13192972
776584396426149888
17526123
3239354532
870305725398044673
27458114
39291808
902569022729924613
259077104
281874494
911735797971345411
2375905842
1096084052
1550520115
1300678026
250831586
25669608
456230554
961704004651798528
3312648586
39592416
56127537
822248513807536131
865424502917799936
1195521564
505167049
23715059
32706236
52771449
33726536
16915511
109750327
256147846
57176793
50184013
181572333
181532763
969178018450214913
454313925
14342564
24919888
14091091
65647594
1451773004
189253902
50115087
44196397
16580226
34743251
153784150
21436960
2317370365
103865085
934693663137062912
19789439
177101260
45266183
20322929
964531745893863425
3220827624
1018579128
47843168
358996059
67434744
114354410
280266897
739932090100121600
1378148082
24165761
814528450690215936
267590479
1209263856
16047998
322845993
839694536473444352
19713937
329476662
25403689
4697047753
1183907521
15201144
438582272
2927345234
2341393346
31887872
2247481825
81173277
1105751
906545648
1787201851
15492359
8963722
19722699
257043178
94184831
1147039789
448476934
393171441
2156028455
1314128576
109457750
130080992
268202280
36651871
28785486
47952452
253232919
106572157
224674334
100862986
25776495
123954416
69163810
547130258
915344916372389890
20647266
14939981
18511475
116832244
35831704
17327103
1858599018
2165787607
14419089
9629222
27743648
2571843746
244173108
505088967
4790593882
19783075
314340666
173885254
102734290
52514645
30686010
32054188
135264049
18327656
900318463
18794420
3378999550
979083958821388288
16043620
3050023319
909942803077222400
2967239622
282110248
98689340
945721897198768128
2445251725
1232240220
824602522136502273
146099195
1631835998
737763583040184320
33592451
744604570756722689
2808235151
902285565177069568
22814500
257591704
855544844843974656
107955597
20524182
56461986
291405463
1580488021
797229459803926528
18931623
834527305657630723
2149209577
965015705123930114
965231053119148032
964032914626359296
965266179836252161
1915033663
737614927414722561
3119903500
34914530
811546546198089728
3645112154
40936482
75063745
2560813218
23679258
65688291
364469778
166999015
772618740638765056
755113
215598844
16960506
240299179
83950313
1141968805
182859368
846137120209190912
28370421
898186427783143424
970101416944644102
240782751
22151193
808831675887009792
18226740
19041842
738442376
106170894
843035659
717368511350198272
381276559
3021354107
38203776
261352189
15084582
15309072
34113439
16958346
120181944
18713552
3554721
61306771
16029780
45577446
15639642
17596622
10286782
14634720
31223005
17622991
24879483
1093187414
298734406
65678144
358158544
1037262350
142973143
100834787
18076414
132655244
44442099
252233089
226020012
33248363
110798209
119521385
19344825
22029553
71019945
252604904
29221344
102156742
2279796104
154657877
85915680
29741175
17634248
153488120
3428161
35001544
170021393
298319642
942878337806032901
782620747231473665
25448508
4802925256
587931264
412596977
22535914
997788187
209296490
178034708
836281596
4783690002
82364810
4140814814
3260518932
842810333806956544
4376835677
219803951
938257177814405122
3246459584
88675356
770752658185527296
55334323
3834819796
794436109
2286189025
820291942219182080
438897828
17465796
968649696037158912
2901732224
1873909736
202192724
19910041
2651325366
115796003
1189422439
490535856
2782542031
289342771
24729677
2653790918
3065125513
1335494516
2999158160
357816281
25069675
759316812
2796833175
257482364
242906748
3332077285
36686040
816807488628658177
72181342
475199073
76862633
3013005239
35104747
40931468
45499837
35355207
102480261
1176796766
369219105
4880327801
21968079
62894004
2904534477
732678376306188289
4860417315
17452154
2529194850
14581454
598809797
31339831
17388629
111137042
341871198
1132591987
2364626226
4803705924
21705931
1557105493
23566094
40240986
192958632
21794235
21879024
18954398
52422878
14955353
17860586
15066760
487833518
36184220
18244358
32372834
14647570
19658826
19402238
16895274
17471979
17842366
8283082
117662694
85839993
40032278
17071337
48811036
16491676
16031984
904869467238174720
16137236
1641646206
321964168
42619908
1886891911
454237315
48294321
45668062
473493882
398323499
22595235
87227050
191737201
112481670
44381332
39358518
204428048
2847028078
783214
20536157
976559744
1184733007
1656244670
602884368
871198681
910561732048728064
1549416871
7831092
811169443
35071201
20912832
2855819371
2237952289
42451620
1547266447
548914980
217281621
843066685
10429092
21774892
21718006
69679927
381717370
120534622
719711754067054593
700784500658208768
1170003890
31015297
82606148
145292729
169730721
180387231
4028648625
227883364
393095128
765400193818763264
804837505782710273
19248106
26043704
2910037419
492399548
91408245
938894008847396865
1918577605
26444593
1345110602
14175375
41276782
897497242759778304
31121729
128753684
34487135
4196983835
234948025
22891197
30056843
491716291
469973314
3290504482
232520849
23451183
3232036688
140025559
20374624
18301196
19651284
27987687
38515613
83487731
285626945
18327279
366606110
22676022
16204252
14056708
59502660
18021496
213295930
21314814
19940283
50701663
43568101
37005435
18916728
21669123
32774989
31583882
19608297
17395766
26604904
6480732
2192032890
6480652
51752499
8486712
361181996
4021923743
45758717
170275369
377691098
4753404559
242795620
57824414
1017990985
250371474
14630442
545501973
288346734
353689448
21125133
29494126
2266837003
17983820
3269644987
102788198
195832496
817609782551019520
36395069
76997832
18228898
1883354443
365221750
301672010
19081001
31332871
101894425
19404587
1970799990
166326702
94707303
43528419
101567635
11866582
76741852
561883210
1304807701
219105818
27369679
27875696
21518612
114507878
44279901
16747333
715710521853349888
242791691
2378051815
141944702
3497941
81285400
624953558
34986425
1471021
27772492
130051975
1596847608
36243964
34084549
1031331499
21473334
2794563996
166374616
19877186
4574217377
25375836
171346034
8363752
17642747
120412341
23023236
730914240865820673
632116402
110610806
49978852
41259253
108140114
15201990
824494641890394114
824126001936474113
824473943931293697
86554436
824190260338954240
24024778
169668564
824320219866923018
824326864407822336
824315778866417664
166669818
822517901294845953
247084658
417496695
1263540390
793466771332296706
1067260903
15667802
14377605
409486555
41223126
115961383
398490298
419896451
33276161
61371461
8113162
21376458
2163374389
606441611
2582186468
939091
19651337
28535982
513714411
780848040412192768
224895687
24224451
438750735
204496162
573610802
57162282
37481570
31458109
23993642
323535792
2983295300
215696948
22260999
18205531
74669397
30663975
7406952
27628334
2317926254
247481582
34386818
264465201
856037461
745693357897224192
783487904
2349042853
52484614
2416352166
72876470
3816567737
1193441030
94226687
117901400
2178362716
17542355
154639081
460330936
465128125
34935679
36443100
38745795
296427309
91470339
20447903
24794142
2782067352
535728582
1407632352
4485686895
80151062
515442062
1706564233
2300629838
3739891106
44197832
1541221333
753586111587422208
174406574
133806983
20793816
15458197
9541782
23986856
1458971227
309526544
369192610
739826792
723098881
36711678
23421193
15829688
14416124
974384082
28345883
1337271
1087510327
14345566
727195336574390272
704342533
31444922
865160336
738576612
17378355
754784086057713664
215952307
371569278
238834602
51274015
153685346
34430522
2317921
319746584
1149563341
297013533
571083342
205302299
280461866
1020383864
46781837
49503181
1531521632
148593548
2732462617
1611922826
41170977
2331089076
396601079
3351049187
16305370
62531510
225954232
166938112
2201794429
28206360
43469093
3153961682
29417304
3074049981
524702636
103550181
75133639
91620105
18980276
30602016
168764794
552129677
2535327366
485212663
709835222
2355650738
386778779
19084896
34015352
80688606
78194111
28406270
19119809
16002085
16249938
99957861
15158606
263841116
1459758564
40288957
1665148741
21475090
46769281
14247998
386056280
78841715
528927558
149590738
196013643
134668186
92464299
35816993
80530889
3178439400
1480055401
38667163
21689701
47216804
2538115178
586892658
28221296
53269717
23476239
204669544
295721486
16227761
18221062
22372648
97599082
392429301
286773713
28207101
44496963
19735137
33581258
73225756
348140125
20449160
36406722
18378983
451002834
16328118
246035604
40439327
554510636
1183737636
39291341
96279581
63168789
14166096
17117719
17994199
14456460
26607725
3300440765
3300372069
2254086234
228408517
242246869
1118249192
610890727
179155023
968686122
38526545
8790702
95975081
3463600153
1032773754
2442237828
19697415
589621591
204832963
11757522
4230121
357683633
2615947026
119000092
787709936
1716945122
246394886
14248226
436879069
9930742
16040961
8044362
149308499
51109313
123005267
21792170
14179822
16246996
228898436
132434300
14336349
130339829
2381975060
97576151
347891613
520654702
34354722
52990721
39636004
2815391786
250186533
2666056576
16245822
15000857
17507545
202018174
130397003
262333936
46751744
326252309
35097545
151765032
630728313
96493517
248595702
25998526
140554764
26543142
4867931243
21278412
25027806
17169320
96829836
47219762
465140092
2698300332
63188858
248540363
331930813
149249831
65992743
1899347124
2952123056
362451113
20137244
16669075
624661805
14051352
17878571
15846407
448511441
13784322
54275319
21447110
19242665
115943336
24447643
168606911
66672175
27511085
236999725
30614676
34780554
1083849655
45869342
27782837
14641347
152551923
52876493
255747911
61838384
258332425
74712538
1126867837
180821354
217518231
20690398
40139016
602317143
15227791
237845487
368196789
163882747
574023889
117145869
181214694
40100421
309249823
1106879239
29525723
28561296
40005550
50428936
7214972
443369736
395104995
23008342
15085591
15837725
490966363
144091285
138102228
15331408
20012063
116607792
63302020
71865957
34305899
75413335
66439253
66201148
108361327
89366493
135731468
33732317
26098254
26051392
14429414
20009684
59291707
51022910
385022167
139823781
755890045
774180818
2401624056
15934076
113158912
4320799523
243905905
472623389
348785149
24966423
357606935
26895879
970207298
25421094
29442313
80096621
19671129
216776631
502281810
23151437
1339835893
155823836
1330457336
238319766
57084769
28644174
480930665
19279990
26642006
20196258
33041426
53297035
28161405
12611642
44759834
58598187
96846955
2267241
17614726
898124258
31504542
50560771
113897988
14768116
21454322
34178172
16342511
874913006
14397792
21506437
655093
389507955
239262373
80064003
30211023
64708811
50393960
1394399438
88749392
21970725
100220864
18222378
3401649569
95023423
22940219
2288895373
166739404
5695632
238782335
14166714
3879131
2379662396
16895896
615481891
863164782
14718835
1345702333
1688380825
63112528
409055353
204688509
1901546563
1635077976
1206398228
801311472
1589628800
213478296
1375736322
93654953
80977873
24795163
26582656
85724849
66441732
92793164
31143489
121149217
19720019
335207743
300878069
309220197
31443503
179214664
43812483
26139169
2343994460
46917651
22461427
468896332
16008484
31641658
499073990
163755960
16998020
5971922
625022363
542901683
74231747
63485337
18952476
13615722
113490650
15576928
19638752
130922325
16302651
252238975
132521439
21547119
2893511188
516032904
3185631260
22080646
185963016
26871300
281253840
430890318
288106903
57958495
740109097
17220934
39706174
17293897
2656570039
3481010957
14181948
818876014390603776
59949396
165511377
17871693
34507480
467976802
1536791610
23083234
23544596
79293791
5478902
1245320090
22666390
33715583
152107059
402181679
298503082
26259576
334811425
544645068
805522867
175290274
1190500940
20035593
14166235
34559099
22090361
15810553
15067045
16129920
316389142
158414847
15681343
14804898
60101131
143244854
14094741
19637934
24278900
15661871
14506253
2369449952
145499533
350424184
428333
486955518
137260976
23027237
25725698
27022632
113439399
37099282
20630639
16900536
166747718
15693493
18125335
1700828852
789265
75974281
14075928
29344169
104969057
27042513
24807616
443215941
186154646
126990459
215537170
345811633
221452291
11348282
2945767950
89423854
14240065
80700514
18857913
390860562
629097517
43042353
974271668
487736815
843112550
23995342
741495810
18948541
19515424
19802879
15473958
15143478
37710752
19725644
403601549
1217037967
780104972
208397722
1496789784
988837885
284893567
2645418168
20015311
17753033
15439395
72627052
10810102
1228516999
15766780
47551107
3179977818
121626258
19879313
502135911
31312972
47786101
241382835
390436328
185487499
63627909
349270462
313091751
1344951
44039298
26053643
594984944
44410964
35206553
30364057
16267467
5814622
6539592
139162440
22084427
234270825
18548221
17732153
3004231
17350250
27825390
30973
16303106
115485051
19357429
71023061
102788450
1631671458
22527056
28208983
16371289
403086984
1145944572
902550697
3983511
14592409
813286
85630170
29487501
28355356
29777185
44156044
20482341
46254160
137396575
282193031
32116654
21035409
27711685
70802518
17163953
40557748
8607352
14427942
17461978
15485441
90420314
268414482
28706024
26565946
21771224
15155074
23006794
19661294
19028953
22733444
19330043
30309979
17696167
6480682
