863972252840116224
48491083
501705472
112317404
784397947374964736
1149942961
378259736
3016632889
55259925
2210225249
797098850452389888
409486555
79923701
2801548660
126591802
1926918818
68713673
933630217
14260960
836531154
2217401528
19453808
32883606
168498361
53512421
15846407
981259709356404737
4196983835
62513246
813286
360139337
171496247
1167023653
260751586
804653125
495058058
292848663
2345495700
160659515
43963184
16681111
20516661
807095
59925530
1510009314
8170292
462050389
19644356
20585294
169067970
81859985
233276055
70723937
390135253
464129839
903609876
30875531
24447643
20479813
237768437
15439395
20609518
34618144
5402612
19869102
1053244573
931287438
34507021
409157913
