32719028
378259736
310401451
741134623
1034616079614525440
2839524145
3197265364
19453808
3276659454
4321661002
1536447150
556287038
435331179
2950206855
783792992
2217401528
399571554
21059255
29501253
138203134
940584899391651840
15764644
36686040
30354991
20936381
297515348
1014310097311289344
3333055535
1632874314
16382372
520577395
21697106
1514857122
3195806999
197573239
960467202171432960
3346217104
64715082
723221372395130880
202288425
827637158555033600
2832542896
1613735768
16160352
824119137031094273
824248798948052992
824270573203292160
392350277
308224874
2877001224
824139632354988033
824116562768621568
824320219866923018
824333698728333312
824338843327361024
824326864407822336
824190260338954240
824332206952714240
824264707641057281
824450140131975168
1394399438
560565468
45055696
22959763
761582960462094336
1394936845
837185790685818880
213337079
862360209393684480
14293310
1652541
51241574
5402612
399201103
428333
189244927
75069067
17220934
16129920
2584043826
817548691007361024
979559162
863017529878380544
1551012824
786111619076096000
141364192
41405412
256301157
2765092416
920385431824490496
558900549
17400764
20646711
1653221881
1597183752
739227198
2548586492
2699020226
31444025
726564347472912384
3043200736
16426177
718336627
2697831264
2359377606
1238927466
20629893
3016632889
2926223600
312938140
4876659982
2876728443
23143
397469574
357648167
16153562
15174710
152866991
14700316
17899109
20596281
27860681
300270852
36683668
990997795816566784
1009459002
621925745
2881034290
87442736
1874340199
69279164
550306976
1532154876
189321763
113046300
2805829147
39541524
965266179836252161
386428690
3708472336
1006956313
757037450028089344
711728625490518017
217684514
258004768
308216176
908439471502348288
102706542
897013779434795008
1451773004
578561842
804410197749833728
3073871212
757303975
50393960
759251
2467791
807095
15846407
15007149
409486555
711600778625085441
438828514
424102241
2338701809
14416459
72198806
246731760
29201047
43910797
607747504
285102985
823565852922576897
610994783
824126001936474113
824473943931293697
824698825499701248
53151247
2719804791
25456536
1296774144
14925545
817488581468061696
2352351644
995732605
860521213
595412839
71292414
784397947374964736
3318422024
272549702
128755259
536610418
8953122
522790042
47686352
754233042
939091
325830217
24236494
16581734
2592146756
718917980
14260960
742720706241286146
261400270
25712068
38508305
262529555
1192272865
2388365315
66809136
2351978220
150078976
15627208
23077947
702909620755505152
30943082
152004262
2392236397
294155891
573799805
3096865030
2812768561
4825054017
197295463
974627786
3784214363
2352367795
29442355
384604410
742143
9624742
3115034909
14159148
2387846486
182353496
821941410
3960654267
28414536
1339835893
139823781
405670671
569130639
68765178
69231187
17137628
115099953
2959651409
75641903
3434523298
240790556
23964682
47279641
17181891
1167679735
575439678
1455621529
113234048
357606935
970207298
216776631
19725644
11348282
93714983
186154646
29442313
500704345
1536791610
2550413600
211957547
259563620
167912446
40786192
3221227229
3296082594
314579816
1285120254
883888796
64941438
2466123505
2359877677
257993546
541132584
194140922
58543236
95579023
579091488
30148839
20598058
534393377
40556788
405519002
16310534
788219444
50074068
2778592325
468467774
193237254
246153431
1729929350
3023044494
3325431515
62075264
2310553815
1433856930
256921454
633483092
18306921
88961864
813286
1093090866
1450058988
138530516
538456752
34923877
32431468
907738862
714352734
16954152
2401873322
726672061
116313988
173849332
37148994
1117578570
17241148
426041627
8539242
399072194
236048503
122436018
49403579
2455933854
284265588
729714290
1128557532
531929106
33933259
18533670
388338399
182910273
836531154
48703759
275117108
42073554
515946434
17571962
48491083
34522803
75974281
72644483
113560280
16885947
305497798
41822696
2215088172
97246193
277222843
111556871
480397834
1339776601
40450846
34298410
47462827
243625967
503169387
182393129
116983434
732737702
30313925
822215673812119553
115979444
16531799
55259925
718888154
14676022
1694176543
1598035058
350492971
17044012
36639482
116986352
18909664
269935803
553183970
499827770
224244250
95431448
462021312
946036297
1330457336
43690069
258780861
993878881
52851337
3203731
120246693
35189575
130365207
206382265
170157170
346114962
130535553
8746882
398889692
337877861
348579353
515075870
130412081
10670732
587472711
439779366
43139913
257664900
435415938
57766616
501705472
86697288
116836600
44034613
455024343
20462779
407446352
31035999
146569971
109057586
220779533
221923081
19846098
35285074
36562992
72054971
197006614
148919399
30725767
100376432
84199115
56455323
178815147
18524353
170514314
30494074
100503107
243706763
213013970
244933378
284287181
18710600
24212723
82142715
276989862
22528006
25552666
15134240
260394172
215063312
101856523
16743297
22739764
202367186
14818333
98176195
44783853
6794502
19658936
15587500
13787352
18058609
6450322
14499829
83316298
68713673
112317404
23615586
19071682
33116401
