1143363016836050944
1045348761751490561
993922170563825664
1070125463580958720
131828745
19767193
33634153
737426317
2512813557
437254782
1082775459312648196
1082102426914770944
1057469000341434369
1159656123756101634
990783749599068160
44148190
14209777
872868748197339137
1924050589
341717959
1915349490
977510596492124160
1005807275255238656
2980189013
867870262527643649
878844609731973120
370811414
878426345440768005
1131589579998486529
1021379240229523458
1070475510717788160
871753954308366336
836571506398347264
93019610
2536079700
460426395
1157157892887216129
17074186
833376066966167552
3403219133
271612490
730645657627860993
755012672
1007284936720740352
930545496929783808
1160485554
1155942783133392898
865430604
92577371
25832593
793558143653511169
2926174952
2724769800
2889475271
1020052150754398208
778077054000623616
360798189
915190177
182747810
229005889
1017060577712201729
2333546126
1128634095335104512
1119232017051209728
3342140236
1227457586
2925246128
922546872090316800
330164748
56705886
702847289849745408
106788885
998158344807440384
257602327
869685230
1083504538697502720
208643146
701533980160462848
1040917821927116800
982267237787566081
860472270183116800
3316200181
1087815627710984192
359637109
4026074031
3227761789
2968747193
1597067594
1039300879189327873
2243158015
288609810
732926214768205825
3448562837
35315865
1052219716016648192
13232722
983719101729193986
411552313
1147621626420375558
3379812806
3232225347
2437667054
49403316
3426940853
1150866945962434560
1116663784385515520
73251301
4707372193
2327612520
836312583623880709
788368639
58235603
880205852962988032
841340148
887666930466803712
979658212558319616
3868398734
1018962877
1150967559358832640
948510424240140289
20013304
55751233
20374729
78970944
911591183733760005
1205793182
824233323476226049
1015290403367608321
927108483434143744
578653038
3304551843
3475227435
1514294845
41077147
1110766159429664768
1006628353049276418
720771727760977924
368551889
301709965
858356860977643521
2817332702
2438783476
532839364
714831732
22353109
999788264478294016
258847118
2910350817
1027652549254504453
26589498
875398826663739394
1144364552064241664
822932767445053443
933330985
969589604486733824
917765718682275841
2188835137
3064566970
970679139379314690
1959606457
336284248
3296593573
974016302070337536
45289996
803210079046696960
3390990010
3366148263
1037401189707653122
920450547983011841
924422354951741445
203674192
3131358718
1110771149678374912
1029629071
14572397
2395444820
1009139262753792000
408626430
3676026982
894011216900870144
981760463146045441
1017204392708247553
4426129467
42311051
792681662
2178887252
2206059961
883897389844713472
898025213333524484
2469853436
19409943
2199727597
3696565696
794981505504161793
586255829
3433407383
815779736676876288
413229597
1055880941195935745
1081269766067707904
1143287755075674113
882244195381006336
378259736
2440588465
884839252382461952
430645155
1142602274297880577
279418921
214365171
1352962327
922542269797937152
19871984
37799331
1054919559193509888
558732416
930340547402768384
1108548609245511680
1089987432831991808
362104833
1037903814014029824
1128456994019397633
877997086394003462
3389291655
394087611
20664037
4796264073
3379685937
2205165594
212299083
820415275212374017
1107316957068574724
978615531728195584
308022330
735756209584668672
1137663406109011968
95539262
703772104395722754
2452501656
4871160220
1104565920201129987
133996218
880056542673989633
1610566350
3280742154
1608867540
48910467
40474997
1168003974
59126394
96102210
29947296
3309217392
931542133093359616
3197774903
53769577
1109031378014724096
329441556
1015522780685611010
1018376806292860928
1013768172
992240580888588288
1094238940436025350
1413173948
68807315
767905249189396482
1580535385
939210193367392257
1132153653106626561
970020364771356673
3168206588
606509378
1023782529176948736
3342291731
749652636949938176
286552773
808392437643276288
48306404
3472351876
1939291104
221198629
3252515757
1364473326
2778787586
125415575
105918147
331581697
2214734347
23390782
1024748669990522881
1252354015
1126685935498858498
961685866258272260
994408333653237760
951466372088856576
282741996
53250509
187059243
1134806021254373378
961816146818183168
854045574
785934880777449472
1027674037131116548
910975231564697601
783701912654794752
1034440165677133825
1089230560713617408
995392411537817600
704674752754008066
28188101
2462125184
25070192
72894627
862100563
3982411995
1046233724709298176
596942184
1035312686660308992
955420078224396288
15184835
4549033462
3157994608
273614439
972238100998033408
819906577
857963058
411395957
66660156
3084793295
454925100
895704785600614401
1104319915199127552
1350048031
92191282
1131702474627112960
795958793234513920
764102782370607104
832164067829690368
284870222
3390015226
2583382082
1721075600
42994048
25819761
1071557622103298048
966803116258742273
489950732
1556971530
933036103707144192
825569108649340928
1085237842790502401
831972884755144708
853079146968346624
885584500234883072
921792488691474432
1067528700965675010
31290877
3125800171
8518982
1032337062333169664
332993870
953411091177947136
3054402265
953795882612412417
256344127
4923977745
1003743445280837632
3797338456
1012425007190937601
3334817769
635833627
296644509
280447822
19668775
902409186
3294669999
948994110324658177
3390670985
3261777894
3069207256
866592778544975872
1026072785498595328
989526114963001345
2623241758
3209876626
21921269
561297215
1370684718
1250165227
42873664
1074742087
64442900
3717973152
329771362
572280042
870080730
1197992419
3011656064
2421208506
877323479078494213
215067401
1435060400
873191719520661505
1682130566
1557912667
4009064038
278863224
480875170
725630238928019457
1383009344
978075688707248129
557230914
758017886640308224
494378941
999035176842821632
494373240
2238569976
3434411195
1002017201212284928
437261055
2459451162
931462445566169088
2851427444
1101596970123169795
1014122110296428544
988478582275100674
366130670
981733300304834560
1112101900772618241
1006373782494306304
913730443345874944
1093608964128944128
2915992526
52240235
704021363850354688
1484174442
1023691689326780417
905075623466606592
991494640615415808
764036834
901817614481186816
3256676519
147786817
1052743641331130368
294954921
787379180505735168
593908454
703952342916403201
3297415705
524501086
776682573401501696
164205496
1059965344184442880
1880420804
1111650762722025474
1007291774363160576
306332536
1066647917522386945
4638467243
760824829364830208
390046155
60739511
881978260141350912
549779041
777687972565098496
2282572382
263974942
33293874
700727921162510336
768404342
3070120834
866743125359898626
791692967249604609
845012319595827201
2476794959
1062957535
1824564660
853028992596807680
828434528226078720
1120790227579224064
1047944187189088256
1364500326
392411009
891833750643933184
144618868
1017657962804981761
428021075
18253140
2441878111
996503855365058561
27637748
1099091262739763202
2833485000
2717767602
710679857496076288
240696319
1098172567796494337
912433258037641216
707322497188765696
824645602793422850
472367310
815262148553080833
20960234
16815483
857070703803346946
288969390
804727424587993088
70555267
787719983400755200
2899629440
1029488205886832640
495178882
22478416
222295722
628791644
446620951
710625988296765440
1415091
29347448
2202163974
1101340277527142400
817079097423757313
46746755
35766460
2616191454
618135473
390738576
1006559385357778944
1030276342976274432
1733154127
938157276476723200
22273667
1115609435420876801
1673685936
617627207
97582853
112475924
963308245
204677840
308407719
170322110
270609578
175820652
881587291206148100
634109297
69133574
551600672
2664288619
2433440575
2601159530
32660383
2506641560
59061494
1009142140386017281
1032505424359120896
884230295427268608
791418288093954048
2438782558
1005839791412465664
717345378744606720
1065618573786300416
449019256
716012726145953793
838484255034470402
2505279564
758731755402604544
4126513754
1020425318941614080
1383311893
823255918099988481
61556107
408677931
915312508759453696
1064337290162593792
3001840368
723397687
1107700145620160512
4504881562
134199970
777682522553671680
2743194200
1012099724
562328466
2335386721
1007594039292649472
986132742
3245493350
31014783
718173795010396160
971482813387157505
1093157280160407554
3293712705
2365501728
2946121359
907280008384839680
3167778757
23245919
903904045
16964008
243941613
37781348
53873459
195767336
224223395
2699393459
900941631246880773
1033979778
32302192
877627057538256896
3364208597
1548684288
1013105528
710654891941765121
929009703362764800
1006149495279771648
912349734865657856
1034069997478453249
2556804893
581076102
39349071
16047950
876421490
119660612
570574417
48339714
3311706530
368750485
319764473
2875950113
732557721103421447
27386395
2943429444
1320073663
836265656991494146
1416646166
1128132072
89753824
2324212868
1768365013
2735207551
946164992
3412945462
948018939027628032
2801768621
1001089655758979072
1969984345
1062152843748995072
896625330336571392
1091827021020385280
947368439731011584
1110773124
2853619592
318461328
465528306
3985877735
768235910
55592530
3364115985
1008736639252918274
278953879
883975817616924672
1035903572846804992
3180436956
3343215395
166703950
21518601
470735664
49776168
35654469
16557883
873377215588610049
16817883
1066117853785407488
2396864504
707051700205522944
414389036
843905745242472448
1362639276
2786669582
2764828148
302965970
4796553994
137139940
931147927
816068647424823297
1091912049465032705
750663747962753024
3115294761
1558283664
3383536403
946174502
302472463
744212347519115264
602893393
1194352734
1209887330
19700387
950892244952862721
1088616141663191041
702785870710095872
2592850009
542371242
2579080928
2752325292
75606990
719563484480942080
82712613
968675795538395136
881787841092702209
968636538002141184
909208995021443072
865633957882109955
842743626308485120
1255936381
278913695
2262737075
281345713
172990461
2237829480
2898555751
3831453689
581393818
1017910602021457921
855845088
2523639438
4835486489
145852991
1033828290
268092624
1732534783
4471289592
95233492
800459756292882432
716785148084281344
82333667
2558236794
1053016993111007237
1031330290352840704
1041884401859088384
992000326424182784
4840704659
118406614
885517692341542912
488316747
147178873
1385829727
3288900114
1012767342483427328
1005794959688130560
1668769974
74287341
742831365914263552
15083100
878418857043648514
303598509
474088050
1029849235615870977
2796965408
371365485
1068541611582345219
1014339704366329856
768256858809262080
799733545
2312751577
3229213466
4127457201
779004094866419713
4898614822
1085135632496766978
1084998311147274240
82238919
936047898
737348401
912367182713114624
245977978
2574834234
91441381
32771437
125522410
2478729888
829881163472916481
16435797
26858764
2831946942
260211154
2509461094
3116863526
1869487142
3382755299
3192757580
814824506
1938608077
856471832
720510080806993920
453892183
278400445
289709349
2712902371
956662267323416576
1027996737900830720
2531052001
976579381970833409
757026611086503936
1039070536184213506
3033592246
4827487055
69451921
740964832732545025
3187144393
2591058223
4307351780
6742592
906200472532520963
1695065382
77961319
4091755695
972516578582519809
2680341006
1489776218
158059279
732990710505480192
3973842041
4114052968
947605221416538112
1040274534895681537
943910285928292352
1082063730031058944
731998140430094336
286716404
310026299
4633351877
900494527
74724779
2990169645
1688672498
717734499791028226
12286942
1079756803427180546
223227238
2268041972
1002071252566147072
2493434756
2631088551
451585157
794992162509377537
401790901
47239131
1034188715009163265
1022911551639089152
3150595932
412240503
826880755972374528
1018480419753390081
1003305521917628416
51063378
789516698
514001868
69302673
588770591
313054802
38358516
113786407
2402084551
2685408937
999100031239118853
1225023793
83136512
1065978597326893057
3326379653
3236617345
4777814309
984749105137233920
771794685576769536
958843441072439296
1027571788782419969
1013585586
1029491402
48652378
237893980
711745808
348075929
537123150
206255645
2717918222
1245975114
835242593927712768
3639119832
1059184186823766018
1866278910
359303591
159316065
87489703
806110936914427905
18585425
839895566180040706
953076807061950464
76113047
1016563466520420352
971799167973711872
3188960188
193296075
2658108792
1067611515551956994
28023025
2491631150
2562724922
2557915058
795764466487017473
224974406
23443984
400979653
4882451026
3149875827
535212326
353081462
3400628753
470970230
1927089876
144934256
11309502
466206777
855916729926639617
138203134
2244675416
627976927
458693513
779801073141870593
906228771467870208
713123591844413440
954150476986990592
941444724254298114
295993800
1713100904
755576894964191232
1032602137107345408
903286591723937792
222385435
1020447904098480128
2704715387
139900809
340445091
154534624
722035124
777997018887258112
1058445460682219520
3243283656
2891257500
45577730
709569412370534400
988372871646011392
1057464877206421504
20998032
80119321
1155497149
67003972
200634860
543876839
27924685
1425644274
960218275308298241
1001660296753238016
1035870781220249600
2438934205
236689299
3001196056
3424030553
1015072485199540224
2701073637
1093977798
1559050519
823694527
888482655750299651
3245680592
3221787259
715992882327502849
730202914958909440
25167926
36716594
354951414
74754887
830529168811159552
2966288337
95972239
172367645
3223181072
49212329
1052344216787898368
2285597287
179500154
297996721
719097479636127744
764815917469564928
915381127598297089
391007034
3165983253
1042848350155026432
1001105289003913217
33771434
15521075
1891806212
1056508862
702942034399780864
444927395
9618642
3419251203
48294239
2154127088
913689938817896449
2590544576
753927090471333888
1492807728
3311514177
4919174423
738904572698234880
3324356722
954014256
288965202
2966151322
527706284
777578820102713345
31525300
3988341365
251113934
3524886803
930158662466842630
489012917
4895066536
2526798450
949325582621380608
264703246
2204114046
2836564485
385010273
3662908932
1004854467215360000
74937883
2354219515
326540715
4882664495
3130886799
4558576752
2166116277
2898620028
900108565708394496
221289012
989521438825746433
576647642
807345535531106304
37292264
816737222070272001
48988084
59603956
30233007
2165131938
80135530
1036795040587231232
963682371429167104
819756828649103360
19451238
3731126357
776797615505760256
747781485042737153
2290024064
2777395340
1016413429064699904
223575228
359920994
21398923
777693604966006785
899030756705656832
718403766228295680
115039678
816125906318036997
855796684223205377
1034109835728568320
2901592533
824392010429845505
622805199
1411552897
984080194800705536
298029693
397317974
744879798082740224
840948712948006912
844300166215745537
3293760129
228586748
1024213982851342336
1685908440
802302308226736128
766055434134425600
867147401424797700
1031304242441723904
849295800983269380
897919621
114535688
498542680
900572818999476224
450897810
3131248869
277478106
990173622
1019596485145419777
185631499
1007483498611949569
772539078302507008
739539063020085249
16741660
3127949670
47191725
250750231
4924149613
20361904
132594097
2983985116
949106575276498944
2438909745
953328466308616198
993912792850796544
993346764123013121
731148422695149568
140781979
26692199
3956807836
965235646137712640
995058812573773824
967470389277294592
1003579793483264000
338270278
799415952571961344
1004936456115228672
906961052365197312
919958749401567232
4114648120
119624643
3937939214
706852397843283969
4553061
355450315
445231440
374434925
91510456
195180528
951904306831163393
1726204459
33479312
4230696078
1521713239
3306369480
49837103
934585795263922176
20930004
4320282254
273329844
3317236669
2744270305
39159473
713648564
937783134
968915615594532867
37428060
624336093
2856342156
2956708162
864560037821370369
760587415870406656
895720056717418498
1002119604255240192
1003955043219922944
2962136956
3215815259
3234299276
114798222
986819646186803200
36014044
3045094519
954094118522834944
2871161111
912846889158168576
1527781273
2846675937
22333048
25629056
28446769
980108878271733767
999847494338142208
712448083
799465411238445056
2213018582
2384258682
20692594
1613250103
2616757784
120636331
335339703
912764426612350976
495660553
885221292286377985
1630184659
855641563745189888
524920756
25072482
3562894993
2966418124
710184203166609409
1202066016
62183077
21166230
235893096
958883192391569408
961675634362736640
1074366379
71956509
175150751
1719609282
3021610455
1876779108
870735418731507717
635123740
2191109263
925872825801388032
4798506213
294694915
733729083599794176
1315306050
131921069
2760974530
1417073958
316707027
1606203234
2802558480
562817107
2612036940
2531747360
4393760352
621102394
2425782770
839929906297516034
44199504
791336873700438016
790726546197778432
825078717206638592
40699165
4852297202
325126593
3165994521
1295436643
229711796
2319375978
3303921273
1852118484
271701996
2992644607
426619177
31936449
1656025728
607510734
144612928
21917716
955836433398411265
1334738851
1286506417
207016192
442673931
769846998
1693811
3700295777
848991558422679553
252204344
3061255931
2327445456
1706744972
44229145
703214491748724736
2893477011
876014403598118912
142474747
749314048286715904
364273811
754415958
894275898979082242
898563136092897281
990004279
711407910752878592
21211847
758133342
38726565
920329414310690817
917763961931522048
17692554
934290045447520256
93840211
1247751354
863162285572935680
110228622
185902260
92424604
139876086
84542880
119681723
4536676895
948897484721541121
281062374
851900780470820865
1541047704
831867696308424705
1339835893
21730466
236643260
2309738306
976438928378130432
916630703139409920
299449780
950941944624107521
754008729272680448
2275328769
405212879
847921285065842690
1334719544
880173990412771328
29717083
121777206
25672729
109152637
447257509
345894267
822072732628164610
848603248999239681
166711398
277175095
14897792
353304491
910594173547421696
30551415
380816062
65134016
941635882246901761
2678236062
1132591987
1035365257
918636606717698048
948022274585751553
1225666645
726571489579962368
918218104056008704
1246739090
280732810
2834598676
25728193
15154811
1676175931
15639858
792640280931475456
119510408
711943165008154624
1363969016
864782973211693056
39282190
821666528
515865890
21128334
35337456
782325
875008292593991681
33104659
575655913
314758565
182409386
736279086662844416
888518722834636800
990595098
770490229769789440
763019806832418818
17175139
3023212526
3515595192
293116923
2708242688
232646395
3158227360
3288970110
2467226497
712299509393580032
2821340152
366173107
1519183848
20126211
607381741
3318058999
761197265406955520
21086639
15282907
513737928
143086518
634311346
705636555231096832
2848551188
97720543
194456924
634958568
723223799789920256
873293229977948160
547826546
102872780
806393046
907171346723024896
75280866
888138636675469313
91368841
880615979134455808
1905311407
727424200567300097
57592092
32147629
5957992
535788107
1227942846
902971183276142592
1308884352
703033858455949312
2730852499
147850240
1102039165
424748347
15926695
2590210376
16491676
454977993
124531889
2730329486
2418122101
17042078
42558652
173911513
242328548
3432968842
795920472428847104
828019634
2365729350
321933
879895802046447616
16196443
41206681
575832877
1727443160
701764234217189376
626622567
37367682
2710580269
2768055348
339287236
2556004510
3312317120
730925094
2811770483
19760439
357364935
423159995
18346654
506857278
16946704
4430730280
864556621086773249
878740200947499008
2669207682
3654847993
2616125786
19685750
2477282563
243262497
1158733934
789137337364062208
167845625
3066435701
1431348835
20956102
405033226
197662233
844923313960992768
779291057473323008
986185758
1932662647
4064285776
1144882621
1551017384
613491958
37710752
313140358
4355747416
1443614718
806985592915578880
512195743
3430582660
3439045985
239153508
580797552
85906238
2154461958
52133120
147295417
317216139
155230346
1115784079
331228486
526226529
115166941
24700661
998407880
824292426961408000
804407825128509440
176883031
266304760
3073871212
2402497014
28942854
753643249668071439
147615130
247793823
3416035636
702637155105923073
21237486
1547838528
2704427049
20638697
724736052670271488
161028753
85614177
314363969
2631958613
3444976463
484805313
3699877095
784337659632037889
541811858
143288784
804631682884190208
766440376332877824
784578372332613635
735359064486612992
1557926192
34043908
2740084885
3386265407
1959863665
77941010
780512516615053312
1173255505
16852067
736655139965145089
20478716
791105518882336768
3154785578
2527186124
276203811
615610797
296624994
2330701658
27717221
708736363441606657
707649313556537344
303941121
54956437
285165232
240092062
394888717
1279223695
3352824794
720686474182664193
1359532460
298574523
394320303
18467342
710800305819148289
617263822
293825211
4517353827
950646728
16213210
262028568
78862818
188200114
1216954058
319951733
43593
3313174584
4757324228
1697976276
2590470936
3412333809
18658280
16629477
183548902
28912478
3288383966
21242028
1949132852
420574055
16174754
46485024
108391555
77883594
12819112
35306978
16648496
14085070
107986772
177729631
16153338
4264388416
2929467051
71210524
2282338147
291559186
931653361
21048097
2848686809
132238178
495498585
1237502864
1466836495
1907039792
2364853507
19843630
31088181
3346849744
16373266
1421082818
19416598
43199901
67232748
1367317068
627639994
2821563630
26089718
311811047
256424454
211301636
35263127
140345806
2511829459
57939299
303111909
137836269
3180033032
320268880
319770079
285658202
2731401072
330652858
2846201386
715494596
194882234
324663673
3141306053
95938895
47983577
280808138
416388645
432897296
2402009862
205144389
3063996936
25140707
2205348925
1337452446
87715935
2606575102
