2217401528
784397947374964736
378259736
55259925
3023416147
1117538458485055489
27931710
18027434
347639930
1182761232
45607134
2329066872
16935292
16076032
23839835
998756030623330305
732249320
549771408
15197336
938591535603617792
25728193
15297769
16905544
20551303
15325142
31869934
17053281
15970050
388521369
40959308
15718363
937749788895821824
274786484
539444250
1117946352074481664
1116663784385515520
1410099223
3610866256
1118709880401973248
1431775027
2773770781
701469868856635393
3027029673
34923877
14647570
3537013289
734839394985750528
124234862
886932319025586176
1089569771736174593
421187891
932448851159633920
1134042079561211904
335646429
2468382840
821699497
1573873243
16527415
105641325
18368680
138203134
1277614400
534967401
27013292
3010780784
246961837
1382606287
14989473
455630100
1018272679
304596133
280549531
80681990
288876085
360667849
753193031973662720
38242136
234505009
859140118745157633
1104899800271593479
1074169130
166677844
834063850576175105
982017242354388992
2154127088
69218082
736600128505548800
323869695
312025574
4847609213
125215990
4798906228
106203727
32132651
2291053021
91353230
2802993134
1291995642
15859268
32722373
37935680
38530021
98546373
197501338
252794509
1076533113017257984
15411998
117514658
1308357487
3331318251
33898299
931192354501025792
36959894
800007506475044864
908032870987567104
263503171
125770940
251681634
312194762
26873747
2182642586
392311269
96174552
429350790
182971565
3252553022
375758512
1488318918
234079522
153085446
48824637
173863004
3145930709
83649318
89526786
351099511
4451725583
36459133
1949973038
16833168
3890381963
409486555
937499232
2860949349
801185159433322496
1098971611
500269490
3081085796
1018761266
1173231918
16229679
217295156
370258371
378197959
34324846
67310036
4885789648
716145348
847941055412666368
783811666689556481
728617557788381184
70784139
560651280
827138602937114624
24537541
873487517487702023
18198832
47856871
80936722
125400714
944345845
748512453324070912
372393409
4212999921
37111107
104848075
998452879
1473122695
3312317120
30872787
501801749
34042766
720960693097340928
321351109
17441868
259938890
868195368864890880
1144882621
50661512
53771388
996020192
14499829
65416742
14620497
181735712
14528306
89452000
139831142
111374525
1568960600
700048165
59138639
3928555703
402672255
40556788
253688871
22562961
75249298
12414552
728555521771331584
15492359
938219030
812324121166147584
26083046
1460016181
478208405
845339054522687488
323154299
33964618
134541272
592877877
2411903185
242443144
3300432047
508641637
90482332
114276080
274374700
214404702
431586713
1138478190
369160307
1018962877
576459328
3270293011
36684314
23259960
22626195
4835348825
3326052694
472993981
1264469215
2168307354
2311098342
613697055
3368489087
737362108397060096
154562617
1483398570
237173361
2788046676
28405485
16341166
76332033
792055793143123968
176256350
48208577
26061064
82649720
71536696
145621020
59131425
1388540226
369375854
855546938
709510842836979712
3261533044
4096731443
606656963
787124722198863872
2547280123
3302931958
14260960
471504594
725394089357787136
2175843914
14867154
413411165
1225565544
53560219
448552985
1149942961
28824136
2372023459
833716199431208961
3395539901
3717293953
29854719
123878965
38640107
326202254
748587742053994496
1544468570
17238719
725399671443574784
737641519264501760
22129782
2675340704
782874849190383616
780538171830378497
266414202
421275603
85227160
3086317109
2811748435
2899149439
494232447
2154461958
168712343
3013788055
743180649356419073
258930059
393134557
38465211
33068663
407395156
40065170
2839379577
821616540
386570675
552086186
1213283748
294155891
526624220
980046830
152597785
525054575
2424512820
1703281502
538082088
2613861325
3419696937
3050280361
3067784176
2350395900
3254374742
181143477
141381999
1115784079
2760505067
30328053
812269908
4484915903
14085655
17818254
24212723
268282057
612115093
2796381076
18898143
89205229
360630242
823703354
298344031
518351582
90722404
38190216
9420322
136031812
487833518
17536486
21623298
420385985
133583425
238197220
353307594
271131732
2675409236
54645160
16441982
1629626840
278295168
161161344
406761349
754435927
2563738292
2828369140
24169451
85136701
19347347
11274452
8539242
570715775
22784904
2680707834
59310742
23085995
1891806212
3314836361
15224867
871991101
23771696
759081
8161232
16906137
30278532
183062443
2424179918
25562183
140093395
36719281
22573758
259506084
1093090866
2651715308
48715988
19710792
1582853809
241983422
132295107
14543569
163308959
23322694
198689275
72892116
2867700930
75113288
2749223617
252265592
22708797
20272531
2413352126
38489678
26832834
15134240
27922157
32062804
551782957
379827883
264121073
602765648
3002784956
246348124
430908830
234863811
26903206
55266192
26003862
24906671
117662694
22993014
176376005
19491410
479725929
2801259392
573799805
1097934120
177502839
26724955
39210029
796961894
6450322
22837341
20216125
20420559
253853953
783214
78707887
24057048
19597508
1046661
184267208
36375825
32431468
263721362
37030356
18843227
444881672
335377847
414526585
21581503
34554134
418338977
19110632
16245822
334708043
15164565
520777221
14204449
25087685
394130211
404306096
14511951
39781503
276833634
32372834
85841811
34675831
57709461
143648809
25589776
74831177
19715924
29573746
353980645
314397515
377080855
18206318
314909003
290240019
310616824
8963722
26899933
197444578
77888423
17248121
19402238
23575322
15862891
17089636
20601500
263960522
113142297
239565593
15033673
114610067
759251
6017542
46186400
23773325
