971112272713183233
996928780366041088
19267482
978824341969235968
229568909
792057482663321600
1149942961
1023203915062554624
378259736
915846773955952641
111253056
2438329728
984113731624980480
183733933
716826070473949184
43882172
1362064410
88453323
632753798
831861993682386944
26053232
1953190801
470380811
1323728234
243034314
2449134570
404774269
11274452
18037907
93592839
2375990671
23184067
2204867796
1308357487
586867644
28757892
2985717244
560190503
736510584
149816845
485494418
39478906
763924914
3312042399
1711218901
444901246
537829444
201621338
370632927
92240142
273047740
553420878
2782049036
269740073
1392360452
2714242976
584952028
3336762334
1022348828
592826559
25396941
116749773
222556188
160566435
2611861146
19244727
305834639
59426167
172690676
828698262
106978973
278472254
45343292
374210544
299880820
331479422
65727240
97714506
42195712
118529302
107143667
1213283748
330390486
262275595
279061979
1069070102
584089217
1459069994
1911561308
57579512
486226178
1357518265
224557597
2239844702
253976080
85555796
