82142715
32431468
17137628
863972252840116224
501705472
112317404
3096865030
784397947374964736
944345845
1149942961
378259736
3016632889
750344739430555648
55259925
3100765345
4119799757
2316070057
2373735295
1613735768
3395539901
2218039537
322039742
245789900
1603573542
52834243
803355055860707328
302071347
106176977
19271592
180463340
161040645
68505678
23437420
245423566
21303251
80018255
309921739
220362718
17400673
124483262
554702667
36492388
18065266
188494725
168757829
36490075
54692326
186154646
19038934
126387479
71064895
63177215
304603978
19003664
18965790
22190567
20539937
6433472
18980055
39993713
78972234
364488011
