2728819065
824000078
2781242816
39853540
1648106443
2962136956
4645368641
1431193141
247001441
125818007
1056174061523533826
33387275
1025538004167864321
959116523154673666
999680365076930560
347488561
976847716826402818
35975948
825872719287840769
1360894320
926943404381978624
866715644053647361
16461672
56857281
1716121
14463848
182815759
174358926
164759805
1905311407
3001196056
2882506048
3948479302
239509917
888109736784089088
25446380
3101015701
2944953687
10328012
1039867481467310083
1020091683008962560
4008939737
2629973764
890379961072267264
214593916
3182667863
35315865
2875950113
409536938
73045157
986794331582365696
2920526530
255545898
95292805
8653962
101005636
123661002
813800346740867072
2325126489
6974622
956163518
88498742
755057897583804416
912171150138122240
4009593327
42790254
628489181
341244862
1640929196
768238384900964352
1578156013
798272467311751169
879928226
83669132
787573471932919808
1057496225329618944
2937502370
2228448258
1951166706
98546373
44783853
68987936
59769395
750406769269170176
2994304731
1051127714
564919357
16005806
3910127533
80135530
1007284936720740352
787373558
1536791610
737626063065485312
3519587539
208643146
15536990
1894841064
78970944
121750689
1948095715
519866130
2815226916
739486325267562498
28023025
74508260
1080584229510172678
1082334352711790593
1040034655544598528
976902344490323969
994225962
373526339
281530541
807806754
775457794392600576
87899230
803793171746590721
19234329
2943429444
3245699440
260880504
99599045
85193539
1102397552211582976
2783231383
1149476549898301440
4201482497
7391432
214365171
988845479751380992
1147799780803805185
146502086
1005193054465163264
113669819
1071358658
157238495
2763264732
999788264478294016
236570721
122130797
16314556
500066062
2417085025
709111830636072960
20522831
832995492623687680
2887301980
869685230
3107789363
95680758
272604633
296971297
227879769
242047201
1144882621
722038699844734976
636188998
260759782
22162854
355906128
275753970
253707649
34169085
2478544356
16857753
3751784176
133448051
1287130849
382893972
1121691825624850437
1042809109463146498
38737217
16269197
2650689364
769921313137754112
187763403
2361108396
720523873
2972541035
864191974584307713
524501086
776682573401501696
25136930
24186319
627332717
23609856
24802436
36744940
26073429
46737694
1080830346915209216
708003265363976196
2270987491
1860836588
3201911199
220675687
845392971381927936
2252231791
1557362719
171881218
1010675329785061379
52704889
30082420
50578347
999293378
1002386521347854337
323519359
97282705
3223426134
2710618988
2542147483
262430906
4919876231
3950225477
575905433
17296792
16817883
908505001584185345
42651647
34708125
41467301
321563970
2537867839
30162425
275349340
323754242
331854460
76023590
3433026682
2979965537
748207868
766476805775785984
766647415076229120
2286010009
2792555011
407770579
706979704386031616
1620556356
247894004
1013578454
1959198050
1089947946613919752
43963249
73238146
357606935
15492359
621573
19722699
23962323
1435461
18700629
18477428
3246266793
257149409
71032037
33343245
3290762269
3755263512
591474704
2385373249
31936449
14897792
1155497149
310026299
846137120209190912
1005116389
214154663
29142656
264356595
104512758
2556618092
776258846524186624
2395146296
64626400
1550879382
1080111260979658753
21733692
20555997
2610218390
2204143046
2974862175
3266258420
3380961148
1363508408
2683828650
972189158377709568
1046233724709298176
30395567
1138274203
1007413909
769846998
2457755340
79937043
2495728562
145830934
18803554
39822897
16832734
1100877248
142849883
1275136292
16930378
70415274
893780203
198596758
2804419597
918526868701167616
786425479456694272
14448779
378259736
442866144
257778230
819220759465730048
1107694331710701571
972238100998033408
1075094204014096386
1117836660
52789743
337476371
335339703
947605221416538112
943910285928292352
864560037821370369
1374799134
2786550627
829134464
19397942
803706605007028224
4559961313
3021697442
111305843
65134016
4078445134
1052536335641137153
108433643
1037799673682124806
715116851655614464
883354495241027584
903904045
173121387
1134541483871281153
27088775
549397664
343454909
539674340
532241456
14750983
21164844
2149996640
121869155
4877243555
14155907
796700449512521728
103019546
1445020782
2825269537
2182862052
104011921
36651076
892069865707667456
28179833
1081982948
222295722
44648896
16326882
76757597
3011215375
1112613873876492288
4203031037
61623544
172418264
72894627
28446769
826996098979987456
1050508072362405888
1045348761751490561
1029907493789544449
14538808
2203237903
564585074
907382738
3256347019
185112963
15310950
187518287
3068926985
141376289
598955229
1195576268
410380828
885717482576551937
10402052
728664931504168962
26279106
3028202687
860000251
926239612321828871
191701412
2325933786
909891288891363330
26703751
2161027910
817152932022026240
239499378
752967707277029376
1108282994
14238795
900253694255616001
794682394603200513
407938068
189658688
1007463154362863617
1106994145309032448
867082143968575488
14981648
1285581390
1192968446
3049268105
64092459
1092380557
482431084
2762661008
322375173
2669093508
70614241
1128686427783430149
4775364622
2922071372
792782630467108866
789978933747916801
182839127
933808561162874880
937560966
20711246
17997467
417398596
285428413
10809412
34645820
24694089
23954200
83223036
382665518
899763601589886977
2192592792
1385861262
989555863
291852590
2392979306
2597044345
246560945
19474825
3329323684
18871354
198633438
898289900860186624
4290963136
473633317
320316891
998208890650030080
2549047974
1483721365
330976254
411076507
1139402750
942987817
256562063
468535521
185066639
866013050758934528
484796656
876927877358403584
1069972078651072512
965366246
703214491748724736
855641563745189888
876014403598118912
74724779
3314541690
178335736
19101095
1020399050
763053867856715776
867490007216381954
978711829202505729
353226065
211197469
81986450
2553471030
738047712302489600
3242860195
88008556
2964671343
762851762092937218
171313785
2927200279
1106189174208647168
8942262
1039564438033100803
18812301
2013741
2828796622
918280912512651265
24886167
39575580
343045067
392463691
1522917078
263275709
709479366946754560
75600769
338505603
503279480
15764644
73754019
320268880
1551017384
279418921
985759850
858850947438706689
130584469
127700439
19344825
1249676965
276736172
589635417
2215829617
50004117
1668703620
1081564489
509452275
925132885853696005
2313950822
1553603904
713375028
484948338
958321164048191490
724647417635688448
908075733351727104
1680036950
904639567
747462494
719343355105181696
2254399340
224715866
3873228269
1654222519
750663747962753024
705444196820393985
72766879
1129467306084429824
18174520
16663709
165894671
15290926
26083244
57031500
1061623501
2660384088
20458261
625070495
36252186
36976313
868703400
2841795280
2148009361
24259734
143086518
2270776861
254806092
1895019607
356407124
415075929
838910660469735424
14790966
47747074
1027352783928868864
3809733737
903280061595443204
59038273
2467226497
1721075600
26664495
1138709240
31611298
703260518820159488
896162791568101376
1410549492
1732534783
1065256739774308352
2978837542
24209167
155858106
125071102
713043546
334082070
487624974
72425383
16656851
20683724
378591943
1128073127840215041
1317389042
376000557
52639170
126750134
1494228283
20486916
2713681855
107131501
482702454
105973401
95894506
277302744
1044727611946139652
19613485
175114195
829841698565939200
953411091177947136
2225301985
789619448848146432
1866003865
887152821321297922
927055195
1364704412
759640504371785728
174847568
944657395363479552
1006419421244678144
971195134716112897
879823840691572737
60730203
821974585
27147528
592358235
3304913886
1558406653
1558283664
307589282
14290018
2789845442
2975039805
1081444314801008640
66182591
2478729888
31443503
14729597
17031976
84189927
18622869
249518485
27692965
460480841
131958771
3063032281
624056226
718495181914316801
228794007
580097412
834744307
29475822
430814310
894956909471682565
1075843579724132355
613714658
564698061
2746245980
713083735478898689
62673705
43132502
2786669582
2259590486
14211946
2688531696
1363206528
74287341
314700035
715949840610562049
2987147081
813028210598350849
22427824
61593294
3407649723
4789268313
573915508
2431426674
118836884
176932593
20937146
121989099
423693990
1511250390
186384496
19563103
166022406
1923959160
2482300296
3071040496
29083197
3434411195
68770833
336063814
1107300953290625024
19727603
155230346
1209887330
4207731253
636586551
355036400
46387310
15743206
2197365898
1116663784385515520
255334719
1060940813209866241
16027616
1480385228
964761966
36232805
707598818456395777
40784594
2827030130
916647574597177346
82321731
203714426
1583573317
2811503196
2784688188
725148630026440704
1648901436
927256867637665797
852368185198166016
904948448264204288
184827475
136186969
757661593
2757048200
849335624058458112
898568826547302400
800459756292882432
993913676850782208
613491958
143761668
947917151784009729
872076043838009345
3347982970
196458749
910621028212203521
932025245631787008
525436671
781868620817117185
2833024980
51111863
2202163974
100367386
818147910
248686041
573639062
1393929685
228161853
1032311272736468993
271331718
845888136
3080285290
712006890775941121
786047748508221440
70784139
2967402199
16491676
904800793
1961356742
19843630
776866716
385522168
750847031388889088
1066868172496740353
15357521
866628698
16867101
3111733301
98906407
235410467
551600672
516769926
973540383950065664
1085606780967768066
636216638
430645155
4839502966
191583687
3176122837
7382632
35961145
234985646
52269655
26307306
34100293
50085192
2391280207
887025922959921152
862037690597953537
750022168675688449
15471549
282583684
236143657
2862441010
974403035010162688
3671138595
17111266
192357350
22478416
824756523834474498
785924787432325120
226222147
40319574
1571153389
112017031
588770591
2509461094
841752626735775744
575568280
927597307708796928
1006015254873112577
950898588518764544
2701073637
252692751
1099420674148331520
1242140869
46243937
94741751
165551457
175385761
23450421
5694822
1096058449
2949131574
821784477076750338
4636121783
634109297
1017533350918139904
1244622433
67196459
472587261
791429457584136197
1095784817441026074
1095000073019293697
584170685
27927246
13393052
14817191
47285504
2477282563
28479159
836350213
982754461071302657
4796553994
783792992
14911509
15154811
112475924
17385903
709204884759945217
19357262
3438737343
468520528
43910797
20715936
137139940
741042725605113856
1018962877
984784026044116993
805191715
2168940038
3452694926
1080539438508400642
1034520149414567938
1542372750
23681556
224223395
3069207256
16852067
1004126125558304768
17899109
897619785508200448
19054379
1066250100
3956879655
37931225
22935397
1079769536730140672
575655913
1431348835
1158733934
1079104563280527364
2354915125
2932140623
469048442
227273077
1708249423
379376783
548384458
391445643
362149148
962449567
102413533
73142219
366173107
2165131938
702945893398487040
38960144
815733290955112448
286476728
950952511556538368
435331179
431001322
2258458464
86206737
115710058
20150502
783758822175285248
2546518086
55570400
978488368727232517
750491024
1080844782
872156132688711681
991804826
304582737
1535273520
865717126484574208
14777884
14652182
14229194
1080516116395499522
1080695666760929280
1069685515786600448
1006948816233353217
965266179836252161
967027984426242053
2774186330
3696565696
24024778
30258963
15519544
2210631722
25728193
467924781
48988084
246939630
37752766
1060262917340307457
611278121
387332001
23666720
173968705
30844417
2704715387
2882893927
464501201
39250316
208120290
15134240
738080573365702657
21420008
28852952
103887282
91628690
798168879293956096
2387044484
12363792
1105277533
18009781
85976096
17248121
2897873870
3119051237
407387443
593633883
291932617
849923532
14949475
1015240054501986305
342863309
465046121
1064634601723830272
987940220833280001
14942684
14942701
138203134
1653637472
1015280136994738176
263264823
49698134
5741722
42535683
950810693569318917
11702102
32608975
822099907737776128
831600297332047872
49044592
479848333
514956453
820656193
888060295
757303975
774728204997328896
146538068
1119939240
534634874
3060489838
2209778173
1049813033730678790
806862084277407744
153424779
75974281
111456333
602317143
917089592284635136
768540141556076544
166739404
58545637
468741166
476907667
1015821398365765632
24889586
835310269647699968
1038102293747523589
16809083
430995737
701037780831371265
633980404
20609518
129033382
4902991
3238023407
52823688
32156206
92313771
461218147
1265759174
755705745383886848
216065430
179248364
143381041
139823781
19568591
784306342739648512
15846407
259893296
1322823056
92186819
874401319171178496
524396430
15234407
8963722
19658826
19402238
16895274
17842366
17471979
15862891
487833518
32372834
393852070
391037985
1019255267442286595
18777269
48402829
2366790071
2832244034
280619711
280637023
1367353010
1677111744
1242393440
425529528
2484232134
1476206948
104931467
3430416833
4181488516
845042323
2726663570
555327308
119376050
252010693
36445142
29442313
970207298
476256944
171598736
94591736
14885540
931239693534093312
46259889
228809471
629846753
9677372
41427816
241382835
47786101
999011594456764416
226320142
28143837
17175139
894971647429677058
84220039
19193188
576429873
27864285
14517623
102167281
479001720
20018016
59507957
315201044
243324920
3100136137
781558433510137856
419874168
831904850204119040
194391044
24894213
32414973
16046535
1117102549
372388987
427059715
271915137
367776442
875029068223315968
2334193741
820378690920058880
910492003359760384
41384136
252124716
16045268
12413032
60462205
28334733
75587044
17573212
480775470
17572133
29584786
968821264331788288
8161232
47216804
807095
14159148
9624742
66369181
20437286
19616718
164691705
121537720
185397767
1697125236
2459771455
2382763716
21918310
94391895
35415477
15147042
316704002
2571454915
21786831
755767333805821952
501197826
2586325573
2371116265
1603531332
106195374
3387772978
16245822
74474794
14647570
17292623
614723944
293063938
278249128
83468214
18470222
141328091
13132932
793442243734544384
5392522
28406270
3161754854
15808765
30354991
131497030
20068679
370239609
825043982006759428
821782476515409920
18215973
824332206952714240
824190260338954240
824320219866923018
824473943931293697
825153022653128704
144286635
939091
409486555
813286
221498247
2435689370
216776631
1339835893
738027664808759296
62513246
49045315
1961368070
2280739831
937461331
1228376384
4727788517
872343744
3559858635
31906334
62606201
745823463500296193
17447212
23516976
79923701
16878156
25529126
1460035021
74576018
2296326144
68233373
37220680
107833557
18770558
82369350
969589147
2831615570
35826458
36735522
52259314
2350513440
593884946
2160074869
586023449
2359926157
17629860
73181712
745517888
2353746080
309451745
572227972
205019475
128621305
149970164
102669413
786985500
55710104
16119927
992264688
58314646
9284112
17877000
12965832
216536785
961231092
1451773004
65765682
57750211
149552483
54538223
126369932
339890121
52407188
46396269
116821507
2992383507
2196403315
19515424
15743267
11348282
37710752
19725644
18458348
16290017
39302589
90420314
14199378
20065936
14592723
15224867
22708797
818910970567344128
325830217
5402612
33933259
11856422
14499829
146569971
21324258
15566901
19658936
14293310
822215673812119553
30313925
428333
