2310862562
36252186
110189578
2184361416
95984800
2828486519
259863564
480883946
374726395
1159526388535369730
981259709356404737
60506242
1155002607846531073
47265209
482120066
249950657
32410378
246788299
53767041
963861041301151745
3400687953
131569828
63004503
4421977275
35654959
2835276183
979212105533440000
460697217
3036081407
2194400983
3090831425
804944695789047809
874017902155976704
4977
576436187
325716763
261338579
40296465
231510077
604890566
18501574
212445456
956163518
896090245321674752
1074384483628007424
12169762
428644983
2556911782
1355218452
1011783419901153280
77855804
2342613998
992541822122582016
446512557
234977061
3197770658
236928181
77522202
154429848
180535644
288277167
1117817739152973826
898533348
540435194
724282165178032131
161349582
3295355086
941125283637317632
19608273
2435102318
37990581
2473321435
1128373437553106945
120499199
1347875372
1065731011944820737
1136244933587800064
1151692796937592834
2963445730
823023385777242112
299273962
899377318816235520
705807268835672064
322735335
20658469
71576852
276688330
3055987871
1121492192235806721
371136000
17833215
435571397
206631462
236377257
21879024
243324920
149277809
88434578
2913856564
1021225598608453632
698876319698911232
868262932441968640
553186153
118441619
2863558902
864547843
41587954
46146563
27069873
1082345074955030528
17901032
1083537782017085442
4812517771
4375253602
13461
959810792462995456
804343686310088705
4236732634
3244269936
3165691046
28904686
20023015
1146756647475453953
2158601123
131046246
1017229490949259264
898541705124651009
996790477902008322
868673067223887872
4900058284
2927153678
3794074649
113724715
270101349
115463768
456120938
69358848
18135491
260276311
55769509
905538048645058560
18766459
15195539
62734246
1473753690
18580432
26858764
3131585530
1533085194
1056172722013831168
735198701484789763
1026855943844360192
63733046
3037232182
385706410
1138944478729740291
1128039551811883008
237637694
31611298
20934069
39296425
273829582
2962715181
815733290955112448
1301602244
25598396
818830485593866240
866426699193491459
14888467
25946632
227755413
934281246435405824
7391432
15740776
21260863
21879831
248429222
1100100471744839680
1131026707694182401
4315982354
506429053
4870676313
22545453
1144315035281440768
359188534
1067184119686340608
1037700835927633921
34133456
1084588610517721090
1074193698970370048
184128260
12354832
2962285217
613088225
1675563421
18278965
61371461
17888709
1108020329643823109
21445143
460470940
944676674
801100959652970496
1104228390272413697
887874084024877058
867775744713400321
44039298
586136477
47216804
50646511
725023325223833600
112337891
2471774629
249346453
1082686135124451328
3869574674
310374952
874916178
772579176956264448
3954602488
152713253
14544981
1063541327692992513
2382289075
1477039015
39722340
1044236500165120001
14542977
53078429
36771787
16438494
732611818951151616
1017843857088708609
624056226
1070083706822438912
218951054
33585446
827880002758836224
1599266138
992198453898948609
2325933786
42338524
3519587539
2270376266
1096058449
1872245198
2792340065
37149113
65743442
210226021
14852707
740935048283758592
1544468570
271331718
17678529
716145348
16931273
121869155
41509348
2764811815
13250642
234309722
130834299
2154127088
2306896992
337318821
961231092
737073655004401664
602893393
320376718
38359576
1053393969005187072
33773592
2192592792
20624855
18513101
3760488922
322658299
547397219
78744277
378259736
524501086
38798614
557068003
187518287
45122898
1105964580088365057
31013444
260759782
980784490594361346
372799563
430048955
567508925
809505297907806208
310662144
3217743118
75797367
823349426504642560
29160864
14318611
22027975
1438162062
262856460
44808326
946093379544408064
567177688
252643801
2657676338
51547100
77926504
14294848
349658423
385124675
20730692
3077487226
130242083
2639506672
122130797
15962096
1033459004
1143541888785571841
825031421999800320
2273848843
24540476
449301286
34005896
750343322
4560874282
38448268
4860642025
813158712
285844372
1246504897
112341018
3286887050
17094858
136300373
81817921
586291040
20854891
223904974
1638417583
452244618
18147943
714119314920579075
4842380058
3048900145
1006419421244678144
25343780
1053450787
192123466
23700532
78757783
15681817
99547455
38891078
18816166
16169366
1685849892
1113451860323647489
711796520
582826566
18594777
3816062073
184856528
1059878590009896960
967027984426242053
29003791
1183907521
855544844843974656
21001599
50403600
373566752
470708968
48941466
832359125157810176
792209558
933808561162874880
2972964795
1093270760477605889
371261854
885717482576551937
147091051
3177913382
63059720
2863633107
718912447772508160
143631813
21789463
821102114
28599820
81220055
385971106
876558081026600963
16721452
38354090
56567290
303920056
20137622
57937201
68070073
1028417600001196033
149780786
21506521
2820227234
539665155
35692128
605846173
182972879
15155074
3745274363
925414518729199616
288971290
1050619321834037248
3077955628
16547587
14707666
261045341
1664075966
1001991367395041280
2367611173
2967402199
2163374389
2936443848
4076297296
940430785
1265895577
25889985
705512846923325440
36051695
300642262
125392115
950531
344895403
21733692
22087167
206541095
44787918
2564587302
3560870426
25255225
716784508264128512
792100839175380992
2937185044
215099628
2258357868
931227981867077632
1272776588
216385227
20702508
15825547
125717166
1512021254
133343254
1055907624
4486093643
14119913
1214435648
1083395264705122309
1068273911224094721
1089185305058557953
24752038
971051135996964864
845419942799462401
54459471
119166791
895361099557593088
2253654474
138028508
1070928862253592577
936643257219592192
963000916864651264
847419084224385026
4282171
856490877300224000
192050063
1171109054
269911034
1081222837459996672
3129968261
820193528
931187167811985409
849797646038556672
22570053
2294733114
1086289118022258689
402888514
1068664304474497024
29201047
83374478
308794407
844350629812326400
339473364
114315370
718172930237030401
185880665
3002445879
119829799
19682187
252204344
308407719
864928799603011591
571297251
859863706552815616
2809015505
23179062
861780651556655104
40283272
871558597141987328
53636988
2616238525
283661318
2363290530
385886037
822131894540083201
3546775457
30303189
16018777
47197374
102745381
2727445917
16542604
461697741
714540346617761792
732567915757744128
894605351403827200
40302336
1081794095897546753
820187383
26306441
911823340557492224
1060315626198069248
133666693
14560097
3342344613
2188934334
2355808260
293227742
92186819
1004830145620971520
1063347181581549569
147467535
291759889
50197083
958435057
18533219
16378486
435331179
226320142
990541368777953280
913590706974760960
943329246637953024
725414687240638464
1191696067
30754329
28406270
3231054427
55997506
1102946882257670144
1095356994779779072
28420827
1336824516
753214075539193856
192824559
15837659
894664386303983616
1035115134182744064
854565384413888513
2843108197
1081885769306914817
791077327
812026213208354817
22151193
978925633500725250
7768892
14348157
36890681
73754019
2685213403
325385270
1101621906522980358
1101613545500934146
30056843
940832767
719298725252739073
27933062
822491301484576772
942518599171928064
842399429940412418
36823
594722648
1325972203
22490226
41432403
1042162925933420544
15622371
955257405671055361
135251339
50086454
426028646
1056602317821304832
206471317
835234117000265729
1105103650312077313
253770286
33127693
20002797
334079075
824670348410966016
190426393
78995028
98704135
151712673
2319632756
24212955
1228462620
113038982
52521572
2223157392
21346883
1316278645
892275857779118080
15098373
15770483
289118612
277617233
544517731
34785922
2187852453
408997119
115208162
740470142
2163076560
112489991
1051516399561015296
458183580
3433028235
68330798
334811425
2735655330
713204581132607489
292634416
3118833259
918082298
37168804
1444029422
1062837840000757760
22046686
92943533
19188730
813554157097459714
32434738
3938173949
25698682
1622051
4487547981
226222147
16745361
735093058862190593
23908154
16977023
619959481
539237574
14852216
2864340789
553396754
979377622428758016
38779513
2424178550
514698715
802649176299466752
19558732
102594136
2790965270
65172298
898944370925121536
14849562
634734888
783792992
249060131
718495181914316801
339838202
22129280
335060282
3374087099
1276170896
53355779
14230524
6173842
85583894
847565054224584704
1026239538035863552
931542069239271425
818960092628283392
3327720838
800111181058838528
3128898925
1717330770
31122582
26951743
955904270309756928
20581923
16058182
144300104
14134204
181620591
1080405922923593729
189028749
1044237625085890560
255087111
2786053933
1206780888
3830097076
726050203879383041
436930497
215937650
3235901261
351046349
347289480
351168331
19784391
1022184328065900544
3317101261
323120520
29721663
1083142521016832000
148601866
154311445
84734907
64197283
105675946
35831704
26946348
518737741
14441363
85413907
938533034659168256
835740314006511618
1090074311497535489
735705552567685120
898565402346827779
2513432804
1626904404
22187085
25798568
22877043
3589140374
100888691
1016175488899977216
304025698
108527993
222064690
780557492673662977
948154982628495360
1049475664804532225
780210192885559296
1086313908821024769
1044148562152620034
14317413
997682274
246357149
2362712023
1073777869791191040
162753440
448476934
2773444862
1085976199569031169
1719378852
1621331689
13502732
1084835170807672832
852934200714043392
134876979
65707359
1552575762
2248389990
81305054
1012069891573248000
2435509679
41582030
3369536441
804299064414273536
777182871727378432
109025212
838780767564017664
3243356006
1020721472
2458781599
1578778609
1026846663149793287
2962923040
2149741254
206001945
19299909
286761569
4484861787
752499373989326849
839246845914251264
2602262088
25728193
36173812
275704766
2899149439
25934234
17171111
208692908
752931114054881280
34022952
1081253039963422721
25911963
1323359341
211620426
11277292
14769495
2203765556
374297021
19089077
2586636884
19907840
81478236
22429979
978529020303196160
520445177
1093239036
2377958781
1007254170
732649152807469056
6904792
2742539024
701612912
3105214361
701725963
18950262
886670260698591233
1122506204
502135911
2583617371
52522232
168350399
2911520575
2441288900
86129724
929352192670208001
722127759699505153
19683903
16170860
14438269
82435291
15309072
369219105
1015231919057981440
2762889804
16933716
14113492
317394465
70775995
808669925116182528
1490665124
42950930
818488898418601984
156146621
161335306
751283435382067202
1868300024
3194657940
13493302
595739003
114216255
1057705430305136640
63020070
707234133286756352
835552373615493120
1461448568
740196109990125568
277587469
3237741079
70499835
1082334352711790593
263431334
764962305578786816
2199786713
1038029969027424257
613212190
866953267
33563810
772941628134699008
859062296
713217283246530560
377596566
115823765
761341868009361408
259395895
16548855
897619785508200448
834974435836833793
34493952
17837184
2851552053
174110843
130496027
4878023320
397507908
28005774
856916462
18677951
23847000
50715709
103734037
31179862
24909606
589244564
518744362
1020058453
18511844
18967418
17094311
1566746503
2535060096
43112319
8071902
472987747
16157702
127950286
98247788
6235752
900030011075436545
43514656
28453440
14290960
853229442
14788518
14504279
23833058
838351435595149312
580224794
14246088
59883441
45781898
2178681566
15463315
2594701
880419742280019968
33971066
528153058
117562853
3613826297
120897511
1075781456893493248
850219158172086277
2612770442
41609220
3486042676
863405239
34960648
28543386
20608701
27246908
73171278
48463418
29444962
26557077
14441010
22032817
120120773
1522696928
239211082
949425741665636359
4441477785
48774028
365492456
16745015
15766082
492094367
75742264
904848609241325568
15455834
16631925
125171167
722191639305928706
1009148629318135808
813661298
1626317942
544691100
24241520
1066780541406588928
827976635773239300
4051989855
1073604151303647232
1589386381
962543966
831403577805533185
14668563
41323136
818022653105766400
3671501953
907860183505915905
2462660054
1056983144098918400
2211258451
34792486
1017119179449643008
2582082913
857723470804910080
193277754
15993122
406765227
2806253912
986956174301032449
15066876
9440792
876122378018992131
14270791
3295461289
1020489768814170113
15610183
60620992
15662569
42869411
1711734799
376819015
107172099
18774477
16029857
750389033579184129
2228403630
2863821095
15820660
3685103662
905764884
15032736
2910571290
17877850
15113584
407387443
974436389587632128
160981196
303356447
734192215
58852508
985286112
74033949
333968621
426400287
1506594858
381647068
305012429
823556784199782401
18201309
3041036130
848542042900893696
65537597
14367333
257927054
77146337
1436223307
16573941
731167584
858052038315450368
325001316
809795723323723777
105327432
1711586252
234144914
203983655
15212700
967560701098188800
365687890
261157191
3060489838
16623719
1141269379
134846593
17393196
2761646836
31356145
1022248346
431441374
84185133
13671782
1310219550
152778479
1604444052
4196983835
14643449
2800581040
3078583849
828634914916442112
2616590970
26269143
15600419
353115093
313386995
807576864
221470391
199796510
274818423
249829509
75662577
219070649
329865729
300418156
257126470
222368253
193336046
17384099
49012699
103865085
2734713482
21436960
15500649
15165493
15165502
16619832
16876667
180200031
15009735
15102849
26853548
14982625
25565646
14944532
13176312
44134466
15921684
28184452
467739426
16958346
33602654
15463610
159588456
15461733
24919888
67059584
293850289
20661539
27091468
17444573
882183310985842689
76944176
893116137495547906
3355313961
947556120016703488
2601418286
17851942
196458749
20446632
16495205
3186800028
1034665733005959168
3032437783
740597986846203904
969618232175988736
2839162228
2728002146
391973876
19038768
3308427048
3008761877
280095809
909536139861671936
934500442364559360
182545611
65277959
15324851
1471021
81596673
2284715855
31520742
774407512598704128
33400961
298785229
97314708
87281493
14448779
386568773
602176605
86943909
22470826
36105937
282494045
52584039
561516853
805446101851586561
983899843113443328
1021213055919828993
28749260
22960461
3382395964
25629987
36604927
15220768
32871086
72934204
874106117886005249
21579498
69722895
15814350
385689121
181068473
1968846060
15477302
767799995823169536
1029429296732008448
22737278
19186003
66417224
246998779
831726373584650241
249392133
16612625
86005005
90089578
717815154134630400
827903745145069568
1029069799
615262221
871766546
960341855736074242
1655394278
750599578345431041
968229300704030721
121594838
710075024699424770
1859194244
846288493
36391332
759068652
1645133150
330105456
422721396
1638652646
3010426722
1525503066
2882979183
204890149
890337301
34019920
933586766
2694251311
548932152
317998035
829751770431762433
1853707680
1515098382
29993687
265583353
2270467808
8393312
700432586720595969
18839937
2909691652
470296629
20731304
10519282
3300814702
696793
18920834
948601041691533317
322236244
629814575
869295527392837632
352177434
113417230
1218163777
2272410223
548823518
2353769964
2615155192
4758165623
355438142
47034934
16356796
62336405
77883853
21786618
168560126
33652667
802635400015675392
372563164
826101886390525952
12382582
162613995
17889970
4870444589
1021294144856023040
872174340418277377
1896269172
103106629
34520542
112479899
1117637474
305772717
1309287014
844142322
465046121
216065430
2222133360
3500621545
892219807
14125005
834529854339088390
710924174919774208
979083958821388288
102223165
1053886795
1033142532136415232
2587554037
19728966
113250460
495206031
1220645714
1018337010010947586
3171468456
796015982762463232
3297241
1009577803304656896
412409300
834201194419646465
52357982
109895940
761474819044970496
91942071
36298888
758772487060676608
235809142
112526560
107186754
122028774
753071846359232512
214294880
624439541
4817699064
983727830558298112
292615553
780808926577070080
884880094388465665
160010755
2293940731
998345349742907399
389976060
309710694
46769303
793109941754159104
21795923
879862458709663748
3250813374
12224342
2209778173
191167764
296845202
863886690439512064
754775250
786271822358585344
970738628203704320
2859448331
17094392
1445274900
61731614
19943886
16326882
2575205850
1010644878043144192
819350246278963200
731665212567359488
246570766
246244754
3716474661
66213051
1028450505918488581
18627768
53503202
782292383450955776
2912920591
4894047674
2514232914
54308977
26425847
773612484682981376
17186042
160714252
26902304
16399168
46749346
18772014
83738589
3085871
32888024
131415618
25504203
4114036743
11055022
12792142
370423897
378113405
16411908
775895600822906882
2334173726
10778572
150802319
3388383819
981960751777767424
76837768
851211
1965420800
23746411
966007458530410496
81886848
4082443340
332118291
801311472
731855934675255297
362111287
3635990477
1964971663
747434339265187840
23083404
2783231383
801146550151880704
16404932
3208495775
825865933080010753
38029205
874415903978508289
2802194439
183756527
12877652
104894644
49508220
29231012
26516977
424067771
1496181608
14858158
195371102
2327867466
317518956
745235587
1013478621703360514
829712720542830592
548445142
79850022
950103149351616512
2732774214
29758367
2330939720
38625198
1472305028
22162059
903317400594067456
881222783170228224
845395325326168065
240734425
255616396
2768922304
777676707037745152
827637158555033600
534440013
760530965491884032
51654515
345734343
2568106930
21567649
826275936396046336
17467023
824726751209066496
37352356
462143773
241823065
45377176
29932841
364164046
25375092
369181355
14188985
17042078
1689421
16877374
11417502
29342640
208717580
190403384
55534385
16897352
18240645
348843518
59077428
43904362
1452598400
20002004
18560524
192511759
17791015
34266258
102417054
14662016
17668502
222412674
795171072
497406692
2414669030
110772878
1315439827
753984763115950081
861739776008957952
220265157
257119149
50648026
4147973081
2898678765
436928862
195553045
1010158969657151488
1273350824
1939767962
4385491
4739534952
1153451167
2362962776
1482779976
230377199
208671203
2432666466
18087961
22546692
14675395
15704888
71026785
182238594
121486521
189266945
8394312
16024323
3380271472
1446659371
38316003
20029472
30447805
17890601
16395449
2881906803
1435402220
2745086185
16637487
1000390320662700033
49217025
2460397219
357601960
64801266
28416309
2567365058
761167885720956929
182141751
956779022
29370120
1014181553797201920
19862329
763479951744139264
2906666380
21448569
387186414
2423168467
13443352
17672251
125386072
28129848
47983954
71082732
19454670
343776838
887139452
3267563892
384295743
18250860
93568965
36551620
2686186214
960723452918484998
75391984
918649719198330880
166625023
4560060141
172743125
318697688
490039192
28187205
177020082
82548466
131403557
130377242
532824281
63242060
16151835
20492950
126042901
341947278
164380141
23128314
16318976
24796319
14232963
61715911
12418482
198393911
14751849
18082219
18000189
2176527421
45850990
17974481
19867072
83863138
243428457
3730595723
697096584195080192
355957547
3195162454
975893978296983553
1003033595987070981
999299214290161664
974094774775922688
840307179240472576
917930508
2896099018
823558302290341888
716432228
988933731934134272
1398740964
61811986
240840475
42783142
451090261
792554124
1381088924
63514682
979833155619344384
15453
103392633
909589900130910208
11915822
6576492
394046454
22059385
14957147
771152516
767502969633841153
2254602494
805541802468114433
820705814906339328
716435110845808641
115732878
24889586
3375809956
957835063584010240
944136063160868866
798782417930592256
829909999891537920
2593708296
801549353227841536
807326747301675009
2538371106
372646055
1167735445
722242009
4888600459
2243440136
766250432
4894231615
1927923236
142415193
14260960
704125665881141248
15712097
701750402786717696
18385293
2353556968
360046324
127296004
18094552
478945877
18097184
991647995715358726
931301698009812992
38936142
858469623594971136
264483918
1714322792
928758856859000832
750368076
137395584
79309628
543286530
176522431
19701412
33224364
1313413087
1520647914
1967181110
10474882
835209278600450054
109974187
1669609364
1363545236
32443514
893316758987128833
1002552095894134784
2962868158
743268500647510016
1128886760
3062017830
2617691017
308750887
76459109
814261651
829982179148992516
38790053
59553554
17018594
878951256
16106508
340613382
150472697
21429828
2922253582
191148290
705124365
73216488
927178428058685440
1911076292
756903193901162496
46822887
860555190
826982179204915200
2750947686
39378322
961699316434862080
404262588
480834441
215802917
565706104
1320895058
1276928106
1305986786
1218992611
189348994
92649841
537725764
507438626
26260033
610171507
27895201
529540495
2763264732
822917574820118529
59331128
894629257313304576
728416512063750145
31128653
19245279
21745575
136396265
282392576
795153270
873191426573651969
3124664090
14135350
36712233
14641347
112764405
1968962180
47379354
977044972707835906
3497941
19560170
390170244
990679218383187968
785209740
34383891
19273919
824981114834018305
39603710
29828863
871505717462573056
42447494
864066454567747584
20722156
809124591100723200
109099014
1001651135235674112
568519130
2283036890
903277484346667008
943592780403634176
813772855586471937
913018932
806862084277407744
929399289436147713
227530730
390408648
1461233647
42518865
2155641480
1206279740
936469309664190465
1220068964
2533392452
993226132018384896
3247978100
2233814316
31285982
16017753
14239043
889346186217377794
769434511
22076992
23295813
1537083554
965853302570102784
8548612
2506232588
20764031
824720523904978944
994934460054429696
895814938995957760
2148079790
97957904
3144844312
37702946
16873455
322896990
21473334
90804970
21542518
530056944
129905901
2565507516
4878610324
18285722
1400875652
845392971381927936
466952405
828452915224272897
2836847346
42780235
125400714
860321080896086016
896044435041136644
4866930863
133528318
771057360898891776
892726289597173761
849610022044696576
881297888017567744
366441394
817664289414742016
85945971
4783067653
321364429
1081513452
317609300
4585280052
419711275
820744411
777553629708292097
4831350134
2438808708
1921718784
706555539174645760
14702119
2476218884
30409200
114870265
752299487477895168
24733117
827972838
743187235818725376
243814975
923732753828290560
4716252866
18082945
825721981161046016
930885876
392325363
372029410
3411096124
920023898154065921
2739262472
2299784766
841437061
846014785246367745
386538440
808051518242979841
17288423
489975747
2649411908
16807304
823152971626250241
943227283153793029
14875284
956677897359511552
65382842
3015065775
3142776116
3335731978
743061277107494916
63595490
502259737
742806460346830848
381644627
71323625
118876530
26270971
22848503
772330080869621760
19279990
52613032
162219704
484732529
973057067614339072
778550398093135872
408996868
2938027075
2683596829
30081493
2569237019
524032092
15984495
316449565
883077761127956480
1012344390
3391360361
2540534274
432134884
513415057
34904263
1454584544
321767799
2564128819
2852075027
1050708078
861668545310097409
309680827
404179950
2876041031
991949621902503936
984457534634422273
335745982
4876296974
369813488
4253388732
935526595648983040
894250558667853824
2358278094
291780711
49453911
390925665
56580804
1426008882
16286782
9336402
29995782
3418972445
982796582054539264
897505907914846209
42691888
2279883714
23465125
591920938
16314021
711026018048286722
248735463
992190896501338112
341602491
1425333223
309705905
21833728
171212128
961305779671306241
23623194
100136358
2984679029
22803302
604940737
537588875
634635574
915998394
537193539
740978092534059012
117778179
139700601
2983162518
537963640
592912724
594617548
740109097
1087860428
358464377
841799158264545282
508006873
3083379578
4785764884
242957292
724037074110783492
975691262673260546
306700590
705414595
841770776550338561
3858116242
931239693534093312
35728669
789893896172023808
3044982530
837091326730645504
936684271707627520
990193227436384257
4224420198
711031364
758497160975552512
93772152
26487077
1872366252
15987188
1169223619
1483064670
267856525
284602316
828640738065805312
16187223
872460123125448704
34171119
437716891
2970682306
16473577
2620668637
14338931
825181839358701568
89544556
904719917357957120
263503
1042101
46995424
720392495591346178
24544195
2552654778
402139895
843571300098625537
904165445254696964
846412137547403264
140497508
31339831
189238523
822606925703643136
3659450295
124569788
2317202599
732515283902943232
2996471822
915383260028506112
738263420659630082
835914541514928128
764811858951929856
53418403
809525639934046211
824460816
844225368630292480
14086813
466888807
922041259
35403128
1543915364
22813666
741665214832070656
893312734980227072
928949262
20018219
595245502
232869373
220086346
14638113
955875021930532864
763000801392418820
2541122973
60089772
215952307
132015712
16600770
228144288
292035368
32189132
15554922
47797835
14649254
874372982134759424
19522510
748534654685315072
623137948
1006788936
1685886054
2433704864
127884040
21748329
545361165
25465628
217147972
15753057
47848003
411405379
243563201
301750247
365939318
249013720
21104257
252104045
93293716
250211424
104673756
836922157
13784532
91426605
384586666
745363204105191424
473458987
617427064
832682291247800320
2913172269
1021998649
60918063
2369117648
841890071557099520
743129287461588992
52392666
784752329245556737
846137120209190912
14649177
26259576
46184858
2202109835
834078524277456897
369870041
834163916213198858
30395567
805922628871524352
445322449
2761026926
306491708
16264803
941754604118831105
310256718
948696353093439489
28638413
1153225206
809545232979083264
180596658
824378067929939975
17427513
37466429
390163345
912864259259777025
3190080608
39764029
41533816
69281027
864454598743994368
25291859
13918842
1356368317
402181679
1130042420
756459446
44600466
965085578076176386
971175622360883200
700594439408910337
2894983569
2932657285
622345716
1083712148
811630262006075392
899501065564966912
961414951184158721
893900539083313152
818371891937296384
25570632
47348884
915140405628456960
2575163150
931693855316918273
482362854
619614848
787373558
911997885956349952
890216312840081413
32298194
51259456
713582080291172352
857457629592989697
64306543
336851461
479731626
230029676
237477771
50833422
2465580476
25642187
39979971
832094441796087809
927751333247111168
788106218040590336
953691495361662976
355825599
14435027
4795192662
124531391
24827447
44678417
820098415
742695104
396685839
33596934
4805897607
183684975
958088669373648896
45649429
941796606512386048
260555513
169719468
3393547569
4766815719
38657987
920797077185101824
4899222069
2899811081
290496120
76038071
929860720359084032
2857461284
891156904751370240
936973494293811202
822514505456422912
721934966158823425
15439395
65992743
62290422
1715051
223175518
307410294
984039891351883776
3187050150
893633123707047936
1372512036
769109757969985536
343961846
1190974662
577757304
2289770467
800713486229614597
86390214
1117836660
18494510
875461576748261376
539946264
841605077198635008
32140200
834557348270059520
18000480
14279435
390973130
63857853
1283359081
427059715
408036857
786309892990574592
324977272
770654003151724544
109404985
116359717
800390653028876288
1509117468
228794007
59081330
70511174
17375057
1507338108
793786465532600320
817797539764137984
127663699
485993916
2332044398
3001892157
701687290
130584469
231521378
14062180
14985228
13784322
2416261561
804140905301217280
1103940366
976718760
708447318475812864
55476641
14590723
151617922
842550390818201600
14948068
293040120
30120209
1049171
20508720
1135512301
107773189
30660960
12
95731075
17874544
2840227643
16315143
2706430603
880974775484547072
817166972764962816
732709659904200704
842398676714676228
1520120790
17220145
22891564
277229509
15271133
3148736402
3111268847
2165856025
3244305970
392797365
49510236
158072303
36607254
42343812
16220605
716812878
9870292
705462819517550593
14298769
794573611847811072
41806795
149197471
16145097
14987728
26024010
163573983
30034124
194711023
88662134
92522167
91815273
91143053
94818435
3309924891
3441024682
1679939094
1266209922
360885858
500042487
3924002953
80937511
23151437
738080573365702657
292599839
238319766
637338906
1373486120
467726691
132496568
172863320
268586749
744967724304998400
2989776823
15639774
14788951
3377724975
4431639255
130134063
620728144
812107118
21705181
34528592
4875056659
963184434307616768
27499456
13953642
13850372
104271823
2211274191
1560953449
22276511
4831796584
4826676199
25785311
404485276
16878276
209603620
26346508
15115280
29243936
243381107
269860540
803263064824913921
25817610
3686482216
768394950429908992
1899141181
769391704025640960
373189194
42719060
2796471405
72198806
2753205853
560815552
340613443
944771214
888066140710293504
2620323673
935583967817986049
87935815
833224452787761152
1716581
433439383
1446853159
101910309
14877862
269940592
376211514
971604498912182272
278124059
1579458798
1688461530
4780115414
117501995
1095839376
1261135321
341190477
705706292
950730395829534720
4541535439
94415153
4886114183
231577728
939570735059783682
882086666835337216
847137140043583488
742430098545102848
785090532
1390077248
3974095701
413330623
3316022099
2851633157
515819614
3396871601
1225152512
705039372429750272
930815277071323136
884432188032397312
730585237051203584
2307140582
830159655519285248
55320382
85246343
769308850986086400
3894095741
112509750
775453217492574209
36731836
36123309
34905591
34905356
28590056
28591277
348039692
28571938
28585321
38002475
97217537
820403635666305024
24190981
2893511188
95610041
613712440
2951982069
782240737
218975278
874652879138803712
93269181
847112657228480512
30367834
286476728
4690043419
1118926609
125519902
3252386060
3107917998
61346451
2785294014
2992721598
2482584992
16863340
324816472
64034033
35542154
920905949795246080
536904693
247905476
951022363637936128
706659482277945345
184536314
295285502
757735684471861248
227010728
66464745
1604954443
86986302
4517565515
464943925
93017945
355903289
926164634570067968
15194242
16308183
4863461564
66943273
31961001
790565370
322618609
710179663281319938
3084976703
908631278
731212009769828352
266409664
384949368
2992632478
23807759
3008164805
2951930285
37982492
3251305226
3347237649
265839485
497160743
20609518
19865053
881569857283739652
929752815559462914
415117361
16378093
865296897971560449
2712674750
8229082
891532531
830946630819991552
201257029
24113137
4751882834
3058713120
4242967601
825518870421180416
2801107696
17197344
17848544
742174872239902720
812132172039491584
957879723761139712
774400599437680640
943906396180905984
840793840369905664
773363712988098560
25483140
39353358
775705854456827905
807968504
899326858331860993
105624431
37114816
12641582
965703626306895872
14955456
3166653756
321774180
910492003359760384
4827618171
2804332645
2389784060
26861998
15612015
720335136
14619354
901527414655905792
29029556
16101626
16365636
545235190
977827865776582656
973310164257460224
286998245
36261242
452465523
54239985
1017637447
250386727
15576928
246939630
726806564359692288
138168339
3326841488
4733728937
225193809
23031094
710549160366358529
7749152
855899789002756096
938839295401611266
704930903299133440
908909032169074688
826537968278056961
896509031661043713
702331579356442624
854365675267215360
862849836156112898
3100302381
888111995848806401
857873305721868289
842487907931762688
2756349473
2781343604
2424584461
873580938109878272
381731070
936781617892339712
732678376306188289
44368678
907759856429527040
2990409607
702164052466921474
422715354
19530289
328474134
16224224
2165596296
1924071992
800906652463398912
162436508
41761325
29292439
71354375
481439919
46648807
39824409
414331122
120176950
2898412768
19750159
79784897
790657468560990208
388589891
52551600
19394188
36711022
292719867
3962426353
768147122
863637005250338816
81172502
91664466
2374466929
842613476128251904
4599211280
314421811
2898047183
24961826
792054557501038592
1193242950
1713047300
235314844
731295012
27027979
148878245
475272928
135244073
56465770
14692385
83795099
339005081
1854971202
3898305639
1018222248
21212260
73484128
70487025
20430077
16479017
9109712
36681590
14074515
314616452
25091723
271820370
2196046621
1112493930
963859825
26572460
67194996
18144581
18749026
369112285
180193383
516930114
2216405453
702759014753394689
115684356
81155662
600097847
1392658543
84340979
36697110
34829750
350980419
46475007
3194592704
50652364
32215148
80602735
27114180
3264508501
960947017
19974666
2205974694
37940492
214587807
425984364
52021870
58794909
191437382
796371560814772225
859851165525266433
1387179277
2979592469
180055224
106597684
44104395
1320656142
3341872458
2876420003
25159286
56637351
54943431
19553544
35013064
54167272
54312079
36788063
20417938
105291845
47503255
15267559
52593821
822328100
1129443330
1640963209
87086505
134724020
1676417382
121886064
795990399265476612
43330797
3315182226
20452755
27860702
1433356862
1222716350
563947547
2829890076
28012184
2630204565
2747681903
942156122
21213276
16565260
18633493
17871088
102722975
292342774
556177249
25930421
28468549
24112747
28576135
19667766
17717287
39986021
31310158
18090660
249844732
3082870926
3422845167
343063239
127887649
2517829520
886954594152198144
573173793
36889519
91180720
17552119
3082986275
3000379755
18587799
902670504409960448
430306392
182500827
822933732856303617
821497794179506176
1267564375
30799939
1488822319
760813473949487104
1580986370
219316380
760524167175348225
342863309
3346653101
21383658
26878188
170735298
149249831
174541760
16894839
46342997
2535327366
3187848737
2955403212
3118810453
40057701
787149253302812672
822551217763184640
396518706
727434111040651264
848154694119813120
1195521564
513714411
574782207
297632458
18713552
15384720
56038149
858466264875900929
962669257338294279
1511360216
129841195
2011081
14174128
534891484
317365928
709242714374537216
760953563896016897
16801580
18698555
50325797
14056532
285698560
59642301
6498112
19136405
739844197935644672
14315537
2298644197
842423007834443777
21792170
1671532566
108094234
2858404829
1726426795
767446940191784960
609939733
2379329454
4737452655
787948016858701824
965521107343290368
14235078
1707321486
2209742392
128389804
2439032786
63302020
3687721995
104958345
2861844508
21744640
143192279
6974622
2687431995
953681936651714566
809168545330450436
70850557
33995409
715879756441513984
719419641827725312
352673744
26642006
39364684
281877818
1345580348
31586980
14381110
3897567459
964211769928544257
764947687573684225
723511100436799488
21955058
59890077
331854460
143842414
766466694353133568
859294034
757118699212009472
3786996743
15327996
92996555
23005290
4484115214
2916867288
386815916
903396046327255040
4810070941
964032914626359296
892491627088011264
883146133840830464
284241195
44883029
179810978
333734966
949387848591073281
851477335052140544
1915033663
965266179836252161
223166587
77764733
4376835677
266917386
110422282
132191101
226707383
965231053119148032
767880404321697792
34371118
19670226
25842328
325076723
146689102
1639238282
1434683605
702121489
390463818
2335072347
1287741464
480819245
880649497696649216
3529807455
80077721
249788322
576296080
851711263
877966071617212416
21267867
21380227
48762460
3101015701
386001751
735234690194542592
21431618
856596564516651008
887704019296276482
18382184
27789237
850955642592309248
865898987836014592
859805626398121984
130649891
783214
1434251
427475002
234489024
100260262
64916983
254873869
823576198852640768
917902551709663233
35031708
930508879858995200
947956236804337664
4235379015
810629063484338177
30451813
209300960
2807325629
45245231
2611745515
465525342
937689794200719360
832089263038541824
797899198645538816
887418059501305858
510464011
1413850909
17565514
2577116172
582993732
147238440
380561145
399382619
113081010
124275070
2999158160
810709142
2590407811
50385830
44570946
14749383
3312709145
13615722
733489219394502656
817200381210005504
801497172839694338
4086206899
1700490932
1019016924
16470450
517162010
556365501
43593176
2651190312
2209542872
575658149
716564185
2260619350
20772763
112532110
24165761
42101151
4814118751
382810104
539965863
26101133
24233458
902934107897909248
29549839
548384458
784038868827922432
116213384
2285573606
2956682863
2239388190
40079154
1451773004
50115087
189253902
34743251
13298072
2329066872
1248369446
943155781
3365784490
2221883407
1522115689
350379608
789303014192402432
4048091663
1064031036
155823836
33537967
726045447639453696
4924858887
1174672124
774628898491527168
160244947
16912124
14717197
20818801
17212474
24431892
14478260
39961555
14772775
3091728423
15464697
15907183
19570231
21375366
67825149
13314952
91404378
6627762
15745908
1439064992
623796293
17779377
30943022
62127399
14713195
158094598
161163311
17483370
18649510
63542062
198724748
2553401142
73619718
190138306
26029878
31069618
8084262
874222351
15470236
26022894
19166519
20511850
341064569
15163190
1254412448
43503
25757370
1041346340
1724204797
2334193741
624517612
2537845206
25153443
57411021
92806602
1440391434
49941155
16003520
2262028567
98735088
529141167
78990577
2928077501
126658389
174700333
360541000
36623
2576356458
398651535
224630490
49913379
100718508
15328342
20681763
961162933
109570633
1579977954
72583136
6134882
191766395
149666064
4951981
734742248022237184
846317930799353857
4863338008
612391165
2716825429
834438592218951687
34664371
116777432
454901705
988518714
151774839
38753356
2990326167
2280829176
297913599
210801961
175379105
15629195
8708112
275728568
17018765
848076045836316672
2978067916
633757433
2355519100
139748997
16402176
50638521
913063647295016961
1937534324
101848084
331538339
329586626
784811166
385377678
49000626
364511203
40309296
294071256
296298630
104360244
410805006
576063229
32836955
4103214737
2319112904
314496527
596657288
404661154
14443226
964058228
332981235
111163466
19341389
4845723581
1520296801
116009193
2613775830
280822613
90275200
18650093
27335898
84641456
30035057
19234681
29695330
16827148
20226248
158679118
59490293
17808151
581318317
25531164
2315512764
245720591
29769998
16153562
28350927
418509252
2729061
14857525
5743162
15978412
28162211
297100174
14606079
30050899
19034656
131935861
130596773
544586001
606219091
326071624
50826711
3389902378
25183968
14475268
949934436
832840107023593472
454099919
71048726
2382106993
1286312880
44324383
169203819
183767243
78161129
3223426134
1308441817
20796069
380814299
15201979
187838951
11621822
26326911
16442379
47658459
56847039
161715155
20474813
48071844
76715323
299877078
19412785
151444950
564069706
487116033
843636874065465344
839887102829547520
815708250217840640
843595546073976833
2918161040
830908366377611266
714891474
3072098509
4091551984
18924291
24789175
256496294
18622869
453319164
15446531
1345185876
7855062
289342771
15976705
825143318891917313
20718994
2248872301
15113565
95463107
84075278
38026753
459269265
759481842814726144
487736815
1918453633
1314604885
40623450
1462778790
3946977621
3298131248
864520542245859328
525863594
19583866
280859516
114628978
2785786534
125938349
1020507319
2882821691
3294540146
1679927011
16421133
4253283263
31507811
30086757
587590865
233196535
175478314
103724763
14508426
98912510
528935723
1947742218
90672134
2838581165
2372255124
108757837
18404135
590148026
76411385
56843421
456010628
16852229
921551586442260482
4566798972
46707337
22180521
725214379
410742025
44336107
615500906
88813885
16631487
69643591
312692534
576348030
573516744
1382875202
105998402
383949169
501957788
2830135540
2994806789
237886660
259444779
4693784292
17393174
2951068272
338608917
17814938
55988606
805818974
274294204
168674628
714863750
317239636
1422984120
335350868
976351255
417998851
44177201
234346547
1394938208
777944766
2255393256
460158510
863177605
16664012
2556772320
22274658
153552969
82217548
498344851
28241866
2180624725
49160900
48088050
409713409
24809936
602482680
964985510
421613397
340881792
2804522059
622301833
61817626
65141130
47101500
1056552596
58504135
212099695
104699352
69986363
3173673018
3893481085
1462295809
4758656415
1633841184
2790208140
711816619
2799800447
3068634671
1869322068
3249603880
2821098347
756468091
18650504
3439254328
343072845
3371335648
4464170135
138203134
8567882
18713314
2233154425
18671559
2172922045
14982804
110326494
45055696
1262776610
255747911
66561957
23779324
551433993
755835576
234014087
46131997
372536101
174423593
20106852
3033103596
46233559
113560280
14779526
1383272101
15939644
2610018072
64441184
87501688
33276161
41223126
880486706000130048
903626685773426689
23954775
472587261
2529194850
20725994
36171004
57047586
2314464974
38879572
16895584
14364626
96766049
126014497
15496407
869589693226201089
831961929946132480
114857580
3096642344
1959556592
625022363
887344511810252800
19502995
239548513
19568591
264924050
845833560611340293
291796175
23638228
26053643
24215154
513438991
42686894
58903937
48776603
24879596
1583413507
900868190
875414572529721344
104007074
1392333228
3487958846
378187017
205864193
14504859
17029640
724266556268666882
35586563
169966847
2317524115
861219703154454532
456864723
96686084
859407768058564609
25606671
901467184773378048
728248697654415360
3119449389
594911608
3308352436
143063931
619247259
798953701972938752
821387408
18464266
870077183028604928
4842325334
1613440802
51263592
41509142
49067535
22026851
11104872
223923589
1415386915
865596523328946178
87788695
60610778
364488011
7591572
342803375
886281857930809344
217654510
757270831600840704
3817401
829520081616900096
365145609
85839836
386135734
21114659
26792275
348478575
18704392
14579548
15185960
823729085318885376
849339150000152580
776903357390688257
798936281954668548
29275869
19077091
894221489616158721
51092292
2477518435
2473008774
274538379
3313258156
5392522
14856348
275349340
793442243734544384
797080559839309824
4854332050
250831586
329746058
124335068
407290914
90721484
46197784
8431352
876257323026722817
21534951
84713765
2678846534
28618231
24236494
861766590945267712
66409312
889455724216143872
890403558264369152
130945778
880875833614880768
15515858
800707492346925056
271725689
394724132
15823733
742855314
877264102476918785
2242675045
193840135
303361757
476199422
1264788474
843112550
3438941519
884578187392544769
209710589
70595791
368928149
884105787081150469
878739731219189761
926620369
47098558
334385278
2297143668
4207961
15808765
30354991
820378690920058880
3333055535
858711436377370625
32338228
856551428512333824
500704345
22406853
44215023
2218248985
17045060
175171636
17998609
22656792
36972997
101802390
3883416257
17366486
937499232
1581289837
34889448
152866991
223554780
14700316
17899109
33933259
75069067
137091791
326560315
16868756
370189298
2864510134
20813935
841713120653508608
867227132
26165922
16967845
394741838
33600887
1708085340
309207293
68752979
292083207
875029068223315968
715242614178451456
831754946
824421059336232960
411194625
321005821
239170356
16513335
27306129
200090056
522282462
1167236948
812231698070978562
398178146
1398759560
21293089
1651522832
26930725
35990109
871466086293794817
430705859
32780218
850311809898864640
16504257
261991370
1976143068
734731678778839041
15660796
22845770
14397792
1468506780
17593847
7611052
33439720
90763829
27217974
286277187
417204218
3253884866
16503916
262680071
180815351
459362054
160946337
17409240
19611483
8775672
54885400
66369181
18066440
16613128
39384517
351146388
14159148
73181712
347505959
211635204
343452680
394797701
16669075
15647676
2359926157
17629860
115749048
22975495
476256944
14135426
7334402
232329293
19616219
218325695
4265599767
20707070
449600949
580312540
752621952322318337
20560162
102748068
18686907
14457021
1044241
3472750333
248044499
22678898
2863488598
357606935
79923701
131497030
1071777608
244655353
2293315159
3908996909
58569513
859889104045080583
2377815434
2923395689
2358302612
793808860008026112
36065458
810619093749559296
4112496291
4784560922
828719562027835393
22811937
36726020
1260351642
1459232030
186755547
186667011
375662595
85987926
167024520
17436250
284487337
3333389553
22771961
93069110
800942537083068416
991492536
25801216
52644968
15166145
33380978
431719095
2479224200
19608588
19084896
97994396
2316383071
17169320
14939981
917105330
17582486
71028123
130617778
807989942
2639853499
9300262
14434063
824010746090704900
824270573203292160
824332206952714240
824326864407822336
824264707641057281
824139632354988033
824137712286441472
824116562768621568
2886511731
809500736455344128
813829404065341444
57779415
83996344
16319594
194663014
491631309
1115874631
111683028
1769646126
252411597
2889924959
1897335180
761573034259996677
3876356669
319777415
824439371902316544
824708824800059392
839420851099471873
43192807
2978100285
2928209793
570218986
701615052
393852070
18173624
15687962
2724095695
148315696
365080399
185684821
562981626
153860327
845743333
36491229
187289134
18040475
836226687272632320
1092979962
1058520120
247334603
338736117
38148704
85289376
256881576
420810311
29501253
810590628727914496
728673283
84164607
2421067430
66451163
17890544
17907987
17442457
2360170550
66967746
134975165
16359233
17301707
522828682
11134252
14377605
73238146
43963249
17494010
15764644
128943538
195783637
792610233277227008
14573926
199844545
251553556
27042513
241382835
3063032281
2715115656
10810102
780206406024691712
19918005
19867477
26909691
817065038032687104
834081571493785600
57371662
21728303
19055698
602721749
2856030754
246088673
2863996955
816438390862282752
48644556
16017475
2602693411
30699754
3862356920
816066355
4915603701
3249228729
19346439
113064158
14986598
65826122
382902452
64954756
1183648544
28366439
1874319986
233783568
825043982006759428
18018355
299802277
459872442
635608354
2370283937
731132367058968576
2573480784
250397073
2721777926
2883324256
4239081793
37738073
95427261
249150179
97040343
565521611
1024172582
50374439
75974281
47285504
391037985
47786101
580097412
14190948
857291268
34347535
2918426355
16582131
1640929196
120995738
1357975226
15359578
824368251266228224
21059255
1005045960
545309711
266635682
247881085
44988185
29770501
65698096
61083773
48410093
183310940
12044602
3729917117
19562228
88749392
20015311
6539592
139162440
256573865
443215941
826213096477904896
827333298292682752
827223611924688896
826948974162624512
761257471952379904
801159713035612160
2639857345
171968009
21228708
3960716475
25096930
36686040
826309249315725312
50393960
16228398
824153054731759617
203060129
824315778866417664
31353077
7861312
15483390
61285110
37999041
293303534
31448660
115710058
20150502
21918310
13492102
22144278
824467746436120576
802333405358735360
1051396218
178778119
4842409420
4861193479
4888808435
1561608704
824720106991349760
17463923
70496137
13393052
21035409
26604904
17853760
824277855832014848
452521774
2303751216
16955870
353225544
156016878
87271106
16129920
126406217
824876295607554050
822365448947658755
90420314
24024778
824494641890394114
1700007914
824473943931293697
507877806
16448466
384923143
4625687418
115485051
618593
125122481
2828369140
399457244
824118138409062400
916735110
552985513
454313925
29774968
36711678
373373336
824605991987806209
824157441248153600
240923359
2652798583
824190260338954240
41675868
824028553067032576
824320219866923018
29442313
409486555
939091
36968571
304392714
823565852922576897
3240143771
39000115
27187343
15459980
20755177
1186585063
1533879260
7688042
16186432
144868147
137541218
1128731
2850334539
775853366
40896292
2899561638
917197254
889952330
3368232034
17575777
385078582
176340250
525894088
15924131
127870458
19735466
176659759
23149521
32671625
1535591431
277337146
24881388
14247236
47475039
373564351
102770567
305655582
2667857126
279390084
230527949
225235528
373157754
41412650
304679484
777567250903552000
87595338
39097715
263292498
66263785
18080855
38743836
254135866
537521311
90456985
15577615
35835377
3449394496
29932858
133480829
1364058637
19847765
316389142
915726438
49698134
215207998
302312898
66589338
17603663
75641903
26565946
35094637
18228898
145499533
18278629
12266442
17006157
783445779923013632
20744708
2496335227
34592908
14499998
799047255378391040
765618069062422528
25734277
716813053
1729108554
2166007123
727177577576669184
19278046
29450962
1058949462
322845993
2355794989
386915587
125453969
41633203
17789291
4493550442
602813224
36460498
19608297
16600574
18916728
32774989
153801330
172858784
755113
57887331
108370814
14513611
1122192223
61734492
318831260
378206995
4728566596
44196397
1106501
128608886
2862586207
15837189
79199981
15447522
243655287
20100312
167229393
19886160
55117855
970207298
2317351705
930620467
16583577
723041419531685888
723044339127975936
723043469460008961
1323397650
295325513
26548315
216776631
111216929
17085007
19789439
3007118333
4242653652
602317143
44177383
4859979779
110075039
14202817
28049003
3420477195
1089762355
138725262
14091091
133067266
12415722
1519723458
29459863
29472803
2834178058
14274132
14075928
157218534
80273245
3068446221
835474657
4213568004
4428374246
15000857
183675164
192667532
3052123905
159021627
4801040905
24807616
62513246
11348282
166739404
14981648
27908189
30488144
489475164
14645160
65647594
2716602993
3222926083
4115202137
2239380096
4418090668
143912910
21785215
294420379
8623332
18194898
16580226
11211372
10126672
17264476
3071942610
3907577966
153784150
3392188198
2894545655
16186995
17462723
18466967
4816
606776750
14788900
331239050
27097150
33175761
6427632
15781317
15119140
18055737
149340809
4099171
453892183
178526634
45143254
331518851
2798677327
30662653
23871118
18469843
86834627
43166813
9624742
15519544
15234407
757303975
194347664
15007149
325830217
818910970567344128
813286
1330457336
2312838973
1339835893
822215673812119553
30313925
1093090866
818876014390603776
822215679726100480
1536791610
2300467970
46335511
15492359
180505807
86977818
16000318
375747593
16536215
56768257
16953157
2885061221
22270118
253536357
208442526
2201873430
18164420
28583197
13787402
15514266
16957321
2765974980
2820082340
386056280
127386221
18396070
18569484
196223678
8005492
14085070
30364057
17220934
17283244
28123862
11180212
19563103
12133382
29912873
17939037
27724771
16303106
14666934
14824849
19515424
158414847
351221537
19725644
15473958
14090948
30258963
21724904
1063020690
14780308
16799897
14211946
237845487
41504007
8963722
2297025907
1948242950
1667967686
177453766
509185272
858924511
14111650
20060293
6297852
15869453
25877105
146569971
5988062
7152572
1183041
454354205
12609292
86600334
14342564
97106823
20818487
16162631
34554134
19060857
14848513
7093352
5971922
17374092
15661871
14807898
46220856
14702533
52758395
17248121
79797834
65495641
14167540
48799978
18175886
16245822
621573
14505838
8295072
33998183
4620451
37710752
16817883
19802879
14199378
17471979
23962323
15862891
20038221
17781165
1344951
20536157
7144422
123930213
390039185
121569851
18393773
