1392163634
2329161482
43630161
1388775541
18137793
1334161688
201285174
21488597
3047925973
25922185
891334201718562817
14308180
28815440
40878868
45592548
1600013893
120528632
378259736
1205673319
1478212500
2579087942
11769652
1049700021619159040
2348493854
743479694012592128
732632763992539136
2331133536
931270125247979524
378169663
1049695532271247361
22684014
1054839876938596352
19548779
207586079
1086820199318413315
18003437
967939351740014592
17139672
2438752554
2809118824
22797378
15755974
30912137
3242874730
961758581975547904
4706455841
14620190
89587925
284874176
14846417
1083042522186735616
17218105
3162459391
87818409
16291786
15471123
80890502
7113852
17194244
18888387
209740094
382983174
2812429608
44786771
774212812860223488
30061763
848933966270922752
41650007
763123607039987712
44642115
2717981916
173998268
376123022
1430616829
23083101
570539796
44171852
493454735
27549971
936694231149658112
28138951
2472491720
2537489435
1413124129
25639650
599689553
851486604288032768
991389869829230592
84431425
147696582
202367186
80669684
311454817
17543389
24938003
18246734
719885124
4072149983
14773700
2396573574
18068926
326938868
779381424
52188274
1000591
165113012
1010674162757783552
1601054228
557236743
24824320
165622748
1491214681
601691498
4170439413
90432930
1318278338
1201802430
325812972
991013868
74426272
2433948804
935994107138211840
919784702
3904818319
64408741
578881641
1265459155
176840515
249957750
24494557
622101037
234930762
986956174301032449
889931741141532672
226709641
15012261
788443170
1002595894162644993
580117578
33522196
14387914
38888590
39364684
258896042
30367834
1562404537
1542485702
3025754042
727943451455590401
1463498749
1031240211467067393
849242243710038016
701985396767461378
2127651
2188250509
14090132
929974266
1048236637623341057
948621742838308866
1267191636
42631355
234066303
183351903
15431547
297799087
29366567
19601442
19849635
959494297
631478663
22873424
19219421
16026783
20178419
90407034
14805740
415798356
73194395
14360732
43899269
198728096
250478200
2584115114
69752329
978302144863449089
3296544889
176235525
111092283
66345466
170028171
55616949
24016336
758004846
775834809323094016
6940062
17813899
1134292500
738200805954727937
238349928
342863309
1935477655
478634902
494356548
488484173
38692784
459509904
808702468712529922
41898117
4018048474
472954385
13184782
16785615
2281764414
715901816857358336
465046121
773621414083629057
597078771
102725117
67632567
52794730
289376224
62539653
3526517374
44529626
25407858
86091264
407043981
253135252
200958613
1024581228
57112985
17292434
2766141515
18341726
10927782
21409384
125357751
3092541736
4783690002
804948578
2540794650
59553554
71026122
29237910
804829268282720256
19158873
17402048
15687962
49723417
41479790
18660674
478610727
21272440
449349346
3266526451
791273134208999425
517257593
13236602
719330812940779521
20101824
166382029
299264437
743535466197114880
745975143923474432
545862599
888489182649360384
20776190
505660341
1600400100
10167932
14157487
2423931254
222210673
289916644
16256886
454064867
17424617
52911590
999652322430070784
1252749594
704347414140833792
4048619834
2576169887
2314586977
2902917706
37957498
91478624
34713362
252751061
456921152
141262450
558801260
557739712
55597221
80564520
14997308
2182618808
34263156
2201927239
17450618
822195216
449119723
399915769
40359679
1472865498
117895281
18040577
294120449
134887156
581528493
33986030
274345090
106868422
411845007
16132791
274119641
23375688
492399548
2573741401
931249480120365057
932577336150581248
53257764
1026896634
1702155980
715173674681180160
2283724050
2724433218
250305975
23802895
17854852
394016579
4222641345
3379620964
31291801
3148605828
3590658134
844303669084536833
2766960079
796749262369517569
22853514
16847917
725509767427297280
846538459397476352
34783128
309814735
13953622
969242649017364481
998831999619022848
232523606
330860720
990390628012961792
482348318
26531880
951564114605805568
18857913
18315126
468874066
37776670
100284732
3021611
15692087
821935283172212736
101793096
316389142
2778630641
4678469599
626244528
137140970
20120026
363376793
1172637499
80884598
19396464
978263226357047296
70972761
1858254727
485036177
263733802
821567125785612288
70219274
76117579
22859422
63573198
3165679428
21974161
2358247932
1241367378
64873
12661842
19011697
39706984
346137290
18781059
558978744
36188221
2271852567
154280902
18963426
197271792
127963339
469818560
580316820
582277889
106274332
741453115
31167695
2830577657
468800303
949026879943606273
76125747
192755116
20798630
18209971
14868453
2389576687
17232013
19923293
22298549
702320259697655811
274287609
36024756
2316149022
90590619
709054189838557186
29977461
847431636484370432
107225267
15133557
181088539
949010593565962240
963176730671239168
256716632
4427972598
2786883008
161074344
34016545
20750011
393497570
93936628
39122391
2214842342
27299365
770759
15652066
337684087
36108064
140732948
77533824
2404335980
300167242
3096292230
2974759385
1628127318
868129614257848326
15249154
14638232
72103163
4338452835
31855697
249710733
2553883748
932714605
1638455485
846014785246367745
46096376
106944928
20163762
35203319
14208204
90875625
34948960
143061509
588586596
1716609205
1705869782
1205479165
115818447
134501821
276648877
221599128
15080332
626110913
23333355
495362655
31435570
452514980
17776770
21815264
173996982
837705101217312768
2873671529
239304157
861618662184189952
3300824432
2933777411
864783956708704257
930803118178058241
913937194586271746
72206324
919906933364150272
30063454
931780793621413889
900913266255253504
910379015982260225
1222802623
700784500658208768
91473910
22143145
2767851
13558762
14221588
1368437462
500704345
28164681
67412285
2285717910
318332175
23497233
3235119715
60409868
728911472
294134518
15249166
2351835024
251742556
5120691
21198456
61521503
18213541
14818045
72752506
2813960386
17744339
28564608
18030714
59563511
17089889
8494782
2394843187
23777052
189273917
102450246
22328001
227384097
108381581
17446359
14065217
17703587
46768880
8117652
14930755
5392522
284155407
80619566
926101568184901632
14511951
151503077
2461103797
2374242074
862774328642985986
15851563
17350542
14081529
19972192
26512279
106821811
2216758531
154564672
169234397
150800311
38271474
36687271
184788845
116906304
96001176
739932880126742528
908054476224909313
16428229
119072906
62280154
132883004
92309704
15404009
17622725
403632664
11339302
14425576
605824568
107286421
117539435
200690653
4858065226
103910941
103385318
54938644
15291623
16617779
873487517487702023
15854117
10293142
24758605
17695794
201416251
42658440
54976890
29787193
407176444
152726676
14538913
20997053
16456706
41621787
7379282
149531227
13272802
45580305
226513986
2826436783
20545059
16241788
763385934326796288
795764050806374400
2661884311
84089663
31084279
11538632
32760776
15868983
18297831
42348010
21619310
31469943
1551033816
18956303
35631320
922489773515788289
54213600
20937093
53514536
14053229
1686440990
1392020677
29848153
78130144
365467344
76319209
15988050
1411137972
3905918664
563045289
833358416823328770
373032827
33084584
20827700
900738101005484032
17664539
124276385
908011265947299841
17167335
4865481715
83675581
3911086967
21824613
34001390
21403132
3167116589
14518974
20721177
20112774
2283812033
341564433
29378799
46739102
389047979
2796054312
706869686068236289
119612004
18195019
17338082
1394399438
2960222233
22156942
772249842
15894470
619434898
4373976074
827238827219632128
46679713
19411352
2326203014
2732066676
3312932852
28136852
41660351
208120290
16933716
3144159117
1526706554
223373440
17325238
488950348
2963651068
53268501
20738050
24705467
8161232
5768872
174901707
845459418
2244994945
149176270
4059769998
15581383
17309839
18004144
855113707
23085291
843118484880089088
30674367
258522525
19713521
82943797
39616153
274673392
80374332
1155522630
35880417
2770008115
15163427
166184572
39575413
550303750
824005067850313729
197417308
3908996909
740335137867464704
61853389
8082302
44783853
6450322
25928253
71628045
322018958
24869805
15457459
720772734913896448
271017810
2174381360
2980247974
123716764
63541058
92162698
858298700577333250
177006431
1447756069
349350075
809887021
255747911
366010246
2730066025
827917622968717313
1551009121
2174833406
977301962
824702200681263104
42374436
86626845
20640328
201488333
172842828
372252194
28437360
388847181
705405312547823616
1794195842
820197164685131776
382351140
1329673170
22369587
3236299310
40626279
16139549
1485624156
315118854
162317442
276850083
63514682
15301179
452161132
20015311
547837199
17411278
2758681690
17747664
20344449
32573799
40269568
3308263191
28671535
491510932
498277674
151673228
3260182393
3033255200
90227993
351050523
292560704
866250995361349633
2809289206
820479524173332481
63551488
67354352
25992199
41697864
29236490
22238401
1573626295
389732460
2533527679
17444309
185808487
35823189
410209506
741034877739499521
171614562
2402091078
196189500
112272245
201531255
14628090
17083396
15667666
573956260
2341344842
723256397576679426
595473415
841437061
186162195
2155255562
390628590
1665916578
50089737
2344530218
22259843
550345037
4025607430
4172942962
85064925
873900000
605040935
24636272
2826687324
1540089176
84605478
64300328
2835957325
2804132282
2670321
158025573
538369738
143544340
9445082
48773537
568421314
3021242272
573918122
538147752
821941410
115711911
2419427275
2272885878
15162136
40937524
74286565
241382835
809273
22801014
78056621
5414282
2893511188
556245362
3060539594
70772762
18159470
5402612
742143
5988062
166643712
804725647155326976
601369792
576351522
142286274
2478549565
27726303
19649620
132961448
21293252
3396381082
90138933
385751204
867487451396403200
289759809
459393473
829037875731771392
2557521
4212812594
4807137794
862309001639473153
15911316
192952892
161567613
118927632
276097646
1700208714
26249829
16441856
55378622
20693591
66563265
15835671
842462036193902594
14066143
2284037941
67388907
290850187
867091402957754368
852629733431025664
1103765196
848252106
1629244514
54938044
15650816
35961145
34686429
733055619851149312
25525507
131863815
629676359
76460301
76032498
959985044
16797684
765657298207399936
205415788
22185437
750728611
201884006
1024416332
350987335
852207367144042496
353925065
602124263
56482796
50794275
722115541058465792
67506989
39874066
55315217
19869006
14243836
254967851
3078670788
3449754803
1470102108
19096720
200725033
63728342
31401275
1725961544
104546929
479600525
3026230437
93881306
18906101
13444502
3293143793
76404311
2183027191
1920455880
476258341
2561711713
717698332299124736
2309089159
3024257178
492537066
126087729
22161755
80915991
2980855897
14460749
27935002
472120749
14465456
3031338755
225232485
15818883
68862231
25166783
60132108
6803492
1705139359
2460337080
15357456
18909248
349886902
2913786048
580416258
1073381
121539516
78607265
15866188
25053299
825733473071747072
14916340
113737958
739843868435349505
388021710
48795466
19575972
168691314
14430570
2170406906
10202742
20714431
252409940
6327072
17100644
5867682
19792358
14951871
1520319619
14305325
16554477
95515503
381289719
38764853
60644920
886351
112231435
890070001
201942295
184341382
14936971
15111918
1480278901
3331601777
521728194
81895418
19058681
1564072062
2425151
33918301
15282064
2230361688
32468665
3253852950
122206071
14749606
14936846
9767702
38485431
141984694
768834022159978496
34283063
562056962
188905742
14355057
332734922
2839299585
19589235
53206785
500959308
408898240
58474131
842007851631550464
16928633
18993251
20774402
16659632
20096207
175527248
405871371
2568270758
43192340
40530404
123689096
994293373
78001994
174067487
59790468
48289662
33474655
248795646
5694822
5695032
18036441
39585367
2927782231
921382987
203044464
338405195
27759041
15460048
2467791
16012310
40767944
45248522
14870804
59157393
280716675
14262772
431983412
1581289837
35701040
35002876
15723281
17842366
15426896
851753935
16689804
36692856
33908901
35744184
112520272
34743251
18863694
714758552
106109075
23088177
176497707
122440195
65178314
128589772
28221296
945220710
1647105102
810875138346536961
615927039
284241195
49879734
121565972
42721489
3434153313
1305940272
234920783
3060083226
425290307
141439496
50228025
18735716
778230818447568896
18725222
42825369
107782663
979165748
16732814
119096018
40748617
15772555
29216036
18163032
3226176747
1911553891
2419170096
22398002
4400697677
39099783
197188081
2838262417
942691142
746899630378590208
1312004155
842773147879264257
848171
3100101843
42924530
795720761847742469
778252686
146576777
50200233
15248393
714798776062488576
2961921
80628196
705226867918307328
17027323
105177612
15383592
107491845
53060836
86922333
21187896
1277592552
369775186
1004618815
636985320
61903300
576480527
53417856
22823970
37760606
1141422230
17782359
1223524008
34074844
750998595822821376
376502929
751560747566510081
775495523142819840
20248553
300878069
2207653698
396007472
708046788578508800
38023635
3355904175
16153601
30205586
715619779613106176
787737762
127763121
785640741347262465
733495099322212352
1524917646
83301049
188740621
15856554
47313547
211583400
107170721
15621140
959688355
243732384
2149567682
1909330795
333590394
501801749
21662996
214178480
34083258
2667193988
259725229
63195846
189259248
272141779
435111357
17549224
2402548327
256584674
22793561
19845137
84075775
231634830
2695563116
2718415592
2285785849
1163902652
708038189944954880
89523939
316458399
26688109
2154548976
3307143224
1869084001
1732754144
76490788
19129910
21874536
25671240
22866620
14755273
2984953662
7575152
475873500
1723493144
57238584
482605939
143966495
27354501
14121045
267283568
16319797
18994444
29735775
54406648
267908574
267939430
8457092
543598566
10194682
2463681456
2273413484
18248403
1248081
2851763837
2830724243
3403152539
2832908398
542665547
2374391305
707790183022858240
160743744
3005981236
20175426
570336180
86697288
51747453
564234315
2402568709
1172847529
2867894848
2717607301
1501944355
37701900
3721437254
14648493
733697758511652864
89540335
32135024
3301810740
1135947516
19927182
15750747
209333689
87009335
20781546
305260035
74026628
17369110
237871753
23117882
76391989
18024331
30926724
40573917
1639431067
17169744
10141422
3047974969
15308469
52758196
28991857
16474284
16513255
19807994
40085567
76959901
64827786
304465698
15774139
104244490
25001088
33031248
22573336
579415261
41187287
108759583
37028323
18081107
798278751062818816
3364645671
1317381296
15184253
1027707686
89235386
2282452903
118049721
358864988
920051202
213844717
15784643
719472337
3309696116
23419231
29521350
2737126898
2366430768
2307675307
15823875
292547396
48201733
726033778808918016
39519279
22983825
161420856
147973756
284093185
70553530
20793816
89084561
277466680
52846066
777984404543143936
60031833
124175948
523840252
41090635
18931869
1923375980
911154752
15066876
3228158433
4786485154
784531591427153924
1604260302
3217754199
202011626
757117388366213121
47697756
483279333
20582624
950407705
156798341
2654945593
86177552
302270273
3892295609
26820772
4263007693
33820249
14181273
29788083
345459346
18694162
2218907100
122510320
15938579
2885229365
16843123
1173373466
26307302
2156234758
15568627
174215080
2174268960
62096424
14165865
1523671411
19120080
557922291
735361278
35706154
18693680
15538795
756394
2806467367
57532326
21217761
7559862
540998309
1430882472
797892453546229760
174533632
243197251
7592202
31073292
72842277
17372928
17042078
460547107
732426140946554885
93121635
2863488598
774798428056543232
14422770
23690344
2517646015
163587031
202275064
84937805
2977250439
370113964
163091884
620072983
2808703486
989740092
632221852
744321840798121984
2707494218
20272531
42918338
73112424
9655682
794286845316255745
87242016
2291795562
195771354
568728453
15793012
1969069184
2167200853
360082939
14836240
16134261
13051462
37667501
31026113
234521957
15514139
23040433
18219682
6706512
2286920017
223632870
307498955
14662654
18380230
15237114
17485864
26089889
3291461487
14061191
4484985813
75873258
1618740026
239565358
38697540
119280648
125882260
147988086
741365695213121536
3186939426
17771651
22491454
21438665
41182436
834071802
353988654
199060991
19635023
33617185
48255881
149218594
16322504
2589712551
45192585
157774756
130325746
24249169
109611471
17154954
29379934
26343724
728625391045206016
70754929
13683122
4505795352
4847914738
581088316
75313374
325752644
16186158
27028822
15010555
2236875708
15011679
1086303780
4827730051
394279338
36090419
48878515
556997531
526550295
11037862
29742087
312840253
11142492
29809714
17470063
2777169328
365472388
28582245
182167473
16316655
795714387109548032
54898414
92088511
17655175
61989560
176916267
15278978
34272555
38716728
512754957
17296326
322404879
605422844
102100563
376755361
748160462399868928
483984089
21663232
126413455
17028879
1479791652
68258537
166721224
21410791
338381915
2550399169
159225370
79923701
51263711
2778877580
20560390
19392199
20159758
15752736
17844693
211605384
1155933026
374023704
178688291
1613444156
6531502
27079510
16892722
16436852
17143775
472643272
139822181
261896922
14193406
19426989
159179539
67718161
184840770
2422403311
706669126778011652
1079440039
4056607697
3006224776
228756043
21087023
331129277
262478363
16959381
35731120
17233026
15443907
529794801
2505615955
369418936
591523960
77205186
434649856
2984908608
48032694
1297913125
36008349
60580053
1601243426
390955720
156097928
161470868
22663319
17647619
35820295
811377
2860101
2878103038
148872151
14219877
25950355
82467970
260309369
115227188
562341088
624969131
123380404
17841289
27666830
455331934
20678850
138526099
18641826
94239586
16566310
4387971616
633287684
2494049634
34760291
243796037
40931019
31365209
284599831
371447647
2595389586
43917223
120165462
28395223
14750177
15393854
3033176444
17579259
185800821
2372977070
60708893
318295764
271327390
44462811
4795192662
246314749
19842230
109026823
119541204
35128651
19159083
17233331
23999515
13787352
23331708
74856890
14683139
17331154
17918663
10791192
11856422
26077026
41602160
25562183
333808423
1979169158
51241574
2437622125
2284981134
56721286
16893174
2526288446
16970406
38500901
23845897
145305040
13097672
14574514
88054947
169160591
17805749
945484250
947914190
1069351
73039079
18770015
2197062012
1603882129
500791857
2332631778
261150376
56536471
35049645
83507334
282190023
108312293
710210321500217345
299502528
311987923
2172932570
25084929
756235061968637952
697573801240846337
267927258
343789289
2513350255
72590460
710509453871677440
14100290
593279964
46217130
904450536
14446071
1933042237
894057794
263242571
3794863392
72814648
23242773
257987473
44414449
28434183
3209100690
22756947
197987694
714133380745543681
236209129
117588711
12515852
201948739
18247422
2427639084
18832186
631577690
2839430431
1396151678
18185124
730446324441567232
15056788
4755024236
17525611
15483031
321773300
462221028
32372834
4909792693
2179110894
32275444
1475603113
34030828
3241691876
879161563
37222268
2225296674
132204567
1009518530
1020383864
1867481539
681813
16441354
82225225
2743076432
2546518086
215007822
1618993364
39422459
2409347102
1355864317
17363477
3976737439
2434538047
82877689
49753604
274233761
3044635221
229246832
19717430
71372467
1194962714
1704701516
762606919
13649002
455024343
27801361
128263630
15068399
465710736
16231168
309323657
184910040
492868114
51942842
1140471960
208138875
345042900
735633506
19373914
28999780
14729421
15713671
84489844
1244577362
1909826419
20025265
364938826
136401228
16273972
3108407847
39022400
432365580
2413195242
307572661
3135563201
34673025
243162131
1125087438
4172634363
226278777
23153742
12188422
14792516
18149266
224806422
2345395464
28052616
133027297
634625208
22937213
305694283
20718635
2973453269
4196983835
2833096566
314977014
18300046
20190230
55570400
2259317311
17861812
595085706
23245400
1383272101
31464977
95713333
892194522
25140213
2417536500
2514249890
15921173
43168339
16097302
351491891
405028196
33098821
3168063637
2804230009
863501233
146590429
252147298
1469698322
528153527
16446720
26207071
2847854010
74519008
15039943
1023600541
146569971
46398345
19711691
21432731
18623092
70523448
8623502
2244053923
5676202
18986537
14578954
16584443
8146692
876684282
28898628
190960735
2321304926
55674675
7180132
2990682503
353737617
17411800
237780059
80324823
738017509798973440
48800840
423680805
18834912
16462161
14435376
86155041
29913107
143179411
76432399
128931574
38680959
268408076
23950214
247063437
814196658
4214901132
1206780888
1949826187
385084687
717401495914696705
398282459
339662564
78411917
2474224922
19752773
50396893
81164446
186176221
44367489
18935711
269221749
8374662
123532694
733766757291315200
275073509
42885752
6293582
14115895
9314732
114798871
24910049
342254434
26258900
15580384
14234858
89690502
25763468
29346292
18417818
1205791
9384302
435776333
348046722
715165807672602624
21021296
261751775
131914997
29395392
429896483
10039022
1963272972
804737400
17442457
21124996
502213845
377607917
299641470
3198294588
2513018743
2434704662
26276396
338301059
726426012
204371970
23114836
1169977842
723881876763463680
189248614
1375280624
4927946567
14095706
550871576
1259350153
15358364
42664672
1729549081
1927527138
1849033861
104598885
64481865
74537529
482064712
63141710
5981342
8276112
107644537
169944507
2477085852
433172256
19418708
18496307
32549410
106918563
5906742
217523838
909547129
3152877917
15161200
17424053
70837868
397379761
14424779
546437827
245059904
4029962838
102078380
39413322
40821718
41465499
16156302
154426406
26389578
518205960
2435656188
106855826
14241791
24169451
415507521
44992488
11274452
21906952
80133413
15108530
2174064482
338601496
261722168
19314453
17227214
586
226740576
432733514
1603635662
76966092
481376138
12092012
26191233
380416243
18693202
16468227
4003286596
3152046384
2478893894
412395544
67219778
537530924
16288361
2919416792
264274556
31116314
1361123827
122431299
15826501
86985626
241215352
34294625
2363128328
14265711
23822236
542597000
1468518684
46691793
154657877
2666002556
68273177
101909583
851647592
15074906
713473134742093824
23335545
2533104750
2645847865
26288413
30370418
80095753
29541827
259798073
124002472
163117103
529663026
14704444
72168063
3533569453
144692356
1161139442
17441664
3000108812
2892265012
33988593
708044754815045632
714217933
2236457024
14499829
972651
717901952491782144
72743396
189045356
3689625681
16791841
26021071
14803268
82102608
2533539380
3541212497
18262104
279720230
38233968
42300159
148442725
3270928032
123145383
569260461
49453127
21874737
349359039
348573408
16043308
896450359
21985481
24815332
21316279
128676094
3307336523
211995327
132646498
25518816
49035989
11786322
259387703
24146296
4509798014
25976816
26646158
33998866
169790423
3239909342
16560487
15813086
287858728
410011007
498340611
14216951
201269579
757303975
23053335
1677509964
227530614
33289053
357606935
822215679726100480
1536791610
970207298
29442313
216776631
19080178
72915722
731530100
4864845635
22380216
3223664988
22588322
415008745
53889610
16579345
65647594
30925378
30503160
18027276
262543492
19017237
16008484
12378512
281184930
46335511
1330157610
2605461511
1256204010
382218879
74512209
14658125
2870252516
18687393
253207647
377439566
194140850
26787673
15010370
250327399
14266714
101737285
110625784
8453452
36542528
34288352
47714847
11337392
611751366
61545444
16870198
33584910
19017255
14751748
33057691
65232726
8903942
20553408
24631970
17210450
19077707
602426702
2934286533
260272608
19736771
74436955
22201568
19089922
805044432
55311153
951824648
451057597
126338139
408957874
90493143
4181788274
3016096892
2244742878
352526493
880360465
1299779982
382243066
36728196
17974880
31406096
24488565
1244480622
33021466
14352967
210818720
17137628
58597073
121441121
3149973561
17959178
22184867
366139887
516642056
213405671
25522902
173854529
2573457804
3241349011
20355988
4780677075
2417630238
720308713
14681336
61883066
2373896526
1686978289
733474087
326388991
460593762
14738561
86158821
265702493
4171298417
1695662876
5548212
3111820877
243325679
123584496
2493692059
17149748
444719297
3388678247
21110060
1774081
1449022302
2326841874
1621091173
3333256966
149246948
24111570
867269239
125457958
465319090
99215338
106265885
492423667
1527976434
62952674
142309712
2417770898
106860209
2462109698
2652572899
215810042
15976809
1338350780
55550350
1460615029
19029306
849550860
18460854
59193501
361468994
358905141
19676754
3667471813
84708728
496590548
17088183
15009098
2734427652
15554035
292169897
3391270270
2210262865
51922701
309997967
100277835
3234632455
27818124
15103554
107740210
3352522786
21904217
160702938
360685668
34676063
25341996
43192807
8310002
36947388
63296944
259948061
16151935
2258341844
887115632
2690922354
3044055789
18089543
176466856
346972894
41243864
599614863
18637391
30550959
21821666
182512514
150799069
36161779
15163785
14154401
231612638
75627815
42284708
3752396655
38000276
337139862
2908279037
526747419
16962836
17998609
160780323
1598830794
413208127
949895912
2167510621
15576212
25294719
180911611
17972520
2237899016
60349138
318472460
16426842
27892409
50747187
42712551
73222627
85369766
862212176
20819652
574505716
96564060
86773118
18027109
240017139
59520797
240365217
28482770
450336134
2798343823
111413677
106410013
132099374
288392552
531162864
381051470
42737556
3256774050
3302515136
608024080
74924273
3149673521
10819662
16228350
7717612
741876013
111712647
15588657
52055276
37502629
99693484
21213658
296427687
66100191
707729347
44197780
2307259549
42725028
277803855
22634164
195891029
97496590
191601099
3396031925
95665243
17043114
83702172
16581734
57669873
15353236
5797062
14086367
38833642
19329324
326821147
30331404
23462787
890267965
100220864
28635233
3032939902
15466379
1030794122
331057915
6427882
166739404
53297035
255330628
568247551
14868699
17548018
21574752
993775952
2926170865
340515674
254218142
544532016
2806796866
44196397
96675328
16971058
483288014
75520813
294940616
1949506362
226001862
400225720
705287821
129400817
248805041
15970050
386104689
79308001
32988140
15937025
2399051623
2252736391
292432955
15362483
1532061
14689894
15125585
26998304
1662485388
606559803
912535795
13298072
466803719
140572469
157075000
19615909
16158472
17503180
19506790
60152652
1252183921
296432052
31869934
379064647
1886916182
39179240
561376288
28194552
605025484
737766205
14410280
743585142
16956050
24798988
166740615
23208852
951092606
473547023
16117120
1535430572
953167562
132843060
16248319
1604866674
16896485
357695149
15161984
724894105
25193106
58591071
15220473
67418441
580097366
525977121
353270940
253578873
14561327
14372143
2384071
36823
1979921
14134204
106098108
475270844
2735591
50374439
520926087
244213957
204819994
39600478
78649676
111037335
48829726
260582890
472132412
920253278
1250152189
389020321
1276055348
14974186
59342225
56409816
63216241
338505603
254366561
114030678
217113592
82700215
104343480
410197971
49698383
17789443
22808670
214222776
74740348
250705989
243236494
409396161
235037018
38220117
525629781
823759
119510933
188073588
31512798
18776432
20785093
15042296
24126361
23635695
88436406
17091637
24584459
32501187
20486228
8965932
28001848
19805042
52447702
17398021
16721886
16331259
428451435
35869721
17044026
16912546
167180768
23389575
16050032
17240190
14761795
1317
275301552
152408786
27808816
15791661
164115860
225066138
21192661
551332554
61894620
13366902
15469522
267397820
391797315
158224477
15019184
464431420
223680582
83066063
186056003
106165698
206952639
27540607
217622434
157430117
16601364
266099403
752874133
404986252
16999591
15170018
22084427
208367549
78985179
14643617
25113724
23612514
340604876
17795186
354698238
458815255
379805006
58457130
42476631
509647248
19912547
128606475
18056078
77041705
20641233
50294073
11918372
15740286
89628973
79824135
13093882
507316994
347971705
587582565
544535918
23710761
26139663
31187903
279289850
24195278
19988765
24064020
486162965
820585
22938914
52846108
27935063
18556406
15115366
292808467
26141612
177997886
66753728
14464413
338564055
5414162
16704049
479176547
14129736
96361496
17084812
78933659
154547161
474923723
32695795
361556679
65353100
253202022
17737732
15686692
29066134
455218394
138527895
465987809
467736256
138531824
1833291
27045055
428625996
16579179
196425524
356449534
36642974
213770239
33784869
284198207
49539742
8562212
16221395
151731106
14247216
105861639
16648408
173703849
376817720
408069947
403008932
20861866
37742498
367335749
116551649
22656007
16783012
433943693
243217033
199869040
52361098
43364757
150435789
145844080
19995370
49644345
218601841
357700276
19397212
19517747
19341804
16683297
106837463
153535819
373754990
18180909
88961864
386634999
47340802
236257061
375361973
380571753
199143804
23948342
17663012
21435040
56744578
97715216
16830741
36453886
15593087
16527947
3128381
261868841
76728745
270975826
221507677
81415122
119043314
20299406
17581780
365160196
324623804
61272027
14320065
15706633
183665797
279166232
39429438
287413569
43961549
14706099
23210238
47963288
1252191
112861579
53684796
21209357
48115077
24282051
52798189
346154760
289446323
363235570
77753
49832115
15165589
17194090
21388284
12916102
18583732
14102677
22078798
14315150
14717311
15751083
81770123
15113607
18659365
27793152
87779569
352607074
38365540
33719208
194182679
21630899
69169950
23783389
342355481
85652519
154375503
14584738
8981282
21047210
340446828
33919242
183712983
213314714
17439693
26012188
322804211
73442267
46477696
20439263
33308243
17825445
1315431
29021913
33350317
16951363
1088181
20875630
144966110
8225262
52134782
7208412
16404520
38857922
19866236
237441463
54998393
21279340
57948087
114483184
20613914
260341945
22034125
231635117
115930154
19685597
17049500
18049347
38931262
29030168
69274361
278676306
265799901
232687287
28366957
857141
20865979
1940581
15056465
88581667
16429603
15123270
36952656
16966104
14599117
4893501
25178603
20999504
22994529
8965112
17202349
20990717
23792949
247977797
13825402
199033087
14936625
14420911
32459360
24363434
130576137
20096335
26326409
194372269
256849678
123565412
18355938
21197434
34708819
19806717
53428226
107406384
37682055
274060745
15219808
66613381
134215371
15374082
181613510
30989368
12118392
14165957
10305322
14166313
15346697
14591766
52594438
18333506
25294457
53101920
23136101
171715517
15145518
5971812
33665822
18089164
17661660
17491810
11961362
87996215
24584402
256222633
67375377
94454144
17989953
22694572
23800674
16619069
28879731
18809912
34843782
14114873
26438164
15427422
126694818
16165525
16286338
5691352
14225711
13491082
12505022
14523408
185503483
182519119
40279709
17219219
247928084
15284607
134917278
16257434
17226172
199127117
16988750
14430086
16733030
14827338
61375366
18290031
17819118
16358521
19478383
14171044
16134893
9369432
32458410
205391059
65641602
14357886
21966220
14705790
14262217
38693608
25199065
14345609
778057
82134350
15538205
16976436
14662069
149993722
24796974
16955091
205426645
15862865
178474229
11965332
49187970
14733445
30961476
853101
46646858
82972323
23139037
68951479
21246018
65036724
14882825
17543438
18013387
21320646
13768662
20660609
33057154
84885461
14541275
14905019
224349215
23035963
64722415
16909081
27014567
29125475
23095315
14717790
79543
14307057
218380198
105901883
50073626
18353832
31357754
11332
227958049
95273513
213789606
69102823
39377814
16487712
239122501
98356195
34151798
18699304
95784505
71568567
19859768
176077040
12946892
26347170
18791763
21982720
23188724
140892603
19269120
34083092
26159710
185295710
79073517
9298922
20653637
14154581
16809682
32146628
15168790
37036394
17383566
17827085
21328364
181261809
25240071
199417038
72596983
19487375
20956681
234383816
24456969
105204756
76075573
241228061
16950628
12522
186203051
5215
25572750
19793910
18009925
27726280
116131436
121462160
26385846
107502030
19905545
19456359
228840354
53262268
183723450
20898702
17575938
16373045
31420709
12240932
112805705
22837709
132304079
16435565
146276050
225273163
16586694
14943818
85643301
45633411
17068947
109968302
15768198
53487690
7879982
14062180
50352671
755452
16388972
18169408
12831902
226149594
217310399
3043371
178007105
185370456
15781499
32159748
21330503
17120805
53925101
26642006
16743245
234382680
76037488
216660546
199015155
210936947
20295816
148418872
22686186
199458560
138183190
237906632
148529707
16330193
21398509
14511197
206320318
217180502
236646504
17974442
45944475
61146476
22080808
14156927
11579212
36804174
54680395
236898565
14851092
65508813
22968620
231455083
234970476
227856332
47473841
24747114
35944945
19411901
219251162
68660842
94716886
17343516
163517625
14267832
112863681
93415894
176475871
205879817
15551260
197475713
37218502
102093717
7402822
14277383
633
162146050
16233090
30178173
23717397
18265163
61383797
92064796
58913750
18815708
192782708
41207680
126713565
94135899
115508749
188783990
17146534
24914600
208153889
16329920
17899441
16926069
16497754
221390094
27016833
84168162
109237155
14505871
93084896
136322338
17844640
42903387
20467228
17419608
34026084
177684752
51502583
63152064
15081182
34033550
14133274
163287729
65304372
65214004
22185432
236523091
32069046
172810181
41715854
224353426
24303
216413453
114589642
17372405
15909688
21797694
231229561
72025856
17463660
15768141
22631207
17872892
60699354
31973947
23006082
22063766
25428892
158414469
95161756
131033769
1644991
58228464
781163
24360546
11763132
17315376
33696409
19808176
167495547
158303762
24412351
103464524
754556
86987686
63488455
71025417
68825492
204467501
14710904
167160157
141341662
70976782
29782648
17071048
15161703
19611654
46753036
12
58550415
127311408
39356629
44214842
38522724
56589431
18037907
18655567
193470491
10400102
217894695
43003845
95146867
37552045
114878546
107536557
14813535
19842383
37866934
18949488
160678070
14390612
17155995
118395842
13410
71466798
82916207
23036784
19709904
172796045
41660436
16115979
214614025
17642448
67164452
56488059
32283017
29065668
638593
985401
19722703
57528599
233364902
10634042
676493
61978044
200176600
18821711
23967554
25093616
15566901
22708797
621543
98224406
183625532
23977667
25728193
104282926
144614117
15709626
15312801
18953766
200226529
41007369
19052962
17545037
19053307
27750221
4634111
186502109
122406685
20642765
18791186
5972752
108039624
186191921
51096590
41627091
16515654
11018442
15171875
14993069
14793018
18363508
20091740
66534585
25138463
33634738
17641457
10180652
11776682
139173680
15828665
19670661
116571138
19137574
21788594
68689443
18967346
15760182
72982024
183501525
15895251
86330674
17206739
161463174
14589866
15772318
7040932
47701908
28360396
39104651
15642618
18946913
9081922
199366253
16222574
68745052
3634051
117859761
57402854
936251
15864679
114478604
55213065
112775879
14094741
17027836
221530680
207141091
19425947
13637012
205025258
68279514
148744706
17240569
39705794
46736263
17475872
206246369
16129800
81909600
18092970
17535421
22700340
21553660
27216496
121558178
87742918
110567000
137703307
15646065
10748252
18257882
15849907
121586785
11272742
14035772
21096140
107828973
96040460
64023891
119749474
91802664
139741506
130303646
8769212
18165865
19373611
15651878
21783016
67333334
17930077
25532843
77138704
135897307
15765741
18413442
86692803
14115719
21132950
158444576
17214884
14483068
83019205
17367051
19897004
136337303
13837292
46516822
90325266
112811887
117179079
14258044
19916680
55656369
15136551
60664706
14245012
13012632
26522425
171497491
122986743
37336909
124873963
177612276
112879065
129890772
15978244
165534692
8331732
147490611
33626296
14543855
180380654
186501566
189432221
124832891
127895303
19025233
14106575
116114948
157482773
46817532
42419099
81705966
192954675
154220417
193999179
81687069
197846176
16874784
14738804
201116626
81092283
195991737
15600217
117457130
25040168
154220678
16098881
91875395
16677909
160915451
211929612
189184625
13736852
26802244
113114433
201998022
21596811
36773
115744235
121451633
62491611
212702413
16971428
188300883
112955194
198180643
91212266
175279905
142052768
27607117
94360081
211621417
185747570
2451481
179648597
36686415
14610645
43159584
22494286
24316789
13213862
20062296
20549815
120207925
181161605
18244332
809131
17444324
20828551
154547786
80357412
16743617
20161577
16555875
69366565
15814841
15134782
200633488
197936719
40313581
106507294
16044065
29289157
170039453
6017542
18870094
158414847
182935705
14674337
19070053
14269594
19368438
16501845
37568811
15860016
17513981
174740894
1652541
200199996
10274302
15765062
9153332
15754281
108391366
14318471
21351236
23400095
23447814
17542265
200333058
19602869
1127651
16888374
93116069
119952865
161371516
166997259
18149467
18485106
193390806
47472734
117512046
18168823
40257818
19280846
171197911
20644954
1899701
16693149
12929792
40081304
16869952
86000826
41699058
109696410
191106608
21774892
130521342
74864333
87301174
107112228
53280402
15473958
22654404
20851240
59160401
20948569
784304
14614615
16481404
17213366
23903087
12727902
9654112
14289835
17108182
171735092
40970256
160765301
16647814
37710752
14807898
1344951
84716479
14801264
69648081
191922531
19048517
14573387
7212562
839321
25712530
74921973
6446702
35263538
60762435
14464331
813286
12925072
21447363
16190898
28870086
103026659
48151436
58785008
96497966
6141832
15393700
25567025
30104231
93651096
58415569
80741195
15126388
53102326
105305259
178363987
14201924
29342640
15684633
18994661
19138455
71654283
14328483
17843236
18790031
7402252
17567533
185345185
17159804
16802731
26227389
14051033
20
16467789
14056632
5402752
17490389
29126877
18966061
16018523
14410426
28860427
70506678
10102262
15987001
117458850
91203357
22228476
17092793
14947081
45590904
15162187
17971457
108166248
93305941
160637201
19538227
42969311
15131310
77016936
52091040
20609518
20978103
19249062
68441962
19535435
42693530
12512092
23176276
20057225
23962323
19725644
14505838
7093352
8005492
14085070
19512493
8963722
6705042
16245822
11348282
4620451
17939037
21581503
15143478
16895274
48799978
17248121
11107172
33998183
15110431
16817883
15661871
16580226
14199378
19402238
17471979
621573
15693493
16187851
21148293
6480652
52551600
16613013
16060663
17137891
18026608
14226495
14888217
7519632
1451811
17545909
63737212
78613092
6431392
16440190
16812787
132389474
95251230
120943272
145324234
90420314
112621676
19784247
9037172
10373972
180340566
36762570
158072520
25589776
23151437
25521487
6539592
21303769
51754242
20121039
31137579
36531386
15305204
16013208
15989069
790201
3792251
41185422
87713945
16264578
17794461
134457542
12379282
18030410
14342975
9358042
14131683
35767916
167545202
15634645
159534035
24718641
45070836
185330815
118662156
24999473
15742532
63995844
1133571
15485441
21425125
62581962
141304425
20030638
428333
5741722
115485051
32902089
27195114
25503570
50532953
35017208
35402507
13979202
28669612
19154824
40814726
15312876
58283642
26589987
20607105
25951387
16381279
27115071
822215673812119553
30313925
17348871
18033662
18170896
46286327
15235829
14335798
59037337
3108351
11417322
22649354
16673325
15279465
14115587
49450929
15876379
32509309
20221159
24010569
51263592
16313460
14311672
41161468
18541756
14378113
21255118
35936474
33590096
22104051
18079196
38012245
128983379
15391142
13058772
9485252
2329211
1009481
14378419
132902687
29484644
67147257
167583466
807095
18009781
42384760
62513246
11857072
1769551
26806410
154295471
36548697
16631406
16228398
17398844
102132283
16303106
16369889
28189485
43448241
17919972
19299909
7856662
20024489
78183672
41164235
43131514
84908283
32127835
169663362
145324750
16566732
68313282
80412703
53296895
39584830
35028566
53157765
19637934
61004945
19515084
39980548
15694286
21422375
45136444
45436893
21418186
22176791
15598890
24755416
55326224
17882588
26760382
26789895
28414540
27920327
29352252
28385634
41175684
16472680
92338472
19642147
18247087
17881106
11619242
149730739
16887510
12973362
19028727
15441074
2569141
20532386
17982105
1035491
88347111
15480932
66836181
23205082
22922262
133558661
136452531
17426703
19980707
12049792
46552713
42719577
14389031
102383093
72602946
48410110
23070011
18773339
29761548
14353443
14124673
15637375
38531995
6429252
65493023
49716013
18626424
33922221
33444282
134909135
48497136
17342452
14293310
418
63560193
33439104
30288686
108316280
47522395
73922084
10716662
19407053
32765534
19729568
25737770
15492359
15175368
25081344
59451719
16423349
36695652
14647570
95143569
17531706
19132429
19040451
8596022
76925186
22367376
21963179
21880261
17768235
63892932
14062221
22558898
62904369
14514804
61176124
56739863
16440037
28409700
14800270
33395719
102445051
91941076
13796572
35158590
88046061
25476019
43907062
39336463
20518600
44129101
16649467
15135062
18314321
18061913
75883201
75884878
19775740
42694660
39800279
73310442
161298438
33439067
53132282
53853197
16027500
18496442
16666743
63829781
29040062
15330264
41162187
27784163
125939925
38085737
19621110
20682323
18506975
62339450
91379040
6123762
154586912
16063617
20414217
166319199
24714548
27678995
33617985
116460911
89373598
43985867
16383711
96192176
69927758
69899435
25356215
35679202
15021053
9950972
26294247
18201097
17010913
104943705
12660632
36361956
13483732
48032385
85961526
136388639
16031509
30862829
20182642
19259102
75885899
22522762
42357256
17199075
43361130
67077396
26882219
14713626
7837062
16265112
30281599
33651027
14095883
151608258
35658240
17668347
20742206
91190083
14592723
73910310
39194224
69793167
62916402
134938824
15522884
21729555
34027817
14461377
36771809
7744592
62527063
16890680
165847824
127053420
33145453
17293129
53726175
17488662
39195766
3611041
14458280
17983739
135621560
20863653
177573099
171542216
41380733
15679641
21833290
87563563
10100552
30061450
70703812
23023777
52118400
38626785
26989016
19353946
62822896
9520032
62964658
26658935
15290485
19937644
87575015
17289648
46961452
37107454
57457477
41647896
62906217
125033
51206947
23318036
26781838
90775118
31359400
39799801
44187341
119189561
15726199
73438037
151903568
37570179
652193
12798452
816653
57713121
169518934
102228030
19924866
50512499
19954074
783214
133741129
71456275
21618344
167913048
38013480
18412034
52204748
19771875
130039064
166393174
88952237
14230524
30973
15907720
51119925
16632772
15565703
14382508
47574823
156524403
14590903
14855279
166252256
70141531
31207541
64595927
77392463
40952039
15924303
68199242
6852682
88850784
24339729
66832393
41565374
161486588
158477120
33981609
158653652
26153171
130974544
18172753
83924173
57678493
27845072
76700636
18630708
22276232
23008116
18539631
27906139
26565946
164490246
14130784
19515424
19785738
17519229
21672825
15447545
17081275
15412070
128647332
19663037
134063909
28487033
110092127
42522257
119480392
17954799
5683952
19001589
14451294
19531215
109691678
15269891
101590818
15714539
27413354
16701007
14994970
54703542
1558611
21237045
14186094
24236494
10202
23492901
154397827
19138053
3829151
657863
759251
17194296
16727535
19397785
38236492
14116807
17020988
80060634
15655449
16827758
18474256
17108567
14284595
58501301
113692023
18991110
14521383
15181500
33063845
67626219
43155565
46770366
16856670
8918032
8981642
817977
16905483
51301797
114156968
47097934
49783804
22220444
38948666
155957806
125386766
25369721
116089829
50040892
103163359
15046272
144876346
109730252
20953717
78041540
14310461
84646501
152764627
90467476
21747839
155638030
85367014
16164520
30320271
155628857
18057077
19544785
85918995
23701028
15992770
8973422
14113130
115919872
130191860
16204710
19460774
39832057
145753059
59182496
21015067
20691916
24108943
34605824
22311935
37339873
29305571
15785475
15933690
130765307
110782280
24192894
6319192
20600991
123438312
17889970
11774642
16808381
111497330
138027548
8025532
20575754
18029498
15224364
138881249
26181066
4312721
19220724
27131296
50393960
12611642
17519222
11320112
21571977
15527111
1953001
14837748
63246339
17883640
21975571
40349928
13073042
6119162
15292465
129845242
130800185
83972205
94381961
22270451
28636068
21891375
53483122
35912595
14361270
37557554
27957673
17816093
69483674
123987285
20535621
44424226
70704268
151971719
151577775
15587500
19658936
7630572
15206649
10032502
16223177
9272822
39208275
68820170
13299142
34063881
86347329
9981522
23866990
104918494
27029537
83883736
89860615
78385955
114772513
101970219
18695316
14120151
20536157
45836709
22201146
127868885
15234407
12534822
16142275
23904981
62577570
117190179
12137962
102867648
23433926
34513794
15832083
14075928
8824902
16397030
36391088
14882900
56368094
19602192
48226715
16844352
27922157
23458998
16409248
22544076
17517158
14860319
15838770
109389653
30956943
13406492
93311149
70430025
109038536
114351937
60094114
14863939
14096877
22236564
14290415
27034217
38690295
75098975
19314845
17093617
14804281
80161509
17064079
16138683
14288356
17642856
40571956
29029718
61592053
36975002
29451402
67382603
49417137
14056374
78393
2029981
12360622
10326
1462161
14567821
12021142
9930912
2621591
26592100
877521
739853
3297651
14089302
16807860
11489
1081901
16810137
14031032
2569261
11073362
12718812
18201948
9855822
7593822
711303
1293241
15582803
14260564
7040692
14930113
14639050
496723
9543092
56653
7083
1196381
871891
1728411
13918302
654403
14079501
15089632
16870522
14170709
14100972
9327822
13620662
15846407
5479282
7089
17156131
1308181
11972592
6067802
14267591
20055317
14578519
14483866
11025832
34373064
471963
780006
823434
47973
9547482
10396
10454672
11632342
7085
12504702
20627797
8844402
15377897
19273104
13436432
17925141
662763
9434482
14465113
1028071
1059191
14251565
591313
14863163
8884642
17313084
607843
6605062
7644442
2576431
1021121
481983
10377932
1511801
9366702
19434043
23910306
19406289
23822715
65126355
37216299
18784639
22503955
68239828
20519775
19984001
36084952
17820312
16283852
16423838
16238870
15348216
17854936
20686854
20409785
66266806
52745546
23489140
9624042
20691419
14505642
34087476
