40720689
800459756292882432
88425861
879783542498217984
958321164048191490
2270376266
18513101
291405463
187518287
557068003
85728309
239499378
16931273
25219709
38798614
2306896992
141328091
130834299
158451341
1020952663
35440377
415075929
349142818
187763403
61354111
5687992
42338524
41509348
12267642
1569453656
425709441
38359576
716145348
58171977
3948479302
198020721
2248389990
47605629
262404381
2986365749
2154127088
39935691
533116615
588770591
378259736
249329330
625070495
3519587539
65316869
2764466482
182839127
203714426
2746341887
14088984
1385861262
20904490
102417054
1096058449
407476898
322658299
13250642
234309722
152713253
1383133224
1436382126
63272186
2792340065
355053826
37149113
936869486
2192592792
14852707
271331718
2910350817
77907514
999293378
196458749
14448779
7093352
1544468570
174847568
636216638
2828796622
1155497149
337318821
1240034964
602893393
2401608757
547397219
31443503
83925672
141376289
121869155
320376718
515865890
17791015
2944953687
524501086
1478030580
2764811815
2363206316
798372097085108228
13493302
302169807
44027178
17376893
235410459
51546100
755113
57039392
84801794
1604931252
849797646038556672
331854460
3181676683
186154646
2835276183
842029626608123904
19471651
330105456
46822887
7824172
738796494
467924781
3159148494
50393960
41761325
72423061
3134918818
490932793
1512446430
19409508
451131659
757695091
963631905878036482
3420477195
26008338
85136701
85227160
2448077035
19304217
16491676
386513
1607352380
897505907914846209
16664681
153154454
22151193
1011809173254877184
1077339504
100859077
16477408
14532389
27890403
37053360
6464292
127091266
363529473
2861010145
634734888
4421977275
2432213029
25728193
27938182
16265742
247560825
79309628
26029878
30000912
4099171
895057603
529126022
4832014137
34317032
578485497
40221971
17781165
23503181
621573
14647570
21724904
605153786
27978241
33773592
937499232
439732044
94031126
60610778
974670528891023360
30050899
21344507
14294848
8953122
2233154425
2217099931
968604719395426304
181572333
929399289436147713
41223126
110189578
20745130
2251623492
235348644
594666501
149449715
16863340
710549160366358529
72831048
231183245
15226433
965266179836252161
23759767
14202817
20110424
22417382
877522950089584640
316327930
304679484
40100270
210684204
14345566
3511430425
14652182
20053718
442237496
63302020
267856525
14075928
14606079
15439395
10810102
250831586
2850627054
87269548
78525538
1376608884
104969057
602317143
1514257950
584797578
21728303
47216804
34598923
199908293
5392522
57047586
783792992
44874400
15846407
90420314
115485051
1706101310
62513246
15661871
171968009
7334402
44039298
16303106
158414847
46335511
2962923040
26103389
37710752
73303753
19802879
15473958
1183041
39948573
540812894
56768257
38479588
237845487
15081340
409486555
48269483
17285878
22162854
35127952
88755159
947302220
16339870
740109097
15898172
16932573
19816859
1434251
11178902
19725644
33998183
8963722
16245822
17939037
11348282
8295072
4620451
16817883
15862891
15165493
14159148
30313925
822215673812119553
222953824
813286
14224719
14702533
15234407
16129920
995923542
14677919
12133382
8005492
88702499
