2956708162
1050743559664619520
72126429
895079258
1096113501716840448
837744038736445441
1068926722593234946
862037690597953537
378259736
835252426265481216
2842900521
277478106
775286364
396841563
351440713
3061255931
750693456327172096
2926734135
3301511469
1073494423026176000
816375540303077377
493911602
117539435
385857745
1116688595698507776
754317120696115200
1104097078182113293
921150046644600832
528623234
3835154602
945721201992888321
412416079
29455953
3241747415
846373656456577024
1086005595952558086
1113053766557880320
839606432676872193
242335493
2615774832
1104777550260256769
3241820326
18252261
999305712479166464
213037274
727210449763196929
866877450
2331779203
1092487704808435715
65759301
309672872
2375896825
1087332102838865921
54503593
3402620164
197450751
124176132
1012322807563374592
204441470
126155384
262203237
1071693152250224641
314217400
1070324463747690496
125945458
208745321
3172433128
1049965689157668865
1006912127548968960
835102573916999680
804431515513864192
814077886374232064
86312038
3300787924
24173822
3862389393
1049393271267618816
2419351285
61538903
736177354163257344
1050465400390111237
3495024857
1438095134
300377878
24676741
1462046809
1037287110858997760
888383435676540930
2384958961
701211308
794153694728257536
1393633862
706461683
2485627638
26903158
622968776
914173665205473281
1833278893
473879788
56341402
77471537
2884060510
2741854915
323853795
4469927543
1965046134
918824821814910976
2572860025
923463944974553089
2203823697
620976649
19332174
287603502
707235644729384962
821349367856689152
2772252467
550351272
1905682100
151067645
849251415642050561
467769152
215244619
3839061443
15060148
291963620
2895758381
1967112457
736134105918779392
223669139
3149134522
795252784727781376
1598327936
980203468806868996
17099921
229205129
173789722
319118333
27703379
973351729331933184
824556974813708288
382714056
3236464858
43965658
1151943733
17881832
2233296946
17724276
717530673620254720
819903381355503616
801574057988751360
354880191
192430983
626548865
1538580324
923155233198534656
79997785
21576334
20779255
3536104096
1699083912
17464551
3374713709
898106018986680322
901382638409265152
291905809
90258002
864416331663376384
389012339
27635679
763803047491502082
35757891
1555753807
3279394523
784108222932258817
529438517
76974080
87926380
1625218945
540801855
3346454843
65634864
2319496884
847715866724622336
3556327648
769161288
37714344
4200716788
2229628993
3364124327
792335466972536832
946164992
2761419799
2274443335
888315548957908993
805436107731169280
715650518383779840
226603725
17927372
291122757
1726204459
101865312
326314496
1464638041
2833928509
2831401824
26089718
440397792
1242490129
42174375
328098087
531045394
752900258011774976
3000500361
18585425
215391874
20547679
864564073840640000
3213080285
3150929386
6742592
3234299276
760672949556961280
1638587874
217963801
3075833326
3047555198
23249783
733384558259916800
631274885
358542593
715503143379984384
2350510640
2342340596
849659055996104706
3289068905
874929115756888065
868114803507810305
2358035984
28813360
2407683583
756128315837067264
54197552
715179326132592640
2295037645
808768985168838660
807790082086338561
3130815094
962672120
3036530169
612872548
619045062
2993647767
2784464793
2986435107
899658901
93655345
3084793295
1320608390
2377103532
19451238
254247353
77888213
3391926027
1681859934
840640902
841937191
44144749
807000613947117572
453962517
4822027967
2497997641
2874144959
285165232
28081917
2791699206
791001312234176513
381223989
3021650918
339463121
616203761
285046266
60458714
164089883
758961167666597889
779931264
35760077
2842871857
2490971923
2904178699
2760702028
772001493197135872
242879949
54466388
347885744
2289913051
22478416
33892163
929684934
1281383443
2410443117
2789749526
189065376
484819220
709767126530265088
1877372130
744979364224315392
90544961
20104025
426547456
2359597790
24775576
54155352
555526074
3469868896
15414047
636158596
514460179
2730329486
331583882
14093970
2364277050
1153661510
317736553
359920994
2373950070
804105624
536409536
201332618
722001114992926720
47073443
353176276
3842754741
3187623063
1734463812
3012296026
3376492006
20870110
3172421813
302053868
2253438907
3119268999
2572919960
4471995922
2208738270
4524197842
1648910593
55513257
3297046584
351692090
1635900535
762454712
4490697374
2166116277
315718020
312239157
2621780097
19796863
274682508
136532538
2439156217
3900399077
960727483
384787749
78962458
29717083
155230346
32378628
166130814
1490475474
425340596
3398840583
170036250
322411475
27728852
3364320905
3238448948
2895752422
2904839271
3330245542
242908331
14459164
3317267080
951703932
143903442
2402497014
2766124519
601049039
236028023
82694358
55187512
1393375963
29018071
2208397417
324999600
3044705753
2660523104
738518047
2596901521
2876139185
2464376569
1006903940
1249204255
1691953982
2409231301
971704646
253953885
321287902
2231679115
2843015325
96790351
2327889008
2784441574
1205462851
3086862471
1253778733
3044618512
2678317828
53754646
94588684
21110235
2904897572
2883988803
1451308374
21346264
2874091063
2384314538
148299023
2426099005
1617860070
806368231
1618691779
58155571
92744755
2783020899
76963627
46959037
36056115
398581149
315071041
26525474
86932362
2692344194
1854667423
45022448
870080730
1920163916
817001856
14313383
1913890034
490363356
467469852
2508379815
2461807297
263219011
540281606
1618729478
934925941
6312402
2355084330
2362679730
2273720488
2202793700
1693998487
1964474708
545118694
1506870913
1467180294
303868314
466290519
1395699932
1139248098
389062210
85906238
241272599
98877698
1090589910
611711047
1376912803
1344163538
367772772
28319391
33480640
148715590
258847118
17779259
962905842
154808811
19114108
487833518
28101094
32372834
14172171
21146468
173968705
941543546
745468122
19457950
96102210
637084477
25710082
192679212
23184591
27297648
579299426
100047303
392693972
32729442
558902406
23310969
14202312
270179887
562412724
40306869
389023327
929743022
145081111
149895490
79560366
359962102
135583203
468743137
621716776
46342393
397890671
104849636
59780450
566259442
92142934
80868310
173857479
461161238
111344292
27035508
177005581
287146457
14514804
20446182
36909762
82687474
18137194
312637970
72135387
15393994
