32719028
941829517273944064
1159486191508439040
973205558391123968
936611819073998849
784397947374964736
378259736
750344739430555648
2683931742
475393715
327994582
101856523
968191765193854977
3306761037
144396811
130499153
40006092
220784094
1106399187640430592
14960215
91137301
904873013669126145
31418514
714950138540789760
19152977
170080701
938227422520074243
45055696
146569971
36365736
21728303
14981648
63785999
267353473
1050806910239141888
800936305
2613485677
916348529056124928
284287181
257664900
993878881
212323262
190651901
1176264332
256146783
565068142
17220817
727683542499610625
898619347102449664
954731959288320005
4220850688
23396440
752876292073201665
16831165
3960654267
82142715
112317404
576797033
55259925
16302242
950828406211461120
33990291
63136498
190718997
3016632889
34169085
1436076786
17506089
252850016
20400862
193395018
32875790
96846955
15617631
30152403
2377890876
2248855666
1475560706
32959253
885485323
1107203719
46973152
310364418
47010589
92685993
614554301
24712054
17565514
288304848
85735850
207923746
27964182
45279311
2777899225
37462950
22823970
119509520
172997949
607374056
165963007
117778179
385203914
24278900
522704732
196355129
2788107722
297412376
42519612
84353161
40519997
83882523
2823103939
128990079
28220305
401132888
25463212
64770337
35094637
36485613
512613427
50826280
145499533
24740625
59283767
54951973
84358766
161802684
46306646
443386922
2655164364
1289524746
19397785
256881576
16116288
30793542
174533632
382271636
38234856
84092181
246571305
8824902
1253432641
22504390
260330827
252663106
813286
19426551
2937045252
3167863783
436266454
56443153
300392950
23151437
3108351
15846407
205302299
178111058
23083404
326359913
586198217
