19166519
1103117524873306114
1251040297
21427953
137798584
2557042302
24957494
43342160
239509917
14982804
221235039
1006419421244678144
65613520
32555095
864840537630756864
1128295781499375621
434673537
15951681
119972954
76093
16495205
18373034
10454572
1567161866
16831863
95713297
325277943
73573628
18622869
18393773
25728193
2329066872
810590628727914496
757362706664067073
40684090
2785851238
3816567737
938301120153341953
346257165
2962868158
1668272444
95485773
29675916
604100998
272216658
236570721
292071258
488838893
133448051
1109609579132928001
350503764
4421977275
1077017899
296971297
2466833378
28665877
152411615
892425083070816258
1009738518
19624836
122130797
602993818
555548903
1264587222
472587261
1350929695
780206406024691712
1476133082
840328660955648001
137466464
195559018
605106202
17891090
3107894388
20257611
17196609
35206553
193929442
294013844
30395567
2214284352
1072649206492487680
67624868
2248389990
3384870105
15976705
1117239146488025088
1025076859049000962
1125464099901595648
48652838
517229241
870715082061168640
846289645
206001945
575905433
34032998
352886904
34317032
112475924
50578347
74287341
14729597
415075929
318485472
247610675
625070495
378259736
207346985
813860534
131942721
384098957
824000078
2192592792
18456821
168508631
102417054
191923114
58523743
389838644
25699393
229900664
989524414420213761
95539262
3272477743
2783181097
2753663966
551112681
29932841
112758618
42914038
88973663
2644697608
3265372914
633341697
39180746
417204218
20299825
74087670
20643592
30364057
74669397
24269284
36299068
148116121
146894920
223528746
634734888
36860088
46933759
4027925992
72423061
319769408
1408048591
4194442393
4721260669
61734492
702180625
1109166125538045952
870442892
757762255161217024
201011274
400979653
836946470
629671275
210558317
478786048
3528685397
2810937617
2868108271
93069110
37744859
627356719
1632892050
44195699
16494135
44548186
47674043
21492467
36648953
6597892
12794062
29447794
178096106
18147908
113439399
1542211308
1602587834
13786802
15170263
36972997
14199378
309219233
37710752
376380628
130917318
101098771
19725644
824437172283568128
86640232
98662565
965015705123930114
618300542
11757522
23027237
78194111
48269483
54730258
17471979
18510860
158414847
800704496246484992
14700316
16303106
22162854
214622133
1020058453
56936043
1469501107
518203410
1500078854
6974622
2835276183
875400225577463809
47459590
267856525
386056280
969397272759939073
91132491
824873275851304961
47170195
974306250396717057
20269254
26548315
2417984215
816704593556078592
39668527
960165775670734848
59577517
920177570
512543508
2575797504
1030499046589222912
3437602696
2647572901
44381332
81480697
2831773406
341871198
2898355198
4803705924
35066483
151444950
37999041
875461576748261376
21104257
187838951
875580120
16442379
301750247
15201979
17164352
15483390
226222147
14293310
51241574
15164565
14677919
14511951
35773039
1440641
1052896620797460481
17525171
847098017274613761
1067541214671577093
533324996
961312723035394048
56838529
567508925
935717078966964228
57368113
19209076
33860848
19618527
21796484
13785722
16235700
2277736796
64714144
800942537083068416
29417304
42980426
1604931252
235410459
1100877248
4047343409
382220302
294225689
1561608704
369602017
142849883
2674458072
123422038
2468096389
11134252
14377605
73238146
43963249
24209167
40931973
14312391
735132714798551042
866114321587294209
1551418448
158244820
15109516
18959163
305739208
3097134196
624963171
16868756
13850422
19734832
1265726480
22642788
14434063
16228479
5741722
2347049341
67060591
783792992
14238142
216065430
1082334352711790593
1080584229510172678
755113
31013444
342863309
9300262
15295015
965266179836252161
3379772363
500704345
1888149452
1550520115
53297035
307548363
186691329
1290082680
1106604867127336969
13393052
35801632
608431030
4842325334
54218903
126414598
76837768
23544596
869583725276868608
372347731
1055165680151085056
15346740
850021953033424896
718005734978420736
198613845
19165963
200179075
516735853
46525604
17494010
1330457336
15808765
15764644
30354991
939091
737319482
409486555
1117112641791635457
787761677718679552
3189113840
14448779
376570418
213088974
4826312969
2639733857
16421419
131976246
16874875
19844987
435331179
2885970490
138203134
1077901163813634050
4261599459
183381881
4785055452
237036413
293722201
1633987406
20668891
217068289
2422201573
502135911
468896332
3179977818
31583882
2175281919
818910970567344128
26642006
39364684
813929797
822517901294845953
22203756
23022687
216776631
25073877
742143
5402612
42958829
9567972
29442313
14569679
970207298
357606935
822215673812119553
30313925
822215679726100480
1536791610
1339835893
16129920
2467791
5392522
807095
3108351
21232953
56405314
19273919
39804874
19397785
15485441
19777398
53269717
586892658
28221296
586136477
52025131
745820531870564352
2233154425
780104972
625022363
289376269
41713603
3376066540
103686030
62606201
476907667
42583325
20104965
113560280
28074588
3295267498
2737789005
498054897
15814636
355307031
2435600613
1449374646
44039298
40100270
403602097
299952256
2350833547
59921336
563744952
2155847595
61592079
290375334
25567037
28211427
186129806
58708876
158848407
98670706
79923701
34381878
24939978
17504870
818876014390603776
1093090866
1066843490
15667802
22630531
780416875
18055737
16681111
478252585
344945120
45713517
17350250
813286
15023686
499073990
166739404
141029919
21825670
522538187
574117732
247560825
14824849
90420314
15606542
15846407
94997619
