1159274491241009157
19695487
715037516009709568
730129093
1087039136983330824
1149693826967252992
249693777
378259736
1360668998
748996779664896001
104068477
1089223726896304128
929177057401155585
211239381
2855133247
1030262504570724352
2204778019
2196939649
739855488
901961906717675520
625534459
1121070496324493312
708056688876605440
3946114767
1002583786377351169
934613226674733058
713497579
3171569663
2880267076
223700175
828713281330241538
956204295677820929
322007687
852984738147168256
2728819065
920750105518575616
865936571635314688
2156007288
156411211
3156531065
71384246
3341385209
1927562094
3018500559
5408222
1314182796
1283824304
1708196335
527526077
905381946
18147943
107483148
376830445
52551600
86131902
176503155
25521487
501086327
476184052
175179967
295016839
399972996
46279037
18825961
22412376
