520869976
3257047456
33492556
858034851689242624
16044192
1566470042
200087929
622449185
323938092
20448269
4119741
2865155253
16364613
18316818
148653311
14246088
135453038
119789725
22270118
48706026
2976183585
160244947
839420851099471873
1675563421
151225663
17793746
17190640
205470901
25157156
202341554
24067213
17136315
16279532
2279432760
4882154247
1562119782
2841552863
18258669
1246518049
21290370
21810821
1733884542
22787238
125245041
94143715
2511072968
244498663
22190567
11282582
15652413
62513246
29071849
32833242
61652445
63796828
75797367
120216905
77329593
43412697
331215435
575612397
593215599
115050842
23103351
500724305
77758985
521747968
44324383
4032856065
10078
13198
7456262
769254
23541684
297632458
21879831
12804792
34713362
840154097089101824
4915188381
1137543943
738138105077633026
256081405
403530002
312560476
254714249
864920005980323840
2217099931
96919145
311951385
410359148
22642788
59949396
195826487
26554448
58560915
17663756
202886242
106182585
15430849
90478926
252294862
258885469
16153543
44986099
999095640
1323898861
30848629
370679464
246220733
21427953
110302086
106829525
120106749
21334179
17539739
16584443
2661139074
1109440514
3199672131
457490737
116286391
35936474
15327996
351910727
582089662
16901715
15110495
2301527298
812852899705475072
2536465640
108094234
67799200
24301442
2548749559
135888902
180864680
260795359
1191525841
65917536
38271276
856547986935099392
817517092379525121
3359301603
45571759
274294204
66010092
45643332
16855888
105915404
3028963203
2728002146
68813782
82689705
24700399
14849562
12929322
25341604
797571919381983232
16326882
19568591
47098558
574575301
9440792
858196730
75922522
24041165
2889924959
11856892
303898942
734728197015797761
22129280
195284921
265249312
3286831435
16349574
176774540
167024520
2439032786
2916056518
452500910
49542761
203654782
216951181
38477663
993789458
4581989475
2675496182
4541065412
1630767938
2151674839
19663597
437520768
2013741
41814169
192939151
62186709
233334501
15985111
62329478
357606935
14075928
1740014862
45226653
17548600
20927289
1917443905
15268600
16378093
916031611
2963753967
1696835461
897886992
981313082
19024627
748546152182779904
93714983
241823065
1976143068
29472803
17085007
204835436
14447059
434236851
3477523040
15009761
27750488
237349613
339313816
325385270
133623952
150078976
430995737
57172253
1039531
183300976
360369653
146597094
2532806658
465965880
10191
522519388
20744708
285917234
261608660
196527585
391037985
161507331
1631669072
848095160
28420827
17004139
96167680
42275631
19644592
19129770
4342545737
1201551126
16741660
196569237
7433772
48310425
3118949980
985749294
128389804
17738617
2493252798
18681111
578734691
90270293
278804611
876561398
718558625040457728
84670801
261038981
38490017
35605173
27257367
17436250
15586316
21534951
17698552
2329804742
550480941
15186189
3328771033
225169615
1401305010
788451859023310848
839195953714245632
16131833
90711442
30097646
9900422
3100221534
257661436
386915587
165915746
33979624
22845770
2752355256
348164420
22803302
3697191079
72720837
1338364729
4925484951
15422847
594662174
228794007
14883821
1963018135
395594080
24215794
70436289
148788420
455073023
14652182
862430010
2300426996
2896054832
706646742532546560
3073871212
15103991
2320903952
234837526
582379466
302148163
1866997843
71064895
288363743
2570912192
19258785
28124259
201133899
20809407
4192414240
14606079
18847619
14388420
68187970
16391737
33696409
21193261
757610730027900928
3459692914
17212474
1093694846
4246091
989633635
241457780
2306228096
252630434
438399143
3106006274
748508339001241600
843771913231093760
13145012
20254407
842137091416944641
30035205
1821
36441385
14412988
15318717
266063489
236729679
331615377
2195241
168295477
1921636784
499073990
39289585
747939957969293313
111475826
14302739
17232110
2693420268
818964728408117250
35329843
1700828852
17466132
19002473
24129206
4439635397
89662750
3031090078
174819578
1127728380
178526634
29501253
783182
476340081
380664281
46213956
195837760
23031094
17768307
22151193
18280307
12244082
6742522
17688928
50510925
2456684617
1448330136
16708161
2222327126
24467902
150751008
250724456
69331791
49986034
234841262
212621119
19877186
166268737
349300271
442593662
2880833756
38650550
4805531415
1176994477
85625925
2794891483
188043677
111679943
248714917
325553106
242958263
804396548775780352
33285177
18736221
3267234236
929129743
187607140
43876479
14843424
107186754
799250105572491264
1317661
131362254
124581137
14434881
21316253
12524622
795717775989833729
3685989557
165511377
300495887
128842454
32468301
14870670
59603406
595163718
154233773
6473022
44562973
87849193
2832451299
46751860
21753328
67062029
17371873
169720675
60610778
184997446
1524976560
29309901
14920719
4272870562
43192340
723770641048969216
21792170
2834796979
26269523
796353061610549248
340356528
1140451
249518485
17060020
489218573
15948437
243223954
94453379
2704932312
7097602
506458865
78081806
783705
2306896992
39589605
26333067
19346439
193972325
551496624
294728278
26165922
21366757
312152016
55049476
447168203
522519631
190292949
791348956588539904
89820928
1256319998
1058206850
14619527
5695032
18036441
48289662
33474655
15460048
234760096
78716886
19734832
19658826
17384099
131465359
279678895
63188873
51943744
40145940
22522178
24439201
252297511
219109954
749863
62862758
499088257
117224138
232280601
2914004702
1258410990
763490655108734976
1664265446
16254381
21619606
61530307
2894374621
92124471
18473868
6328882
21465925
593755029
44787537
290180065
2340915637
202947970
1507338108
37990581
1978091
4939401
838136755010306049
26260537
15956067
27578700
156121509
372339405
6655612
14879938
3975041
716823321
252747068
11347122
2573480784
336788919
50220247
54938044
21303464
246397813
1359582644
1725608684
77463667
15140962
19240337
127421793
2481522613
255291612
3223426134
23112346
2479863260
322904764
134162047
14304618
325652151
91502534
112764405
115768325
22507174
431519750
115461418
582119874
153503737
17972852
913135650
7429102
3510205340
708340703034613763
24941744
21447363
720733
233386754
14098166
1253753064
51956073
834878524402110464
874651740
47216804
4797361833
41603960
1536243564
409371254
534222686
14129316
1781551
122533830
26855412
254873869
3060489838
30726383
18948541
232235048
15676413
764476890
121817564
193462725
563784124
771525061
373440757
186589746
1648629770
49666871
2835886194
892219807
27306129
18999969
1673217121
15324722
81623503
194347664
818460874482520065
105321833
203060129
1712765988
49413866
14710129
2852075027
987070152
26239721
37710752
14379980
225446584
4625037762
624398952
589477267
607613327
154376291
25203361
17758502
80638910
38670218
445189971
252531143
148529707
257581957
4795046390
1115348904
14526877
16526776
55018841
48118953
91386979
61592079
30626658
44579473
292515375
310353258
15907183
118938550
3968932698
171115367
2857479956
14552725
18052474
2442237828
299273962
21733692
3015527669
17938103
230450027
98509211
756129
1081
242555999
21461359
264465201
2826812912
593188821
20989764
498686239
5637652
3374688273
86129724
323599188
703808448
55117855
156411211
30849103
14717197
207617689
78492225
14834340
722663234118033408
151584280
791336400134086657
2788518174
206285412
815930617
273698935
801849094310334464
785592374747475968
794536786383044612
16892481
163995093
34695130
2788914720
269448653
14713787
2459609448
85433682
477327043
183915239
20876350
66213051
12245632
970207298
598818721
186755547
18320938
557994355
17881467
204547123
2730791
480843442
3092829436
828623816033177600
124190867
476453865
54730258
722210815110041600
784462203877462016
45882011
28663878
509185272
299802277
372536101
49700792
705706292
14146300
136357861
586136477
26642006
28221296
126437816
121489431
15490533
57112641
98882438
3010424372
426389014
42067255
14328093
63273552
18978610
14789723
1287172722
18126373
91431221
28185163
236548159
271493742
25489250
117155939
225265639
51441283
2586997621
1628552390
475454826
17948947
19668475
1543986138
104358108
47526275
25375836
109974187
1376608884
4894738653
2382106993
272748227
2936349893
18753586
707374707801071616
23473326
2289160027
16215282
796910354781634562
20179537
248495200
17881732
28279637
14651441
14267244
42995067
3244305970
323327362
24882415
15108422
109025212
759786534
550010708
17143313
3882727697
14437914
80702644
31142666
15829144
33276161
24946505
93879982
21757965
128082323
30354991
17781739
30699754
88215673
17889970
5763262
78400475
31033748
791077327
327577091
18097920
19750159
2386915531
156370763
87063281
6482142
17655090
668563
21132877
68746721
479562736
2993715499
11348282
144286635
19418459
824320219866923018
250492272
15481606
682463
15379366
17632100
574168493
3681621377
80554933
80697114
44060322
36711022
9862752
15332897
137326569
21059255
808627
813286
8953122
19673700
748575268709752832
334907054
16689804
29162590
17217640
3112552855
409486555
36508851
3359481
27628334
28395645
1536791610
19795404
592055080
17492931
14155907
17507545
15113607
17979038
362272961
818282957618216960
222554961
28373693
2928209793
750748937825423361
29450962
381749333
40604512
18464266
47438401
28825574
14764240
939091
14007532
14335586
77314692
242844365
39281327
741734896301944832
792353343758798848
174887236
24622734
3342477094
222573939
10288912
20593022
3116191
250188760
22771961
14789070
19920027
343031082
2893122128
14561327
21616140
255382087
17494010
16017996
9078772
2784159969
218645400
18382184
20772763
15033883
61133
16444291
53313315
564069706
39279821
4902954678
2993751197
430814324
166669818
15922651
7299082
2840990758
2824690016
15418628
138636505
47694980
55355654
3742099874
3699289234
389067673
375662595
31536413
16129920
773246411165036544
50374439
71643224
4409571
14446902
138201697
25649728
23715059
63242060
3304147736
288065052
191678703
2903979971
1618517292
918152107
4248211
15280217
700623490
133343254
1027718371
377778216
942156122
15823646
272191896
3167508269
22089567
316154811
46059944
42444662
743633043114450944
20155228
21518612
347959437
70511174
45399148
16261707
950531
41223126
41098406
36241120
22018221
21693060
36941760
129911948
4175615053
40918282
39813162
1918789140
321148619
19530289
5513002
15234546
36686040
61734492
1135388684
92727851
2781487608
898113494
2444434430
24712487
386056280
82077124
15409985
3428798319
2885566502
246089288
36712233
13524182
15013046
378204367
45869342
299952256
22272550
13293162
249887374
21738869
14647570
16489575
11518572
293227742
22080646
11768582
14873767
2544051613
17634365
17399353
34643610
14888467
23750409
48132847
13393052
246103
1355181415
821814254
116502194
19377913
55948054
14315917
2421067430
389144089
797350843918020608
22635994
704232672
26044686
37000209
455003792
930178296
227744268
46775436
20508720
24452901
2918348373
20068249
39440984
76613858
2857661927
303862998
2772178283
49698134
88749392
29704387
10810102
26259576
19273919
793585473956425728
2896560232
3356531254
2669401136
807357676300730368
738080573365702657
125099937
14133447
437874669
30409200
136233342
3908996909
21613853
25734277
37830957
175292337
750761428878028800
130496027
357110377
809887021
1716121
24431892
17214303
195823944
10796652
2439177534
604940737
20098015
80617430
158426909
489662796
731132367058968576
42126617
25893353
315854562
15667291
47285504
21785215
175462552
32411838
12096202
321589427
22811937
4400697677
407396556
135684302
17107396
117188363
33899582
15808765
501222926
16304010
561505899
1586501
11640472
2942308512
15801023
21862217
15463671
20919626
84653850
3648061
397629256
272431459
283640557
15728161
276466372
1457173921
15371234
30451813
398490298
66267332
14787085
1861751828
328830055
366539460
1979039203
606430919
452521774
634734888
21212087
331658004
14115912
19979086
4607
41519517
18906561
125481462
15752235
2528032632
186856287
3754891
721059667217096704
555374735
27544980
16341065
64937130
17446359
702596067829932032
1712989190
22419345
454099919
547860279
102807848
9549022
6385432
297690193
19107878
7961342
14491008
16868756
4677701472
19529873
2233154425
16901643
1403723569
450181943
16912124
96399778
16347964
12371632
1326973976
46828208
16140650
211254871
2908126103
869068500
186501062
15464697
776198324747575297
512352048
289342771
14378113
926620369
3215256993
807704449867272192
341871198
300015650
372483103
165944767
43464556
213518581
318692762
224
259395895
15976705
4754569098
17070613
17579312
15220768
148900525
23645988
47455112
11757522
18655567
23534104
532690100
209814743
174110843
161752401
104271823
2922928743
2417642840
31455711
67725191
40252336
3294214552
1536811
87271106
47379354
193331178
26697854
2336915086
146536061
797869498757955589
15576928
3817401
47509268
3178944356
148116121
15450660
24425930
13493302
964340516
1684427515
22821175
91345496
24190981
14173930
180040240
7855062
759251
47475039
772771163915157504
293338829
1051396218
603025587
130051975
2999703069
594175899
1137701
19942635
265593408
22826779
81965252
231942284
26548315
2843758870
24881388
32303435
505332002
752499373989326849
703159182707392513
18463930
3877408473
15680097
30628216
14106829
2465873473
74087670
617825073
1408771116
2221894830
2221883407
110326494
16688389
3913070955
15884697
17857868
24024778
19267390
133012809
2201496073
421944319
862483279
144816253
38528124
35206553
81482674
354299701
103770049
286888568
267659406
77936388
15161984
483521999
18229027
41144996
16120265
260864109
11735032
2689651279
494396769
794682764
17006157
31069618
1701471049
28049003
217064621
65386630
18495954
345673106
98243233
3379046399
100147164
381264102
154490060
89788739
264503752
36659601
29318499
106017042
45117090
116341480
2440040641
432004518
83864876
14260960
178777934
35962650
20994006
87454037
3169148587
233328259
102477208
127842318
121072766
3449646802
15387839
21889069
11109062
16472748
759964421443637249
199567532
129248805
19413655
15810488
4207961
42226885
15065434
27022632
93743751
14215609
62502942
6981492
215207998
15356454
335785067
15723653
2445479707
86972419
33281941
17282363
1639577767
65406626
22226671
213169226
160100486
19775788
3315368252
5741722
19697415
21344507
4823705386
3362881360
14190948
16582131
6141832
751560747566510081
775495523142819840
16252002
379911407
22155975
14140913
153833998
14369314
68172913
43907991
928481
3298827229
17266943
206203178
19819117
17000169
299264437
16254632
340930998
377712837
2155032368
4891135287
2444425802
14245872
2380667550
15347711
3456960749
725178882492620800
3097304819
24998433
62829259
2861428699
8080732
737502890462322689
14410862
212018296
53914823
53175441
196415460
1019909521
21064165
162441059
767950816628006912
4490486474
60778925
762799939395158016
34604706
229467662
28085576
15194242
102475283
282646318
21703993
23248094
4806332176
3411200290
1103558480
34175976
2829333475
1618939716
25387057
14651539
4056114239
102103816
706962914477903872
749035150701367297
18401697
36180770
22547660
3949559534
1281519512
4212999921
2841129617
81564767
820535006
135553041
413802355
2842874296
22657088
2987774893
292743269
84623872
164596794
33057171
2729061
360948924
1132876218
154497175
2155490126
18700699
499452730
2426477634
729047118191583232
6883122
2742369600
2361860238
15533823
13691782
17158189
102903198
363261823
18887519
15226811
29055958
2926827222
10800682
40683302
733021736
4669691593
158021640
2176731084
15644999
16854309
16523953
3040573466
449849732
26177586
18639738
239885144
44618343
472587261
14348157
43233
12263542
3311286493
3517925474
15081340
19397942
78240297
18949452
17293897
6688272
18549724
18510548
33639564
13404292
34269640
19563366
932886488
569520763
1931764710
598434871
14897772
426832071
36165302
16738986
235348644
112990433
620201089
744022451093409796
254271245
398173256
2548644168
75193883
59861123
37065910
458450588
709829883065724929
33653195
739670979861843969
811169443
25227444
221759254
738873444943691776
33773592
3816567737
472600930
342251338
573356661
248475557
14179666
8845232
17853538
229191436
36889749
237330000
1912617043
14886375
407915123
14202707
2178012643
564140394
548749840
18507505
725338871848947713
3001537587
3290382961
79923701
274347377
15866188
155688134
15292070
155844378
153970708
300518587
82711326
45724110
777369
89782106
131920561
226939567
14354471
44280373
33227146
15354952
557258081
35293
3060578125
1526285174
1236101
709096912050331648
29375475
377446227
2251623492
293552084
30331417
19570231
2484445454
477205806
2747584099
1961598014
33452466
703311560
455054450
247857712
398269756
1868300024
2755431692
24864261
2655761660
52758588
14904191
25722942
3023900172
3335692605
2414521490
1720968254
20796764
23125257
15566406
21362105
3098561383
312266530
72308121
1534785408
15620917
3540347354
324525684
27921957
79827261
59523741
810198127
555167804
14230772
282168818
759687409
859306879
14134932
189937269
126042901
393852070
401455023
3653441354
454672697
4206843912
4096772532
123752234
52840386
2992395456
234409558
29928567
4285829478
264439438
569214790
281886039
427145086
34878648
15698507
3249040886
14198038
2233423910
2678072634
355866075
193221842
249983242
86665432
482689949
2916305152
372470727
1305940272
14307648
15622738
191221920
263721611
34390023
412028411
23271195
1152528967
14199378
847705464
103087049
1327265455
60082699
80493377
19740363
2884545496
31107562
331713956
70266297
275477699
16527648
48840909
3674531
3153591354
363426409
22059767
14717311
965798130
57917441
3044010446
36754932
84167804
19358830
23677122
2189236638
46220856
153784150
3241276311
23921310
474065017
22431978
98412169
2299815606
329738963
122329834
2558569178
14372194
288019271
14045442
14207199
14478260
15024090
191977580
22078272
17291095
759003
18949610
130950998
121275443
1343530418
36542528
16319594
2678451607
259107591
161187672
26027497
2612743916
17064600
1941633097
3063756425
1703408402
397655438
246309084
2330202776
16823185
28541334
243363953
17264476
27752148
1451773004
14500681
19000033
7059772
48029182
5449042
2853440612
2652302557
1250032687
2582425621
113802332
3063230658
1933042237
1244325504
68034931
22938914
20117923
132021364
7342262
20802697
161801527
2480232330
1594071944
2996876549
2978062746
2979430185
66884558
116958202
14863157
6587082
1142061
337886919
50393960
35004071
298685583
205916039
1160821
52094118
17316055
436712793
453631160
271970590
14184942
285706952
17465212
18539631
15432741
24817051
189253902
15662133
61819368
259439629
332602358
14269152
20609319
330684918
12460982
16878551
66043396
40351046
24352080
56732176
16906237
830181
15492177
250625406
2372347920
17299989
304628687
2529538538
74303731
13743122
1688921790
10886182
338355523
353789193
15029920
2400323192
18821666
84278658
946447856
1337558413
16147884
177652038
14278978
775853366
1439064992
18638502
89429647
635337923
27659439
607285178
438493591
272546411
169033792
17109642
339755132
501060635
2378311
351221537
19725644
2364781345
481515644
96706496
45310016
16286782
265206212
1612835420
15085490
486927488
1139405179
18037884
257631832
351222650
94682674
21351598
83682213
16242081
30570632
13737
8287602
273181052
1265635232
37481570
77383768
2155418436
29995782
1323187164
944997859
2196922086
2725890844
77104728
521946394
22461427
60379292
54206230
14505546
2472630098
1615463502
92496467
28321706
175711277
29453097
483554472
2385826302
2467274660
80396797
27195114
353498096
210909560
5943622
39859913
29634406
22834766
480035350
355776636
517162010
24670677
19058407
529070979
335207743
625391951
334738427
15020865
606776750
221624831
135696372
818284082
729070262
47786101
566660384
1240121550
18691807
8168122
1007041
969441
15730937
36803580
69679166
25473028
1344951
16681542
14504859
2142731
19252694
19243190
1068754020
98540302
218287028
8369072
15549032
2240929844
48039458
258081215
1228325660
1225688996
950001690
16109188
14678350
16966887
19370213
14134204
28016036
17989826
16331259
15935927
179140020
59001619
84208506
18241410
427071207
62975276
40471144
14224219
529162425
5520332
213394155
7386292
12284582
14737706
23753241
16240558
15641255
18316059
260316814
48316011
15795400
66493463
784304
22957921
42192966
19873504
126406217
168987151
10855372
17206070
25065495
131863815
629676359
106989741
218446726
41626387
2203757954
51141364
242923569
14239078
1565620855
123870913
14815044
982341
625901822
79242290
1838091925
82668754
83931774
19562228
15615047
16146421
333709376
14167540
501572950
300117068
14050306
1128543122
78418306
72558987
33041426
10798802
14874142
51974186
627643923
128956175
15846682
13626882
18713254
30261067
286813677
81157001
15822397
1663327039
228179736
1409129130
191513628
42779858
20725994
1538022984
1450631834
14982625
7453822
1138462944
539267177
1666038950
1250331122
1689864787
22543623
493032687
960861127
374177211
12702822
58708498
177058801
59967133
1633950216
1561923427
344955115
16024323
121689493
14477443
208901485
45277457
30378383
1311919178
618706330
1162168484
1312565449
252672261
18185593
16786977
1270789484
483295852
226621101
142837256
580042159
90996334
275031834
1381107146
65212775
28628055
25035622
738450722
1430495677
310109265
14779774
568781849
18733427
30173105
1471113626
431860252
531792748
6349972
241253715
16102815
535016795
29762558
33787115
41073372
25917171
301165717
139162440
114811378
784647
4816
238627538
54786075
854033046
1279399273
224079521
259392555
34206460
1043836453
90110339
1480104655
4067801
1140077924
18060303
108031696
10562282
74201997
15195755
89130525
22643137
1340692447
14483158
21576577
249746902
20695112
18325929
755431
126064077
222302211
186560551
35761518
18359687
11439732
15706128
94610588
1024971830
16038438
1138915381
79529665
14390592
84897329
538379258
794704152
1267516826
45918362
72928801
63043
1373486120
512362029
1329700494
17655771
14303261
19103481
16347252
75808320
92841922
283150159
81908491
54501212
977383291
16220934
239675358
45176933
589346151
53297035
15445518
35909336
31353077
52119790
1287020791
74903868
1206222500
742023943
25038261
14269220
612830733
241808573
18314027
17071143
88264935
767
17458864
14348594
16150163
143922679
1249676186
570369724
281705101
18772929
1242601483
217626610
597113793
131650624
734281537
21720472
21015687
14345368
69715529
69764230
6825792
59130827
204165976
15472368
529483809
565844841
14983833
21066303
163899104
20705323
24973314
90406601
40671703
55594930
14755492
186154646
9587832
18229878
13731442
12837962
40125351
34554134
929904769
1183041
34551042
45883422
23390284
86390214
168848970
996575394
61552340
22080450
20347863
16183190
138271101
22054205
3443591
15666380
543867252
17939301
373018050
17728340
405323682
8914942
43156809
5603992
312107565
30318542
15300838
431333116
19192943
3359851
140956694
249492639
418279718
772471
829518528
17044790
14345566
15495464
15249156
21760972
19738805
563815603
237845487
724230080
14424667
16883084
16549506
20661527
514646075
28521141
145036675
802585
26408828
80461634
26281970
22239212
611714212
142373013
174033981
61548139
40896292
22389700
15970247
14103291
72952988
180540375
51807607
18440318
40208620
40732410
179354324
60642052
180505807
15473958
15208166
15813733
526491042
500021604
17220591
18201450
32578648
323124113
15343773
13658662
118279350
463242626
15028394
609476867
60792634
350106555
15583454
152785427
56768257
12913752
351204906
605712352
485037790
19873252
131677163
21273590
546810343
18349412
19459351
454340464
598856897
179278975
34743251
13181982
62447268
519187947
15652377
29912873
279294668
86391039
16583672
14915466
64166451
372432305
18334111
16852229
50557241
166301108
55296150
322342688
30910450
16338290
15643370
561233296
26208862
1715051
16878507
26606744
545558899
327187045
437955462
555328808
561387260
416808319
304679484
96243452
14873854
4620451
18817130
107336879
546160364
171205752
331850556
633523
30089996
323626238
633483
110230718
14503124
131255755
46330549
15813531
362286999
36171035
20747847
9451052
42110634
189790077
16792453
14471133
15387870
196220502
89022640
300643528
23010550
495531420
46179487
240933217
15584726
16367713
20009703
15080878
15578992
14050342
468094034
31506016
18963070
21138936
302656693
308190142
15947499
19550535
488061226
14575846
297565991
69106014
360999401
7081402
49870068
18919799
16522560
23072760
122225923
22897868
126881128
341218443
117506790
7650132
280490190
126867650
314414712
470294971
5867722
126467468
965091
2100521
100881649
763904
17262744
15696404
41519078
103417120
464216087
82561437
36150253
464925319
46757480
19470736
14580197
393695316
399853834
187792470
42750234
330754638
35060716
449268454
357746602
323982384
281672404
112344837
101785524
25319770
84360877
14667714
21709230
44258747
14270527
15252736
279241351
16728770
376619420
40615525
61100231
18729020
21791940
19954842
15657647
16714182
44244590
23258851
7753922
329518010
7861622
16971994
30957246
55656369
299939917
10333962
275677013
34542541
357969776
245739759
359887456
75641903
16150457
69941381
311145942
38520304
17067745
285291750
343783092
22575045
93815420
18006032
343658895
86117573
82553416
16308123
18002016
217911721
14464369
14326533
17244426
17936959
14112263
9313312
25199200
14303746
301946005
15595665
243031131
7861312
35776232
19686088
207241175
27531390
64488804
244155706
4519121
57945134
199915507
21927520
20731499
190619755
23991290
14202934
12610232
29817057
24585498
15234657
90420314
14749383
18912905
42888794
6097502
99308012
60784126
70056377
25246760
18348520
42908581
41884904
