23024798
7786612
970207298
918186781991829504
55752820
1019322561824296960
2308993892
938115037
1311501638
378259736
1001511262545592320
21753847
1879453688
2923124470
190371395
452545583
1037262350
3938188937
1030985744787988480
73060860
757303975
306962449
46933759
3129181760
966380856972541953
31044097
70740986
967146890054832128
18997933
267856525
31339831
4803705924
3420477195
950817304769712132
3188035248
304679484
3009573404
46775436
35369214
2377794961
3327720838
2898355198
341871198
937499232
4414526354
30354991
27908189
2839430431
715314592239452161
739232864802213889
47216804
612646421
415833765
1077840186
2828550908
134206307
55117855
159143990
122533830
165511377
1198406491
229219088
2439032786
519879299
2926923719
17919972
602993818
332611996
355307031
813286
1330457336
190371305
28208983
2562466302
15666380
2393991372
550283734
74669397
139162440
840304351
316389142
336664185
193539458
2744012874
2480079168
142001958
287899057
16008484
2366046883
243905905
500042487
502281810
309232229
562381032
94215989
241382835
47723049
39144177
384149681
18733827
53316465
103099657
18228898
12266442
230013639
240664869
377037875
973277052
1093090866
16017475
123015364
18622869
17844280
15808765
91180720
19279990
23314049
1339835893
117848769
180055456
52613032
348998306
431429137
139823781
66561957
502135911
409486555
184910040
277595625
38259087
32985158
88376643
293559894
226347105
54544152
197859046
30686649
149590738
507489702
59949396
188417619
31312972
44215023
197001564
19725644
740336334
17952943
135410463
9777822
14185317
313091751
212536050
43909715
19879313
354170976
139199975
23544596
151584475
397343335
1922861
14740219
76997832
16652318
369045369
18948541
347471374
48100887
17350250
19697415
16473717
61414902
257094713
20745130
17220817
166739404
18980276
113897988
6480682
19542638
121402638
154559917
124331506
28207101
142177034
33276161
115485051
116915924
39943742
90420314
62581962
62513246
31641658
21148293
22548403
44041072
49060739
16319104
53431071
50822347
29344169
14805775
22321602
28706024
26565946
18583722
43283406
30364057
20196258
14522546
27042513
19397785
15253147
10810102
24608680
26604904
17853760
14230524
30271564
21447363
15485441
24447643
19877186
15846407
16129920
19637934
16303106
14506253
14075928
15279958
16998020
46576295
