46805103
30378270
862037690597953537
3036081407
4776695254
82321731
378259736
203714426
4091551984
16958346
17220934
1110263577913556993
774897966020595712
15846407
2932738844
1212140240
22187085
99599045
796811192924770305
3226303103
958321164048191490
126719717
191074329
1030688669580099585
755279675450986500
2278434859
344800265
19563103
2476353410
74287341
839237496236027905
410380828
41223126
178065733
51547100
2460047754
1036632217907281921
95928537
11342242
14179627
1589859523
636586551
1002037376
787428929741041664
28785486
2937632239
603083228
1037379157544652800
88574764
2437737626
21709475
389581806
269871152
1096262468
3111085718
961237580829286401
1587990830
780697181548228609
31037199
4486093643
357606935
415985101
1037341536592310272
154985728
87780277
22012091
896162791568101376
986956174301032449
358809933
724502276
72937606
1222813333
26443215
1089059215
47247580
18977988
211073619
72819944
33919343
1339835893
26396117
19698910
2350801074
548384458
750022168675688449
22044727
9803552
17907987
864674587518287872
922006978225950721
2348824838
29505755
837503311
471677441
60964463
192589318
999470034
85413907
30082420
23715059
2279670090
146123790
321634611
72198806
2413216260
702592594832814080
14393683
724266556268666882
1934610685
933185798022758400
1072481990983733255
872491280932229123
917511276036853765
824720106991349760
824072368603668481
1080114731610968064
144828012
14346080
15764644
4779001394
4259865759
224397131
2841552232
874415903978508289
2666790169
44562973
144210096
30354991
17603663
1006419421244678144
487942988
23700532
26099938
123327472
309282144
48581849
132615314
34317032
19029137
2236640820
18018355
2433704864
42144884
406666610
14717197
251892098
465204773
4020555497
871872712653910017
2338915140
2602262088
729667218967953408
2458541294
33537967
758883412560142337
19186003
384923143
829762307840356354
755113
372536101
16129920
910492003359760384
385522168
842550390818201600
807095
79889618
1378210771
171056830
278168522
106541624
48466582
2885543426
716432228
69986363
2550688357
787239
2360816491
14246088
261917082
4823705386
16846973
196264627
998345349742907399
1658771143
4735891549
302404672
103087786
2840685162
949934436
41582030
930040429
824494641890394114
3092427779
3369876345
180463340
86424141
824332206952714240
330055239
22771961
14116915
824190260338954240
824126001936474113
824320219866923018
18256259
98906407
382876351
425938818
9300262
2334193741
2382997782
40131029
894757553300684800
977414034
226749674
215057688
289342771
16017472
2316383071
234014087
212445456
21918310
31448660
115710058
759251
385706410
21924525
327862439
3131727118
2349584238
87555271
18302115
1301862212
1649148151
836704700665856000
811354306188222464
2331185149
16001350
842029626608123904
4265136917
825518870421180416
57625403
937499232
18272853
301750247
15483390
4754637612
3049625127
3303636350
956770418
875029068223315968
753730703704162306
59331128
218325695
834081571493785600
780206406024691712
224028123
2928224473
197443720
498344851
326255267
2573199798
3073379569
5402612
5392522
93069110
813286
225265639
32871086
15908898
16753660
299802277
471672239
824139632354988033
821782476515409920
47101500
825227784389804032
824028553067032576
304392714
822215679726100480
2826513758
39000115
4864871778
216495966
15201979
151444950
61734492
19820188
14434063
767544424440225792
18915145
1330714418
19511752
1291199636
29442313
14377605
702388687682801664
43963249
17494010
73238146
970207298
43910797
2490479930
4864080531
14779855
818161010
869685230
48031660
3193706935
4323507492
69317295
112475924
6485082
803371213
19425192
13235382
2826778376
4719222912
2596463598
52488897
228936797
724773320743370752
558885462
19711765
3554721
26730532
38516217
167098327
20988947
103074779
23032184
36771809
49160900
33912460
87788695
29481989
16741915
23324461
25574971
23085844
222252522
32556056
2617740578
14364337
609287853
22567063
2992751
2402477449
194247742
39153776
208678173
2434779253
223587964
60610778
