873092184722915328
97723778
82533074
37529641
55896553
126023534
261819540
2438765803
989091391
963951996
1025521
4796224042
23115434
734269853318647808
17183081
2359557667
465965880
1103643715862753280
271720163
3329842719
733457219124101120
19188848
16043620
166906685
2979982336
2493543295
351866175
27702206
466568395
40945798
479937891
168290603
928378116308860928
2203671282
818647
2013741
41603960
985749294
387309209
360397416
18009083
3514588816
1100345292
1085264200417665026
40269827
2584383295
3650253494
1020193403882045440
347695465
18732606
724282165178032131
126847234
700830324234723328
3140737278
32947523
128577700
3291036035
305775629
71322151
2457030228
1064178785468145664
86533185
1027503446
10724302
120194068
4440118883
307470011
235664740
14317810
820048142
830047572656062467
2813839495
48784644
250492272
1089283427684085760
29956200
453983590
2521546890
31167101
17860088
438111039
266635682
1106689124872925185
479731626
746797787422023680
12876222
1150318033467928577
2900384464
982637543513559046
1080188052365029376
1604488668
134949295
167807696
135575282
814483087438544896
1143859148401999872
519999873
388557106
2911276016
22278303
37062669
785013518
20083388
34746072
2217196746
175066096
127091266
1915012974
2962402486
116086765
343063239
637450056
99385342
323023523
251983774
28639448
953735284247670785
708975564
562017267
412653644
122121489
1148828310
1962479880
701687290
17911085
4874711278
756750630920663040
1113054953789186050
868652576551698432
605449612
21976616
2242938422
413571172
932879114574249984
3006331472
4437941720
979778865370488832
2731280703
21120847
1735442838
1156166346
80492127
3321300770
15449821
937130409120460800
1148242351
18955413
1071978579934765061
110292799
213970916
922731852363857920
919310282
185506731
1147803045847322625
797355913
1019222199994146817
1223225756
440982753
159100567
14835756
576251326
800356877624164352
108094234
776866716
603510500
1543986138
1912180616
387459994
13657922
17069785
3293355435
612775092
2360247360
338383074
3004163369
2844662736
4919396007
98046488
280050876
779748276
1364285678
1264303928
2852075027
198967539
117190338
185684821
46111452
382183909
2788547730
2980169382
163296200
2980171179
726144372002197504
921121106
844188295412273152
2842680557
30989089
20526449
191018230
180111406
310951846
39245720
529532287
7632132
27083527
291543650
851847836
94175375
23914484
289236003
34036358
22883622
16427734
22816767
475768685
814460341
581063737
109390248
1006420960881364992
62780688
287455210
1581387716
1090760857145884672
331803536
16955870
86640232
15762575
7215512
19722341
753675831730401280
738597929741492224
311973951
925148245130661889
237006931
240462058
1111643191005138944
363888505
196131308
12808192
3235437439
433534414
2447430984
3830418014
1088852707610382336
258503796
1122878095663321088
2903956539
2184971658
4645368641
575724764
2814042893
224256900
19104042
16977023
460546604
1005441462
18766900
22316867
1017050592550760448
492253390
394452022
278243542
788101374051553284
16326882
2969760609
1021521085731364865
2214195037
1292542986
631259276
1105044331
982804154224709634
526456651
83485644
2859007276
1117467659287900161
221580114
1141555634891939840
369188136
1110998354631294977
293897564
189264138
1142778822229667840
52260364
922047036
930149658
87288792
20617055
90293119
1075327361216856065
803226848
15826886
2561052612
69876486
3029368672
500442303
21694477
13652832
1009054861332238336
54207970
870443165852905472
6473022
211348443
372765537
22402924
14247155
775796709645492225
2879979367
1104718178276511744
26908532
153836083
37967937
1826971
338237364
37050872
145982753
219299648
65651571
834986693979578368
4839586389
2236444566
2396736810
484423364
3285860430
950097733800558594
950756505439043591
33751655
182454948
415457222
3184759329
54259621
177101260
23112236
500898758
20159596
34763661
14766917
785908824293056513
730670731332354049
52392666
118679268
15376050
911334121909227520
414234765
53922804
145741371
819265555832143872
21704949
526828902
54976393
33867996
876528586664038400
135060196
4207731253
713422127995572229
119905812
568712194
749303
17048577
21765161
136300373
360668046
15772949
612584592
243896198
47492990
2508241320
144611647
43311634
24752038
160106315
206413588
332545073
168183999
1068683987110019072
18758751
2417085025
377515866
34336582
70664371
425126826
2825261282
3917399839
518793398
382767479
971349153195446273
545190079
347219414
1649688930
938743867641417728
879782073329790976
49336271
16539107
710443276608913408
2168440206
621384464
80740088
536540206
4908803357
464067709
478180614
1697974778
1599421088
1006860944
1026450090
1326024084
2735655330
4703558014
300467000
1250011363
497125862
48076741
23348842
1445020782
1024902041037090816
2453378701
251259265
959534821688066048
20155140
1066323826156453888
21495286
460470940
9207632
3313353489
2244693500
1536493496
921642234
3180799929
1004115138042048512
1138576194
2318119938
288822754
44294961
156185927
20350867
1116476342898503681
1067318510630641664
212566623
261294622
760641673726746624
135916160
26864054
713434963534684161
872488969
1895169728
849834680329412609
1871991763
514460179
136288132
2413373968
167398369
1141430466400149504
278894750
2252264353
2184881603
93723543
28614699
236539455
791425263951290368
19848813
1618401930
2336029956
821883124028207105
66304780
741747181506285568
485993916
108364486
91565072
3118446377
19909081
244045240
732338784700932096
830545712198848515
88246092
739499175692402688
23141473
1044237625085890560
960225255712280582
14145296
525752436
1094163222
1117093050810077184
232208305
16511202
2354090664
424580872
2459621629
16924367
295137192
633989117
1891432459
1783980691
308658903
14276290
28151737
349658423
14776082
76944176
898926470
37253015
2828796622
3863605355
2011081
824100475473723392
3016511749
918386034177650688
104916123
611115035
880069604613267457
1729942502
236442600
199426473
252618624
231060356
303271566
4314386295
3387181324
229983001
545796809
181325237
819141661
21132877
321045023
46213956
19112539
15751202
512450290
23330377
1015597828457025537
810177238645800960
15433452
898130513336119296
926164634570067968
116171627
717553584490037250
514191122
955122264399376385
273008815
4792441403
443350004
70145343
1094986764689776647
873843379800592384
489729616
301828099
1951964720
1075847157436088325
1131058189
20273056
46685035
40463598
20979468
247801714
378259736
138537014
18739876
142696927
30699754
703221572820082688
49772897
33575603
76901771
281258837
994570293518782464
126480109
1896049195
217708411
80607933
912278708349698048
483807985
210489589
300447378
2863696846
41385730
826936832105525248
3871760723
21193634
875403228
17824099
20638279
2537753422
3828124216
2897696037
14228099
44657518
174174847
966313003099590656
250211424
14345137
701750402786717696
37506862
82167518
91383247
45828171
27636531
3416252481
323849893
42719060
25281210
14364337
1020280421232279552
98229458
204498301
1954348754
915637159326920705
258504043
2634124549
56891751
34006192
846816888848105473
3099901028
1136352956926877697
304043568
185005574
16369805
20976951
52510698
1449835974
21178588
77276249
3092148376
211487030
24196684
20660342
262799941
906734342
22891564
1048698244488994817
106170894
64916983
1128543283230257152
1192224372
1055956286
486366600
4363967657
16736682
259918701
23836537
14561327
69426451
31173062
15728161
19784391
480883946
939622147
1056291059821613057
14668111
15203247
52866354
74672222
226757175
3341465392
14441363
18824442
279375399
575845886
19753047
243794109
313523661
555855247
4476775693
18780000
50467296
1056767367429218304
344800265
1134168101594025985
971557846490824704
740754727
23448056
716495678873030656
1136465778495164416
147256119
28927247
23052167
552063477
17877451
323599188
55157442
174151902
468499741
211643692
156415523
2900479668
616018715
14243836
2367441355
72761303
913636436
862409983
817486608
398831638
3342344613
21507368
1083050519059415052
1100015055503089664
1077664788
243285602
215954615
38256988
1081565450956345344
2240784285
40353407
845977506780004352
739989623246577665
2515838505
2472093739
606219091
138363206
3065933903
2525013199
968786010
1556664889
23956528
40231902
343576964
243836495
25775561
36870351
594049896
733647469305864195
2746459267
726806564359692288
61371461
4577748914
9683842
186159060
250979263
159732105
458610909
179718664
297828420
42365228
1240067364
3280978748
2710816602
30378491
1880720533
97459853
1553144358
2434352924
124494424
91377850
15741036
1081290374742724615
1911515606
34169085
4842380058
894778970377523200
553875609
589413251
57551862
1047165448008228864
249060131
385642004
17219377
2997786141
608931014
85459732
223354901
432889468
824642649067966465
30095189
2847763210
319995227
235104873
268585854
856356116317388801
392847346
377723059
604940737
24740039
854820893184450560
2365950774
890675418780618753
1085949373496942593
87044545
2796618738
35586563
215099628
2163076560
289812833
16875220
3074907787
409787405
2479721138
1087168070811041792
1082345074955030528
316486088
3234682926
20535603
826287832289439745
1099992804577533952
277091605
2792395992
1645310084
58304071
29221671
17094311
719298725252739073
20744708
3267536694
942157786640678912
219694658
2343137059
2977582439
17891808
756304266
164655360
110614478
205757386
1060423318187069442
1071226393638379525
1063982567970562048
23534336
2688590208
894445496
85289043
4843441926
1543664064
863527548
1000320969372717058
1047372551482167296
509162237
951889962089230342
1110590498467733504
311096097
2981752395
55725588
2252468052
1068522072501030912
19176369
29492287
830041287550177280
394759469
3682959614
1694080130
838394507032920064
9648662
74087670
701367061
303361757
1020140396066885632
2419565479
27015055
1017043646569312257
238212884
20938877
11774912
1357541
29479408
21698869
2790990211
24020682
314865606
158392393
388004367
961387356132724736
17220917
2885543426
28487434
50382012
22720093
1073081825159917568
586040029
1171109054
15228789
53085082
68938987
220426702
26260895
59901714
59599890
1040391
91285471
43736346
16367602
14345026
1726840646
11864262
82724615
15358794
331017753
14562714
104718859
57402940
2815000556
248803802
961598164183724033
1039894502943731712
2287663843
317632982
921484522763546624
189658688
2602262088
34081055
40015102
370404216
834416367809990657
2420267570
420974358
302085337
134871036
304993291
372284062
4633812388
1064632550004588544
2336573456
1285532900
990009265
792049853421457408
576348030
2932872008
1021763998600122374
250104400
185620853
428152910
3156775868
1367853648
16631487
181413727
68498034
14619527
125775260
2892462659
768982188436000768
1055251634845040640
18658949
295361142
2749037647
887704019296276482
155211550
627159123
1112077176558571520
73305308
1125930936
462169232
139606779
537416525
22003028
1099697693998436352
135446058
98572780
558279929
27766102
78403354
473179309
30491919
204721337
1653973885
15916383
120755942
336703887
2243743446
2669282331
597331970
1125776151773876224
15472044
145629146
2726611
155203891
2850543526
53054948
902420377
3293041127
17092916
108864693
97957904
2170109952
43312677
1076186628580954112
831626356278562818
14926939
225041726
6527972
856095715
3083371845
952814967819968517
938215181909311489
956748189008150531
1070663760627388419
747837020802785280
200751009
331080259
26968080
65422210
19997113
2187527832
129865477
2546549624
1091395419916173312
3861433641
257889245
2606553369
14801863
73908822
14982804
50783093
189187077
735491848203079680
40784594
550121941
899365620382388224
708872800052719617
22660835
96961153
1954559197
54570071
48730505
108400031
46878305
989955583
806936159586652161
2921547859
869490683895263232
2800603261
14834340
3486843912
137793729
996856263731490817
909341712102969344
1084587453556711426
28392400
993913676850782208
2987415637
4091845607
320820302
964820004
499352772
726439282718679041
706187228330983425
24442773
466838138
753225870
904963688
22035690
908441927023869952
842306710282866688
883612086
1097236366105161731
1517035471
18435784
2706872107
2328052837
24127413
64284286
114050808
2193882368
598764653
35463810
2826587136
974670528891023360
363919869
593950896
796341830
1426557763
2544227706
3033693676
16301072
719683
756780282
1866938882
224494638
1103201489089167360
267177135
191732617
29010710
2862696095
350341283
2322522473
85986864
66284799
970639794924646405
1591788769
19500405
15394133
18214213
191852684
48302689
24901740
33352787
19008836
279739856
28050096
88979330
19054686
109974187
128714055
135008498
492221762
148593548
296023958
17302588
50058630
1900733426
798216285716959238
924046650
2739959386
1003838758221991936
144569635
16595213
266554699
738796494
1482826123
20402221
764882916
2792337307
3424795017
30487110
1018537350471839744
855318254
2371419786
42313640
32932208
57272715
18088258
849856003
10470
1032468021485293568
357601960
454190182
39151934
15644999
16721452
3588011
4241826913
369848802
87788695
53759300
20120267
3150142882
2802214088
1924580317
891246133
266136066
620236874
2967402199
357816281
53429839
15694863
63004343
1423707932
49988867
1106160968734773248
365863360
62574019
308779730
87371781
1140333373
20802603
15195539
738708299013591040
290344515
19086859
2527678628
20466483
1094291724858474498
15275677
1175270172
389448453
2874567345
513415057
25519008
634734888
25613925
1126925894659006464
3293109928
1415032909
20061319
104352678
475454826
2369049968
1568564545
200477380
72821514
552421964
279622823
408129379
81466518
905178696704704512
392355134
22224739
1091073586943520769
2600391398
1088856194394001409
2652592082
18692256
729774432965808130
3367797575
415114505
35639596
332746236
34374040
1008938962344275968
1062700977692782592
95816433
376541894
3604985243
17898529
2879883826
235164203
1022089486849765376
821361062272520193
4769453952
567651069
587687675
58314529
2313633876
548820917
3934203981
754114515516715008
15972530
3422845167
18725815
425310228
461387064
218675569
1585772844
2377687094
462431245
170685061
15078049
168947464
2377548401
954447292756525057
48932074
911719513543999488
211205245
2554854913
570547844
3239226592
235023390
459872442
167809676
206283535
75936892
2968635633
1115379879829176320
9144462
23522451
288449830
25929101
83374478
757473249756192768
39588492
2358861055
64657863
14215213
1538818580
19152735
2150672196
16079505
14994363
131926473
64521433
151935833
101782947
13165042
6895892
43988849
475160595
29890315
14211946
1093955764442537984
17657364
1071994050
1876900399
2707081892
259953357
169620752
88101055
996923362386546694
34327544
30011100
6858242
108787796
839993814
270980515
705512846923325440
458773316
78905469
25753805
2815992512
2413661185
45144224
33077886
571963220
3312212680
727630169855287296
161915935
15939644
135551461
15677036
250346726
240790984
20636428
15011125
361919460
19551148
15243240
24343077
2659902458
16074111
4794418649
1059757666266963970
2423806616
8363752
146110107
297935671
237756178
28457719
15224329
249133759
1110347410897887232
19785310
1118662449236971520
454313925
2740378147
15650622
29671816
103630698
51130160
1346146615
611346290
337119125
1076450954
22421006
373207851
3585987196
57465467
57315608
78925948
924121363
246889859
59834227
637242120
328867779
267946772
58459102
75490067
1018922594383417345
1370624089
459420104
73444926
930546923240591360
20772763
39713848
127950286
53418648
7786202
54026820
187688797
722242009
171283600
190510601
90275200
210945415
85657635
6424072
92854623
714494928
2433257521
17006804
19658585
980784490594361346
87853386
16805695
370984508
26740089
462311593
15861721
76623591
263093657
319589787
57518581
20092481
210303934
147093
544252730
171179787
149277809
1116663784385515520
4379020701
3431966505
766702492771987456
89235135
191958490
8637672
18549724
272059462
522699653
2847208851
239166916
524043720
2859448331
365248788
523239490
207083993
150793102
21734241
81983730
178740519
436925910
3072098509
34240147
220034743
25387183
908010213864865793
16224224
278387899
1908785821
103931207
106788885
28068719
14728486
16432739
783224564574588928
234450293
40548366
15200451
634635574
16067908
1003972539050283009
715095151442599936
362111287
897466731551219717
30181014
550708707
1068169932381265922
14709326
995374449829425153
237245772
875484272613785600
85764133
15248541
169930909
74458339
3326520519
2613775830
2528149656
29154778
824317598414340102
761634496353566724
450762904
3671138595
2372510178
29695330
25528927
242765117
4842325334
1767741
255347566
109134468
2562033648
211300784
20987733
319687158
208643146
29478953
2184426539
199766003
14289197
23004495
397055388
2270248956
338608917
15837659
28838219
2477854855
2209778173
995801754
3623231063
230037879
726141398
4208733580
1862101789
14253694
3002047546
17374428
200514238
963427447684370433
435571397
223904974
156019120
868262932441968640
130584469
601283082
632062492
42336153
705709976501817348
799075321417007104
111850646
2157970557
16827148
2929498157
378370442
16830572
34720331
201221877
2315512764
1073606435580325889
288755234
14512716
870429873621172226
2458231746
366155623
1170458396
234516296
32994852
1726074810
787016267576205312
1093245464
458210759
1439661253
2470572869
2393400619
21226044
50188272
8407412
259234553
839121615279517696
65639777
222622640
1724204797
718521847
480761095
189535823
557900062
52034231
89887215
37702946
49656209
2453627084
253760603
519866130
25079119
1420467234
4777964698
1117502449
92116069
1364930179
94741751
54317014
26559241
373522445
24212955
16929297
112017297
60610778
21753847
2788046917
14333066
4692105228
741042725605113856
19907840
16172747
780206406024691712
187838951
380524610
24614034
177707651
1083475622373003265
3400710009
9916402
431648445
58371469
923366081166823424
959173934766837761
668563
983685774163021824
19119809
326071624
312141556
115874351
29891339
2462907158
50940456
61817626
1643665106
2948870916
95652758
772253014996443136
341025058
248429222
16589365
2729061
15905103
1928909924
4186183919
1548127332
4354626135
4594881679
477498522
486178091
31188656
17850798
2217863616
1027598082
331922963
59136384
17794636
20530296
84653850
952216398167789568
394901423
414853156
49356966
17841515
19817778
299877078
1396589346
455898459
3893195542
798168879293956096
19767193
16954241
22705078
20299825
16928541
16030910
872195246989475841
28901158
10422602
14527448
140844060
189579980
315907634
17687524
16291449
20715936
56680792
586291040
2269082029
2519044628
2795183644
27648752
110396781
15008600
67461797
177698149
18553088
3375828209
1220991176
979488460229828609
3214632148
49340099
238316326
341945677
21542518
308254528
29292882
765706545426370560
2434051392
2809505427
274294204
238854978
829712642
796142968663064577
138772457
786309892990574592
248884036
561516853
340613443
217550862
19186003
442486808
14957449
979091953722839041
21785215
929954367251169280
555579293
792430454431297537
273576271
260276311
29003791
31039502
292650956
25261038
543585998
956762629
2362519915
3060489838
24848397
36126762
218334589
189180763
1002719120729694209
295611207
2786282417
399665808
490991627
318962058
138201697
873328778
4843220409
2413470954
65551087
47408060
866560944
18742124
269000293
14430086
56925356
32678822
726767006905573376
1707281120
1605611234
716432228
3229223055
544517731
15407632
3150312409
28148421
2556772320
962069820
2654765203
289627115
409406090
2575205850
254295200
220887052
206040832
994338956
22962714
17179368
751468326925197313
467924781
788697546
970101416944644102
2271638589
897019506635055104
879026787833053187
956779022
229509740
321600342
966812520290947078
1112572404
265931343
156306739
910934584241606657
44513878
14246088
50646511
2928209793
1000908951087714305
2904572142
14188527
391171651
30395567
889039269637091330
4828283796
843589262964604929
899377318816235520
27310927
2564587302
1003781510711988224
26886678
198939070
969751949133324288
2272309710
1425371816
281440041
2193288272
142230413
103847398
788018329
185797506
14964177
879382969080786944
107870917
3280414987
545556696
1002513128
28347470
16600706
110244229
86381256
47902921
489218573
192709407
981259709356404737
263129271
121857220
30196819
761257471952379904
2542008602
354336877
959630192573669378
22389244
348174495
66876076
2385545036
765626376770707456
418347726
268829174
15081340
27699644
15014764
2970469401
393006082
985337372794470400
3793960033
3224730581
15730608
106768537
3095270901
4416642795
37376499
505393952
978643406896410626
19236993
3397346273
888066140710293504
1102699148
191093914
633161833
913203265466257408
16170860
317922967
3120357052
467507215
922560558322323456
845687588308598785
975464734781792256
175847876
558225091
39978415
435035276
20581923
213397244
164273824
2649753055
821146173482369026
2153864629
15444578
68067984
133018631
972665645153300480
15419529
2237808535
423361778
972135937470861312
813311743
195826487
3840640154
771604530
382810104
820277156
952086582
18722097
407013776
1337271
6186392
424923300
478290797
327862439
174720278
12084582
18602100
253894111
39000115
2507657107
2260790748
34323350
743149485895860226
885564911979507715
166794157
121795745
74820061
1230979592
43544315
173661406
57029492
2347646468
957645733863321602
151620679
2794120441
729800144858710016
550702200
2174470418
87761810
966145905257836544
471071484
788705592
292634416
2332044398
794535386781458432
784222124961431556
249966525
154286132
810424
24001992
2916867288
93069110
349817494
20178419
964032914626359296
965266179836252161
32232539
384678464
1915033663
249950657
24254084
740109097
138395831
5854882
38936142
30409200
1019130667
309680827
47909049
18839937
14546892
19188701
472872558
3300487667
282709571
2236631624
155784594
510464011
112803449
21425858
14614213
17752630
997684836
13524182
31037199
15483390
1930971006
27058591
2565997189
21534951
3183918291
68767495
808783204270256128
36488962
705756782
133929829
296623811
21830279
382269545
611318385
234490949
921775945035300864
418509252
4167213255
808108063
13615722
3070326495
355801173
86993064
130125655
463765807
2858986445
829057509382053889
99401353
24870244
538887128
899825822072270849
61306578
3503016075
29771100
42963844
2615918492
2690199560
710433071313625090
22830647
861660944858054657
858698600163016709
2499418290
426951469
3928314734
1625218945
785919391
141279172
720684460291842048
25343700
45110210
40079154
3171093349
611361933
763099930487615488
116630713
564686965
64879629
19304969
513248603
110089586
47208595
2451745136
1120308836
108171720
189550099
3334888083
255455160
804554843851370496
1049306268
190343865
113724622
32232142
23368357
326235705
296690561
16701822
16666014
300642262
833864930
8548612
962359964
7068542
18295206
130882370
265321890
18329181
330429554
35247675
61183568
195176644
63209105
423631401
918169628
4881093582
1244055840
3378190378
907394907811192833
407002473
248817681
15554163
429685724
96053153
816307330698584064
11395432
909511058485805058
3111268847
784575415457308672
69986363
15659909
926268984307175424
26388821
2842708522
16892445
4649207361
32129142
1163723022
265636267
2800023360
36252186
824449188993859586
766326031259230212
18816166
900785877969850368
349816997
155658192
100250921
1920864043
17833557
416715629
1251040297
30602016
1428659995
2198744100
22429979
42971403
18842242
17243582
121489431
95481321
921281977336045569
2345255766
1434643016
2334193741
230450027
1668303476
80889291
24876649
16076032
47340859
755826044225986560
47034524
621907186
233414567
374726395
221715528
32851960
56458584
486799450
21311325
194505099
3435735095
54754020
798227351507083264
419854605
884578187392544769
1454733211
81272641
2866489102
1075051
21267417
16524830
804857032717271040
60268975
225265639
19993635
16332811
404211504
2507109751
2906565864
301524923
120181944
632277610
148474439
191227452
130564999
16862209
53964666
509188785
253603669
28817015
30927826
3437976809
551221453
242893326
485094652
914553219031937026
146123790
14794913
7864222
28444187
25479570
372536101
377766775
26402448
100421516
64873265
83590349
6184372
42985363
1549681220
4735830195
110189578
236873973
2421112358
14860094
57372601
14169740
15127010
16253142
16893929
18267544
45538440
226346115
14752218
297201422
1868300024
126463849
65375759
382685028
26336913
303525188
75797367
19325156
21688902
32774989
29312550
715748926498979840
1589445187
2258911
16535465
3243500510
2224947382
344442463
16100028
275393723
1375583112
3493727233
2561726047
1655887212
161092462
73206956
27417223
401520924
141229777
14422825
22879254
128558424
15684633
19881665
212081619
1596620473
2448077035
240348862
134242072
724954296605917184
2737965418
242926493
83876527
1666129194
235409684
104360244
16207925
45055696
350597282
822141524863553536
907928232300748800
14985228
671543
259763847
19209830
370696063
366193785
299273962
584198802
2608583952
386513
856516759104479232
632139660
390474423
10135372
877922665834700800
728248697654415360
619247259
804622773486227456
25058787
17060020
807597668172234752
719865369532481538
23153246
2375574151
58965829
68146326
4064823552
114135107
105673442
4311153149
1634314416
35810531
14592290
290180065
427515851
398088661
419487011
57094856
18269124
399156475
28181835
24884768
623803748
1671848557
1307809273
755077825712025601
132200446
19923530
592846743
633726625
98222741
1480580348
846137120209190912
214226070
2401848030
224281410
885012902
865341985
9946842
904740870817120256
766369176
830908366377611266
391560579
2800692460
24799500
279136688
58203491
20725994
92112822
91623824
1700544277
489336176
848917636876521472
912858588
266178000
2561848010
3016920023
618215133
3385867522
912311
233256539
16906137
881615056437297152
408676321
21205756
44562973
2335708764
828423981858447361
836955550315384832
2364657150
583903128
15816595
80908670
14763734
119507873
178762820
15752235
3125721
16073416
1638631454
586451772
821582509
844693579784163328
32140995
18323373
53523503
19055698
752499373989326849
4263979754
833285120610152449
42908377
15634886
14135350
525249617
2284077270
19190572
258529097
414869332
18768730
173698929
246142338
122280516
10943662
24692987
485294255
2465840003
176065649
3980516359
27090222
159483882
468669904
119166713
320789928
38407050
522907771
699970558205763585
3266848870
15648656
818627788307431424
175091719
3687721995
86340250
866426699193491459
516570220
1020058453
335014465
364488011
16365305
1338112309
15985111
2499225925
191298624
144286635
1525764482
24886167
789427705116762112
43192807
26537785
48254999
16438095
80669530
900361274848157696
736549657178955776
186475197
362532335
1281143323
32343282
24826021
18936230
46671396
369278149
74051281
33400961
31410049
17906632
14154231
162671556
899668317979512836
14982625
2783025822
2720529213
168956043
402934379
798281834111045632
1143288666
32871086
47455112
340441440
99349334
169021842
894221489616158721
824887286747664386
1495935080
15639774
700482915780550656
858924511
48031660
1400217607
2431547652
22760252
249954280
34305774
21461359
752655199592804352
3291337947
759481842814726144
715366008723259392
714598596
16745666
1351314799
22803302
842432252755697664
20609518
266187076
2925782170
15378049
462175096
108968664
254393480
137627131
732649152807469056
116341480
22651854
826112028687347712
43532023
29769998
65167734
15359578
15537302
2838662525
22169931
245107888
105321474
13731312
138112815
1636260384
729177876
54861430
133819524
20175837
1604444052
231521378
926601
840030002167074817
3564127636
115050842
2972501658
102934369
222099944
281644942
490486287
11616202
2375533844
812053738525519873
862293722314268676
864687798846185472
1516500126
872520084253704192
2599568990
1159479943
454099919
926620369
606776750
1265067020
2963274802
2475637333
4835382538
51679238
2925900221
18223354
17965523
1092574909
1670450108
30280291
48771036
195897926
3923891
183225096
1945448749
21307750
27460003
339110475
2965995161
700750016688697344
36943525
102796180
361504553
249758564
1338144030
148868920
561273999
2596172394
702643881054089216
816438390862282752
39996313
410830475
3178239222
386635099
15366517
464419646
39279821
3260099029
861985418237153280
2849102111
944467345
27029537
17918891
399649186
21024997
474232856
2216041938
110230887
26576457
17225962
2890001963
32432308
1548489476
73190286
18735898
91017365
524434283
2394806707
114870265
28642247
56852722
2413092289
1051396218
157536603
1965420800
75368824
1348691166
136018565
18522806
377548620
280961333
575586304
1940279910
1026410144
241073949
3092578959
3939708554
2832641481
114793310
850971882
17307326
731236087
875029068223315968
1119877458
20508720
17839398
448554341
864306879966593024
1973354066
755113
408902268
811239440916054016
1258066508
2408304302
870566128346697728
843636874065465344
2440337784
17017636
15978412
1491379046
247378651
842373857948364800
95590606
19084896
62127399
820128614687633408
272016697
242836537
713839291210792960
14247236
16721061
973393374
21120253
111683028
15569433
132588642
1928851777
22850643
20474878
137466551
240757548
180871553
2396682116
15111062
16714443
28397952
866725818973777920
11744152
40057701
36711678
1969426021
1220645714
248482567
861541107267653632
8295072
47438401
731855934675255297
17436250
1648370773
3554721
889745082
744616500485558273
839420851099471873
26668729
16912124
857790655787151360
751283435382067202
186273810
2336579630
1347547651
49983034
22074804
38092082
107498174
18200290
3234533971
352647663
780104972
1176796766
21232953
625563304
569446928
3687664283
15042887
824367669914779661
32522055
2655321690
299221089
816869611480186880
1868948095
834081571493785600
4065084742
823384095917010946
97994396
2889924959
140118545
620142261
226320142
26909691
834367244939431937
847890087312596996
1459232030
3989346674
844553889508737024
7855062
4912116602
832608128059404289
836973916170121217
841040434549915649
730713031521542144
836679044603117568
767429937448058881
803803863581126656
3057008049
1655073500
138128898
713432998801223680
2474772300
21701757
14677998
14594610
59954854
216806289
39754893
95803356
109946173
281366223
524656754
3071574022
15113571
3064880848
610155198
2521881
32012825
2370809628
2202653687
3387288803
1449560766
1705023774
15164565
825058367089569793
796037774881210368
2343515419
193972325
86129724
851211
3223426134
534033928
714891474
710743919349227520
21768766
718255723
15932715
17197344
17066782
18109342
28366439
818646699023290368
826472694426255361
803237155275472896
595050649
19988587
96166334
386453772
616353890
54573060
2660917794
748228932
86336234
801159713035612160
338796381
829451859861532673
825469072443727872
780488837566828544
4685157140
827366187982061568
2899006032
824835321636458496
49986034
77267367
16513394
925333819
3420181873
313091751
1221260035
25915580
110590422
23386361
45578824
15893354
124937115
40297195
16031536
21887420
22230021
23740339
36699856
186755547
186667011
812003289676021760
714503328
600029236
760367327770660864
197441181
44698296
29685225
203284082
80585215
21850078
14702268
207985340
14792049
311795739
3038170689
551966584
798241444339347460
14709355
3129968261
274970418
453319164
2293315159
1877831
17487795
161507331
36743910
719483328169123842
138161660
92029033
27924439
45564482
2409086101
294977392
80331801
720730205082554368
29770501
764485714776121344
81373454
19750159
119912303
820354372827758592
3972687634
177773741
304679484
114327049
3121005337
4091551984
2316383071
958435057
3389996517
58945187
732515283902943232
85583894
714303679290060801
825234273728884736
825052975177547777
828388878826500096
106182754
344870222
31181674
154584937
18806753
21907406
96824115
1630896181
87818409
125567504
524561832
14376953
300339564
2308445042
86288711
113461409
590007704
58584243
42112994
4204661475
104017473
46751590
708071342076239872
77228365
443215941
18251414
116475370
12909552
779993143647145985
76611108
3130771995
822111502446510082
228136993
1449618122
15235235
816066355
18018355
4833477208
33384618
804164121310666753
828955777821995010
825406273801875456
821901937
1205476003
2816383110
23467152
782966269431648256
826213096477904896
830517306958684164
824458268420476933
3898598357
7459282
4066362916
824797212425191425
74769064
187289134
3235901261
1323603420
36683668
2457852176
274254635
242265254
21855719
16153562
46158711
824072368603668481
17060573
282110248
15640760
251553556
725462607910436864
816479094821060608
2940964728
564853309
3092555860
2340558698
817818448562716672
4064335367
4429709805
17007560
15359864
8860132
18822024
44293823
823756919743492097
743155123258531840
2573480784
250316894
14796340
4193947932
29470720
738538436
755886754180243456
14190948
191228704
25375836
23947219
28116276
22184271
22802214
20623432
2809225889
4715252176
3707373792
3555683713
320686926
628882885
179617337
2155271388
78268274
27857739
243951685
704718761060868096
826604871759622146
1371762505
602317143
58088947
24953039
247051140
155263137
775142
757303975
629787495
16656254
15279451
397291925
602035094
817440907691782144
1855821877
16753660
2329066872
20546557
277317752
2184187561
46591129
325385270
1265726480
821782476515409920
67659115
15080837
20863653
459483899
488745110
31947242
631223171
14276135
103761819
829181146005118977
828706394073395201
326507914
829056194698285056
16314663
18438754
20450264
21844854
331817345
331816614
778933753150251008
824667038060834818
824624165273604097
824708393030017026
824785316426940419
824792411545202688
824448870059048960
824731065520574466
824734510323535877
824726751209066496
824495955848204288
113061485
15418628
1242226495
2709152000
34945137
908715830
2895430274
827876098595766272
800704496246484992
810590628727914496
258612616
2982135011
409486555
15667802
43963249
73238146
63262233
14466538
14676022
3058223719
354133033
826981822705889281
828064144704335872
827692980421193728
612908244
28185163
803672570104934400
798729566126829568
24889586
15427776
24789549
16402507
701460193817792512
17048273
45877354
90918062
16295907
22127274
41814686
18691824
868112707
633980404
37917164
17004139
716813053
149249831
2511955764
69004966
574807922
731132367058968576
215207998
41223126
17757642
269070975
61734492
20182089
299802277
18686907
34792486
47475039
827586402519019522
73280005
214342104
21105276
15907827
590206792
14345062
25562002
34713362
426802833
564111558
827038967778394112
825879432019578880
827333298292682752
88621782
47366326
214622133
606743871
827223611924688896
826948974162624512
9688342
66515223
826309249315725312
126062842
302282968
15346740
541858751
18119888
254873869
21770156
2776434854
89820928
26528044
2816403979
108401516
1001473615
1159738742
2566535282
1626294277
788090021542785030
1635032052
738080573365702657
262050648
755504
3806017035
1323214644
17220934
4848350675
38601171
2697142556
71611059
308233424
14294848
826228389514088449
12609292
16895951
50101725
80797182
19993545
16308922
766153
70383996
824334865608876032
25710372
5364832
1623736178
3185406570
298154101
45925991
173996982
1446812342
1276488199
14215322
153243247
3901368507
4262349923
37982492
17158189
15764349
14325655
146546096
18124625
54972010
22185985
476199422
2233154425
62816265
2279652608
999470034
2907774137
23839835
15253239
160010755
2707671
26254319
12294382
723185462022565888
19291517
290106314
82377629
716714473
927920162
44988185
824461274952114176
824460891873824768
824051310349680640
824062732609716224
824040409521418240
824123782520537088
824248798948052992
824439371902316544
824422730162405376
3302799579
38516217
755157485615353856
255193754
330105456
18802261
380648579
824333698728333312
22997517
3215160807
17912982
822963696263630848
110439693
20431922
18138971
254379140
825151045869432832
189376144
7848802
811056867266953216
1447680306
360830402
18678924
91386979
824758521581404160
20179537
824057746366545920
824693026127646725
824547060749922305
824481247300685824
824619671785709569
824285809650073600
824033695527030784
824135739512385536
824282005403746305
824294442097967104
824283253901103104
824368251266228224
824698825499701248
168531961
796910354781634562
14346260
825143319357304832
824119137031094273
1286654618
369602017
608431030
39822897
824880011085705216
21148783
824438180736892929
825026455746801666
25370313
4207961
14260960
17093617
38751529
22681340
824450140131975168
93269181
824386163439841281
820431635145510912
824720106991349760
25687259
6393032
824343328837791744
824467746436120576
824427187411492864
824721274945544192
50446226
279038419
502135911
19637934
11522502
819800
30261067
430995737
800459756292882432
3148936868
4837493291
3237898801
3031931024
2836431663
91476677
4755784030
967233294
2240502690
738513062802624514
824277855832014848
580312540
38029388
10915142
2491254595
2781164060
571202103
15473958
14238142
18726942
29417304
16661296
589003950
250386727
824265485038551041
824417651560681473
824302085265035264
41675868
117874971
304392714
824066331167199232
824494641890394114
824416532377796608
625022363
17758625
97040343
824408273659035650
3108351
759251
824353031391236098
39271463
105164603
50715709
17298881
31179862
2990248699
824027211158130692
824137712286441472
824139632354988033
824153054731759617
824157441248153600
824190260338954240
824264707641057281
824270573203292160
824315778866417664
824319074503049216
824326864407822336
824332206952714240
824338843327361024
824342512844222464
824366696517562369
1109321149
705069909936574464
30188358
809500736455344128
92896595
824116562768621568
824320219866923018
824028553067032576
166669818
6974622
113439399
19568591
430048955
20057528
916735110
552985513
15461733
3301201130
19877186
6480682
14647570
3240143771
799942587025162240
823565852922576897
14529929
307913668
4795344505
21445143
292353470
24961826
14047387
47101500
104271823
24789175
244212645
800707492346925056
15070440
39814781
6978642
110890615
17933431
1286770921
23600262
84630407
1234682312
763143705469521921
264346275
113565626
122685408
19355376
549030107
2284158014
325265073
764878973520130049
49698134
81965252
25728193
797592159377588224
110305036
226890990
873099116
514033223
398172747
1033546934
1669352653
472615999
8953122
168684891
15236710
1726503834
18690342
148529707
617936301
270267607
183381913
17218468
316469086
259823469
197655763
156763824
436253637
341241120
618258504
617777020
617825073
7120172
818282957618216960
16220088
101802390
14199378
23459740
23484629
19927627
14360757
7152572
24919888
37710752
15492359
43166813
1451773004
23503181
19725644
17471979
11348282
250886743
17225211
1582853809
18159453
2893511188
344955115
112508240
16305330
18997933
296650863
792085380832960512
18215973
13784322
115710058
20150502
14062180
180631163
128195806
356795707
3061311382
2932460195
343437542
2273441336
262680071
810985749537398784
415117361
16012783
2097571
291521543
710122002653302784
17473443
21872907
979132934
67502424
9109712
33898911
16650816
14778255
30973
400210040
18650093
232193350
59157393
59145948
297556877
2149973089
460708976
22872308
1673784578
14286806
1714431205
2167508618
30364057
221240155
15679753
88749392
312189104
519729774
319920511
921392660
381612546
2690906527
822215679726100480
1536791610
19034656
47573934
110009513
590152667
17045060
21711635
80568643
42915601
28145061
18905119
61220477
3125154047
80617430
2978526405
1662687974
816742185509015552
209218240
20702052
23622416
126000232
74164974
74224671
70436289
44030337
65033956
2895328192
15901190
43383705
26347170
15155074
73236510
14773849
215952307
49585215
18171994
223841564
29450962
188889702
131935861
15173859
12655722
2205024632
43996908
11856892
13784532
13492102
119829799
15514266
450941680
19079396
20570461
17879299
14305530
130496027
2359926157
112526560
16125224
808084325573001217
84187688
5695632
14434063
35225694
13657662
26697854
84436630
2363252678
20075339
167022754
453644522
139552145
486842019
1093500992
167203538
21451122
61197041
225542566
440730332
41170844
17643743
41204869
69533246
715325500378505220
14511951
14677919
2704551542
277154377
185318190
4128420672
1026321
124616242
25699219
14687073
14621504
36251002
189573424
235229195
84641456
105425417
19039126
18028551
563251719
25115454
19037859
14659030
18683120
1117786405
103807149
16561306
87016821
1109387348
30704824
19247844
19074134
14934818
15279429
2319632756
380749300
16002085
13850422
48269483
970207298
17525171
182503471
267856525
1615463502
52052011
5743162
18094696
14335586
22187085
30050899
16589148
36065771
15066760
14780915
32250446
2973453269
568825492
978908012
1041346340
2213147168
2705079152
2748585072
872905010
2220986255
888986803
1579308793
2305049443
102592901
3321017075
3178566109
14220964
36184220
20642645
18931823
17810254
90271844
237836050
2903979971
1344951
289342771
715247079283527681
111163466
2919319824
3070473088
71048726
449588356
16193528
25073877
3414688253
287186450
763724066419249152
2474926863
729653963105001472
3390745757
455039820
243751237
16744558
17998609
125547081
32423136
14237001
1774391
17219108
16211434
57047586
736172947551977472
2736215883
3683068757
224809313
108713959
123015364
370352314
107107001
790904875928342529
18949452
69181624
4898091
316389142
2317351705
46335511
3420477195
271725689
299234123
146956942
54377889
717784412587470848
13212162
782966352655032320
46464878
2893641214
36711022
246837516
993094381
851042137
1372875494
39922594
98015030
49279876
635608354
430250670
151106990
17469492
139162440
27457788
50374439
90420314
237845487
47797211
65525881
42936819
392133479
322102425
132214926
16065736
15633759
37971731
105358412
2521001
76131066
84076924
15677224
29452677
15275022
43165749
1601553204
204536240
15675138
17376893
14513611
38271276
82689705
48802204
91180720
20818801
1917731
15458694
24431892
14717197
21268897
55355654
13493302
34643610
20455625
2468886751
134905400
2461761384
18681934
11178902
294258287
78400475
2311431049
22642788
297100174
1115348904
799047255378391040
87410067
400152210
6017542
428333
5402612
800942537083068416
804438298936549376
400261151
138166008
83993862
153836357
199317536
34883251
34738753
56181382
44706837
60783724
110447431
701944056
247322786
197015107
28324701
361142046
80653307
1006779199
460378831
42700240
19025465
245766893
777925759310569472
743053769408184320
22411875
20802277
2347049341
14246001
17006157
5741722
24554901
1652541
742143
241109716
800311260386426880
41628280
14401607
1444029422
85777561
17004618
17918704
1434251
51241574
17011177
17006036
402957663
22162854
19608297
65698096
797556230873120769
587073309
15719971
3585947714
401428636
91130609
799109747970633728
3167508269
800263955411136512
15471824
16129920
17366486
17787705
14075928
58550415
1618603819
610922415
158414847
2572995374
95996694
36771809
16303106
14437914
16686144
355321621
15469000
17488736
40946856
62882207
469509267
162105595
48120914
15224867
813286
244655353
20257611
15922214
67060591
16228479
14412533
14345759
34996738
16955991
1947301
79923701
16817883
52596376
28162211
167144775
783881123797557248
2199768960
3125626878
538021652
15846407
17074440
50325797
9300262
250831586
13393052
16624174
20479813
166739404
62513246
2303751216
16017475
26792275
397507908
21114659
13784642
35773039
12133382
16016427
117662694
15898172
2467791
39525027
807095
5988062
113647931
191750596
707512656
15667291
776198324747575297
762745860639694848
18510860
5392522
14606079
18622869
3957285149
487823178
272651520
4193699774
3429128139
14437161
3174123094
18025557
309045688
16028241
1522459368
111113061
20069434
1522468057
15273747
21315320
15309804
285198536
18938912
15295015
