1149942961
2217401528
378259736
784397947374964736
40356045
3234829756
61802282
739493768475213824
2869380198
1410099223
48491083
2557383582
1544076942
14206195
1365880009
942166634789208065
411194625
17006036
798372097085108228
4872007379
1365680058
899816855849897984
973326736845889536
144396811
1037529252630077440
2281962137
2347144853
3866227874
121756333
17307326
825832497539723264
44656386
340613443
1085034534914027520
1034499779768803328
2380774891
226760865
433919947
63188385
842435007670964224
52847289
310939683
781982295863484456
905437317166501891
558900549
757605705620881410
773971417234890753
58545637
722516732
2896039850
3130862650
722210815110041600
43436821
27793335
14336662
3151827430
1561418018
29201047
130169957
319328133
2392236397
2387846486
552747499
74558681
788315462
822158582644736000
25728193
197901148
2815172418
63136498
34697304
36261593
371977440
1511493282
18978610
735586022658957312
329761108
110739746
97040343
31140165
826309249315725312
970207298
796910354781634562
22278303
19688275
28715007
4560540219
3307989613
763202542587240449
76849028
16385635
3482600301
289342771
4920860637
772250084448829441
794283537818091520
1339835893
88313866
89243988
799434452581617668
58945187
435368535
13393052
17006157
49986034
324593163
87510035
264121073
21770677
3355281
2375784856
1455609762
14984092
1140275190
278396650
122514150
4231848267
366081654
3350764467
37315985
405028196
23051792
298200890
41199192
846058202
14574162
4880295083
757551897079345153
2962867564
2962757247
1604931252
25950355
13638892
3233891354
2903863777
1241317842
135894109
14416459
1580694002
31522489
2291053021
1651051201
2572600732
3092811209
62513246
80305178
19725644
413272852
2546518086
709927114410168320
407234850
21759337
733400898534146048
3431867351
20718719
443033172
27648752
285681923
735636576890408960
1110040489
54309010
3960654267
259761419
3168263076
1131826580
1329702721
1433440226
505888450
3237206384
42646960
422893220
3334787337
1180921304
447695542
21799993
377423094
747300289
22946355
2400284491
369552699
8537222
292432378
2817053982
608511241
569251015
522583021
189321763
2466123505
991555513
3270293011
2799879038
1143331458
262759850
3096865030
836531154
269935803
254506857
79899301
213526475
126703514
992556038
906135973
285596007
483040073
233364902
91156451
2806574841
4062617488
2660648476
1536791610
31418514
50074068
17571962
1140811723
3031291433
381917593
41204222
19491410
1546586780
12414552
2798555951
222737578
146590429
371905827
2349040904
2798659231
257664900
398244481
166371062
305296124
233358828
245349682
221798107
404819771
77315885
22784904
879010003
29727480
75249298
96836124
415143318
47664560
1675989943
188730957
26042726
16350696
55259925
8539242
40006092
599284289
105140997
18478452
19866236
214757209
213313600
17068564
109375152
215790591
730812302
80681990
3727430602
993851342
593790614
4857663905
4158730455
4166798968
