83381978
801492317085368320
368551889
377355467
737943997
1053064686160306176
2701073637
921644539345063938
190721829
3571513828
37811953
53740419
1146010849519296512
197955767
3220880621
3230236120
976506023040180225
2204069718
2680213656
938806018418577408
540226937
750022168675688449
755279675450986500
19563103
392987060
378259736
193898829
51269287
1103692138615717888
3064544355
763378450384105474
718168315533922304
1073649143678230529
950918425865437184
1114631299212435461
1144713289177415682
1107204960
75888702
2517060803
971902111851122689
1112895308344721413
3406403592
14662016
284169990
968467631878692864
1491276024
1131941506489749506
702636499540582400
104597867
327120324
241383094
968692365660643328
58941064
933088924955705345
51431927
145952573
930838880613527552
972249961
4851104545
2645637913
327389686
204400126
3290762269
978711829202505729
1025441375771389952
1912924442
1017771166323347456
57060169
1133435618984259584
16779600
50699641
927597307708796928
146502086
1058093631503024128
547693795
361336287
1000002497363283969
1097828854767468544
2884254856
32295723
994359135952162817
6974622
1053782792419438592
19237409
3253611277
2522961582
1058222275
776041176151552000
2161027910
2602181830
497808449
983550943571558400
18251927
794087379288006656
1131296084301451264
1639232060
949392793243275264
393931165
829516535114977280
734839449398448128
268989534
3307335433
1133039324516294658
18656674
1871605188
2984995747
1082496369900834817
965685859218612224
938827333464739842
1106942229199888390
330041881
1125923558822223872
877642233704583168
364827158
1485688536
2300318917
1044689692837449728
217867799
3457648762
755870994271760386
972524919211905024
1125465645846552579
898544130191708160
1023644887160422400
920566346907340802
79435415
180513679
1044020253813075974
2910274579
239876125
971001372
2306579816
80507199
413868970
179721795
33417848
2201328306
1098640773669683202
955108533871267841
1085893652004720640
825569108649340928
15064144
842679437263028226
257778230
47886347
835676407665602560
829881163472916481
14779526
571874254
23496040
1024957295363534848
972189158377709568
132122851
17280125
38684725
1025156403957100544
1883279395
282014422
725085496116912129
1038213982421639170
834933845426376704
778796758721634304
1076815890
220855121
1105230598010998784
34317032
1898334120
2784401117
994318631914889217
243731031
928617402174238720
1071848259407228928
624542141
1039981804177051648
910635795253522432
916307800338419712
722743878319796225
108101889
1121139722762575873
3295269001
2511107827
1073372789044903937
1119598616191152128
361230045
4033150799
862037690597953537
1102476991863943173
1878830466
42639451
1118189868365090816
1448493367
587736011
973540383950065664
899569450340540416
1057950965213540354
95228628
491581312
899659223566602240
410380828
1076279644964442112
3227245560
1345189038
16867101
1042838396471664640
215095877
774061426159808512
896530309117825024
43784604
1736490572
315789136
3430509525
848672869609615361
1101411374272528385
4776695254
347987326
1108322732679327745
2353430677
918341577507880960
1107067907652112384
486894098
29342640
418200559
731854977568673792
61478327
757303591556280322
3092255104
821740272694546438
179070130
1102974261793300481
3226303103
976262095640637441
1082037517375889408
1385861262
1201340646
205169198
809777347847131136
89167177
726907264142069760
4075802015
17385903
16753151
21295757
18748939
54766238
1711073353
1737084576
16812463
710125760
2929224743
1249293726
1672880209
1435906951
16228634
314165873
108656502
78208471
786831450
55277015
1261637024
25585110
44944668
1029519073569325056
1098543007484264448
2322132081
964899362211008519
72928184
2722646211
2336998435
2214727674
245893313
974009836059922433
102981451
1007463154362863617
19711765
1732534783
240719671
808323501794934784
796564908389367812
66182591
636586551
10328012
83223036
849334385862209536
10039432
1026829613115363328
3305657411
1095384155133755393
1095382673827266561
1095382968556765185
1095382791683014656
886385083413921792
895680253720498178
1051597096233705472
1095045840786391040
1026541961585422336
1368553266
551346281
477030531
476418203
2255903484
2811381421
867818435765387264
1094082932115980288
4762001213
1094387456315719682
1093921139028574213
931942161070903296
816312959425187840
14665235
994815488751493120
950085491239587842
976117786283044865
16273573
1905098887
880419742280019968
3417953188
3569548996
3948479302
2331416060
1022004074030485505
988410280697909248
880455499673620480
960756196457070592
605813349
2549556306
35534272
20598197
1280622230
131292503
1047204626385313794
465884545
626166984
972109370
3317960226
1068238730031443969
4700288609
730994730
927810833601703938
901655068180594688
4224599536
871430514556665856
1325951616
930946432831541248
69710893
96338744
322658873
2209884625
713932711
320316891
2788398580
22332147
1435074373
37985315
468669904
180433202
961323220971458560
1008330186784411648
284338456
2213471864
78461292
2314303076
1002386521347854337
1971523081
2267572486
917137633452666882
424883710
143133559
1063235777189031936
16340475
707917353
1872506744
1066785385437675521
216909800
703853478
68498173
1169392297
1037760809680687104
1048134828661596160
3361838594
24215031
20998032
867572295111503873
904948448264204288
55498202
40898052
4112285193
3231983912
867076192729534464
197132222
50433281
222134128
4422275902
1491428192
269752330
754598243170942976
296230086
80203745
1029369731109797890
766262949757476864
760579236021305344
248640997
16928868
625534459
19199474
130309065
29233977
2884048060
1603892562
2214810392
965259838455537680
970928165328596992
1050587875417436160
1078595977
403007618
1915514191
913846247257231361
780857507749036032
139193425
1001788626815082497
1312280064
375757941
15910795
1636240297
595082407
806767377002045441
829338177659863042
478723397
873426577
305282750
65959264
948242329672060928
1075910966
23767584
1158144746
486178091
1216081508
994225962
2407356110
887120405592498176
37788263
557107448
1029050299229655048
163267887
1006218078970175489
40361042
163123130
35803747
946157340
924198607
1014209067353591808
27557706
789574814805684228
742448228025683968
38296512
118878763
2232276710
19767193
17541285
724908010724843520
20155140
17013378
104530997
2830976562
837339331052331010
14447852
930445985133875205
1025945311649427456
909093643071426560
803153911565557762
14661955
329702603
3314247009
25219709
984230644325801984
844541166
1025789988334706688
749676318
744036976442118145
553498223
814589791
22726133
2548322258
2853475024
940520087009849344
954062017156980736
887648194603212800
765595265294303234
2877800686
165814574
1485697034
735865674
911180136560697345
3599383877
14750983
165864127
2730948989
929399289436147713
828195157241626625
1675764126
2317202599
755204318001672194
889503785550262273
145097563
57076191
4143418271
978156956983742464
956635510297968640
901961906717675520
2530367383
979620502246510592
4878544979
78526061
3012773575
777257260569489408
506606176
807519188856274944
575905433
829154251666575362
1009139262753792000
233011343
2701673372
4764245041
2337286506
378578016
144642058
61108354
1383218460
787721792555188225
18335940
283746555
980641969
277580705
391317174
327587345
715550087791919104
800510000447655938
255769626
3154246133
4803277816
344166758
722038699844734976
725967372
3291405826
706148508567478274
244459746
31092688
2395309999
851930286204104704
3645858808
2688407349
878844609731973120
1014916787585069057
732611818951151616
910532628465545223
3096292230
31486863
267307388
26552805
975218674314362881
77487918
705762604669669376
746142067
70784139
2939415039
839886353068359682
1522917078
2757048200
870119477098106881
765522690660794368
1588972118
2955239545
43137809
556072277
3308829861
874821199
2388484242
430645155
356492631
701843972541394949
2204778019
724616400187318272
3189142518
3311242761
1031761969
2712265992
1924858076
2499225925
1182990416
3145596018
709174449145307136
84600772
416934863
720632954666377216
763725540046073856
2421007010
784851090500120576
2447816565
869569854138798080
2340894198
2882277423
831534650195660801
13062172
3108867159
3017978672
2511441026
1697439450
766647415076229120
2420694320
1564412287
94930415
93890944
428388632
2195394787
50510658
42454486
999591908811866112
87027945
2962867564
2973969107
67196459
1004259822844301312
2523369962
800542294919102465
151650579
988433741478551552
42237944
999357347440091137
3394550943
519139013
2849957499
3294050931
17159098
15768124
619493410
2238919994
878109499743240192
117396730
577746433
1400741599
939068327040778240
2531335806
3230785884
7555262
3097728854
1570168819
727156012084563968
3112004758
27087150
2435509679
966845736418795521
1832050212
1239252410
3342291731
171881218
2882506048
352395807
2194880713
923893094810079232
958502697849638912
772186025036689408
742769911
811074663849656320
30974921
437845012
2290392432
631480167
4850137275
2260285944
3460022187
1416500532
1265832084
761106683259006976
709422267365609473
2763264732
296067671
752864866210283520
4048684288
1201246507
836638580
1951518644
104070525
760133773
987849932
2793617079
1242468954
828019861
16864146
975740825924722688
336680456
736179924684406785
2247984685
429595066
3042936856
978010775523643394
906330153592246272
715591929128488962
2557681249
70972792
1297170036
49102743
2394841171
2737353226
1875854796
18920894
16240525
74147090
745308775964344324
728468990641639424
117686766
879336387195138048
2834121370
295265389
2341853465
733252734971969536
911308120990801920
24743025
3074175954
753984763115950081
247975399
14477723
96298526
17885737
1695487158
141991931
4069072090
40821718
3839061443
147728303
582872181
933127350
821434860254412800
2411268889
2619497343
1248504073
251312236
4887535545
370423897
48765734
3084814215
2183570827
3009429984
414221549
234309722
1514779933
15379392
731230965700251648
258496778
2327463037
21251814
170596595
244447159
2432886163
132220475
65661522
163086733
1612421635
276736172
131915009
3422749967
8046872
15986434
21063394
974310672988295171
522178570
123148608
949363791468220416
717925788234813440
1054269414
824226739723309056
1197351318
2904447259
162748126
968990258485452808
40835006
14243008
261665936
841886968527085568
2757113274
1006232250
250108545
783610591999102976
53905213
336063814
223671790
419901095
2617272552
2310461297
613735332
91176409
1097726185
954817246756515840
4898738434
741818341942263812
91084793
2739434108
930488590722723841
836692729778352129
741564762
462220933
322373965
46094304
1018962877
2562466034
915223207
56223112
22773313
194563929
4533480619
951062029
835147727948361728
224607656
49339259
3916481005
829364044570226690
140355830
17784403
976431908652544005
89232533
824054405578100736
194377912
165207731
20719539
430170953
958018352856862720
28246067
3009665851
930621198
834568252131045376
36632863
2327612520
405212879
847921285065842690
29304600
1155497149
1220950261
160671125
262887724
233278341
712662999568244737
702895292018851841
1618966752
913696369
1666158660
312590919
306528990
1172493908
907382738
328287799
2202163974
245191224
3006575434
581012668
912171150138122240
2451342680
928338616782327809
3107789363
32378628
211239381
3396881458
902939175791538176
142445186
933436802353860608
848951921360678912
3696410247
36207055
28160203
518163107
801563012553392128
23077155
527500910
708454627885252608
107391777
206255645
2848911323
2739061191
1002545149
305132066
65316869
852121212
1077574994
2863880869
2281924184
31683794
3092525007
890997211
4735280781
62230749
1469913643
326665662
1307256163
2830339687
516983196
275307479
1715390874
25633231
633514033
821259029955518465
958321164048191490
762468992124489732
3303113359
962075184780816388
958487624754302976
962064183574409218
2743175747
79480408
961285039278477313
962055934288646145
3174091480
962065537768439809
962064053945360384
961759740647833600
43020461
906889891
962065454121369601
961312962291040256
818925803299831808
909456231235862529
273531261
831339732483325955
1933042237
920931912750739456
2999438926
2829150121
63207159
325153243
3285694916
784030662953140224
1387236240
382908191
888996199273037825
2828796622
826571346075385858
310323758
35974921
12418482
65915740
2594991463
2987147081
859885856752107520
364697987
368997745
41558369
588182032
21462959
477180952
1668666325
950659701334781952
606619944
911366894635991040
517871092
108713959
1595621977
2702329087
880576690929487872
42447945
274063094
895278042611896320
274405808
466835878
174847568
138564242
2225913155
430143424
38831546
4795213178
2849583227
838920955409874944
943659641631674368
487838624
701662592
756908935315984384
4176099029
28267492
491468477
2349171535
132560605
88702470
77110589
53845666
3577912287
141374098
1628208204
128275616
854871149930573825
30263292
50026327
16491676
785592749550546944
123015364
892219807
2156007288
2835079389
253085683
2764811815
1861185277
39989702
481622818
1301943878
2892383268
378333037
706313164380450816
38950120
807224497375944705
804407825128509440
763055807693000704
11696382
2377869613
65188741
146089561
484796656
1961356742
1096058449
1530846181
19863141
122118673
170023430
165472300
2349443505
3351698086
61872472
2708598331
49273885
19053113
417917834
566566790
801001852171157504
204767467
867424700288430080
207407964
16267655
2590242073
2162163636
903692487612481536
1105012994
797489351924076552
246618573
3020581
119096904
193103650
753347455404552193
4531635201
771017040333266944
227409825
197856058
14850815
714116293675364353
884504478
731764093833629700
769624199430148096
96808515
918835967141826561
874851924788600832
887174960132702208
17930419
814392950
1836790122
600916866
1358923406
871766546
384504569
547866955
1873782870
338007458
8160182
710204889247436804
17026460
811630786612822016
3334332021
585068690
816315628609011712
2418230672
796530653315612672
138477253
3083906738
23358185
2361413906
240474953
789445321336188928
824260035362467840
895691097179119619
785915750158655489
2586344378
788688658643714048
22969958
746860902
331509056
2151271448
143192279
73206956
2853478324
502281810
2507144761
323854120
721795537641541633
913628334
573623459
352886904
22570018
3433472787
2562232958
36069225
45731216
2446608421
3133647120
32140995
4053203116
864432711263547396
904800793
2309372563
192784099
483770377
760886975985582081
2628305908
32405267
289393808
338532498
593043588
2188799618
50626996
370258371
139565254
33773592
187518287
1144882621
2862441010
2228194890
597277168
2802031544
582914453
1522208108
1522179686
43853046
30644655
118689933
632003260
799710618
744046387365560320
895046871919583236
737708825667637249
286695908
52188980
2964584867
2914239463
739855488
480845349
713332048295907328
729547963
2250471965
2822626096
162493907
498354720
3319184192
52858561
3224063257
788648436522450945
344175332
129106765
449809611
3010956165
375235135
108376990
351566257
19066345
389373481
104962810
352650591
772759927
22926862
3001986177
153782396
74573245
521509156
21739096
549984913
42258099
3179925453
98781291
897346446
16279661
272802770
1611619490
626617316
885953601067208705
285357691
2931625980
356866129
2369030473
296023958
3401386079
3159997440
1544468570
74297967
23587213
594794789
604416116
2265933782
2273836076
793127078140968960
616171439
265582167
818542079638962176
14827966
4633198937
1635077976
80846676
275534781
2410983630
893734438860926976
864548840963178496
894969882906812416
730040497239142402
810331766691074049
17160178
2759000281
2869324272
2848931788
743111197143248896
899785562
865382888702787584
832730048046067713
2557042302
70424907
895766555140788227
1163712553
2170086701
800760858204770304
742788191233576960
559614467
2792340065
742425368183721985
803285132547424256
782288491304673280
26396117
3188826024
74287341
334620499
11161852
112475924
727607095416262656
34032998
529571477
110059863
636216638
247610675
787718609313214464
2903470928
290033206
280354655
2537867839
808793136650747905
1113439933
4419407355
2192592792
3187191247
453347031
186585181
2316525762
77711880
2753003748
179214664
262655719
2617539564
780703746065965056
547619839
2364855036
421308736
1374351
78873087
597213953
311792996
257617636
892536408904269824
574820918
1519723458
850435474774786049
706859600700678144
2438927550
1956969386
44490396
2892969347
832995492623687680
33123688
256738764
4465894156
717334670225092608
2462436602
763259227662012416
765205923841318913
494627110
31977140
990497192
809134486675931137
195500610
44992814
618270039
304392714
2580789216
2695890457
116261098
82321731
50578347
3294026870
3673629314
1288552388
764889044
305287070
547340539
13829462
104068477
518184679
999293378
4372992622
154858732
1374416329
509278253
1247331740
2577373177
2349857631
2848355199
875008292593991681
613782239
362761183
1352962327
2218745125
2315357324
2892451389
2748559290
19476702
1107920822
112532150
3186124933
849666375920603137
1583573317
2811503196
709734069433704448
2515983090
2435789185
100979422
4624171174
564000560
1733104308
2188114736
27459734
3267654218
6549332
322394105
2230975720
3092044959
14645160
70989792
78040914
1438925534
4417466061
3434086750
50393960
702344279604260864
125387591
4685999960
888421252863598592
3485597543
3156529819
625070495
28238766
47247580
3251402547
760887046076497920
854186520160415744
3418750471
879783542498217984
2649274394
819214464084021252
3390055271
776682573401501696
2478729888
759765386116014081
889218667
95680758
62127399
2785998010
796779752468123648
616689091
393910075
455363015
226011566
883391682187743232
57700707
123843145
234835156
1625865817
3131025706
212404689
2675298318
4376908407
257536555
1101302814
35323643
21902103
2314668625
442776907
14315537
303804147
323754242
35749264
826875969092911106
310957239
488300738
132670126
478750126
3255997940
1960641956
16630098
166594218
71137632
499846012
3145811722
262853831
1673800896
63741872
712364222903160832
16435797
255640596
864534270701916160
989724866
3372238852
16894706
602317143
104969057
937713890
59582696
3316501680
1482686809
2476987891
452080450
578419732
392355134
1849772040
548655682
2431811813
26299439
274785607
3209832404
380967792
749257214540582912
2541811128
880445329
2840160781
227621614
993780120
627292749
2572844671
111615811
1131630276
23070306
71820456
1112177149
128163675
15416816
351541575
69021400
1851134198
3490900221
2699106943
1231620967
437501325
824020614314868736
2685321727
751409375504400384
315774384
776726977
3903137779
2993673090
203714426
123908327
276000596
2864117520
755279371
26211869
2164789710
588504786
4891918246
262886920
448230031
3434360525
12819112
32372834
487833518
4734208455
1722429451
2561407350
862480908305281025
14819353
929007139
4072544806
26635580
2863841536
2191246550
16959316
850118659
3554147292
159375090
512255815
232280601
503030413
265704484
309707977
717725420
725394089357787136
107238136
17833110
3240296269
873879872
18228898
824027211158130692
2548245206
733353361328640000
148529707
559822264
33530827
376509741
286233279
178161862
3312317120
37599351
622993275
805600278942777346
705213677083865088
783653968085934080
4424491932
79229132
127978602
793666560976117760
117140516
222542497
62893156
27674887
155987003
16101901
19395722
525886770
1616158050
28140829
1527698995
742540770679398400
16017475
576356219
2890516759
325966046
255773815
102306830
777223063708524545
89503894
15222004
247324340
258898108
2653343724
18103148
512446262
717785652629270528
256881576
16671869
58535054
4848272233
586136477
122533830
733821717701873664
4714289263
763836668617031680
165263815
21681809
24647812
3291928678
3687721995
187428929
630598940
113560280
856037461
34792516
217526629
19043914
974384082
36092166
386959017
707982165368119296
16573941
611311946
20069434
2953451986
18409210
23544596
39364684
1901546563
1040218242
4063060595
60817380
3064425898
567335368
36771809
49042836
367891969
743423030152597504
14059466
611318385
733131334139289600
93461621
3193442156
91120979
262100852
1561164102
2437217384
610020274
47616261
35041893
1345702333
63112528
2693837167
2450241577
801311472
558810910
213478296
740980181972733952
2474177830
2533489166
35067421
2509981932
1513437702
2851146208
25581439
120153772
17137628
39776025
710537774030589952
2561917928
2247853044
11702102
220128564
71948619
336101124
3302418125
3307274631
712440939801804802
705807268835672064
461224661
15521075
14207863
3255671017
531561605
3943374914
4463000183
160658862
1584051084
600435408
69124949
166242543
544517731
23482952
84206330
34357707
247560825
189248614
1284455149
27678749
20196258
67418441
30231097
18938912
1363263536
25379053
18667907
200163448
16206688
116260753
846330200
107556834
14199378
27825390
43289545
460485003
166739404
17350250
91390383
201111331
32959253
14307764
29447487
16665921
25365536
2883841
15846407
15485441
185314895
