744282572
452100948
19626301
331639736
3163312514
374851721
754006735468261376
1126859785
763833450130472961
452521774
468499741
1547285473
3919171420
122533830
92372285
734132487345967104
917201597247012864
135703142
408580973
2528588146
1056174061523533826
1134099633548943360
794584238876147713
21718006
3529375212
34317032
726130566756704256
800866096081436672
938114636179787776
16228699
16630098
20739133
39181447
15201021
99518130
633
744194874199539712
2688531696
17791840
1018561237
780385507276627968
735838082637914112
239499378
3610966573
18415746
1069405516076445697
2185519721
1154459058922852353
53000478
3120870947
273780584
1398234828
192683146
1058486913605267456
958683660689006592
109691914
314700035
2932738844
1008032355272052736
3028728178
323739001
1067469100497215489
861321521884737541
20732426
546076148
1100481856443768832
1146157808829833216
3158293144
310041282
963631905878036482
2780964703
1148006628534431745
14682928
873886842
922654377793544192
2200305589
870386759741341698
620518743
11744152
1059943658986729473
4612856479
774295855
290180065
362850990
203746739
1103140878439243776
1032674077025202176
472865580
804573487767703552
260541283
17093768
1036729383405465601
4842684077
104370200
2964650969
435275229
45564482
21193261
924043400663330816
1124494029108985856
23365188
1086176969463611392
287940016
949425586778312704
982066637380694016
605471191
922883416059797504
824233323476226049
1026053171024736258
32245365
1143695193394339840
14062563
15384482
367200259
16421441
118745284
3838240753
4582568119
936047304620101634
34748247
1075600161995403265
12276642
711986299129823233
126427296
22959589
23211467
19624003
41941103
567440698
114480784
2485526592
17633960
1317875269
175094087
2957866564
64533709
1550879382
315358959
33812832
3136843820
173428257
4720198856
3172899993
179675800
1313589116
52821680
71745026
44748347
964780478099226624
557068003
231539124
112017297
732611818951151616
1147922221119262726
1058847989488177152
2534914732
30844417
973017764376985601
909891288891363330
722419644661936128
2323113090
1079313630
20800731
500034312
1645072988
709405000750002177
820833227799666688
824054405578100736
836333664816488448
176976565
349658423
26180278
263228516
1701235165
3229223055
556072277
29780473
1144330011928944640
574020783
112764405
95485773
1035550267838742528
92287129
50333943
59147433
95236904
119159738
22520465
17294493
49315194
30228125
834857274711670785
3096008166
70204838
1024667904346914816
920788134572511233
316327930
969994371033640961
725426518747287552
2932813026
20990898
152835605
519596463
222412674
1551101437
1141334703229820929
15384459
879782073329790976
846833343694032898
922037873628667905
1488084607
1122172384943931393
779666834777903104
3429634143
1012797071315722240
394154071
1018897773515722752
86377557
189658688
999467425094623232
517469921
1121493380557623296
22996614
792472728678830080
16689081
1045348761751490561
1125850106060689408
1059795678174609408
78689450
1035967953294917633
858540570704093184
1075135934650298368
783992705458241537
1002990769668591616
15582230
899763601589886977
1399261674
38090523
91467162
125355123
589635417
1004477553984204800
19164430
4926409928
602847251
30347862
899906451732406272
1110014450063429633
707598818456395777
586291040
3964927551
434073840
607163614
1101926585828102144
816712356411670532
161246038
3178260719
2343851918
17385685
15907183
33510542
223576586
1515198330
47645083
1175506141
625070495
293577666
516735853
55910998
2701073637
1041392246871019525
921489683539927040
1027892501103996928
768402768784568320
35369214
148721519
26697065
1081222837459996672
1126630598
2903470928
50578347
14315537
3396141886
14526135
885552469
722884683722153985
4835399064
1006419421244678144
780932927567884289
2294733114
378259736
2851588197
1951518644
166022406
459332616
89532732
276293210
2274799392
1205977536
225041726
981259709356404737
783997227094122496
622054579
2320664636
600953003
3244684660
1254055910
292202478
561608343
114229949
34119643
853612198077370371
894981608016674819
385642004
3032109176
24252027
30161128
310316876
1124939677146939392
706649389435981824
23372297
1066323826156453888
131942721
1961660665
709494013217230848
743896559520194560
1038053197544390657
1097982699288047616
721999878
14135874
1873306339
88392301
1299995892
3433407383
26396117
868703400
3128405990
836337624013025281
1123942487129841664
4733597560
2678373752
182068929
73393321
746107609741131780
20788157
701625143181750272
836319002381148160
817152932022026240
163624291
1136769145
3518447116
407395156
848430961
963122736536186881
1927644818
252794509
76837768
452733956
25601045
2373128582
824642649067966465
2747371538
1112915881326243840
4851104545
16314021
229016226
950413219767742464
378746121
806911409980403712
269737082
123040155
3347549231
2275883743
890674086950559744
345697781
1064636307257860096
33403254
905134841343205376
245499079
2537867839
1056356616994545665
1458096540
1463966360
276792287
33051111
57625403
1040663476283342849
30038595
938525650759143429
14981648
4130709142
201419073
2791463794
176859552
47895867
952872771306033152
279264481
1116663784385515520
15291754
1098069206212300801
953096331668566016
2695143194
75065396
16504257
330105456
1376608884
11342242
1735442838
367459710
16438235
532241456
70744113
871471238421643265
711283356474826752
293418752
892300933
430645155
629633635
427505253
1006490087985696773
15906753
1111638492797378561
1063950764345835521
755432984006852608
597330065
791654498515116033
4032367415
949355509886398464
1026186810676801536
27116474
1923959160
602065304
70489124
43388155
581270752
107269285
23096491
842550390818201600
298293085
410380828
1481222430
36232805
750022168675688449
102271974
99599045
776446521625698304
752967707277029376
1072488601768914944
3397973027
829724437062754304
26794596
509452275
3252975804
986794331582365696
1066868172496740353
203714426
16031984
2798873679
98498338
2574942223
751428299977621505
72290565
60754612
134876979
41543268
458610909
16036587
192458254
3161655128
9549022
917037934401982465
1080584229510172678
1044022254
2510941638
1082334352711790593
2889039398
3168247662
18019105
334969657
768165703887179784
862037690597953537
841537412
245055430
240462058
992096101
122532738
357606935
754781047456468992
318821694
35071201
430303289
42451620
2188660790
383357881
1026404288564736000
910057631431233536
45044548
3098604529
32871593
2835276183
248859211
3298320297
2480581850
27071656
2575447555
16909646
798968742202015745
20817705
3439457230
735761675190566913
763336264460427264
2253654474
953527786366529536
985441843335843841
786047748508221440
803979584672763904
112475924
61878718
2787968292
1090780668739637248
1059242527499395073
1037325105574170624
836408868355846145
1105507325144649730
517902068
20994006
809884930415230976
361855504
94664132
3494338533
935617448409206785
806936159586652161
321634611
898219910836387840
1104221909221339136
826589191412862976
1073642905489817601
1103677623681646593
617266600
105850314
1694040764
1548189294
723169007277232129
1014119447332884480
742548444774965248
541637104
2875664217
224715866
351094548
25832593
1069860146
1917731
1091819253014110208
57769516
998329325404545030
15234407
2830103937
2944953687
465628233
14239043
54239493
933490535813320705
991097761905954816
766687999346159618
759899531752378368
1014241108115755010
535561004
1216661431
1149858192
302288855
817065050204672001
603004342
1152500094
233070159
588770591
899483327563833344
609513018
73406588
835218686122287106
862876362289238017
783726731718975488
196753919
21792735
776090974229368832
36976313
724266556268666882
1075913251924467712
1936217630
1076921779
18846821
1706101310
66214850
2943429444
139333118
31239408
2174271708
517775567
2388484242
2674458072
253228348
545235190
3023681365
23312135
127516629
3291465063
255545898
130922325
98576802
1883507935
1044971748
713816404638765056
937783538044293125
2266269258
243012960
175449241
67118407
750904007732957184
39756267
1387682683
16352795
126698362
1226154920
31793847
331031077
2575322101
510462994
18514747
82636548
15802330
16332237
580518705
1951757660
1618637089
31592976
545643631
360792806
73573833
29259325
105912458
15817555
31405817
1367308980
19075308
27887630
21112668
33537967
174972753
34035826
3250027860
3816567737
2223533478
483590066
1004525775511384064
2990515071
3537013289
21879831
520558632
874244461429215232
534610339
1413911040
2561407350
1144882621
2841795280
933342822
408544193
486642361
40328726
583055846
1090071524122464262
2795774414
1353038558
2798836048
712238248106598400
1730703458
232452461
20281808
1001875795537641472
35315865
1382843582
67683358
17570854
15934978
1080516116395499522
2705382200
838823508255862784
37597963
29644499
30235089
273256194
4912172412
110890615
738779772
115823765
713217283246530560
2397010364
19234329
3063115834
2447639095
445877990
285214868
29342640
39547629
384868566
778910911713140736
26044686
1909401391
3124082441
1001198843978018817
866628698
735676383075012608
777975450517835776
834833841957203968
963550949225541632
824298637018730497
353132602
17870903
223354901
1080541059254505472
19910041
2629757908
228750499
883078211168370688
2280375396
1355346014
38090547
26097696
57200528
834540856765882368
1050462598607642624
929066089656537088
1199335896
1536271165
28619332
1490802564
30978439
2806220098
2478729888
25728193
47285504
1952326440
61408211
1081570997315297280
915670816754475009
1394887542
45579282
895766555140788227
860037132
1623682273
1642060266
79923701
85583894
110189578
14778782
225066069
247859642
414807763
133460943
918963003801907200
2980294455
798168879293956096
221810505
38377374
2351827339
908307552374575104
971807639331049473
18725061
1096058449
1067078108749197312
883263553909776386
3317792807
1548841759
24259734
904869467238174720
25598396
1343378862
838129500219113472
968531705119236096
32439329
260211154
393094756
1080844782
872156132688711681
1267920810
218973400
703601740701110272
2886928240
701469868856635393
2815780763
3242648605
331854460
3601154113
286476728
841401377058369537
19054686
42797629
841797895481352193
761366187070595072
71293921
2734713482
33773592
2685925190
200162045
993913676850782208
1620556356
14332297
395336469
999293378
2553102433
33158877
90170410
36030741
787719983400755200
1114707835
231679323
1263585960
1398324674
2729087478
999041351013543936
717419853393465344
2148009361
29463071
285836548
1320293383
1604419500
19715065
19677546
336430872
1898934396
861941562783268864
845671472282656770
1064964555355365381
18413936
832244052288475136
3407296876
1368553266
2859448331
174847568
613491958
3897141972
136186969
359037337
2979707015
1250008075
1308360919
747435127
51111863
2396668507
299674777
765228133045800960
38146999
20646711
14499829
74073662
721122921004011521
76417139
1017841780354617345
85227160
1052395318904586241
1064603540956565504
798656238263234560
1646242405
85136701
716145348
768976342369071105
42936819
1611992154
1067928688992243712
1072269438152466432
14755492
19711765
723964006407507968
2525103080
33939761
2716942359
351202293
31653264
298646901
1365621606
174443129
952101181
2993611039
2847763210
46919079
3396671
43928023
231279422
909876082517712896
193958168
1642250628
1906176547
717760732713127936
3300809506
128109346
3765479422
58689457
37052689
983829564894924800
438828609
4723957344
259540958
1019642658581565440
1059611884268257280
1527854766
2903979971
4028105829
2271638589
1327626942
1070822953909190656
172719199
1044373461223837696
224685392
22582621
11131302
1069675801531035650
493616041
3291717316
143761668
74287341
636586551
303804147
742769911
636216638
2197365898
484415967
16491676
1007366194410807296
952628336
3195344604
1880725393
820955369992228864
31013444
872561592772243458
864170287067254788
2252642910
23214011
168594200
167592087
28218603
150794472
125705137
744143323141668864
938590854037626880
15764644
950952511556538368
435331179
216065430
937184364596666368
16103078
320961515
25381030
28011900
20713778
45895089
312710257
3458927307
1004693420424609794
16875756
1909916257
215060612
15846407
39364684
2354013972
795988815387234304
70725281
16958346
14266598
268429621
3245179401
770802418883977216
87853386
50653545
7917922
103077039
224528370
3184798088
213066242
843101443582316544
262954441
1075452332
171788683
334927491
4658361264
15256022
840768904880357377
112340905
3156901392
2295719680
2408140609
226600003
40332163
1297181198
858153821377359872
2723799459
986025751303475200
3364179227
895800950165843968
4416726194
130877979
83019050
241426538
2855545195
2722366960
4834034320
729556532
493400610
104904264
204075170
15222882
1563356862
1029050993839878144
3025912281
1177764158
210718949
478846933
2460399613
2460523356
2344030831
520372269
3638637672
22429051
782252502716678144
4104312079
41138482
1050587827
474210993
297469213
380579272
3320402366
3011297212
790588399207915521
1047291704
818845110
2913204909
2657038939
3291756755
896443698
303030888
1330764758
2418479618
4514523672
342482514
1010622536751738880
1311195602
1433623542
3303728302
1659106350
2783025822
50374439
25073877
502135911
59839834
204832963
19879313
2166777054
31037199
465046121
2254399340
925201661290741760
1042451806406664192
2366083123
19325156
2293331726
900757148
51547100
2239767038
19563103
1010185429105238017
984546762051514370
924836857988313088
816869611480186880
277830302
2306896992
967027984426242053
3574875675
1488820134
929399289436147713
80601551
32276622
23465125
786668601583337472
994216155115151360
1037551321
1289263501
887704019296276482
16863340
387796860
1048733119195635712
4516255048
1037910225079218181
840405565910188035
92186819
342863309
825341763690827780
2415196706
897974571558633473
628595191
363720205
907306448
74536366
922252916882333696
3731596575
2374331964
905103825010167808
324598309
3325904743
2977582450
834877405885968384
2987147081
3149192211
976195096847646720
13215132
18396070
2482300296
559614467
114050808
340466229
89887215
47724293
85726335
328700529
752309985191731201
513580401
43351070
555217693
950830489
173188519
30083239
50215608
89369204
54080974
29025199
38995700
129058394
179771912
57279246
27538515
15506034
601152457
126406217
10949282
67059584
54730258
255556138
492677217
816326947
765205923841318913
941782988819521536
3651519503
4185877812
1512446430
34512788
2917957926
25672496
703260518820159488
996594844544909314
911811284772962305
474857751
748662817688018945
138203134
2825591395
87520072
48144950
407434817
66182591
392463691
1113724028
179666990
3265372914
419854605
19279990
132434300
251284610
21636761
809980906404454401
2797948887
250024481
1691404716
756334026097590273
933652559318962176
736224282
811310108152131585
61306578
143364391
2763264732
20871788
1020952663
1618094528
338612407
1079985433
2173280120
2377496266
49599937
49695355
1331528174
398754763
2813523265
378619722
18153969
379734618
2727020089
809848775657156608
248288535
15856030
939091
391123920
2892094497
1400808354
801613110654173184
285357691
82467629
3957234947
828719562027835393
46678624
78706973
3000154492
308707371
726257735046569986
146569971
33997321
965266179836252161
106829161
127569609
3237457605
2653860475
964531745893863425
478823758
774949312514195456
226426787
30354991
15808765
1387236240
110396781
701725963
3841411222
104614415
2270776861
2292797178
217194015
352277391
20058287
2180348008
1688586349
29384370
722363181218295808
2846697680
1688616120
30659387
3346849744
241881687
2535686251
294186918
424461303
2724790458
24548977
487197045
913018932
922885601493504000
436099959
248008834
613088225
19767193
1480544893
169586297
810327251652931584
15848314
16817883
2316383071
478602987
1605947262
877784907136679939
860675413
753358860233109504
771386909688008704
3147571579
1096068614
757017481580077057
14942684
14942701
904002777277390849
909074706392911878
4009593327
43976957
146538068
26657119
907312887273869312
4898843075
26966058
460703819
171838706
3107219152
2707437918
2730349843
1908333762
16498500
2810461271
821107541400752129
886559713990770689
712662438626242560
54617733
36026886
540812894
858924511
313091751
3121081265
2831306531
2935548444
46470631
339420820
348388285
2625684244
4770226032
23544596
887982874728816640
313966489
2942701846
2155649270
948104532
37529641
4919309414
417448130
783337095486115840
1362315584
17120085
323417384
2745835322
816471540
2821205806
529561107
760142904190873600
28406270
21954529
842819047070879745
711867701879304192
803991235295870977
856986132357238784
97406241
753611517682151424
833075298312806401
2984679029
803694179079458816
869685230
865017011784396801
1020876372
2651668763
183266708
3331875939
804407825128509440
234819453
15333636
567650807
1851134198
159576858
265796308
1525694971
1113439933
220917012
1325951616
842131645935288320
786271716041306112
2356566228
56360861
286311652
21626863
2364949140
1522917078
2967402199
1933042237
512225400
493889332
409486555
408063505
172114546
817141899341561856
831517301312733184
815322645961052160
818201649076379648
810590628727914496
15576928
17596622
66804635
2347049341
96675300
1905463046
845840076303060992
2739434108
843135263308095488
130496027
521606169
724778945707577348
821143158981533696
44348268
824116562768621568
824332206952714240
12819112
4344141029
85168466
39668527
27596259
355036400
807404767
74637074
199882999
376708849
318728439
453360869
2261564666
203843920
40207557
29450962
840987945263800320
57304819
227091369
615205006
22758803
2853380231
125788871
44705659
26260033
302180062
537725764
529540495
24983123
223583259
3317732627
188373770
933573704
2911305760
2606143826
95793108
26295570
19918005
42960894
3022192797
2479224200
16482686
2907127450
46911932
59876853
247440043
174775047
819321058700324865
4438802957
55117855
123231225
89973881
824494641890394114
8283082
17169997
3226728922
824473943931293697
2565912762
735582360
2670449197
228794007
937696388
619278612
799047255378391040
2555388434
2274777314
23467152
797557571724787713
63112528
240812994
19722699
3687721995
237637694
21244178
77222667
87347073
757303975
254873869
824400401797619712
26548315
3065691527
272762210
1561608704
2817082508
15996416
142905425
246108164
84734907
31108138
828385662076329985
824320219866923018
1480385228
4585983614
748949103137083392
768484957245222912
2615549702
2835886194
9366272
41572208
74110421
18766296
30038587
24457744
15309072
3554721
18713552
3459051
5360012
34113439
15174710
240569603
703318039689715712
29770501
44988185
20479813
65698096
13393052
590330725
1707321486
824028553067032576
111352327
824264707641057281
824190260338954240
824315778866417664
824326864407822336
41675868
824350000368984064
823565852922576897
23703012
727272534845083648
302412035
14173315
32196185
989397451
3240143771
731207902950621184
395296194
27978179
246939630
250386727
1017637447
19397785
2828369140
11991612
74984764
26290794
76764803
5748732
53610208
55473964
23630483
82922462
15296079
18541380
18097644
87536114
19731312
61899397
89007245
65381374
24554196
64586485
36639580
46473066
5465562
77015004
32004967
48799978
19828377
15211414
17366486
14709302
39497765
33765236
90314314
119895760
112758618
97314708
124218038
33977598
168508631
422375034
133040246
8707212
27707859
235226737
564853309
356330389
407160443
18376460
481565412
184966410
394646206
825613681
415017868
70994135
310455468
23149742
1074708625
22053641
708737598
213841244
177993917
443749073
88973663
389024573
290029623
2191095757
2240926171
55570400
13787402
30013010
115710058
856534464
20150502
21918310
1688456228
278903493
58489734
415075929
166153652
2178587940
430099559
1357846262
17796638
2855893183
435427773
919310282
2820593268
2393756774
2930216239
2451930842
2530033045
145843788
2211503082
2669653430
510740358
3404241393
1098490778
2519946100
768040454
2298842947
55514717
511605710
28642247
742511797362532352
717414951271268352
3355180287
216453098
748247415254298624
2922934877
1135204698
2168818056
260377391
2244290719
69097128
454313925
14342564
916735110
552985513
15461733
14615871
61853389
304392714
3100531582
248747209
17011177
402957663
27187343
17006036
22162854
355906128
360155744
252767227
20369767
30628722
1063293224
50996858
1894806470
28182765
91698734
31459586
728301536510533634
2482675633
159951505
363038617
96657275
18414262
461962406
4294040894
4149778336
40061224
69678362
739200974
20735592
96998912
483156627
745272411793276928
200210404
815785172725534724
6208002
1652541
5402612
18424289
1877831
16129920
710682575870795776
69231187
18213483
16153562
14700316
14361155
27830610
33933259
14159148
9624742
1615463502
15007149
325830217
30313925
822215673812119553
29417304
29837362
3034558013
1145971128
2823764801
2335759392
327262735
58752106
1891850136
1574089759
2965907746
1732694659
2251556876
40079154
2409489144
439170705
63076720
1623743726
366407428
2561589830
313813951
131012004
53478948
51546100
84801794
1093090866
3685705637
2485685510
797138780201295873
168660177
534473980
40081196
28221296
224759504
796039357631254530
797231618742243328
515826728
404628039
772941628134699008
9033762
194398917
766020211355054080
755718612
768495206601719809
6200762
271725689
98718349
118719917
216481299
62545966
18917572
15926431
16895274
15862891
21581503
19402238
17847973
16955991
16877740
707982165368119296
1517827105
15769327
387465855
2296906818
35773039
741479750
25162743
18510860
783792992
26530113
2431791482
246637668
107576754
408595486
1068580825
1928085967
743549423330824192
66375600
509589765
30143348
15490533
3983318592
111235273
1668412405
14135426
177388963
535752693
558555429
730426560
2559288757
2707492825
2410749170
3131597297
204841064
26056166
1017684668
755886386
29987103
14955908
90452704
292315330
15981549
168358797
58105094
19176321
33438633
27102726
36441330
85917363
47429294
127703249
81362489
1318729500
1289076452
242553058
41273817
1325581825
1314704227
1324133731
22804251
295195236
550260950
367359987
32223775
855795570
837523820
302462585
633385872
484333599
82120731
633424913
545108330
816470161
799182122
181093303
164796761
197253402
357600802
236136567
19376390
818691912
633493266
774879500
633311998
760523672
760507663
778797925
633442423
570218360
633311831
790010726
7867792
95497330
633399414
16884465
635660340
760843514
633401560
568667108
610355485
382814943
714356149
25669220
628027445
15957365
757137648
599459127
211518426
743676067
581063997
140850319
587085860
140715482
154303622
210165319
216451655
460487134
48189204
486847806
622686835
624704082
588113047
330732887
600735657
701093131
712519484
500262167
20490116
718528718
103163916
23635327
631565029
573954087
200078816
629747285
288382993
729369607
189178461
15366379
269826276
602368976
176851748
431938766
361716716
232244602
308832777
15566779
274914504
19990296
15029545
19551677
619530888
32450459
133781753
187651955
263763379
500260199
584820305
64263803
587840090
27239007
22415365
52870593
50336688
15769048
17799097
19653819
146099813
224722164
82904740
26532372
349688875
19235158
16149262
16843318
14534060
590546746
320968773
14869152
18917522
16590240
18225966
839595756
53568620
974622320
27089875
185652973
89290850
550334679
296403349
1287702708
562196042
559705063
377569977
551344977
467744604
516753847
517000876
500817456
462213262
467494330
33517218
45424297
17396566
20503762
37788334
23933607
23193962
333908538
632978576
609597065
1007752508
19039218
25592438
1135861590
1373932585
505997106
1327632792
217359764
284067649
1370764819
333787101
1132835641
554330889
1355399738
115105816
547975065
993926396
109375110
948043537
281569637
801782989
1263411697
25190487
153375709
24113236
1393712588
996050642
898907263
368282580
491876389
17946973
16691399
719303017
620287003
1083813859
388707260
15913384
329044510
109559216
239117946
1044003800
17872692
44217295
48249102
50407493
43323633
78144445
388111780
928453831
1211008724
1406551400
513761579
54604236
1210870878
738718681
58512831
41419404
16258593
25231355
32992468
716143098
79822694
80571413
20413944
1308483932
159695505
18823331
1347549642
14996887
1284206240
139390258
1195046300
603783126
1447167385
73437024
283273730
1705315243
729849343
53340779
49228301
280746185
623270882
233364902
95220493
227685156
295024071
2832976784
81250607
19719004
2774154746
2755466136
14412577
2547137342
2449811748
1626506586
24362879
137121037
441225410
1932349867
142507472
2317351705
19658826
8963722
17471979
2390071266
773799732690976768
14647570
3146289398
7383122
3420477195
18398862
4173811888
24919888
12626962
2467791
14677919
13493302
15163466
12133382
2884771
69181624
14437914
23578176
4855211971
316389142
2305593871
52522489
52454500
556298326
15763309
139162440
23476632
1538228168
1375674348
498388271
940001431
24708644
39652090
2890961
1344951
19881786
14246372
14801219
14283618
14001742
15439395
182972598
20690398
40139016
20174643
65647594
575608686
31206453
1577763295
15485441
917639928
3355049093
2285504202
2904739781
11348282
55002097
66748968
3311192132
149208350
76393431
300974436
2518972078
18975088
47858078
19363528
16908562
31226439
25933955
42760878
2156145008
2910501396
1370976307
1419346064
2859610415
3171312397
1223130362
3235563218
27394051
3208349551
20685665
13000872
21213262
1339835893
17348525
1536791610
822215679726100480
4970411
51241574
63049396
807095
18393773
742143
15567808
36136805
49800630
110326494
3247142158
3296667891
193757722
282789898
1604931252
2817401047
2825271651
2820624307
97849124
2742710324
923688624
1380658422
1140781110
2493560453
352043063
23714616
713095172
612058204
1092697310
572946791
606374075
632259521
1365023384
36165430
955177051
155424064
334203974
156373641
321350039
240777588
26509219
946532006
1081311301
17539356
1390187953
18803554
257085887
15478750
76949819
24626969
18365412
18806149
2726631
18817433
24884150
31219459
14075928
33964697
57024517
82962339
149180925
14031022
18545353
14119253
128252438
64739816
81146432
38314121
16746088
18143139
15919519
20439986
20722321
19402759
15313529
19598013
17450044
41121681
22842421
38597995
21335613
78322326
100297263
42914038
38016096
41992925
15110431
37724979
44648896
18000919
149590738
14589511
3554671
180463340
14353392
14586832
15594318
15208351
21982720
14335380
19777462
14230524
14089195
26860402
16303106
14437620
19608297
49483361
23859156
16498923
21158274
13775902
15965292
148529707
52540446
153535582
16570384
111424683
74243986
17972212
15492359
15962096
125981544
16287489
188102106
41073372
55230454
39822897
109767631
5392522
128637475
30364057
26793292
52617452
33805459
57647041
32478395
33908086
19826122
813286
10697672
31069577
16935292
16852161
17220934
9562092
22583547
14520390
15614850
