1059449300432887808
887648194603212800
741368872779943936
2811055672
749287970742472708
986493015924473856
1133435618984259584
65223655
904869467238174720
862037690597953537
2967402199
351566257
2763264732
46017717
321094958
417584652
191583687
3266258420
158445476
1633496226
45255968
385192397
392463691
1522917078
4696728842
51111863
1620556356
1325951616
752967707277029376
118975084
16031984
16435797
1923959160
2828796622
750022168675688449
203714426
1066868172496740353
986794331582365696
132148992
975918325
193625274
22419487
621070937
2923130370
3323579352
3107789363
229071355
279227782
94298843
1026053171024736258
2944953687
628698139
33773592
392987060
20904490
2882506048
260211154
4691188537
114813714
16867101
2862441010
1045348761751490561
829881163472916481
10328012
484415967
19563103
186384496
4771841175
28918647
70784139
36232805
14852707
410380828
2798873679
2841795280
2887301980
2377958781
66182591
1122497183444537344
2148009361
23521469
499327665
2537867839
14981648
624048317
3903137779
787765068
1096058449
556072277
3065924818
430645155
389529702
4009593327
162534844
1044022254
1363206528
355036400
786047748508221440
143761668
16491676
636586551
1480385228
326665662
193621070
46919059
983747998432878593
382968137
1060545835
1075707762720542721
2478729888
618442805
303804147
825569108649340928
16017753
2197365898
1668100142
709479366946754560
314158631
40786660
916031611
1410151393
849666375920603137
800459756292882432
613491958
235164203
187518287
1144882621
2459838601
958321164048191490
2476353410
279663381
3290762269
1001511262545592320
1144269478437326848
1201186872
30233007
1042353408148029445
541637104
742769911
636216638
20458261
2506316352
1385861262
92761302
369165118
2987147081
1137068724773707784
14729597
378259736
869685230
1558283664
224715866
9377892
936011619804442624
2167059661
3199856542
13074042
551112681
112475924
814826774
2744012874
936360042940465152
635567256
453693457
62183077
69059849
74287341
443206410
330055239
3318227257
1679260675
1005646470
1414183850
2312724552
1606203234
3199079085
1073642905489817601
1076952021197090816
2357230213
1377268357
885222162956787715
801614917002375168
4846106736
1050603855489032192
101486124
4206492575
1119066051826855936
761313084845744128
1064337290162593792
1107997022081024000
883897389844713472
1110379100634578945
3243658266
302021974
898025213333524484
19409943
799344805738323972
865670110593155072
846137120209190912
362101597
37341338
48253393
4196983835
348863430
22488241
25185308
1410372553
871174898093359106
170365424
52756754
230527807
1005597726
264900433
2938546685
2907889505
361830664
299402642
2757751869
265115863
1429380444
727865394
268391469
137908875
148528513
534679905
10257922
290672220
346341052
963594486
320480438
190041494
320066482
179240863
831747842
482220458
516785762
700269906
286775331
343740162
468891089
342329175
477935230
307616071
444709870
264499823
177805804
