14589005
4241970202
2979232918
16480563
38060296
60104479
3322810599
3005757515
4175759465
18761572
973927770005889024
370982639
1153393621191876608
36141703
2678124744
48702842
386213011
2555122579
804736189257449472
487118986
4127856339
28818179
19759749
14588121
380648579
16206682
462104542
1033826336
20435863
421679071
930841384268963840
740196109990125568
1578021547
39125788
300803303
1917731
760650955
86351835
11762572
4755761954
22756089
21625936
765477312
961652239789166593
16470372
14132290
42700240
797439073
25614605
30511454
881151622252044288
776682573401501696
132286370
4848897052
1025216100718583809
17868067
719948829773185024
3840657374
76404751
18252261
17973378
764563223047770118
149647740
296819007
467507215
14647570
3377137053
875679268126306305
45991618
767959357430632448
8775672
211031794
1254409938
906596327638925313
18014373
33324650
1146717330854023168
882041911237804032
330164748
278243542
1120308836
14083628
349768993
1017068244879007749
1091721366
66533920
299798272
1949424703
4826929231
1143462450
186154646
923169415054680064
839456750000558080
114053642
16933019
21844854
607851757
2198296057
548820917
326531520
61934678
1064984966340194304
2780722525
83733687
8374662
1705880828
1691158471
301967669
813686613372993536
3089774218
38669647
47975126
16815644
362028861
847626668
300405606
60783724
854280215601840128
2646511602
234664198
125775260
2903979971
18720161
829881163472916481
467576758
1072944174448685063
20643283
1139078047527841793
1022773812
261330050
352754946
14621024
970615213589450752
3094655825
9859562
168696006
2830761913
39384517
401495643
1151336233949368322
801947280509177856
2830068037
810585618031984640
23781227
1015895350413021184
1121091483258454023
1130925180400873474
31490213
2751110065
794888669140226048
986998843106570241
89272855
2459644405
59720670
752034576151748608
778721682
16474781
899974189
245388976
1155218614317981697
973300962084433922
825770377
59954335
787373558
323075870
985812592198344705
183994112
978010775523643394
2968541
157110042
480806004
1085287845588336646
763470315892645889
71543212
877227753325645824
573872971
3324520636
1021361523589984256
2965811733
61233
2352489157
1940551909
297900740
1149495738738434049
29501253
145589194
18227783
576058205
23939012
2284552034
45364918
114604564
760359549295484928
3243888064
12909552
265766369
75673231
579289957
15460053
3803349454
41991896
106639813
1185511748
17547736
3005535555
14881700
426028646
955157661212987392
35672306
238783993
89166541
79749258
216299334
710898533495209984
1155066717028147212
2633711
169934241
148579886
2366852189
2965514920
26507322
3011691524
273620059
34743251
1015821398365765632
4143395536
36912323
756114139324551169
90813976
447325911
18068926
2797991179
1014593905826914304
632923508
52184587
16707004
1272666296
2493341718
38271276
735629515905335296
497792044
39221707
835541664
31443503
2785317370
54039196
1291945442
14154231
117160142
288363743
40471897
15057731
941754604118831105
172261647
548399233
2938827689
11189732
2377958781
981599752247799808
852853863635800064
29549839
971401324985307138
93419198
817288
1607352380
2797986405
464952385
19186645
491821358
736792379097788416
807095
1612306962
44849238
19270171
3944236173
256513027
860158302
34613951
11104872
832780549488046080
199543402
798547004477599744
162753440
2569182902
23487693
59279474
273723077
930942553263886336
17843682
46096376
29251447
584269338
25876418
108882900
267941120
219266194
36924726
19231330
14077382
14173315
961544622806917121
40363629
24181248
4255361
61888732
3545566936
356184553
1116374417477705728
216327829
821896744195784705
438111039
273255416
1239616164
36582912
2199589138
479503915
15848824
1135341205
52675436
298704683
1686026294
38157321
43104553
294020478
436802595
25491340
23993642
3168875280
20748745
29003791
263703399
2211103823
3372897741
16714347
95064543
170615562
763291188396826624
856010760
76347918
257354839
4896294257
211106542
545063744
755113
1347250338
1133707978765414401
423013678
194077542
2431128284
1154731137601814533
15072071
884805295452639234
1140846063105933315
606560810
991763034304598016
1121849333882732544
945146163178635264
744802422313230336
1730101531
15157283
1153605786054082560
3312317120
35203319
45646500
2562240601
489222890
3023375986
64474358
1451773004
85521177
211258358
27624085
2821916034
3333055535
572671683
325766140
270053833
588441695
1066521202519416833
803698899085127680
15726728
571042857
47916280
839115782579683328
29442313
45840503
851431642950402048
48406195
151244816
17044233
38671739
83474160
1132617347536179200
15638615
897802137832501249
44902187
23602600
3839946683
701750402786717696
1856523530
4836879915
767344082746281984
25356462
247206957
3016636608
127961213
266909386
1000871725
113250460
19589280
973332991085703170
1145661360853921793
210056653
1151227482273701889
61416691
85395562
703276805730336768
1153234439650140160
372627035
292565344
1285248175
1024625468610363392
3029947101
68261372
190654543
1019368995072479233
237477771
820685387219734530
22812734
109620460
805855325995864065
829060856
97452095
1129701
231952307
142411140
2787990268
38237581
108899342
59458901
488772327
1151884201320431619
596527396
398248458
121123109
270185390
964554175769067520
121756127
2248389990
61974710
889462883930734592
19040598
1011984308712738816
1148416609133957120
1127564706619719680
897517254379700224
181145917
2709717300
1152338826314039301
739392372
389491655
215728045
1032214117313130496
317700208
1088659460539797504
1103500561175977985
1152041805938118662
816012124505931780
34197952
3832562849
16145875
2239350253
1045348761751490561
22146373
3409898008
7506382
99599045
730693793637400576
1152935703858335744
861190364
2282414522
20141496
1110982418331328513
15687090
18339648
114637227
1000002497363283969
1057950133441257472
14893711
3512757083
389170447
154311445
1148329580031352833
823116366190354432
15974328
40843218
1031618194560233475
1112507606994698240
411958406
84364416
1048446804
1082952193441968129
817331871445041153
287882411
485844145
950477244
1150643857513521152
84540679
3891572414
130764052
136932734
14933304
6253282
32429400
2999447739
217758017
77204350
1316499956
48674972
34960648
481867656
329628632
162473641
3602010316
19046094
2388075212
20097201
1105830438
485574945
66649220
61016265
2949130360
14697685
964433979666509826
3688307962
274472153
956505604905930752
555471787
75099821
21619519
237845487
783792992
31013444
16323835
910520918799155200
1078401427347857408
2667558998
20770625
95270375
16973333
28567809
145345906
40903886
1092188078
1118244251937267713
2525542950
748584967580553216
242704372
1417251
1598709350
444874885
1060078472448614400
974060471870541824
83567424
1267556214
2901996996
23825058
962986011256004608
917421961
266227511
23409976
1145440474574012417
2237773050
1666134386
4690008469
835552373615493120
2343198944
17349381
43304602
62457660
829335558434459648
21266548
2228878592
207617689
810967519271985153
5402612
1769646126
38679388
612473
18938646
35749264
1105511200408915970
1308211178
950411265947656192
3408892947
709316175004565504
22914851
1094540586
334571039
1150393876231925762
2278234898
22140392
824233323476226049
2904009019
2589541577
2253142422
4701781340
84555566
516647086
409997594
1173121356
198584761
1419103586
18567639
70419951
40129171
1461448568
28776859
2396864504
15028398
65322179
14088828
969283042689863681
44359302
198365324
17695167
1570948938
1013313331287949312
934525259860111360
219275799
2306579816
3697013177
1511359812
420284118
480493093
1282898804
219809162
1621906723
101560178
507445672
44578328
885273463740669952
513386345
14710129
13259932
1344951
11549732
258967585
82094164
172071642
1066031814622375936
41378267
97883174
763295344478199808
1067222170429005824
1599355998
570676314
546580892
6468862
1047585670770950145
2476843155
37894689
2492642077
845139168
18816166
155686316
44065493
2761592377
118996141
198118653
627394798
60606206
149064774
412204694
1123205302923382785
66364726
2783875490
1147807848140857344
1067553335970955264
83011510
27858709
998080493588549632
21397434
23002858
67378554
1103642391536390144
1138480869621075968
20047633
55793415
19354175
21483809
444721563
364992182
1147159931533049856
1142520844259876866
16106584
202590356
1144369367251075073
2917952895
2360884666
2421067430
825822952474173440
52147092
1339228142
203006481
14763734
2725535753
56404103
46211228
140165935
53887085
380261352
826539973868404736
225906611
754732824608071680
111856551
390602438
563604074
415775118
822215679726100480
878247600096509952
471672239
277375017
818876014390603776
1095251323069575170
277889424
818910970567344128
2762951427
4850359840
821748309366669312
64002024
1147612643538165761
252749396
1139956768208039936
852394866864787456
475884318
19489212
1106025169
177504807
20235950
15627621
836278372539985920
1115342758435328004
4856959717
1147569315081785345
1147114330598494208
77562577
1143816508927352832
1067502469
75292792
1126350053101187072
2962990959
5686612
2362527018
3865005196
25723475
4646611941
256630410
37653829
439341815
2468031486
981128259738972160
15081182
1142510697546420226
1149289926699245570
1614555668
587066889
14723614
34317032
446546743
1304716856
700096096
50318544
16745361
165231292
3290515493
15416505
373566752
360192632
85080476
32129142
18029781
93394802
92398758
2801632061
93618872
2598231787
1117295112
7391432
849861125772632064
75797367
522351375
2885543426
1953986233
2168155795
1608581060
894533427831201793
200232805
71567590
17906632
2723839333
415701382
407850830
35025515
520009794
137454821
1001382628552052736
20582624
134783740
105161933
822216251510505472
1019485049522147328
23937508
810282809482944512
209106176
353926400
1012031605618233363
604940737
14613514
207648473
20508720
25656446
918734406
221871801
20362684
1141589593491247105
15278016
6411962
15902371
723571348476444672
9909102
1129019540707454977
1420130682
267238610
954861149014589441
452799163
479275671
158021529
115442291
3317576647
138037459
48288849
794437574
1059853169109463040
2430864849
885841559341740032
762760195923648517
1499423570
19765236
876843033895079936
42112208
396351163
14397047
851044998
304814848
173256385
164213387
82279998
431614229
1137366195278102530
39176606
173838032
110666783
900470543874498560
361302333
24518690
2688217200
15816595
37816078
48357731
829673569659547649
15866793
43160229
37072353
3303587345
2828796622
329115426
1271806430
276324722
48534642
429391019
703052849039675393
89185283
257074358
303779344
830808076756328448
20281540
176914679
920625876823396354
99674560
964262527780704256
50560529
191881312
71316814
19397942
35142791
3624014954
245048737
2490890594
384852852
77276249
1090252898888486912
143508762
467535591
1094879707
19709133
796644955397779456
376775023
97774153
884139070951174147
1088548626165649410
89518361
1004814822855380992
257461232
478527492
457973298
314700035
990166428690022401
1442252562
18770504
14704278
712038684720234496
169407655
822204322796609536
21069156
64643056
181936367
3597315495
979667513121345541
2541464628
409982140
1107253426629554176
397221048
1111323996136574981
4165256267
234343491
282545479
28357682
4264297743
842481505
745372224
58023582
85469815
58869089
1234379720
37289216
27948612
19962224
71508034
20675681
320376718
1080894931311431682
6604072
326071624
1088512998493294592
52753292
18393773
1969097227
21519193
4034271
739855488
1113199492222849030
17010376
497928863
24443284
1139581733668564992
766586543863717889
133947893
80411320
12376942
3342257211
162472533
93001421
125473561
305073570
125162693
963732082332708864
1009012670790623232
761499948890329088
2222866429
943845800
16188864
172317565
27915105
64231386
1332669362
1953001
755504
28311576
2950359219
149571760
730771809411403776
1131924604564385792
312696314
757305905562157056
217844980
3378731777
584960916
177162003
905942972
22786613
1718641016
70784139
2288832480
844136511079559168
882681615083765760
20000725
177101260
584081927
222235391
21862223
115393565
720831989926866944
53102334
76004287
3002821677
1072044344281088000
52418188
101067053
15331515
332617373
246772089
743893144618565632
399958787
105884085
932286667578396672
595174584
280627072
2499398326
382042434
626082246
2829832603
821411498
119384544
137954229
920651316266962945
708155383148204032
212486373
308596147
455836497
111556576
144862403
17552119
421983899
542139063
217750417
704300787997003777
1461649975
23116875
288909699
189948728
14230524
409486555
36686040
1082334352711790593
3356531254
3937965861
15766082
237929438
20370449
18949452
582543
872825589958311936
23051538
715640012
4189605555
78896045
153225560
725426518747287552
579815204
391997545
305135655
20406724
230151990
14361155
21810329
2494254896
277072599
319268829
300748093
730392449407799296
216122857
28225535
1032042180829999104
220624198
892792496
72899232
213746732
17271664
294668347
1034430096088739840
21417687
823519451756855296
35327101
3288432849
31373289
1039489459094470656
1309182169
51062977
20309837
847835034119745537
1065037846912868352
853100948
20707070
3307881361
720960223285002240
1397199464
606317286
4381519108
475454826
1039878498356264960
114565156
807357676300730368
28279637
17375281
84109980
1622051
230725056
1286697570
122168678
59393368
1242240618
14962779
39973677
4163394857
1483087380
18762875
1080799090538172416
247857712
715880857
259166667
604632801
443871593
16003760
14147716
267941781
20105619
702079414155288576
17154425
1517948053
1080199496951304192
45676731
18880634
1010810106
19651231
29031844
112201881
14599545
36777600
55633848
1469101279
246459126
843234746
1468443961
991934757129900032
292765833
930552552302792705
1179455215
17094858
4475055297
237994344
14109159
1058736469366464513
303872832
68739089
919910253327765504
16176754
3589577781
148094691
900227525040898050
486094482
2698422738
1952576738
53398275
8917142
889221137871360000
852465655
114782468
261711452
89826452
30331417
1071203102924013569
150246405
398340930
583223504
634109297
1008890898015555585
117412541
2542945434
988050983031885824
1034469513385963521
460737707
4357271
566534886
834498430986809344
138764318
942556969109524481
1010810524223733761
300872531
859952999845826560
724633794
1376840120
8032202
94027426
350943379
825062760954355713
736615159653924864
17797084
1137903539890675714
15305044
24496296
27607301
1685825136
27341443
17062358
1000113160559448064
720574992249921536
257543534
123431485
3300566601
157042161
779652400600719362
371773466
199342782
20880653
2663997236
1721733758
4894323374
568369689
11435832
22088714
19660388
910301932585193472
47158160
200514238
44562973
1023191138927300613
1033527651833503744
93722040
2704294333
893576817235415040
432633026
873946315088154625
71534367
180293789
107219540
32313304
36823
1166449238
798999325
35556727
419801642
4374719908
27606361
912999462745903104
880163894714617857
15745368
98575337
23848713
98862961
19050000
15862891
33939145
420585565
202985146
1125545994551054336
462021312
20547642
2768346873
7458572
18720978
52356946
3938173949
1057562667626328065
128699956
160278135
108568373
885838630928994304
57418519
1132748938942062600
2361483031
426116125
2883191
2411157936
52544275
25671405
351806269
520480914
13850422
733257572497657858
2218299278
48910467
70725642
1110916901310480390
13524182
248429222
2687357899
132265138
9405862
14366637
775787216446582785
924530346514964480
40474997
4857023387
221508795
45806408
2434352924
600753
896740409346371584
392941899
305600653
1267982563
8273852
8849522
1147751
90524645
188736341
963113849548353536
1070726160
885122050464993282
950882597881737216
2795435178
1016470827775086592
1253661
1033929487262437377
3586062496
25270892
3079082955
248714344
742371740832137216
16709601
2883487858
587624374
1138076821533155328
5856182
2760083063
128616566
826892373762400257
88048448
1237411
1482297464
160785889
718196383522680832
123543103
952354458947629056
729397286170693633
4337618901
237380844
309822757
122127254
66673916
43078165
1702593014
56687115
20064591
3452948117
234694571
25984418
201846344
19651381
152686651
1091487343918436352
14048901
1404531452
3292982985
62883520
3327380637
3120819424
730826149580808192
447410369
705897982563057664
62849728
210688067
17839398
997388213558874112
3697684276
949934436
581351672
3271832462
1022597797068062720
10626512
329628561
2363460824
17127004
314734325
1051537448558301184
2467791
15907183
1292292102
3260518932
603344194
98734027
2726611
330251596
1135957902164930560
390170244
730422764
20518688
1133742818290221057
21879831
771386803731521536
15745240
19064652
579711170
880535964837437440
2375821076
3214831821
206645598
87271106
2220824324
38205414
16804482
1001524548066562048
918804624303382528
889885961265573888
1267832990
130757616
2846809907
100285649
16095552
388134481
19319871
37397428
92241457
1455059006
1000013131987542016
1691849094
1138651612677697536
628590046
2172120508
297425029
2998256025
21852317
28341404
16827148
186470618
711664070231986176
3954216315
377884011
469398051
748740431635095553
522499595
164254434
731817480
137080514
11046282
2875673506
665503
49835260
2311869096
418899778
1360413692
289461078
479049463
3906312258
738088071149785088
53837402
249837718
426548970
2618047620
31189401
1063006928195014656
67215899
539798596
2976772745
10907482
55857912
158274483
917276332047917056
21328508
582843349
811887587900215296
3092046856
1135616802090835969
2220183580
1292688236
2844999547
25937737
3004269184
711501739036450817
846014785246367745
1069947816775159808
19393236
123386371
27182288
47399375
2994746043
135978705
83466368
14718983
797778610341969920
136205515
346612013
268402102
25704622
733703588
14076943
579755043
3839
790480723132243968
2775998016
125941209
315912020
946664340
449965092
396518711
14658216
2230539338
2433648180
34681960
102955736
976140830447718405
22118077
292438708
28602606
449569260
737296634351104000
129594482
1322642599
353761533
1699604941
141239896
28656809
19902709
1268125411
1320656142
1480673084
79475343
239853957
1138348169966735360
123549341
15005003
580676169
3479870721
605856131
2097571
1363543626
725317913645817856
376000557
4746643360
20904490
204164410
863377035661647877
1953557221
850765289641963522
15384720
279390084
4338452835
64753254
57923094
3983151149
757316918
1080520567567073281
351526676
3352338183
12291932
1227160118
756480184329572352
3130726263
17299734
539849453
812141360136552448
364337959
568403097
16951458
222492885
15358348
55230288
38394787
744951272
2697506886
1560875191
1115691861115408386
798941519986229248
17002765
108437760
243137763
71991886
281196406
1112834002216476672
1319579286
10872822
294902433
1935074112
555031989
949551139
2974693013
1336551811
1342956066
155488031
1155497149
1135942861273407488
281663154
2263105532
14823681
1297546260
4897493793
1114122056470339584
90062154
2520460339
1035999877258506240
877305698
3236928208
4855753953
3199948059
142277203
989621350124879874
14068219
15412563
80135530
66532055
21704949
2388043548
882467460317761538
19240173
2344530218
588297493
443369826
4219271
2189931379
33928642
449600949
15836053
62876792
21643972
68355918
958723399
898161074284965888
57268394
51842369
784790730
143590548
236548159
47991586
246357149
232452461
1848931411
2595244026
3723641
301134166
61849198
20571872
21489638
203017703
833587995928178692
38514936
50671317
342423835
632992504
38966388
2272640503
705475733611798528
144273946
1433122784
105623556
585954358
19895837
2776064261
133434802
52849652
26443360
3288144250
3308940470
42955171
16070979
186851624
5734902
48272332
739521654
954775958585622528
504474006
97530140
868522251611766784
2796356824
724905345190125573
15782875
772058173800939520
775588820175781888
395023319
244929755
431728429
819228214514028547
229509740
952576760
961132338
336296911
14978377
1001021342785814528
2197365898
1016875595857387520
47708055
2182865641
3019978209
15808647
408355504
18374653
1342967244
3129271409
2296674926
14294848
825627271
22910295
39462935
3131243261
358371266
449424385
1000571064735285248
883896995127189504
588259039
472587261
275753970
3429870843
32193
162524493
701239488
939091
66077648
18809812
861985805883109377
139105965
592642450
532241033
3369966172
292903154
128288109
1631278304
54015628
5478002
28078107
1081421407
21306343
48898933
20987733
27498642
12670512
1280622230
182438498
1026093187826442240
460002683
865313502239621120
1107771037784125442
827373219296391168
2263851511
2936015319
24505732
20598137
252751061
71361252
469509327
973540383950065664
1084634567284326400
3060905108
17467023
2975134426
794598420258365444
14080479
924156149427003392
110302086
280445345
76587682
713877778681171969
14685924
1435461
1138173103220121600
776479159
395642139
2534876480
1271025590
1894632307
45013
1019638714832752640
61802282
15865042
317473873
2334732225
350637271
22926365
26382995
15220768
1056890300365455361
838034996
2275883743
830908366377611266
20919626
3320886334
1683540806
509681334
3751450582
870629200348274688
1011068228603441152
1057065391531401217
406485708
5392522
164620984
19962363
967122828641398784
950805297433628673
1109780483599151104
911280130366017537
37881687
827523329527541761
47747074
121729051
80617430
585891682
1270254001
109895940
844963185878818816
1512021254
2279227387
461255532
2396056585
17996583
3851664077
1059114528787652608
139362186
20095584
1044789656515047424
310746442
816013928077623296
23769427
328914851
2437255548
474467267
722242009
126717954
1139079415084736512
716145348
3826680281
19180007
937078756132511745
19910041
1026481297756180481
87775422
45808079
18736369
586459921
24421464
199809731
47085741
730602471979159552
16936023
904408999
18614831
15579178
755553640560021504
466670081
1316711024
881001960
1082905124572463104
42371615
23691974
21747786
632769072
965706206269661184
1057995745494818816
20968724
48660753
20142046
945602640158842881
139956991
849700305939775488
271452947
1586139973
84816752
775578140
17484680
17074440
14671626
1032549497761681408
245299496
564673621
18129652
18533219
2768501
3269772474
15450996
1104469610
4408770197
15333747
3580686315
232711466
3223940743
715920031943516160
88682676
16714443
967474664359436288
2944355677
609143325
574633254
479738649
14289982
965364500
404809312
1075212692690952192
552731613
194255667
936355239594217479
61818339
36308071
194549461
138880512
35766159
56555383
134890715
748406090178527232
17469486
1620098652
17925409
801997428
102789583
34244018
485475676
17792973
455692882
15050354
157481522
22174695
380622896
14075928
18869909
1496361655
275772005
19834221
51199745
20139882
1055071543
141376289
25709609
1138743828129701888
1089832748
3082737303
93501808
851348504861712384
3418339671
133257566
2556591
43186378
21583645
799250105572491264
992149270399725568
159913121
598160520
78001994
1694040764
914007334128640001
4479722013
619050616
2366113867
1113196872573829120
15428397
19569549
1151730218
885425256797798401
156669306
383363956
14794780
473458412
5634642
23961341
79944296
1557362719
705540042
176734707
21770520
4194790334
93385846
4603259056
5687992
335060282
1704131029
14121599
2697123192
15593737
39953562
21202851
23563830
1378117842
2993930001
25049056
87645208
14174897
722057973887991808
1138855284498214912
233343317
45516390
792448812367409155
2741933053
19750159
1110264606918959104
17919393
1608470197
442976787
17125397
1087009837186052097
873087053952466945
67046307
31180179
292937354
1058562438344232961
3436812551
4842325334
15845390
15659909
1007261145944723456
130120037
1046402409323532288
16738904
947506086696796160
625070495
867780877
15134277
3018841323
4118427075
19541556
955437273679613952
14243030
32456965
274479870
1023625540534775813
206428850
4001556701
841730705683955712
613201592
719488481249140736
15075394
2341609033
1243995751
2705604546
436925910
533409964
115710058
496374828
45806598
123974837
16172747
2362204196
229254107
729617478939230208
860974489
135122676
2885635959
1327359720
148649366
930404074033500160
1014657171718459393
919246321898401792
826156556920176640
333663029
2556510803
216595808
352650591
306115614
353825896
1088148455606890496
500450415
2172552660
2820714945
237119773
16513349
119920353
4882595440
257939855
1048624880340652032
110669171
17316061
17161364
1198481
227780275
22516489
771677204333879296
49634967
885791149
707865995390668801
2360121187
79896855
436964891
1131481073093939200
52661430
1059273780
3462501
722347303
3586499419
975493802197594112
165410136
221033385
116159439
775713041946116096
14116915
22599045
77434056
1058958841
297100174
2774878370
2968635633
123730261
111554274
712903327751737344
860496962222792705
25073877
128793716
24878393
46213956
704038289611878401
408378270
5582372
936432156989100034
2459845976
305023825
791077327
16894283
18655567
20800328
175292337
492463036
927848545935245313
15300655
980918910
205392468
186667011
8736882
14934818
327901939
941229320
142998242
2875578301
636109132
1024297560901660676
171981193
780696884
229005889
52360480
23176276
362111287
252217197
524487204
15903326
34687594
2766712765
34713362
845253706304143364
739862016114954240
308367619
17093723
476142617
936197580618420226
46396728
895017068
2350270086
42560107
725866657
1341567133
786721865377218561
775632937
217073009
787321576513540096
731167584
14883821
812363924
3197921
1249982359
887276815055769601
47750502
12889652
281877818
37963496
661403
16635362
348388285
55840043
1368388044
70778344
925211294453698560
1033822285935849472
300876776
52710086
27695248
4898091
889601124843618305
862525293449424896
14521044
928052875
989452274
1043527000210718720
312948392
942700689939148800
87416722
915315280536047619
431118649
2903066796
197449091
1423875643
14551524
1088901882276306944
4644841173
1110222162
183224249
811229675758505984
23165728
193323672
995118928597630977
328474134
49619469
21541950
104100946
17768320
484663513
330387008
223082022
58740930
3548650456
790221412485124096
1296135012
1071063877587267585
1381833734
47813521
1105660673445380097
371845072
351959386
406842374
2179436198
6705042
169864622
51241574
57556007
215598844
26676275
3333073372
953254493654831105
15465170
222865265
218376459
759251
114060003
541693294
862210921531293696
989306905326743552
78196808
24560705
5385852
21316253
420142082
36018529
2877298012
1606155493
2557762548
4070024914
1485531018
229803401
816653
2967402199
941428914672603142
990839467
50771082
947504191760748544
19702636
43525891
253782772
141979046
233176293
45010849
52840792
55511657
1014391382
621533
20640328
332993870
941306846396272641
864960778717331456
1123610089670283269
2219841242
3874819158
461697741
15012486
420366322
130801203
766699970
3079488808
14225735
1296734305
2377123825
1289613978
2803462661
252500135
19709510
2861345003
927783252
925727044780126209
814668421916950529
17142046
1941633097
35439079
1071058366770962433
20169416
140503420
250908761
152891331
17907987
1047163274951905280
25116303
83778265
66211398
709341247085932544
775765074782937088
1621201316
986487872
859751533
100432208
102911449
1705032276
108360875
147991962
917778188880809984
808051518242979841
432342767
770781940341288960
348466267
6044272
953752009823477760
54645160
1935424310
18856867
4443219497
54291389
17927511
875122621
2441666255
21855179
1400046660
1952008692
336106272
37325301
41778159
226194552
955482829860868098
2484763212
1114888597
16316680
1377727807
2379135535
595724160
40601752
22485748
216636396
1969523497
2237588498
19583545
932431538586902528
15167742
43280148
310268606
19811190
465642827
26028938
18466967
252001818
206131320
3160613159
810537852178145280
557746406
1039828938166595585
148284197
50815022
1007284936720740352
1503415327
18230440
49958733
19719380
2223664765
14335880
968776251983966209
249604668
3751388172
2452916736
14907258
21484872
2790869677
2243232188
19658826
26688109
435514337
1108270292177178624
15667129
2313799808
453030125
15825547
3231781692
935148134505828353
257415817
2243894526
60506242
2433926550
69307486
115884789
6005892
16102164
468377868
266411579
46623193
824409648694374401
80650058
904841004305575936
169759419
258374854
232268199
1059889257148542977
2296719199
107398834
715279089721065472
21001599
228686553
2584103654
2360816491
79254873
258885469
5936422
3176279903
14267706
2257011288
172884537
83269770
29006698
317150782
58761933
570919144
23508768
16832632
194606502
19733785
4328930475
138750523
60886384
1220645714
2930741626
3369594003
1852671516
416327227
1135270837119045632
1622933460
905816509691416576
868966324751523845
1451206226
956730476055547904
23434170
18020612
1126114298064003072
781183350618947584
1731805261
776474732506021890
196084201
19364382
23593446
874563713264693248
298522857
121043604
117856715
252592147
941460376545136641
508340744
214944848
733738224166768641
216109555
1280813924
20094409
63764458
3092283615
852483272
26602444
2243010122
2194499558
563620425
15410395
379222014
968387471536017410
912387191548121090
334385278
1092866186507927553
430145630
733273843
1116735024
896127301234176001
1704646470
95740980
20624794
17667859
459146000
1589737296
1143288666
1110959262325489670
21223877
925301339244105728
802833370623447040
259725229
62758291
907221032175587328
22187085
1956737652
612560364
498542680
877981025921638401
1002982790743326721
1561379671
15764644
1087770589480345605
259852582
1024166323
39977710
107120201
1545994664
16850275
80122680
478006908
22045435
2482071294
15032736
2215783724
20255744
105199341
2725825164
31198820
952756762880499712
2352602189
74915900
16713948
23493879
15893507
17464780
36252186
128292609
1645757384
2338070737
20452430
247066128
2363290915
2884567443
20402945
28831290
16533116
80943076
953300556717744128
533539874
771604530
607595463
4853933505
347882599
3926861
39344374
23243831
366290725
28170598
23436586
265789331
1091352315532111872
701797969805205504
570416368
59603406
433607851
21412869
1064934169837477888
286743973
12363792
797812808
304356012
22501258
40283272
752558194854137857
334217161
154968174
27055034
15383427
86129724
38670441
23469686
490304932
1248369446
28785486
2198489003
888410401519652865
20742461
320703924
85606078
58945187
123327472
17448796
53326698
25038093
331907591
757893380
18831946
522530914
1238584758
2517356521
1863398822
1125479854898544640
562331498
139297174
134156060
25157251
235196204
1138126849
634653876
35017255
16702643
268052347
1334857364
12534
126000383
225265639
26203847
982276165992935426
551195794
989139049481981952
215946866
794152783175892993
61183568
169845810
1613109434
4275217282
92193762
34116377
524477077
65093715
254280603
10778572
80024060
22396478
34698684
24165761
26792275
71424847
390452567
1001642750364803077
27241881
467072218
395674143
1456293445
1063229569833070597
725558467474427906
155090409
20818801
53120768
6393032
154229332
15433622
331178901
7916972
351198392
2657033400
26734588
19597132
188354108
764973359306149888
25982423
30474847
2420267570
16245822
232437461
128216887
216776631
907105984031494144
14190948
169344116
16676396
408481382
2263046664
178494505
58504135
9541832
209584092
2365334369
107722321
14457021
344395626
832286761392992256
144297705
3363501340
16686144
1296544153
2977725884
17179368
19397439
106815369
53738144
994218568421199873
1128335639718580227
86432895
409259089
2906513569
272727936
19682187
198279115
18481050
33852508
771152516
15342208
2461075736
62777265
157981564
742143
186501062
2604637179
537476739
15275677
253998571
119322585
859562724749189120
21457289
939235436962242561
244884747
8724862
393840578
36033984
8935052
23588843
464591082
3406397511
3029431996
300868924
617243
14246088
144286635
1057770359456493569
21293089
87813585
57979327
304503454
796330622
627506727
29534204
375076726
147894526
921774916491464704
1103084486663856128
1021692544026066944
21769787
20361718
608941142
48111864
73181712
2232918559
47444536
2490002810
438872143
46595715
17469492
537472373
81117125
2408000594
1077775832
875961169
9486412
531071556
68511500
83421519
22522178
790546093
60836293
55948054
1012488631
47539748
3493563087
1392956425
40985817
209811713
2673970826
19580890
1454097638
2221062127
18142410
47099187
1234801
1327042500
805214630
162466804
155659213
14364337
133093395
15840088
1408142352
81468935
19183987
2477619241
944231
553821529
2280483931
99297884
540581644
2535399896
1366981790
90629303
1036689644555886597
305005427
50338721
708767734998282240
47468500
10532152
2973969107
1075561193245421569
1118478643066548224
1446537378
9013682
14324572
604840570
1065996646922809344
19399038
999354023055646720
1062173510
158690792
6627202
43921895
354914590
950233510895288327
570732201
217320827
49845683
1400830694
867613426763390977
212973087
493370166
33443369
304435145
243576302
705118596658282496
896307764
14970812
122439884
395033682
62595772
112047805
193441812
2868189989
3315182226
3673078036
1281332713
307356165
14899563
3274915260
611775197
1069223383416619008
482388629
4004901
478929871
19445543
17495946
156016878
14832959
2848493051
61216500
745583288
925978440280498177
243223954
85299581
215679747
748066350
510464011
2711212681
234141928
2837928713
4733058622
35457043
4654157237
5685642
2284151
47728577
17933732
3097134196
2228981600
259855033
221838349
583566521
24657356
60919433
48025152
785330256420876288
479724576
51049452
76980293
37975275
235129029
15590090
19959946
2865547425
194568192
17896429
46629291
281766494
189085294
268464220
13745852
16569660
51103685
15998669
136300373
18300968
973198005636493312
875149804711686144
3334888083
21855613
16240376
1009597707407757313
701725963
350988264
54105546
22378059
27212395
137589965
19989939
14208791
473923529
13595222
4617361
1217801
106681773
71887607
9622622
127350732
148674004
14166720
18000943
247872134
52667312
563673584
11268812
16701619
20447568
204269291
1454021
13348
65845659
1326653898
900258673
185306056
497291858
2494186513
15127178
47565440
2344060088
374280533
57629490
14279598
44423
9655032
14547663
278405948
395873726
799233277341159424
391534562
224226789
252327705
597517815
1137891085
970207298
15751301
770768278759284736
85623871
182398325
16808099
163717434
602938455
7758132
12245632
860654500431880192
117937857
19533817
35039490
3037444245
1533776071
894684749415034883
45117090
1044022254
2340845125
971206070940119041
17187345
69080476
152709788
1615085552
882598951307882497
18628801
978656371
22867489
16129526
278711838
193984076
35773039
1021875830794924034
89235135
1134073916
492325083
2752042366
559544513
1374144540
2288553703
1345580348
28433379
273935884
1055070224305807361
12432262
241358948
925774387638358016
959413847424688128
175433711
147980734
28971254
47361215
489377813
721096238020628481
3063546533
410380828
2687879346
645503
13015332
3311286493
27880984
19255050
15719711
344205032
78461452
238720226
860568156070457345
174365411
393637870
1880725393
108643109
2825591395
812541
2288017969
942566438019231744
839251895801823232
46911207
24127811
2859448331
906284336
519591373
16129920
14656370
825728596564201472
1080428268287864832
466115225
1923959160
90275200
163046484
16076032
303905474
791724208313208832
31515147
90662246
80653307
19002133
1009402237590831104
361498376
539421221
958555581198954497
817378183
355187133
2424388281
863545397813411840
941376385
364499332
607198443
216477773
1244874518
933998995835445248
16438898
624875220
219435822
2244340904
367628836
565264651
3397104611
144276525
188369814
108303366
19199866
6266792
252640442
184473170
50387743
2467139606
16715240
801836974285922305
106824453
565118338
59331128
4041496403
17838135
587469331
77436536
1094473884525518848
757668055
207254215
15037033
930178296
70437818
2759458795
14287908
1071098127778791424
53065857
573370000
105327432
496029413
250648713
2920526530
999944154351325184
218978495
956086945498644480
1365586213
1962626484
2831637409
330578621
18999929
167760471
2784308211
336962093
4147296799
112398730
283185031
77032777
2251158067
426162991
25736846
185688074
882288569930457089
811012434
10394352
210672822
25338160
870429873621172226
93091583
861689710497849344
231328483
200846651
14245378
59911425
15976705
574692308
80145408
86389792
2536457582
385867551
541230008
743871787
2322400503
371017223
2490666896
1003107003693137921
391542421
35752684
272936200
61220477
434525445
2981269589
2827548050
397546532
634734888
831804962514546688
335312037
2162942852
1001775960763588608
3149107154
1525638686
190242011
272995608
850763376263299078
860808843667935232
3108351
22443225
19234329
66629916
217860944
433404427
2980429169
1092548926954242048
3701125272
721026242
15816231
58302607
269266434
1294741
324977068
1434399565
19654407
19781646
1097934436568449025
3318209308
268808080
3030261134
31037199
2180310468
17542672
406852800
73825622
1540692565
16039297
1626567374
243586130
1319016432
153752259
97268285
19117046
38421062
264483918
6471602
636524188
1531251372
404050457
3869876177
2961589380
197466745
1489727244
108987695
334595086
744140913996267520
26327592
38936142
77664629
1080590996
30256559
32536660
14569869
728056133680697346
2546016482
960561228
873196397591506947
415171283
23682667
1047952846837219328
716589799
17870520
944228943288205314
1006954831548960779
372536101
319677725
1104436078960881664
62734246
1228462620
991953055624163328
89731485
859306879
466466267
378259736
340418291
327484803
301427990
3326520519
19007787
3015337139
291418287
3398633772
280664117
866571565240131584
816592081200279552
277997041
77528520
64400897
246169712
1961333743
792860650045341697
115774132
14460241
551629377
300406652
779624031310012416
2494119258
863411759889039360
884708145792253952
74454442
822995966504615938
111349115
19939220
252341331
247373489
338335964
122727263
334836620
23365803
769616000593428480
22334025
563835826
267772916
845157941292380161
14274235
3277937280
195037431
42266519
64657863
339740303
19467392
186518278
15879597
774202941360275456
244722043
842679437263028226
1722644383
894394997738541057
1006419421244678144
2317530066
287300543
571496354
2973504605
938872230
1534591266
71569448
388947237
47646735
125726920
16147002
14476016
198646174
3197770658
2850908554
827880002758836224
950266191523676160
19161666
11866582
22667478
860223122783559680
2228814581
50604262
9888872
225013119
2291660286
31142666
101848693
33184514
2218124766
20381809
47583917
458412207
361378885
2393183286
84391238
1098195593959227393
1529270454
416783345
56706849
21082756
241564763
28049003
15837659
297351336
19758148
47379354
2176863602
465584746
320524842
963580668235087872
709317259290869760
15078840
63423356
24723897
776192268420075520
223197526
304252873
921355665242652674
1048615250
38880112
139016696
16935936
977112482
361919460
905524795252625408
36332848
2183570827
255781485
34898084
3641985196
5819692
15749499
255911994
142730813
436604292
821775244213878784
258353673
1128071294
534563976
2523826300
1032819543763247104
408454349
1106949755895193600
105939814
237483571
247033019
705850200473010178
2614960973
36511031
26418257
266215308
150224923
227744268
922011
94853854
823636447
749303
144274618
2966611183
612868747
82447525
18754245
869049313
2663472666
846037320667217921
460246990
167024520
87630571
2730189573
798565807059935232
1104349490880884742
19224439
637196658
30508940
85124669
92135953
108524355
970605084
2316383071
15441965
822227596641521664
8161232
2426269952
16012783
1075788042466746369
1388656794
1091639485
22080700
1086641766470696960
866022470066860032
23747794
16028382
18622869
834452256
7587032
960681234
48635466
44576436
894057794
192589318
17761923
3834537622
109589477
14678819
967940946
873047999189995520
557943742
165885348
1050588204057866242
1073309537355075584
2474960737
18528958
390102119
137245465
59386332
738467923484934144
177347829
904669987473907714
1484038561
391224479
1337366382
9799222
19767495
5959342
15856695
1072914132897357827
1659064699
611333810
960487636040404994
156229652
1269670536
962876574482812928
271821173
194613806
38474832
123040155
114141144
15985111
984926049485180928
62137238
900074271904600064
21269439
31768644
373564351
14379660
357606935
322806753
4126513754
15337266
15248516
34401383
79729801
2712316832
11163162
5923602
271077742
253767936
778012656313610240
14315063
313877772
16113072
751454653011951616
1135607152696078336
135998621
760434094744412178
15135214
23217907
727683326
2669867280
982334375357382657
259214687
22617523
48110818
777198152424235008
355503785
991809246110060544
2668577848
416638328
424083365
189258194
295475446
37989931
872755673121083392
164397041
48100701
151560361
14452313
36452236
253608265
31713437
1203752250
2478164026
861962634912051200
345012232
84404054
802111507484016640
1082774087053832192
3068766258
19935379
36089543
4870680320
2508227861
43153641
111217319
63679910
451000264
3406166021
630321272
61090712
104798321
1473431
824320363257413633
4690043419
928693173353934848
956122677940555777
248067870
37778253
499717174
917271905056493568
153503737
287164049
100938967
151713485
864674587518287872
2933805082
572522454
103848491
1059613187614461952
59090320
564053183
540717992
89682826
498459610
71592661
916945628
918611881
63082894
759481842814726144
1581292164
1626294277
2548144838
14051156
12593052
2396188842
279036722
744777870
483885408
61734492
18994034
742744750281883648
1412275207
148593548
3198535378
922928836836130816
324700178
1398759560
329239536
872701215842414593
50053196
40821718
11489
2876568497
3227346389
802334228
15786332
44191101
1283588581
18060714
1085172483932737536
925112851894865920
832930493578506242
1877831
94947344
2697912192
78400205
3015891336
1124266139759009793
268137967
58036645
113199229
894979128
353463122
60881430
2911284366
1172385756
15461615
1296874423
972678867713515520
174681193
16156174
95912270
1112512976270118914
157383853
46920347
71262814
540594310
74136243
90055382
943668061
500001342
24239414
252287213
763820616
183201869
170254080
170023205
390017192
182072117
19711691
16334857
2419033884
7996082
17939037
1103414433928351748
119423985
326184301
2883679369
756501542
2436389418
8192222
984081408162484225
42570063
2193578047
33558897
409361996
881615056437297152
516212230
628270697
15698349
28348519
5848122
495780682
389658693
634560196
1358146357
29663007
1270125608
943917032
1000591
57
440436024
2617143782
3034892963
135905236
3130557326
2180463643
16136933
982560568895791104
260086739
127360173
1022101651514175488
324537084
2574966348
380749300
108884788
344800265
16956532
1444029422
19086859
1089648357730144257
18758024
173077453
774407512598704128
70499835
328634628
1222769455
39509311
181912222
424966716
47725410
899838062
14669648
20543416
829677473042485249
2201496073
95415894
701980109008457728
22799750
344712765
830980700840996866
4141162227
65466158
280560127
2155397910
1113868461271396353
531355345
331598085
286654612
114508061
252521025
78489691
89158787
803399495715319808
2481228980
21433480
872460123125448704
81575608
384516213
158511208
800055252
80802900
15243812
3308473707
1059121985735876608
146958450
30107459
28162211
817270221236879360
16966104
13065352
126553028
22996742
14157134
16577296
16299754
110437588
18815747
226222147
519166042
98350389
183213553
1024733417873829888
217390061
2359520398
218718269
313266197
240678961
627673190
7184612
113022733
2492917412
24971644
23585732
1048351230064508928
985496649744224256
375225130
124087958
906228771467870208
46822887
3711605968
201711239
452754350
461919971
3425143394
15496407
470250503
3954432795
700432586720595969
120325365
57167526
548384458
2877269376
588242800
43878033
17900290
2803845338
2416374152
2448077035
14610057
331507038
1616758754
95356199
17498659
123322294
2410872103
2174441407
3837709792
950253177814708224
392884284
43095041
1010983588156846080
219062174
7809252
477336353
1079941578985299968
138141969
1161412170
977072070
323722106
372631354
990664806322659329
227790723
95463107
7309052
902540183190548481
125458739
3673093995
15370019
1206035390
19910414
2905291870
998403760937406464
3154078982
70359448
922710353728831488
107267818
710976554445225984
39507511
2808773389
369656168
284880923
50669520
222825239
16892243
356795707
490647206
4717230616
14351340
475873500
79013306
19186003
911402236659593216
2689900176
949645952
2779021436
2977903636
2382227424
864516245063946241
811350
7155782
624413
211218767
1525183634
2216041938
205298562
22352061
1416905514
93069110
45891623
66106839
247955043
1091104933624061952
324866011
454071012
807442387
323138380
390382010
884560195
97684902
1072937608768966656
916543471015542784
2278053312
1651522832
16912124
71828931
3224596479
89820928
830681168911691777
3133410687
16116288
38166684
250356925
17748961
2783814289
22058884
468855417
163751967
20903947
3251845342
1113468711225004032
122400074
607946179
290710248
812094749469331456
368238812
5715752
26632935
1024684242935132165
114857580
23098218
15446531
129935623
297877331
125512325
3632852603
980957600
997454635362373632
19825835
3005515736
19424427
891332252
24889586
316221395
229622452
179563630
15984666
1074751070608416770
15402060
183165398
1117369118
17296531
15082486
7868832
101712079
4634214627
182863183
17676510
374985387
1340809921
47889092
947701357
902111108852580353
737365560753819653
32871086
554498632
20070850
1588428578
712217064
18085200
553085228
1307824142
404137465
2353781250
877220005921701889
94120287
92367751
900413410516586496
1483114580
3266848870
2900960764
26806104
41388754
1064947685390725120
989236447348584448
139173355
20196440
258483856
218167872
1169454493
204688509
847584886626033664
1058183653384118274
14700783
108348897
20946945
2966965225
1244325504
399296672
2696406277
2180171528
34556858
89513645
69032777
174351951
2867945827
89503894
14422882
85612666
121786847
736417956
2468239741
2162180040
962058219664302082
1069229414771249152
2295511306
996068924755193858
151232686
20106852
48636179
34747631
713415027726938112
393987775
798444650688315393
817202267929460736
1024409222488895488
716680776796999682
38476490
536428919
1052306397247889408
23926572
421821532
171782897
118876530
3075558600
159674775
80976498
842872757612232704
828936834151542784
555548903
31936449
45960281
799389318749954048
598540507
79766729
632724692
24300583
2472160849
1305249758
3817330693
198734942
1083825146111160321
799014935225389057
1366290577
760916215426535425
730900417756811264
2458414939
232057245
2878573575
21232605
882467622
1404229620
558810910
770219719655845888
554620692
386538440
3241064373
14406394
790659465951358976
94119909
220238525
2906071884
92464299
228184292
1705495447
906131261718241281
1344919338
163530567
52218283
33256466
33315010
2151647016
533799948
468182565
15426691
2584647438
769252214518976512
15460081
3949139052
3008477695
896094324341039104
949025682285350912
25231077
900441761859948545
258458627
732663963494813698
946686746
405739524
930792833518395392
958030190235541510
104574264
2810461271
2284098295
412605153
2461012327
2150327072
371473091
857321448037171200
184543773
2180158081
554767635
502407849
25917171
464099854
3018525375
444095923
113369924
856969397713256448
824668114713354240
256659585
266075993
735275750505340928
11687502
986235307
3169344685
1633562310
68381886
2370979777
127294334
763134870952476672
736574982768209924
389643429
259401680
803640905143959553
3060210854
11435642
282789898
112481670
100322679
2471327604
3178489664
19552852
818284082
40535534
104936093
856658683127881728
296742497
2600336263
65184105
19530289
124506375
901183632542285824
963156842598682624
22529702
385429543
194426031
961670870539227136
2821417461
2414683548
1405886484
776450766710136832
203479775
799295587564867584
21886811
712764532712542208
1703151301
982323636307554304
2820666877
4121693177
2437329722
255773815
19926396
4273006932
16566157
712710171273854977
727963410923556864
717039945551101952
16015499
763906257409314817
827257262653583360
18382902
1111334280334966784
857671075550900224
968671568501948416
251418217
409482237
3433220662
1614110227
882925754576752640
1868929934
1345702333
143170980
915643998
412548718
558648095
4514678199
1049991741447782401
3104206934
31292265
747526716680085505
282254058
991745615611674624
28131948
719789923
381289719
70807231
51405063
19575406
19249012
14824990
560717343
62465798
889880272010747905
2716827639
932927293
3249128140
2218360970
88613724
14718273
1953104810
821887431511277572
4062092728
90778418
2970112565
4918877713
894524781302865921
1023096199
22809805
435331179
166739404
4918738512
709540733456224257
16557497
86557101
998983914583707654
731020097096159233
250205792
848648000
773069606
25560014
375884141
245229537
3344331155
72074540
387095522
20499665
213646500
100728306
719548407992479746
4493808856
178812809
469697406
1478123569
2233188085
14861745
792853165611810816
24289404
4923442825
2455503283
4182751
84035041
112540334
35026720
3308026038
344538987
413474964
979417285503963138
3148267194
31394354
603367602
819574345215393792
4894076828
2964864604
19534873
27678749
2877376805
1345393938
15520241
2922409980
16089776
3027331917
540812894
986385975583522816
2147787896
20947135
47359057
53261921
722210815110041600
134668186
2329066872
1648978056
487977202
138203134
822391752
44196397
1009187518867095552
895294510313484288
13015022
53516540
311478972
138212830
1855517916
986253265863102464
3096642344
300835864
977130315578793984
105530526
30718477
2480954209
14620252
3129345501
1061185975
2786462023
3192637177
956049644177494017
253622304
52613032
774010135958159360
625022363
1526052913
4273128140
3121950808
3132203931
4918742622
637219361
18983429
563962256
180463340
2282671736
897129047079231489
760205717047357441
83472953
811651567510167553
1116356039832743937
20694895
2774024936
198970104
78525538
918408053074153472
1639058046
797950066367438848
592151376
3366571744
1173045517
64578492
10461
215627538
3068362695
58683813
133978888
17522755
4848608416
27908189
84653539
2350513440
24508000
2421089118
753316188210339840
2151505908
1214861312
2225791442
275686586
436230529
2374176276
755111556
52381876
75167900
301579658
1219628612
2460082981
288601837
1158584647
3310193378
56181543
270491806
512603747
1656413288
855429629519253504
859561851218141186
4364128881
857758351509266432
32144720
1239518988
34427391
455313759
37839418
714510234744524800
41940274
2180168234
785766
176468263
4895888967
735153382558687232
350255445
15788546
17152053
2899676706
784647
52913549
936359095753412609
417615653
34507480
351839443
959245845894873088
941285738787819521
30686931
2236637011
989895356870791169
122780488
1184239680
18681139
43646706
2651937715
923159423857709057
281973742
4174351036
3178563726
862380417915035648
2750994354
19443418
705085641869172736
958732060591566849
858028817918513152
367417491
399412477
727937117003767808
36154264
489892755
221292469
32397781
2273356700
3165838028
2444065238
24200201
2369335940
65646836
15216320
4880922447
237670274
1338021314
15515656
273375532
3288093820
3219616123
61083773
21349077
1473135914
2811450877
3038486502
722026399343763456
40256494
758805037896183808
159146257
2469826507
377370390
871686942
823686003244138496
144003355
1087183776
2180163722
64892324
369570999
15305886
2151264666
3300811066
387010052
324766896
771583225466531840
539431662
30699868
578734318
2986161066
725358873528381441
1196494921
31611970
2438808708
222622997
3665513597
492169001
3042939784
237150523
3308531970
446459889
212407067
717712069815087104
307426028
781239439485865987
15129265
22272053
2807235321
147617843
215549287
18525497
707982165368119296
138130741
235213254
57542239
2479863260
34677653
781909336876519424
318295764
837425870960640000
502442856
18559669
23557731
22756947
918213719158599680
430158991
5751892
98705778
52905639
701852600535089152
35364351
17622775
3079236186
351631182
961589635
589265038
124001436
36743177
19494887
3024596660
280276267
717583325850783744
527900832
1358366864
2456961270
6473302
863139830376550400
174095480
796843798856749056
730849338860179456
768634100697759744
749303946
366010246
120096918
1207289779
2856021088
383044849
15143758
2396346283
727603401933135873
773978792981307393
134396547
771510466753409024
222565407
40009007
93049017
2478840416
996867198424625152
44381332
708038189944954880
22382483
277315847
847154816593752064
1057544767
81480697
21829773
72644483
17241749
2993647767
71225573
14118089
2474719489
145180684
2861004845
918607057711898629
1293677664
355214026
199508211
1112465706
3066551830
752743856941125632
158767421
3181773548
224698104
825951403
860202308423921664
160343989
801500075402768384
1403263087
1959776952
250870513
735218584364810240
47968683
546447987
358463603
702313493249130496
542025613
31137628
985933098192900097
936372912642068481
567190778
189078959
3100031780
4209758987
13040652
163075249
1106686508
29442193
3684089657
92310823
715300453345583106
4795192662
1543174807
911695927932522496
317540632
299308275
1083465257077608451
766218354864582656
1026515445090672640
15810838
45985448
773939091641597952
222789616
310465678
1891124407
185416471
30103418
330314403
847198791031762944
1092028038
3511430425
1090664800898744321
365145609
3188035248
125016174
60444464
26369893
379050702
3189313303
4206492575
53153746
18609053
2332631778
3718313958
16014437
788692108190294017
241695415
36262503
702299662561050625
153811467
107563743
3355706668
3320478908
2539761
280461866
724418336327520258
299342862
2180170945
45638657
145784513
2458256605
2254182852
100076513
47122067
1004119985768181760
41657401
202268188
2155365456
35985504
373975061
51548357
3249870546
11778512
19961453
398929563
3798797293
487718304
106808348
803428423
313084892
19879313
828640738065805312
15023781
4720662882
768152500214128640
4874958317
2730066025
25493056
144271397
265967674
17341604
290643086
942007369332150272
2820286468
468495534
20310932
199192115
17710558
22905734
43081691
316488595
20694291
14859899
28108594
773940
14179278
1760561
26709473
84111950
48078371
24522996
579299426
180770812
14707266
153694176
57203
450896622
15276283
106234268
824157
1148935274
85364602
3420634732
