1025008272410075138
88946911
1480191648
394879847
26029878
1729092882
3138208817
1154146364600795136
90781173
27834920
187518287
2165131938
3158695989
186384496
3186124933
233278341
984230644325801984
78040914
1370512346
34032998
392987060
2192592792
195500610
755279675450986500
4888338591
958321164048191490
1096058449
378259736
628698139
742769911
3266258420
158445476
45255968
1633496226
1522917078
392463691
4696728842
74287341
51111863
17474006
1095145587073118209
636586551
330105456
33773592
16031984
842550390818201600
355036400
750022168675688449
1066868172496740353
786047748508221440
299674777
19563103
4835399064
1047966576236847104
556298522
717760732713127936
3763027637
452466131
1143355927183200256
1017583899025780736
2310797532
2815387200
2584496694
2898969991
22738664
804968418
24127413
37710752
16817883
72819944
901255438414389248
913109630007615510
733019074276417536
1195067995
3519587539
2842267954
2338474649
8942262
2861771
14956372
15923563
43308964
773298642
1059273780
2704715387
381708684
2967402199
14750983
780857507749036032
23220558
14410756
10798802
1205977536
2610768194
588770591
174972753
15764644
16303106
545202357
203714426
32372834
8963722
14647570
300467000
1435461
625070495
374666840
1026161378703429632
1029907493789544449
128292609
21611239
2859448331
2388484242
138203134
19402238
20904490
105918870
810709142
17385903
31443503
999293378
16435797
2478729888
636216638
27247475
11317392
16898543
42680667
41105978
29780473
211177035
79836272
2841966669
23450421
246912867
29845916
414856387
3067318098
1448304912
321634611
24001758
3199079085
786257259936436224
4813597333
4871077946
404415659
818907239612379136
904002777277390849
21249970
21248379
3869609787
2904630494
322658299
87818409
51241574
759251
2467791
245545600
277792348
59506278
2327612520
314158631
316057426
148593548
14145626
1546041438
515786368
308407719
62513246
824320219866923018
823565852922576897
3240143771
17998609
3642537679
1325951616
2327909557
409486555
1339835893
242328548
24744541
702945893398487040
935332760
220917012
320268880
715936423942221824
2571551034
718923847655776256
1666158660
26287085
572349473
38135820
4705398152
20238817
24924358
69063653
4519121
363801092
2308061366
445846744
2516897582
1733145684
2774242022
286328407
782255953
2306546191
2836555564
3039043528
168688239
3526023801
16017753
14085070
2484861295
240451401
2549172301
319789805
511310897
3266848870
112475924
2882431556
3233727557
2699327418
2983250941
2851146208
2251623492
2446750633
1061623501
1464676063
1474740974
3009667501
2868513962
307325097
175204222
117250003
14904614
28768921
26217868
520087088
237845487
104969057
602317143
31618599
2396799331
22026168
224028123
17156053
332967893
1072269104
493276617
1891806212
1144882621
10328012
130608612
633095212
453892183
2387414858
27978241
166707531
1115263950
283273730
174847568
13251382
754060447
151688561
14125476
71189702
1183041
13100222
243366276
161497413
90273611
88572945
46265129
54979788
15428397
35534272
20769532
521581004
352521528
30902605
13769472
15521075
17471979
27457788
15439395
14677919
18551963
49119383
156838892
371328288
110257849
21360474
28244436
357091355
106742568
23987282
22477940
18393773
