726926326947434497
2342613998
292459235
28962768
1740991
1136025821209145345
287712970
16166492
45216428
1157143663
45724110
17854845
349934504
8083682
479846422
189658688
297355549
200663669
1017883562450849794
909589900130910208
261056870
231709074
8381212
868469821
3215160807
18091353
22079448
45112527
24391084
40375663
979833155619344384
1083346726898016256
3080650930
324703658
1945776252
355036400
768935155406770176
336113
61802282
389606376
146746748
2298796909
967280624
31563425
20076982
1114970489942753280
13785542
17991281
855240223432769538
96061175
3622368202
883023436913692672
174510894
1069396688488595458
2458781599
378259736
1030772035151114240
714489520121593856
22976806
1011890030
313053710
1092535402123194368
20890466
823627780369895424
205451253
57362322
14063542
549445327
1480580348
23665730
91872752
1097047651709865984
726886205913223168
994920425414111236
73251301
398146813
3158695989
55430898
1692839918
820414995280314369
19162595
403126826
19660232
1013374544
258666578
406988982
577526312
1129353804657451009
147623032
14240875
14695985
28796289
297008437
16000856
10069612
15854702
53176629
18191927
26441991
108993692
74829020
14335586
24457744
2639853499
28371367
34332836
64407969
971051135996964864
1079769536730140672
1080584229510172678
1082334352711790593
17113333
2386183674
529455429
90813378
163610014
132235973
251892709
2992786357
18486243
281480151
877976784477794305
1780886112
1101555273141907456
2908017153
2818196106
1225200158
2810623552
357092583
3702400223
390907755
139186916
15993122
200514238
1640929196
1708806648
24493406
862516914
44974922
14298769
356314667
811890044571099137
902011866091855873
883821941236391936
427626713
582915276
2271638589
17261066
911660832509046786
215952307
477057868
13857342
20965586
1075413144284073985
2246032237
1047869527235731456
29292195
1024754083763085312
2655321690
1883189202
114768953
14297863
223373
14222927
1438162062
850430526003523585
961765361954754560
8622212
3222838619
41103933
228437800
42797629
355696940
701725963
243896198
376358721
2513102648
16305370
234458499
92186819
83892528
25950245
73206956
845812857518211073
950952511556538368
741042725605113856
1080516116395499522
1080695666760929280
2979999088
825103333660598273
127663699
32477873
178336405
594947664
383466257
22846853
436079806
22111533
22273667
3883482634
22053641
1861757588
910034487114788864
53768318
824679816351936512
75681495
969697685904199680
79309628
77764733
17531205
866598352577867776
490932793
795006527761485826
3254878691
17080352
539965863
13784642
1027005296948928512
818488898418601984
626907843
71256932
1072128849851416576
708846235503857664
216065430
31013444
435331179
783792992
14180105
1003017592351555585
15047384
2170382648
1850738815
1623835933
1911515606
701687290
225958496
66816909
3207659859
3229089299
3890866097
966399979182002176
41501555
20998647
466856651
385738350
1265041178
17494010
476256944
1055907624
29501253
23492179
120151822
74287341
14869615
28198692
402965564
19826509
22151193
135575282
285884240
14772775
18302204
92699470
10278592
19639659
36645917
249150179
1038824168148619264
151336313
716432228
1049497170007724032
353428377
736429512536272896
851205216934522880
1447680306
774445533008191488
485965464
18839937
3816567737
537100880
37860248
3863605355
343982278
2561052612
751525206359805952
65294642
126002546
1011410856679297024
262768583
110204089
119868647
765228555915685888
197686981
166526815
19192224
465046121
51880065
919985754863935488
92147709
48188197
2317377548
747985922809962500
830739417258192897
454313925
2544250500
2544227706
15247598
36101861
15161984
21421445
155673627
21591048
21388284
442870573
32567081
1002415783635554304
1517751006
24616866
190474961
1886131
153403071
21761071
946677414
862450918507327488
740573671195041792
122038961
251918778
19910041
975502394699145216
10257602
922049508
355591226
138203134
784301004762193920
91377850
949356762854981632
3315368252
123871521
15463671
2209595858
4830872403
23352131
823215775980912640
23737582
340613443
937773812111826949
21148293
758361220844023808
718663934
107238136
1058520120
558040899
60932386
4623302232
4365472829
758484549408088064
2649900626
785818467907801092
895814938995957760
320535504
824051084217958400
56510427
360838772
930223086
976991169837174784
1004336046509838336
43054046
752953274500808704
20492950
245486402
1120308836
939570735059783682
127561068
15421255
185797506
47819405
17478539
108541382
401864372
64484397
929399289436147713
54903378
228019505
720835116
358464377
1425129331
171547343
295750001
16631821
111316874
16191793
17977954
242334946
409452226
147989108
135441822
1475992538
994123956
2344254588
226320142
152862026
761257471952379904
981259709356404737
3001892157
979413132
98428164
20763870
22869280
1485983569
727229801497391104
111449829
2588498508
717363
2224947382
28420827
875791392659963905
758794213676814336
745696028318441472
268829174
962778338245750784
1550250692
236180687
1684625450
432551811
17794636
766326031259230212
107225267
98268439
1398226626
587930900
130051975
46769303
841692190803922944
480819245
710549160366358529
560472630
595245502
128602403
19871989
23986042
215099628
16149425
3243500510
201729872
25058787
19068885
592035866
1307133222
15744859
39030654
866426699193491459
123555587
142740272
972665645153300480
25466022
14188552
1103558480
468249929
3220794800
369219105
30331417
229506034
1273342561
22200760
1949657214
832695323440996352
176658883
18064626
491764832
17902473
1258284055
231521378
713050909786316800
2239376062
888066140710293504
2332044398
207617689
2337520975
206631462
51028602
262856460
18129740
2813156863
571162182
39378322
1722644383
1787201851
14475268
1917731
247114704
964032914626359296
965266179836252161
4040577442
214159393
2802557956
270032926
38354090
2185519721
3128293207
478823758
92589352
23235712
482244952
14955353
1915033663
82991118
2328421
483521999
11342242
50669520
21224587
937595996
31339831
39943742
2782767516
278937589
65770439
14703752
41582030
320355081
113713924
115710058
45511355
387562192
15682943
953348410106662912
61241077
1131688224
167367761
11866582
1108034342
831175410721370113
580163615
198939070
14301286
3323283061
185874758
3023752786
3078583849
27303284
923369608123441152
14458594
21104257
104389117
19325156
236459451
3219645732
540826745
62530978
231510077
67799200
15231995
97300966
1079654130
22803302
57509070
23535897
17195403
1394086364
22824076
5854302
28654635
264050862
970612417
259395895
44135322
3131500821
800163371727228928
14756748
3890884589
205076166
753642109928894464
3010072254
297676832
331803536
17488517
480196886
97487595
17212474
826244370349297665
835740314006511618
3590785162
113038982
20002004
151106990
14336173
46775436
23837242
1122731406
2692
21534505
1026191018
4504631967
246980471
16125224
21411216
97946098
38502248
738538436
19923638
681473
837493634610126850
198967539
47660149
2326286005
3898598357
620654544
1656244670
16684753
38029205
83972205
3194715184
863816790857715712
3010780784
801080366
226301883
2312542472
802480365386526720
1051625720
3024075586
814196505590366209
1461233647
85583894
2255425451
2356566228
80119212
32671625
118539282
11252182
50332490
2724587707
409486555
16684243
4669412971
788727472506408960
15384720
131175226
862934181038272512
1225911
4011693741
820354372827758592
474076544
251287921
343326011
1037321378
836042147774234624
553850388
761167885720956929
3422377392
143562492
594175899
798729566126829568
824797212425191425
875029068223315968
800704496246484992
799047255378391040
863320472641044481
16303106
31443503
19808176
235350704
226346115
171601052
2217041202
112475924
174110843
1230979592
2424178550
930174438
3654439995
191885251
824413340009168897
176976565
1704646470
2570615502
18580432
15604930
771477222674665472
15059667
331171344
259595987
535634688
892698831439241216
36771787
18771370
756084
3308448954
824116562768621568
15409985
50885824
722832280352374784
19046635
10431692
12705772
14369768
96149284
287902309
11360242
87357028
32670973
387462652
20639125
23372297
1659510655
593253081
781542355
2421038370
752499373989326849
1518590826
2944112003
54089989
897911695355641856
332224054
46581795
93879982
1517098849
825518870421180416
16745361
65707359
3018379084
4903195634
102241939
825097698634252289
2893511188
62510409
121597316
226426787
2735655330
353165070
128353178
156370763
22429979
477231970
16893929
711710800977604609
292083207
4169545040
171346034
330105456
4195798809
740109097
22220045
757303975
448476934
1411214749
2924593731
351178430
15624805
808509345134571520
17397880
790998824420515841
846137120209190912
325385270
15264675
90711442
288755234
916031611
3032719534
830249093729492993
25795116
2928209793
295
14061445
3753611
21231959
57473192
24009286
3249296202
298251353
4799341
22179957
1665580856
410269419
637338906
2863996955
52037007
3060489838
533539874
377419742
304679484
1376608884
325772283
142891447
96954044
15009111
23066742
78986763
784738327425589248
257255706
2600336263
822604880
864237774760796161
871466086293794817
27624085
702175448499748864
2293940731
125453969
19698910
2783025822
4196983835
38392608
23995748
92896595
596912223
62052990
835252426265481216
892219807
19078594
4160383401
485109912
43200298
452521774
25484126
15907183
16569274
573601088
1055730738
47455112
834081571493785600
14662473
3887467873
250188760
187991050
155784594
784890784273215488
824720523904978944
218975278
29770501
616353890
749481620772679680
47775241
1415386915
380648579
16419713
1418745782
266696379
824732613801828354
2575517041
967254224
16012783
18985749
18984080
18984298
16113639
14247236
1132994426
33229367
340644602
3288561903
130314799
207985340
84501604
15857462
1220645714
249325107
21708385
14075928
14478260
2316383071
135060958
20415005
9587352
6883122
3096604629
20926233
3098214097
801159713035612160
2370283937
68752979
2519145192
111188612
74087670
20707070
22217633
3928797280
23903517
4167213255
14850576
3406568194
423135707
817232974609608704
2718754947
26642006
387280140
430048955
18018355
36686040
15441965
21334179
106170894
966814687
14874125
1127893866
17839398
78942950
251553556
275561751
17062358
1455431
4243079728
1429169328
17610516
508006873
19918005
71438119
35031708
807821228190953477
67305529
241463537
2347940717
2238041838
49560239
66182591
509476255
171598736
62127399
9667902
50446226
706133272569507845
18622869
775248746
75974281
803694179079458816
19725644
824137712286441472
65155447
5951882
1251981278
16254381
433439383
46309291
19588740
29312953
22449367
1093090866
15824288
160010755
16004470
1128886760
16956827
36048614
43355844
755886754180243456
96675300
24963237
3430619350
17974481
2167097881
1899141181
15267117
187518287
15407632
591460008
1407277784
156327895
810590628727914496
819646594647736322
161507331
16860002
22811937
15952856
28279637
16319594
825982044014514177
290629665
72763332
64165042
123327472
58503762
19914257
2827049413
267915933
57320439
69103442
391560579
936981026
77822208
19444865
14230524
3075845932
1716121
166669818
573918122
286998245
30003842
15605619
19865053
18052474
12096202
70111948
427515851
343147859
159955958
151261211
605042583
206487352
1109318142
145046142
108094234
76097317
255545898
825071413304377344
23083361
11344682
17409346
22084427
247334603
108338399
18655567
405117784
755504
24292190
150078976
22159841
1964991720
19638751
222622640
14677751
58945187
17919393
41453
23839835
21733692
3333055535
10660802
72198806
874341092
64219788
204844864
15454651
18713552
3044840091
171968009
26029878
7411422
668563
793890521781383169
14942319
26559241
404132211
2966570782
1835411
63502107
367873443
16625082
104271823
731132367058968576
16006592
22129280
16891384
209176493
80617430
30013010
820378690920058880
21611546
4320145768
14962779
14892330
24946505
47509268
23497233
25203361
14112267
290157413
14335880
547007735
3817401
135515077
12398782
60783724
62513246
66750855
2562268824
824464134737719296
824467746436120576
824494641890394114
824326864407822336
824190260338954240
824139632354988033
824126001936474113
824332206952714240
825151045869432832
824264707641057281
824473943931293697
144286635
824153054731759617
45246673
20351289
26260537
16895274
823565852922576897
222554961
824320219866923018
8914942
824248798948052992
824334865608876032
21035409
7764332
19084896
175595938
2577476334
2020351
824028553067032576
246291897
21728303
29201047
13367172
4133578035
269911034
3240143771
17735875
146123790
824027211158130692
1199051972
97713661
352547206
27306129
214337395
45882011
235196204
46197784
463765807
11347122
15727317
17642747
2467791
506429053
16892481
414531394
126722715
106182754
2303751216
30354991
2369117648
97040343
21132877
130496027
17904888
28185163
22594980
4620451
20809407
31069618
36252186
25375836
753623149929869312
23520102
17006036
64197283
297100174
25570250
326255267
14815608
20508720
17672825
31455711
2289770467
603025587
17243582
20742461
97994396
800942537083068416
75797367
29010710
16714443
20655790
999470034
19725981
502135911
4099171
22771961
6392972
19074004
3687721995
20387672
17060020
343840835
158449875
242418441
110755266
138168339
38542427
10959642
20641323
97370449
15837659
793879086
16017475
14522617
7019512
114890849
133929829
25895626
455288410
20919626
24254537
557068003
1536791610
2293315159
21316253
13524182
18957805
49986034
18453099
1483064670
20178419
18061669
472587261
55948054
1266209922
703206283
1965420800
7900962
607946179
141745416
104914594
64054704
96630001
1206227149
47379354
225265639
2461810448
16912124
110396781
449588356
105327432
268060605
252521025
47448886
29450962
21059255
16042794
18228075
34263786
12844322
17611071
61734492
18119839
121489431
2996801
304852634
17171851
19322602
265495477
32652567
372483103
34643610
26951743
3554721
194733817
19750159
22162854
19676308
14939981
23004495
59331128
1724204797
7855062
351157948
310310133
442824717
48120914
126672013
279771595
242426145
21406834
38213768
29782223
43412697
574020783
560523300
129790203
16582131
15181734
778580158466973696
1051171
798399508602306560
730873015269883904
289342771
3195622220
15976705
15576928
38647512
15816595
3309824747
3023220035
102475469
17573212
131497030
249887374
20406724
153049309
736172947551977472
124490608
42995067
45934467
65431632
2421067430
19034656
373791638
1051396218
2495419784
1413698887
31122582
807343187337457664
20744708
14834340
44978716
55355654
885594949
165511377
14098607
10322132
15220768
146404350
3838718713
15327996
325265073
464047295
4823705386
5513002
712754132306804737
41223126
6297852
21270437
24881388
22635994
586
14529929
398490298
168498457
238782335
86975611
39279821
13493302
15893116
14106829
12133382
17066022
81778094
299802277
723578732917719040
11744152
24889586
705706292
80111587
27938809
269448653
29979814
16737406
2922928743
110189578
30290257
2329066872
159598891
109071031
36711022
15693501
15446531
19568591
24374241
18464266
19209739
130617778
2896328125
302727022
288363743
22522178
2573480784
2800121770
234186830
2966060626
14146966
71082732
26548315
19618184
32871086
1514845550
9549022
53503202
16378093
4064823552
6974622
635608354
21792170
634734888
32238490
252643801
20182089
1431301
928481
21768766
2836942945
15464697
23831682
4207961
24165761
11388132
15764644
16789970
128216887
20772763
17158189
234785973
7334402
791077327
16326882
44988185
38879572
69304408
90653663
39689218
19834403
192935052
139162440
13982132
14982804
375662595
97599082
481655487
704967105402114048
12848262
95956928
2645602164
19166519
18686907
176840515
26165922
21757965
19847765
1184647243
18725815
66768858
254873869
14278608
3882894142
15996661
16028034
254610836
373564351
14940354
21696279
49698134
60610778
39000115
322735335
2538297631
15418628
532779460
293063175
127036213
302881437
24500377
18983429
48076741
15007149
604940737
106554518
46335511
16080092
476193064
46654961
18224456
2283620132
14155907
2439177534
14996376
14135426
16153562
410408786
14700316
716813053
14260960
13393052
1339835893
357606935
1530096708
11696
32080992
1106878285
24670970
4091551984
1134325988
162087221
29620023
3317576647
1023072078
2163374389
862483279
720942034014576642
33773592
424586525
937696388
47475039
175378976
36370012
259318573
299798272
25388180
215207998
82188320
318692762
369164449
222444337
588387056
154286132
3497941
3486042676
2882985567
44279901
571202103
160569028
93371427
60063235
98765275
36202186
24922509
275400224
114035804
337418413
90202078
223871754
35640142
37816269
16710659
8485002
17445514
15019821
733422701713326080
19557418
20702052
75019567
1188461282
237369009
2400284491
14525270
30364057
976559744
4749465977
1101150086
66120349
2499420192
3383276673
14278568
580097412
47216804
1096442521
600244924
292585141
17375800
710433071313625090
65375759
16490790
111475826
2787277511
389838823
14078913
44522200
3432952967
15162136
49114382
3025261
54730258
2293131060
137794015
47521784
2698303566
1327925114
17291452
8215672
18804383
273234774
583113311
621122647
2303327174
554510636
183730086
232204857
989273419
86420252
299273962
15500649
2851733849
30261067
729177876
19789439
14851994
62591681
840668292
63177215
162458891
19828927
296630223
144825580
470708968
1408403425
343008120
735650664798400513
3028168725
3347203689
403991138
1416105282
46485024
125466267
18567018
3284573533
2557141728
625195519
92651098
280017958
2169423995
14376953
2426472662
3701125272
69459319
72831048
261789755
75051887
915726438
58569513
20188452
7436592
15447034
14924430
8644422
87971869
19119809
35777188
19711765
121610287
402468568
328679423
2944953357
14190948
84816752
1203444194
2540105401
2360762586
3065429605
25387735
1249632494
150334831
58936488
4828347449
3310428789
488619646
428744900
2614515037
379640397
14159444
964718448
371058367
2373120246
46597008
20108163
109090495
2233706300
19664869
216478332
221969181
560820865
33452466
15117732
2183231114
65260792
2612207773
33065081
10662722
256591329
107059113
3397953855
2359895367
204797471
1318715678
1345580348
95610041
4842192898
251904286
2326105124
3000741407
3323539726
4764775536
36823
144408677
2569806414
131223120
22127274
23518723
16962208
344712011
634885775
30861631
359537136
302748777
14348157
24831757
15623630
119467859
1301939372
2754973009
70963484
209266133
2289874584
45934164
3125154047
1264929006
930040429
582981232
82606148
28413496
3006144193
59195634
16683301
7782442
970207298
2713172484
16002085
77289427
2904195838
23503181
1891806212
50609892
214622133
63696158
363450850
3054704437
185817496
23667540
29995782
18624505
372650333
235329304
455987475
1970799990
11348282
4107511
394885199
137557408
43341034
1461069679
10482452
323525196
179380597
1076698405
1594531765
4438789695
2251623492
595189702
3387336479
15537227
509718823
284167160
2638976257
887067954
700903452
511402689
863405239
3303083046
378204367
18996618
19416833
3325342813
2163076560
809887021
170547167
133012809
15684633
2157220476
2819362954
17105214
15819632
16119771
57047586
3266848870
394746333
470450912
23561980
19190572
377317704
1385673152
14649254
130580086
216776631
228786918
17810254
963797622
3407437324
27530178
123385352
368799101
16227271
2287115144
825314196
97076310
41757096
612890241
1692563598
405561109
3000798779
298830695
14526877
632301127
382810104
17264476
468669904
204637524
29417304
15225487
2475340538
131534921
31504542
32493647
61740705
41875694
16566808
16906137
2710715024
62339665
740895416
1654510171
1549986733
865665264
43208458
134530332
344687656
16602052
16716425
15829574
786764
3004231
347340056
85813671
2785206836
489475164
2568041330
502474118
2236083720
22903265
69004966
23760311
424980672
20436443
15081378
131926473
14849562
19364382
813590514
610076355
14090948
48015025
2282808997
64144208
85669287
305902119
184641071
24700499
11133442
983668416
18674473
350540570
1733884542
2613762908
42371615
129947794
20494178
12004852
399623278
516809141
47285504
17471909
7215512
57653510
1652541
21626875
16018911
1260674960
926620369
17462723
4816
382376904
959697078
13857392
58166411
17788698
1433118630
56390535
96409187
14852513
206386775
100136358
458953226
12748182
132588035
2445611634
2233154425
2304337015
1698721
12902452
1126004070
361019472
15659248
15276618
121138796
1199813617
959488268
1172986574
6889882
240339871
7101462
88143929
14663703
30866030
56688840
21291512
97808336
34792516
2247864258
19614116
44166798
17868497
24097674
1107705271
36693482
458865563
862456092
14330200
1307629813
97210046
835038944
19530289
204832963
7613072
14056556
46213956
330127972
1087246308
204922295
45629136
304712696
49765302
381656911
227419407
8014632
2084821
228554424
8119452
9444512
15233597
20091303
63354924
1054258308
540988914
101280230
28153561
40918816
18111280
2161421754
1305941
474314181
14145296
156192187
272378272
92072453
885971
192551379
209814743
10050812
503518946
278199227
204925169
14924044
9207632
14404725
368540976
19383099
458480423
220863592
318912190
14800583
84979315
17896874
34134307
282392576
76986079
516875194
14759730
364467769
58505540
588795991
325830217
301259258
355321621
19728966
1559660850
29589564
16561122
18216985
874651740
83742300
36920127
475185673
14578312
553251251
28189012
20047698
9129332
1481054280
342770193
16145556
15741697
18344654
97471029
14345566
166613829
15875727
178096291
762832250
298765251
201830208
174526877
281686965
47208595
187211434
68070690
1199533166
18369704
1187538062
1200631
14493478
43175535
7061802
1528081
26089814
48367484
14182081
147808148
170603113
8128052
142428962
458864355
14980259
336822507
8778422
135608573
793002678
166393507
429482573
368366293
574638726
634834886
772388593
15617985
46769807
1062216554
98921707
307259829
259874618
452666167
979497818
1041346340
607213
412579122
23678022
14052367
19471361
322791909
153225560
19062483
274805040
367489108
197117628
14959741
296873851
58356633
27593336
114853808
602317143
12534
34721789
34704238
26356919
56440721
40619907
19891855
18700586
160666245
792853934
30528725
18251376
109018151
217277608
33051833
252099687
30538428
16129534
16035632
574526759
88447349
193178167
25793687
14190753
9692582
203063180
53023864
62432034
767285
204539915
283895895
342123356
242087100
56210160
49921218
586421939
152224898
17613435
577470200
306419892
228087891
90715747
18489148
9534522
212657985
572127376
172869874
148529707
29800519
463125980
380440075
21717040
137126156
15875898
571453239
179485644
132849927
93158693
431746909
15308852
21786618
24668720
29330577
180509355
19307194
51937636
75361610
53436920
456846767
93733494
158118304
29570387
114127819
196640692
18385161
253243490
161138433
25074277
110234453
15787371
108600935
13490452
222053273
17663756
391037985
68563434
310172617
16032913
1677101
262799542
130560609
18652344
85375540
104969057
340441440
50312871
16021618
353761241
49399175
15533159
228917260
58205558
85864060
17912968
21809256
18526305
17939037
32630330
104095271
372836597
15473958
33276161
16325222
341679312
22832029
21362577
41939243
161368991
297180943
21271656
14266598
63758881
90249824
242653461
88581667
30290965
91437821
196158778
29562655
195814782
325828406
14772890
262388975
20702626
19876355
36787149
30394014
11113
2426
42711666
81290692
38259087
15357223
20711121
22686020
37930327
330494760
820585
189376144
288206328
34732474
148900525
233783568
142157505
349080663
23272457
9166512
250019704
74148410
18533403
16600574
31928413
47804974
163086733
14202817
29519681
294381767
1630761
19661152
17588076
136879221
188716376
33819838
55407747
90609160
152891927
378171907
20167716
61878718
55031462
49733573
18843259
5031151
99146390
359101309
65649766
23030211
18658713
373416209
20021291
372330533
21523496
63608275
15774048
287343461
161680142
229708719
133128079
44984377
119064874
10716152
10071662
57048813
246335477
125547081
223218177
221414971
27818124
167248878
38740909
14464766
46937854
57440214
352618939
16583846
5800432
20578067
23556921
76111834
86593078
226504897
23759637
48504375
25889985
34713941
19465003
219289136
39916609
17750214
9774802
45874509
300642262
228990600
253857735
14217830
30313925
92070775
36553142
232863368
43992896
15935927
16086668
249797047
121547739
5392522
217558264
17150022
136435486
15427370
32176216
33537516
302161054
91656434
229646064
186626747
5560792
93880386
81783051
17251395
89735094
15330502
19293662
22413181
130213098
23215555
60661448
59106170
36275788
20039495
53096698
338512447
22923397
87016821
35067421
52445773
64397500
310814452
275227658
644523
230339585
58644415
318785649
54667032
82939583
43022100
154616588
121066773
111501881
201600964
171858440
44678417
126881128
17209415
18713254
136365754
22246112
52487655
36492489
108656502
46923368
17464425
119160048
13997862
158865092
208732947
59578500
22560193
3263781
158472921
15669873
23375489
19028966
198693915
41604344
78710501
260786246
17759597
29803664
90163901
119449155
215699361
277300023
236977784
2562421
21340672
15910104
76980805
202333295
34587151
19598596
307698068
312880236
157799302
306345371
102135167
13958572
18688904
206276555
195583241
20660215
90203692
147106775
110874872
26151508
19029137
17450519
27080345
19399033
284649807
19430346
35997743
269965247
28521141
221175349
35409157
296503351
18301626
228794007
765
56506909
17689928
16618332
28542415
1089381
60580533
17503525
20665881
200666467
278885576
14084560
223634084
9017382
18924657
17900130
204017160
167606204
17870903
16896952
1739381
65698096
29663668
17252004
174315953
17890520
267240169
221920766
56688305
271282858
217127027
16403904
37186510
25848389
234928299
6211572
182454380
105103604
280346466
282377012
38578151
35197742
123081702
22666975
285510803
21344248
254099167
36677403
258813292
20163408
140647440
198246228
20932654
261496197
109310784
31035336
5470012
20399004
119121534
40103016
34073520
107917068
16541772
214754889
43903245
25503579
16353720
17539029
3223691
39939697
135786521
212076446
166845078
31353077
34990326
60217882
125473561
10768282
13380412
19238548
62342714
48785884
42760537
46822887
101875130
22197454
24226046
16809682
270449754
20215160
105653562
49842353
15769383
260886770
5408212
101334380
22855448
16125731
14852158
20008689
15466487
172546475
19590747
223737984
31128730
20759034
102225578
15297709
61249886
49563282
19368361
14606079
37325400
238258269
120873507
150620574
29383691
108425079
33051095
21729540
15015040
30532590
81201847
260038422
15796148
200926926
55540018
10786112
27490260
36715123
196178288
15367053
20355568
18337934
25728193
67398928
85338040
72401826
32140200
14346361
84614203
22882955
5360012
32574964
192081172
63065243
17513981
157704921
17310258
14311015
183048286
20008832
43641430
234729856
6269792
240787069
234470693
135804470
187814909
14755183
206625773
43654167
20541959
131631395
240505470
15833467
22076664
10836362
93174641
111200621
17053662
256221182
240122517
9128402
19243417
28207101
122413339
18027791
16650023
8613282
244151462
42991923
15661871
226214963
183244041
74494350
50051717
16016427
21652927
15433693
10422602
19674255
19500327
245260582
623033
19619541
55493018
233364902
20473902
25489250
36015135
17006157
8253182
93673775
19423430
87475360
8953122
43654274
29442313
89802469
29002666
45266053
17302981
23125412
15521075
7217902
10449902
26984714
168675594
19947716
16619832
796155
115299371
161599396
237845487
18370528
201609289
15901190
3237831
51627882
33732547
75022526
208078922
420193
30183965
39410801
18513281
22555984
127178003
20052728
15445811
25157561
79902790
14122283
45914710
108138454
141829991
137959795
20047650
90818537
35193766
233756686
156763824
30303613
19299909
15194933
7140862
75803381
15682352
20834936
69313662
649673
1891381
18028249
14540457
24758798
120252183
13786802
34641584
19478601
51793179
10810102
159322143
15297416
21114659
59947923
17965523
772390
14595574
1976841
25877105
38688930
89788739
177434930
79210963
26711810
15999805
228108678
26871300
118027434
24815533
53681649
16929679
53130511
92717138
691353
15551812
39609732
13790242
17782778
105792048
188407039
214886875
16459787
14430086
27026105
14335380
24929262
4519121
61274291
159501309
158414847
28049003
15414807
8001352
149228666
158467611
5644962
192277812
14053433
14749383
14926475
40849223
4795431
44480879
42303269
15721825
46241448
16031679
65230559
23595586
47325019
174920225
36558429
185702335
25832663
99036618
5606492
5627542
20600093
108696783
78235719
20053195
61916766
76980293
1211311
61893648
620333
80851077
79252495
25157772
31446251
29477388
213454931
125752939
18730922
17428120
197102932
39613
17925141
27898431
17979038
57203672
17956985
149899897
26522059
26993825
8984102
39401489
22884109
17604606
14751849
121922208
163283674
14383639
15098614
99547588
35496360
128471277
28268712
15225127
14090873
186568831
28779931
43313
30109507
12919152
17207089
46443894
24223641
133093395
88595082
3244801
16314021
9900222
57078038
14396496
155311735
20007519
20008020
15300838
72888112
13058232
125336023
84706027
108019247
19578471
57150926
186854760
26884154
14550221
12804422
813286
34622363
102189823
85233275
7597822
31968180
86330674
14824849
66483027
650903
15071965
118708705
18733002
17293897
131351549
186909344
15808765
54795290
14110922
90420314
15205798
67691067
14677919
16517711
17057271
15625377
7614292
86347386
20241270
14810827
6688272
22220733
17035344
19110424
79267832
110005240
21230572
63458020
48715068
9734372
137462549
87838492
5448232
103512565
8834612
62899919
140118545
1128141
182205237
21727996
53735764
10283452
19402584
88357443
23875216
31063958
9867582
24807616
154558678
170447401
173454104
18745020
17341120
148153943
14995801
132017115
8442372
14150661
19753703
32428863
5519272
24299993
117888236
75641903
153633230
14171824
34305774
18297558
59888158
1183041
85636559
22204519
15172398
10803212
18764550
82240255
161185778
29877307
18769128
12508322
14463924
36248073
28596709
14647570
28378545
38381745
17542720
16619709
22191432
24303682
12946892
20209459
17365270
18128265
22412950
14321135
15826886
14353392
33719856
90451616
27609474
40413212
40572743
21720666
16220137
51895373
73483927
35009932
166773252
15738990
131439446
132759090
15888196
24916429
167044123
47546250
22642056
92671249
14479692
18978854
15097192
16428074
28810824
77305319
95094255
11512342
118863021
11420922
6698022
20281746
106455038
17262582
46049734
14973612
18699267
18028848
52727916
49733314
116782626
43356520
88740258
38241996
14505930
16185318
22155462
20818801
18555975
19822242
8169862
57372520
17600825
111487377
33824269
41151535
13831292
16023235
14346303
714563
19519252
25712580
5772642
20859154
57421571
24636191
64789758
60668255
40627166
767
896221
655093
22269508
16664653
34817243
16638064
152809003
22059385
15577483
21817727
117662398
85828025
52423866
942671
16717534
15163515
16158468
20573429
17138322
17564187
46860399
42634830
142818316
116892532
28591457
17396839
24627550
14676905
33326659
17280113
61802985
18742076
20939163
811350
17642519
149424021
77646734
27024033
17544803
18436379
74455585
128922607
81109750
91485963
87459327
96194044
16411438
17518626
18510860
41652130
15644999
20434001
17216686
63579865
14141280
31254607
38491706
15691609
20809185
15505835
14263165
15599302
18974406
134375738
106730849
24674124
16361362
21855175
14369409
23006794
14199378
132291445
39751840
27982984
37765541
53184098
18877526
23619397
13206842
17133993
24007000
20279370
57702921
27824149
21434307
40832666
78315807
45034624
15139049
126062547
11628
20408356
21437491
8220482
20340183
48778278
15833470
108597927
18745734
17844854
102386941
23815359
16536215
10292772
18785238
18391564
19783820
57277024
53157752
18631817
103060794
116639971
59247019
16832519
14799178
14773831
17041361
116285649
49395893
63673811
37118832
22267477
34553
120024474
61236317
17552274
18542382
130269978
52286849
31120814
122977985
18105819
15656913
60722856
34682958
16471825
133602436
118602654
30050648
15205145
15073044
77334140
74263568
67197345
57258239
16969817
21582524
32495614
58199261
23811131
20778387
23456043
2729061
48716716
16302909
40037996
40002655
39052053
2569261
35773039
21684189
16630098
15226824
18718688
66914222
32913947
26520651
24544156
41123818
36958267
19911491
30934879
19306636
5120691
14676022
73461082
19412366
69439282
82244834
47733633
15991874
94164176
18491294
57995617
16280426
23155646
22427484
117785867
23188316
119246826
17225211
65386642
11317842
13609902
33950355
15781536
15167577
112201941
58521743
10266
17654696
21379571
44969435
38305357
103038566
111493068
108704207
87489192
33950119
20021411
21668588
30968032
10769742
18131961
102109196
3533231
78943325
15624938
19145170
2016331
41607657
34832955
14185328
85944256
14764724
25292802
14333239
14348594
33823446
18605897
41954247
28974901
15635413
32101973
94616162
106857188
1468401
65682198
112508240
16661296
20609518
22543524
18393773
43115008
65688291
25111725
54470364
15722277
19517661
55324680
97042084
15397024
27805646
72971496
15378358
113420831
12602932
3100751
16313262
774675
19240173
82002786
19860181
54609905
9158602
15939658
110395205
55914766
13310
17583030
38724611
14676835
14603261
18510413
30970641
15276416
8225732
17192356
14778255
19827332
4909151
37006587
30590886
47479606
33359282
16563759
86383332
36731667
19304788
5775622
19621110
38222407
71297428
15057943
40099104
103102535
15962096
14634720
14991920
16568227
5225991
101249385
37288641
29899919
15439395
18844513
21746978
9165202
2797681
1068831
1344951
1440641
5917472
74741261
103795064
18770610
14466055
17161347
1531101
16366271
1578141
72766689
14711282
18913585
16979382
18164081
5372932
