310590377
3240648581
259000732
2367611173
20863653
19331456
951531694229606400
158445476
22720093
5880462
26259576
392987060
14190948
206631462
19384258
22709207
378259736
786047748508221440
203714426
1066868172496740353
15108422
44177383
72327585
308779730
45155495
22151193
25243613
13493302
746751607723921409
1143687311814733826
79293791
34286572
1139607716941500417
63826562
408902268
309912891
1103989588287201280
3942597494
41154223
329115426
197524784
48081662
25613925
1376608884
357606935
636586551
13393052
26396117
2355808260
732224986421694464
597761406
216776631
1143408931164704771
1143541888785571841
2857479956
14709326
1131654125916000256
18622869
838955013833621504
189658688
322842111
94031126
2895380191
327337127
25728193
17200375
815033787645972480
529540495
703664485593014272
399558729
1096149275048853505
23404794
701725963
2633624624
340562055
106170894
216618670
2967402199
14053116
314202511
296516547
100322679
1494755017
717760732713127936
781877176245379072
2557037323
228794007
435331179
783792992
1019974187975430144
706222123560206336
1081137535135342593
754006735468261376
813554157097459714
279067744
16245822
76837768
785196019793338368
912696400571486208
712809875919781888
1113571788183629824
45319754
21753847
395477244
2571813612
393621632
2877269376
19040580
941109866202091521
2996572073
929399289436147713
36299068
904686091264860160
47682102
61592079
355591226
1049083403881140230
1093635707330023426
11347122
3364200915
16409285
84351228
182710236
130557513
2664239108
896158685533220864
18559368
805643205312032769
813417452
2916305152
14335586
815733290955112448
3178045258
102148991
41148474
24258355
15822295
1018666106075021312
1880725393
370308968
15526913
364761686
50084102
522519631
5741722
43300047
1289217673
1085558184239157250
16630098
2433318421
17385903
580437140
262856460
323599188
6974622
325076723
309302492
867471317188194305
72819944
293208477
16305370
326756275
16495205
97723429
907082526749073408
963085467880222721
2934087649
896981048088776706
386188731
182236262
69444800
19715003
16993839
319769408
17546141
200514238
355696940
334217161
35787985
16935292
24889586
165678616
1061398427852931072
20068679
29358147
186186424
1006419421244678144
1700725878
225540697
29442313
138203134
344331268
297505251
1332630685
3058223719
22666390
43812483
46917651
2343994460
956642678728306688
15934076
637196658
15467700
1081167471644684290
78768913
942566438019231744
727338733423464448
1965049916
863361439565844480
21113105
1082334352711790593
4406413835
2480079168
820705814906339328
755024353708892160
1061629698386550796
335489061
981260928032403459
29472053
223528746
16298441
1070520763734609921
23839835
1069959828104085504
540317609
917142185853771776
255087111
822517901294845953
83957197
1011809173254877184
3095863451
722504987566284801
61524920
88839569
3701125272
18432426
464620194
2329066872
1468154052
470866399
189376144
1512446430
286871259
4128420672
4031958471
102364583
767777247662964736
16582027
476256944
30354991
274440617
784681561
18430758
14966163
1515728941
27938182
984241870157967361
861980135183994881
994637608692023296
2398057698
2420931980
27818933
302261109
827262766490611712
842463351544389632
337989115
45068617
172985112
14647570
2898076381
740895416
70606817
21211751
14159148
222953824
15234407
11348282
12804422
15057943
15492359
16303106
113184599
807095
18244358
19722699
742143
813286
