984471465562079237
1054480026471677952
16330295
216602910
104467006
20228518
1039971843225075712
727226957839122432
1029854272991756288
3435506380
1059460148459126785
74625495
941829517273944064
2232232422
114823099
362129961
3837791172
1558283664
1158687355676631041
1002954374
4795519550
1152290010
14266714
216065430
947956236804337664
837786923909414913
2863871914
292540908
796101021781135360
2964590883
321548329
1122427309
1043186338525265921
753591745045229568
201386671
918236712643411968
731880117182574593
908326273042321408
216670562
1468023762
240462058
38233602
2579686013
41032287
24587793
92111615
1148763730815193088
1148732158120476672
860910593842327552
706663977422557184
1131711230
619454958
937090267886141440
788467373934309381
949012117893648390
846137120209190912
57992535
121262466
52295999
19114533
2804140124
73054888
729096420
14559839
1355864317
104071865
70426799
3101542833
891082836408664066
814275104
959091111481495552
1080229697080999938
1137049352919060481
359188534
3035412473
3325959395
168551897
100367386
131958771
781168486370381824
304799473
2897415180
2992375644
216098950
75641981
30013010
277142739
4469295553
976154127351844864
1924050589
3670047803
1109455122562797570
874657261
1001626792891826176
16298958
49709505
4806793637
22034883
1130578955214368769
378259736
1219962434
1126529077211475973
1045752768819077123
188179558
52525784
1122938029482676227
2903893527
52179126
1128698099436802048
25598396
2752490048
407812196
2439032786
321820019
18777302
829181519965007872
729855781131051008
361537305
362688664
3437111722
188872851
859077323152338944
2926400107
1109477923294269441
942700782
1616964710
1022110211832786944
431104245
2612653424
1103173687807598593
926731005892816896
1095798630
3280310918
2821790135
4924952855
49522138
1083398029107974145
88498742
803376991
2821330426
3947882843
35888617
60297413
264963772
3844784242
140970448
885908578263085056
917503866094149632
1411460167
1072276290
3243492486
74047793
205399807
62595772
1087158374628773889
23792789
1115020007577149441
22895484
2549047974
54998393
4093696033
4033255605
2474904314
785855520343285760
21966695
825832497539723264
908287975
816398609239470081
4684637792
4745280949
1110008324030976001
309656371
182542362
621489211
15184835
437953219
899978622416695297
381592902
2153427685
1395871723
1105850997342130176
318590188
2769812910
1225795279
577711105
237557200
28268435
709818246728392709
996614646567129090
223166587
2342762778
1088305891265384448
26642006
50831859
228794007
846816888848105473
3092624297
35528169
30844417
823933695212056576
962777394
2480706308
236930610
30903574
25306731
1096084052
48617454
22028564
2908702492
1451773004
2217099931
968934574318407680
40837504
722884683722153985
16305370
1223134141
2169364254
2683931742
3242991631
46296304
1943632532
2717700619
171753658
392305560
387778715
14700113
1950210188
632062492
103888753
1034091758
431036022
785519036
244661584
866953267
820705814906339328
409648789
276688330
1011580046
16800922
221961841
123421220
1080566485418954752
86978916
2314077301
4160383401
42707337
1687175498
138565725
1723948044
35933055
361919460
1043119280311689217
24694800
32431468
234063354
796393997145112576
452672716
15981216
2891467105
149990443
1001554362500608001
1029401047997902850
13120392
1058045780072763392
793847369855098883
393006082
358165174
715957397941051393
2279506016
967945510777696256
797084024854474752
189140199
426084854
78194111
497460449
783792992
3327103749
1063135215009165312
2411607488
1061436534673543168
48448501
135671625
771317150879391744
793490709642776576
1239123794
768852799
2888753069
21753847
264382869
377127075
111035139
1055638963598356482
11621822
50885824
32760218
2255214811
64490225
285804991
14657786
77031076
243224758
1035001022
1052600816782241792
2419516633
129309618
2327359038
1498089530
233788247
82254179
959765765200031745
20104651
3001944634
1583760222
4127449480
1413911040
1606846226
23119671
2230330345
20880897
31037467
2387065697
794260413420421121
1009212463726907394
963085467880222721
430007043
3179870156
2840553869
820378690920058880
2568461
28360632
16830572
552151606
23788292
15757882
703642807
2646168282
758903792309968896
1618601809
3869768539
1132243826
1705547070
39660841
233414567
979826669191090187
905633946850951168
541007768
20068679
3118529034
829792389925597184
178039542
814867886120509440
3351953883
2324250466
854078224917295105
6974622
71459404
4823714793
1025497302532804608
1034571253015867394
2297143668
15633766
1974141638
429248140
1366750843
377946485
978583596989640704
168644892
3434993711
2157746420
2842083418
986412738481197056
1702425324
324508782
2776884950
617420332
1517777833
1933669016
2483947273
206255645
258847118
2326120952
20406724
14332732
926930659
841320636257583105
382951358
21737425
18198603
2300480005
885594949
9963832
1637256811
968585137960247297
254634870
108669948
912150165481336833
17279075
3179977818
115516446
165950247
1576410410
3046370354
1020193543
4420211
860835103
2944512110
472630162
20967005
19711765
16001688
764150269
2408186426
1424339767
982419738692169730
384013387
19669254
28115366
872156132688711681
1015280136994738176
800704496246484992
482727421
2800747333
7860902
260632808
17451031
770450391301394432
41805357
1550583240
138203134
963631905878036482
1512446430
2835152008
296540544
996080367336542208
293659365
260080642
28969986
2859045220
193570988
399796571
3214181795
860303540111106048
325891927
49573859
797146710350958593
917760762684301318
1513928084
245976297
14190948
2441971219
2215836392
2797166390
955598085526360064
66804351
15132414
3265372914
822898968237514752
16574558
2156146760
774274567430889472
999392689002045440
2269570470
26638398
378668885
42039302
18247160
52066679
3194677939
744925057114320900
50746227
284602316
870427994350907394
271655728
941372836480012288
899384503
920343626907115520
743240546760691714
127305588
261991370
14652182
267856525
742812465390587908
1117836660
184128260
1950586873
855909709458616321
2535827684
771831548
19596592
410085137
3003350403
2783025822
2185519721
178193641
717198305978105856
15348957
191230576
247114704
155558014
2655407418
31557043
117501086
2218124766
835541253601308672
771017602575597568
131348685
857833886289735681
964635660
981524245619593216
3385300678
749397927462703105
19463173
907179619
2968635633
59874515
2749073538
1855403432
21274226
725831356828278784
3956167653
2887091908
174819574
2638496201
2464740169
64092459
825226207666921473
246939630
897114566433419264
904690779112841216
975601873632641024
701852383
1252814186
1344951
1969181172
706659482277945345
1850241319
7996082
1240317170
4839098981
282288629
2523100085
230264349
803708863828594688
922165802480160768
879714351321624576
12811952
831319111414210560
83914665
2532651518
1414173349
906545648
965575803596673024
4060093709
818619289217466369
19910041
713103308
220060964
82694637
55375337
17450599
966075415902040064
825558566920650752
1317129865
15637375
29501253
2177331032
507582860
2572543462
250386727
944444087666692097
1032290077
27978179
587536673
1148468052
1017637447
38029205
46466423
291797093
1915033663
19873152
2467791
1270426374
861644394214166529
964481775606140928
1021257073
1787201851
2274687823
17232357
1096179054
500018267
4813296861
962161477707812864
2835428081
502135911
325092597
45632627
2544854022
1477691611
2886212542
3324301393
749287218707968000
2386147572
964032914626359296
965266179836252161
965015705123930114
45565185
964531745893863425
2816784923
18893580
2717972807
3019029499
149085844
25728193
381687444
31339831
39943742
16140071
331854460
877232592197738496
262089011
282646303
65140007
612473
87818409
3215160807
36740407
101823277
158759480
3103266993
19767193
135522493
35516339
726016388213645312
2230047990
24312293
110326494
19381318
713299233978187776
282065761
1415772073
605426336
1413578461
917149524841369603
1436605442
417357386
486421403
826996098979987456
186302155
1669325431
395284663
1259043697
46822887
525564333
12169762
1247953556
823272351001284608
21059255
65497475
14138744
16440632
130051975
618472298
627030795
27911117
951894269731762176
7786612
21526029
51113995
727628220099526656
3609970577
3817975637
807597668172234752
321509053
786926307565309952
761096055207317506
719865369532481538
914791604132642816
35031140
151732945
808028149602799616
1931646649
1071938672
332967893
902539065454608384
581302009
25866156
1036256894
615857248
250194524
1168677894
2600081923
2242041483
316057426
304679484
17797390
24949396
2910037419
2564378466
816660290121191424
2884781518
940677574144995330
798841128946528256
148593548
27013292
38489678
30293514
216744446
594565064
23616628
803694179079458816
940675464359591937
851211
261901970
55334133
732342777737019392
102595595
1924414555
928032783368409094
577757304
2202169496
48582037
103110877
2375509748
257033404
57056537
935301052068388864
424708525
775145121075437568
350718556
1215429763
948599802
36972997
835740314006511618
1517035471
750331049020952577
22503013
661613
1631797298
1336403120
606676795
775279674
2446349732
4137661153
2739639912
3762751817
34133456
2669653430
49698134
2577238668
909779501546164224
3839031432
4844910083
768147122
4292624962
2510542189
22877176
923746558113402880
86336234
3223426134
340613443
1262498653
309124612
916415427152105473
2558079356
1353398378
738796494
3400840175
75403597
838828444930752513
811292290484408320
3788262252
18478452
467924781
2336915086
883368967192158209
3373882325
21438263
4041536238
3386939842
74051281
163646514
2781092388
17200359
785223288
198858209
19677343
55721568
833974304
48181024
2535516948
810590628727914496
762407512662507520
1719976122
3301766274
204525722
21603961
11348282
18916728
33256849
22657351
80612021
3632690835
4111281
155543067
15907183
2321615310
153944899
17542672
5943072
58913244
1337271
104570978
467655057
2300278368
903628666093142017
4800615289
3535662316
6580122
165457545
2227216950
18458348
3645366022
1439152531
830480880
15279429
14982804
2646866478
937499232
56673806
26149716
333760306
296068991
1731805261
2504932662
885564911979507715
1041346340
757303975
466519303
816869611480186880
130496027
278770101
45550693
3070360508
822551217763184640
63112528
15537302
19877186
847821283
409486555
1155185744
854144860009504769
830968592359444481
816856262751064064
27566718
782325
1890865242
713530160322977792
743921684332175360
472587261
1318712438
334385278
19166519
3299359349
2544703982
3257443497
2550422984
2543833286
18944403
935452448
2476794959
254173554
366069531
262484862
54980057
16365305
728953525
714207779125235712
56864092
24195214
312793268
875029068223315968
2494774368
4196983835
408036857
16725416
1887316820
132231007
47343108
34389670
764713722904391680
2916933319
865003917096083457
45055696
41569866
3195032471
748268120649826304
64822455
2342162090
594503585
821782476515409920
2766540421
351130417
1403480940
809420163711909888
188803750
2798880063
743550611115900928
139162440
861711357556772864
1694040764
45525063
80758116
735153382558687232
16949344
54664757
1583624022
80366991
231510077
87686159
935068962
2918993245
2294724476
1518154014
1040742787
2566220971
130259955
195376429
2317754252
2752213056
43358040
1084650420
762636418430754816
716272408810815488
747880802340462593
2523903076
15615120
154727533
824367669914779661
1917731
614483443
2884657695
4709956262
134970902
817177922192736258
71652085
37674702
1271635550
157648691
4731316813
1485231470
822264200
789724981
14642495
48898073
912099882
72875264
16129920
20150502
37999041
293303534
31448660
161715155
587527253
36948268
1360123088
376274496
1656755996
248735463
801473604
36686040
7912512
813286
1209694189
14260960
824467746436120576
824137712286441472
824028553067032576
824190260338954240
17220934
3240143771
1769646126
715669667356880896
25291859
15165120
19682187
323332709
580097412
20874773
20554353
2259382100
328679423
1493275074
793191552604602369
316389142
3420477195
30065770
271725689
17293897
18880139
116080934
1423118240
266403203
1526092836
48807945
3536500937
2836918220
707983212169940993
2359997047
19889825
3367958391
2350461168
15147397
442237496
63302020
152707579
374636494
760475011727650816
1412443590
130230304
191678703
1724030904
286316372
154596464
1304287518
16133391
4127514972
602037752
45900287
2925595632
33941906
186317110
2604551610
3306259875
726552444625408000
2214580777
1582124414
554036831
30940601
24959108
39250316
24178302
30973513
58815706
377284121
65934237
751452731924185088
4332626001
860150582
479666165
87277959
19472759
3195568898
55117855
429393561
4884405095
3511142474
18052902
1330457336
4165941214
3436078210
1058520120
121654939
699970558205763585
252521025
46574042
40069014
47216804
447692156
2331830132
29450962
305216911
15675138
292594517
739244179033882624
3325435721
23031094
537356915
3365960592
357606935
970207298
247334603
308551011
452445098
1304878681
2437437624
3305329290
4149767075
2375643853
25605561
94468605
304543512
385434272
2173280120
322917035
1187628968
263215316
2303751216
2792359799
3136297572
16188864
45599081
16170115
3903455116
1447377270
1536791610
5741722
2631929518
921934345
99297884
2766583633
2830178543
15684801
384427029
453331031
229132833
3350045627
15649207
18272473
123691734
41821987
2313867102
224495471
558148770
3293218804
1498344972
2733320850
14870177
131144285
7313362
18510860
601526154
27477243
263264823
589675535
2916917828
4519121
196202416
224292251
593091020
60402615
568282577
380254668
2984850071
1868925908
2761284038
14589511
149180925
3152224059
2232352123
384678464
93492319
2319108198
2209742392
3220244422
101759842
151640525
16178090
119790662
923086782
347761231
1646677495
2791754584
240460819
125332101
432655112
126716172
3642336197
46243937
2434067623
2468149548
353297849
94438457
1966897224
403520733
392104279
2466788275
3246691221
2184274105
216446925
1415713328
3357208594
38050032
25676011
57386309
301602567
228252075
3178291044
29193463
90684850
551230758
485714059
2564697607
95457559
2544217046
328301647
1887196086
807095
21918310
5392522
2316384882
2269488914
39245862
103224777
4044061
321563970
351906466
336051157
63511763
365418713
788363167
39118523
2398185769
2571047364
156097210
516666518
228092101
13594462
29977461
373693178
95274090
1426646245
166022406
1682121170
2429911829
338545569
26203847
2727652140
78890225
1403467675
463430827
19519376
78067434
5695632
8505752
82104109
1370610055
362668876
496385648
6211892
16881473
41178451
615287482
1337194476
572189872
20594413
301182041
882419431
1837769034
368930508
349787290
413263746
17180291
473633317
248358917
52726552
2906820023
993890828
242305384
51147108
63832959
757243555
1174509943
312068819
20280065
14317928
237991162
17495447
35760375
16514038
2243355018
1972769490
17482107
2149334239
36743910
34249543
399688586
764414808
2459771455
568825492
1700236476
9971552
15338284
360746350
2417630238
2277711978
1441548582
876338491
175235266
1710714792
1006766551
356872253
1278778351
919551456
1561312880
1139903348
1535034930
1379574128
14134676
2350406162
19298759
166902496
486871713
18143413
426041590
2750676553
51074252
890081790
2238041838
23092890
2364393044
524514890
35780530
118434971
347386319
365739615
14677919
71643224
242944187
4509741
62715547
2511002557
357988438
142146697
1256528269
153208295
860983094
7966972
32386320
22218075
1616214074
275850299
12160482
1375148863
64001425
1628701926
44294604
1711531843
1927411670
239037846
2615606155
466096296
2300062190
119810129
1049660520
211237746
1151477612
217665624
1875712032
2234743396
919294448
466695757
380224116
504974565
2306974890
170749456
127981475
1891806212
442480428
1458440143
2663214332
515887973
360568526
1615252842
1707321486
77473633
231475241
74250916
46421752
74629807
38047391
1890236678
12413032
65970302
1490481643
113777435
616767336
16630192
28917754
2182870135
16895522
64804607
14273627
327422246
274134768
63296666
1434643016
27565236
589940510
46677513
339264819
77014927
2387653921
345427908
847522230
37729102
310596714
489736607
153551872
1265726480
2298663788
22642788
112847408
244241969
214155884
2329522542
1094254459
1450594406
22860921
17716972
23995748
765935478
1072269104
135749583
61067425
31443503
14729597
14480957
355906128
119449154
304880098
1339835893
518058847
30000912
1499792468
23962323
985571239
100363894
39342519
25511340
78533358
217240704
25950355
16245822
26832834
32372834
15862891
18250336
159052174
28698001
6480682
15162225
130922325
22947870
62572984
27916865
14534174
24251166
97822276
50701663
232202595
324593163
2996801
42889581
55355654
53560219
357787332
55570400
19063117
15521075
169266318
31583882
158581322
28405031
23148096
162069635
16017475
367873443
198317044
17248121
56768257
19775920
509108182
18021496
37721338
796661720
242328548
189796719
115710058
89503894
225539878
237845487
105918870
195897346
95358369
158414847
41879925
29698464
62581962
19725644
56731739
24829564
16303106
38707252
115485051
145450074
50786407
45160435
40131832
