29770501
799047255378391040
224244250
178815147
202367186
284287181
378259736
23615586
269935803
578561842
18710600
22528006
17400764
113234048
130535553
4924046660
15976705
437879819
100124807
116983434
82142715
15466379
296023958
177285187
1451773004
91416716
44864830
8861752
129834485
799065792872611840
108356977
67728650
16673982
586291040
1006419421244678144
1067293117
4238678843
548755345
829151840440827906
973200428220518401
3165980657
18465572
23821578
16113204
53441953
895649539293458432
349043558
39364684
2224947382
48491083
52875381
59490293
95610041
24772669
2858939308
4910371822
570227897
314578310
862774328642985986
4823705386
111379452
906273991
233364902
22151193
332993870
613712440
4196983835
85563533
116313988
11691092
146099195
14089195
14154231
71074656
1547463134
23561980
113191401
826102076677685248
21146733
63302020
228871948
14086803
796811192924770305
829543596537806848
66710042
107441604
755113
14606079
65698096
146569971
31418514
125181345
108382988
5402612
14677919
822986971823935489
13393052
36771809
19996004
771043453367050242
14462439
110509537
18384271
3130392795
93171197
2834719959
1387388041
15295015
19160559
16906137
1407789990
901162760
33449644
1325598817
19081336
2303283168
1265685192
415580104
502281810
1250191058
17463028
1280980740
20150502
17994509
598949348
14848798
5392522
111904712
14773952
18223111
35206553
611292857
30925594
22084427
67928934
19902330
262830744
540428357
8350382
104937383
380425119
65501050
22395492
376913798
