274704093
4212172761
41119450
87371781
12127972
4764928934
213209140
807759403
1047601587592544259
225126641
2752410735
618355541
808638164411842560
1410549492
577121538
276911876
109237024
974668092499472386
489272486
2740654439
13326692
230701906
2343972634
66180890
3295453714
225943938
1093620482618916870
3047374192
374425392
552116054
442776907
48457716
212003271
873610495445651458
702250248605929472
2407630674
1160769998299815936
1375959506
1735442838
17627579
706830749492748288
28532658
562743021
36334118
801614917002375168
972826545768357889
374726395
941829517273944064
2904913023
14981648
1710096061
18145907
917037934401982465
842550390818201600
904869467238174720
956878455412576262
1117836660
257396212
19962737
89168924
292517299
1430729239
3326486451
418280057
231928459
1102327962
256658795
2400631
246811252
968134688652054528
3342636627
558148770
3964581797
1288552388
2811503196
811078892836495360
2997386149
1634248890
2932738844
636586551
1086251776016334848
250777659
28543386
35315865
2591058223
2713172484
83359373
488300738
265582167
243598250
1083425426880503810
750956070726664192
2756657869
808710134948098049
781173965796610048
84619537
749371922
505797837
1019974187975430144
2555654275
3070138385
239509917
1070247728561704961
378294515
602538744
47276713
3433407383
141376289
61872472
516983196
36943962
774054175
89804497
233991496
3830097076
17706519
85046175
8410482
1205869861
582872181
2413216260
966580628
2994304731
999293378
4882743003
19649135
226222147
180535644
36974428
26259576
2371069948
116287712
575905433
206001945
2354013972
316389142
74669397
23544596
28406270
226428094
33852840
279227782
621070937
4691188537
10328012
484415967
3301866581
186384496
36232805
193625274
842451749847855106
1065516585266409472
1045348761751490561
260211154
304510244
378259736
415075929
465923932
1045398820077465600
59134765
2688531696
625070495
625964220
20499813
66182591
552582271
244627772
2148009361
846137120209190912
3306022073
1012740822
14807898
17877850
740534981143990276
4186274777
835676407665602560
16622961
29979814
1132258990140907524
2870816765
335800766
24873392
132500869
307250960
522593098
1035465640746934273
1099383692982710274
30395567
916735110
30409200
1083479793612533760
989226723681153025
2582152609
1145321770402160643
2509461094
80135530
1017843857088708609
783792992
550317493
2869283795
113683399
18721353
765916736856129536
12588712
192942213
223416400
1373339172
836895267987275776
3883416257
101561070
30364057
988527994573553664
924072097172692992
2342613998
987858430231695362
854241227503529985
25168865
13784592
5392522
2808560402
1120680738645352449
1006015254873112577
18730967
459991920
1366085766
619050616
1105584103733252102
111366085
959736329537052672
29444665
42298233
57768641
8488312
1555799114
296831774
571989515
2930769557
936975673968689152
2320715580
196994616
1100791769002848257
25502207
2785681435
3302989984
1058745314
101326157
45539249
1098232694830481408
19316526
916980695737819136
845912168730165248
878867973641039872
944619875728838656
1094084813332664322
914201481674416129
4334424796
726459041782833155
2397407472
787906449116655616
1078700802871623680
180382918
19869102
605449612
1160420743
70736359
874151202652651521
3404297319
151402193
1958796254
1044933843084603394
14844734
37710752
2496941382
988862717518929921
550390041
4120721403
1122089491139825664
737173960475959297
705409101220675584
1114635096064237573
1050056225851957248
4273740022
1039559970
57100006
489374719
776882845
2469915423
511999663
782307632799449088
565658404
4634902409
4167320663
1337785291
265902729
904931740669677568
20862682
1032913113975336960
2700766205
2157450937
152656121
65045121
1084373984970452992
28978705
1060545835
3396291107
397349361
16434310
8904302
408614500
60893773
854985787
458733840
820077362
1139521639962546176
255945854
792782630467108866
189129508
2884956472
14914631
1047595528647860231
911936338810765312
984453277743026178
2361077854
531346364
1198510885
823535398529990656
739916072179138562
18285182
157032801
2919063154
2472069136
793572391
818438466543489024
1097826006428237824
2723584891
14699520
2268878317
1138760913534820352
1966226022
183866897
402971543
1874872537
487833518
621573
32372834
11348282
629492940
36105937
2930216239
78985639
478997762
176815361
393699284
41582030
909859241023942658
19206262
720336244236922880
1091694724891602944
3128492555
1541456366
3337332412
951876864506847232
899763601589886977
1005129048375390208
2792146563
1707427058
20699709
20481697
1066752737054986240
913813704084467712
899923168156143616
1107300953290625024
783295150931972097
187866781
909882161599320065
2447745487
3383001748
20083407
93219986
1131287185540485125
4473198519
1035179213278650368
522396732
910860797513027584
2408665055
1046103441720979456
565666291
506294888
831560410910310402
816093433643335680
3598556895
239889488
291099255
956558666102124544
3169963433
786047748508221440
750022168675688449
1108404441106079744
2735118005
1119947749494013953
35342590
475682061
1091202947546050561
872192243909742593
1058439709939167232
919351651105951744
1036240767411531776
2577392270
1072028185
69281446
627473693
138203134
19064312
281452710
26969416
505772786
3425441764
873986442082623488
41238987
61183568
848228447046557697
762575700331298816
455204484
845211824870113280
956269425312792576
224027358
2831956616
23390685
1035109203541667840
18379750
31676963
21202851
1534066765
234694571
975735690498596864
629655018
19364873
19815171
3343972444
1051442378203164672
948113780113678336
767892066
68418583
743011891212091392
2253692834
884437805920903168
3300526697
916561673565212673
790480757252825088
228784017
38212717
477173409
164000024
948683366269890560
742143
870591852
1110225640622604290
840275583330312195
942739447371706368
789565379202908160
904361224384782336
591324048
795733801854976001
22679934
1056192895814983680
82889940
1096949247289802754
1116345977332486144
1120381471590682630
87532319
987886014
484796656
897452035666309120
39721282
18499709
621353703
711169485558906881
887648194603212800
894252313426243588
570401211
921754734578552832
35270579
72819944
1120666596677177345
1064173546329509894
237904358
588999245
1485447024
10838032
1006419421244678144
19088758
222725144
3676450400
2569843521
295369021
966972850711285761
14314709
139020599
334920460
503581872
18958638
1011718803254804480
817165422
92633573
3323252656
891752384
52168480
849797646038556672
104201057
843187845930147840
61474773
426218007
918433838417760257
62350374
20505679
10807012
26250872
878999711159603205
4276759996
2564119932
852253571101986816
15661871
112475924
803082026
243324920
88816329
3370612167
250104378
1545988158
623881389
2735332451
1404954836
2159835859
948290388296650752
485102889
2491487924
1857710880
20937146
1361148175
380816062
71561207
21786831
705803209
1176592435
3402637731
2994740510
972093895784980480
759655316946554880
913393358
1421146856
3351675130
1372200414
19533817
16245822
145784826
466626618
320268880
713648564
1294853347
222961133
274479870
149272318
71318028
575388998
2357835259
19843630
757394390
155690477
19468048
42716278
308379387
211675022
16031984
28583197
63302020
11757522
70424767
779758624327565312
92733167
437500980
2821205879
362032106
1030188160636968960
15931104
189618679
48203749
730209957384093696
202048021
127360026
24723695
2427119148
351566257
1358923406
303804147
559614467
74287341
636216638
987018980
146111576
14239043
977653745461923841
735447618311098368
448552985
1006191127270129665
3292977364
41509348
847921285065842690
1155497149
2827559975
20904490
3243356006
7832432
40854900
18341453
1355403516
196171319
20523099
189065376
6330492
19402238
813286
3272986743
365627981
738343710505750528
368274525
1302983966
27660239
137297025
222516693
1213502011
1196254680
95425326
2851146208
3164375542
110396781
70674403
99895700
38379055
27443383
317405206
146764671
70725281
206661388
468186996
128246742
247187422
435280585
1355017963
475690120
306166709
17806090
22068298
1597402903
2182880005
2791362329
220906392
41358714
18676177
1307367535
157722942
609106155
249125435
1444929457
47191725
565264651
19242105
19927012
17156053
2731605414
2812739298
52488565
903112226
211755009
804555482
12285052
20262258
4519121
20668369
222833842
47762013
355410879
2777513610
58321335
212298649
1041442471
64474365
166022406
2246165587
627892210
330921167
1462402056
42573217
159951505
91206387
37238862
607351007
551791518
155748301
1891806212
165510762
533583624
2241970584
88509405
20666568
325463497
960247561
23053980
628765360
2717694091
258169256
264953942
1287174848
295325513
2576652348
216979128
78554033
88978022
17898494
375305302
930781598
179248364
102768569
76956597
173247325
2553388892
2494436047
624767551
620976649
199620403
47319664
15930481
140070953
606591924
468646549
377883260
16912160
409317141
29804165
1283970247
167332217
1603796952
78905469
472103984
12415722
48377323
20847805
14445444
86158995
516448186
1018455859
630512304
2517946027
75887588
2327669408
572349473
449588356
863054959
2264849412
928109959
19657120
21634600
19812671
223841564
28694307
2350563744
19967728
67529128
24280870
196458749
31013411
268857228
31505730
255489796
2272963278
352351415
71229689
985025286
406994034
153966123
1053724531
21517586
17482727
571662893
346207393
142428978
90778418
2340231990
1330345849
417113053
14944532
1578141
1118451
13766492
1241258612
619942606
109016612
537028278
5695632
537117495
633216879
1946662981
494421053
2363836815
10278592
92356429
18157680
44860391
1351802424
36720603
152909740
1503532747
50277194
2473032570
740109097
3554911
936785720
2282404970
1239302874
18393773
528693271
46090073
1403560700
23415563
2285535565
1322410412
399597806
1307309702
18124283
270943430
1506794508
14051047
263641849
88005213
877567537
1577178426
1877288743
1911232136
1857239078
75123927
2275220706
1532085667
1252197217
2427743562
2293397107
75687877
117775010
431362068
355994177
14072706
519446494
969662552
412349018
803196673
56986489
189873080
713780924
989772523
22381957
17981214
264760848
45413510
2347473740
221405104
226857179
401570359
971635189
41601594
1910621839
2343812677
218272654
460187847
475678671
2195887807
13314572
503394362
76605565
20127316
196627786
621336329
183501414
211177035
616171439
1327865594
25087909
2413050392
21918310
19442713
19347347
2277666787
1530953521
439348486
1157027197
143086518
1184647243
1561448815
21641427
180327352
265382911
963401670
19658826
33773592
87818409
865611229
1594225147
30290965
95510244
14275129
226195230
26744267
1482779239
104786280
457279243
160530699
1524781
27529216
80245884
124886495
83130849
21611239
79024978
538464822
376267680
2219105000
370023898
28069658
454244871
22931893
2192072359
630144832
21744554
120965579
372777571
1060010336
21410687
890683452
1070417197
13215132
252124716
167792017
505125080
119073765
38205414
33972693
183707859
456972096
78270645
458283329
21560089
157086408
356902541
1852039830
168737450
1144882621
17446304
232641687
118484308
48913492
390686728
193483797
189090262
474163035
202566648
1676175931
185393327
168987151
321029318
106578674
168583654
127976972
156920978
121869155
883138297
402125623
480493093
197001766
865352768
71522553
242908331
175334166
132549515
620843921
307509250
613491958
284071322
152714766
28864237
256960824
1619909130
924113125
582089662
134429434
142320786
354279444
36333109
146076566
23329479
41363908
92614042
709454683
861060648
144972081
89736622
40846478
2200845051
485109912
1139530111
476947161
106730860
1299765877
25050494
447168203
233955025
363078790
277041135
1575934160
1023072078
250648713
146502086
340034849
19563103
276259528
14811775
20228595
16543454
1299995892
240286075
300735398
490575311
583778261
955939290
20635230
18720204
16210723
15949242
98877698
19339490
227344656
228425208
157356795
1464432895
107061895
416338360
263157859
86389792
602317143
604678087
89676970
628251837
28580759
18973501
467326371
137996496
22164524
78874095
19066345
23787335
115633811
20054788
35778829
197378511
17185109
274596885
230025585
5225991
467363195
57051476
229849002
154823847
452318335
21856390
218990441
186585181
20474878
526464788
20731652
302493600
26268943
1057732104
155844883
21866842
108390812
31892440
22906929
58431280
340613443
14973943
48391336
59553664
215705137
1440515702
1289037060
41098406
737293716
130310171
1131698125
843667993
1583039569
1757101
146139473
72536935
19655985
46947488
135273851
83450874
906101114
322743739
15209730
204370454
1239671
18807671
166402610
889086978
33856511
67396203
316327930
223526057
12819112
321361990
17778689
19722699
24148716
22800299
143039548
20543416
364988422
95209789
109320416
18491626
115431304
128216887
18050674
298031144
923991979
41556253
155183410
171647623
393973636
382678050
250582920
986238870
221702605
604560934
80871543
500667875
17659982
18055543
17062358
22021978
40914713
123785213
33229367
35785221
442847698
19199288
198584761
208996041
87418988
837386406
19812085
116701768
298465321
138022960
29681501
92570063
352650591
412305535
21724904
45341566
422282928
175551174
169453928
218524506
23602600
731713316
39997810
19562228
412991144
26851173
158336091
87190445
415681964
2813691
39522692
10460982
25311070
368160534
79997785
90628997
15110431
34960648
23490560
89486038
21235304
16348376
45579282
39234189
56304605
1769191
128292609
78433570
8295072
140118545
806133
16920134
456916306
20038221
150592308
48370227
16681111
27247475
40234732
28567809
17939037
20779255
35749264
24550707
90146016
19350455
24862758
16866617
33249457
18980276
14075928
101778101
19512493
48564118
14788268
10855372
538180715
395355737
135583203
15987295
482410712
338407260
354221701
18985501
443708857
17843175
52756059
15862891
21218907
176038442
342677009
26992475
32493647
374474222
14677919
1435461
594666501
11107172
14857290
22555984
1140451
14327715
19808176
333615851
14834340
22419487
38762773
45516390
19062483
17781165
8963722
14188985
160877807
87487545
30050762
14647570
615205006
22151193
717313
15859033
18837385
517947830
19837528
17567533
17471979
5402612
92387737
308992879
307585339
16434273
19178857
61755650
20525807
82212340
43002582
11087702
21218554
23962323
4620451
151402956
15143478
15234407
21576334
256495314
118975084
41330205
21581503
9207632
79783264
88722311
71358853
6705042
31443503
207005068
8005492
33315010
14085070
19767193
44874400
18887526
19394186
15439395
