1148522542631661569
791182738149797888
784397947374964736
1149942961
378259736
3016632889
55259925
19453808
569130639
515946434
946036297
1729929350
1148240513247731713
458681608
4882743003
299012426
1126848342766624768
2217401528
475270085
702945804932227073
2582894378
374460050
1131901681871020032
865119624
1006956313
419719281
246153431
1124259973083598849
1047382526078140417
3041801227
399571554
786111619076096000
610266056
910087052703813632
827733619
302516861
405695447
2255119310
405050849
2210225249
1859575814
300205226
950596668
191855507
742543573
1200222234
824678237410361344
405670671
981465147431641088
624131846
3346555161
1563349772
156287157
952432573
45837004
1497616794
870610462509068290
17310915
14499829
193237254
2999462727
2771494599
735212848293543938
701502190901399553
2684912433
221013588
1000262316
1068967945
586499332
596412757
381069428
1128541832
972987283
415551623
67333343
305582339
447297978
20497809
278072553
562048640
320705144
1182075336
1176720289
243442402
42162472
150408926
184910040
407977463
251496825
85452649
14123683
185314895
16409683
