351057921
76993618
604882840
14942701
14942684
14949475
431734263
102364583
478458740
609413
26589987
1337785291
2158459550
15862891
398147182
357048033
4200716788
937050321951580160
20002004
4887535545
234525371
207219068
1090804489
3030241875
3940281513
174251479
564853309
243670251
514906408
1006675843555495937
3369122734
4835236426
819650456
16188864
1128132072
2924865128
1087321546602020864
809980906404454401
5637042
863142675297566720
106073647
963260988261912576
28107486
2913085740
953096331668566016
993469641988165632
3176814231
2906686541
1006015254873112577
329762114
25699393
2741516197
1042736008951934986
978658337926426630
566226913
153814910
1125778529902313473
224607656
2150558866
1125464099901595648
216776631
4397553225
814824506
1111642277078843393
553193807
14647570
14746356
378259736
1399640347
875299006590709760
41582030
125370749
19658826
17471979
87818409
909344536463372288
958406105784299520
23443984
456842089
3127627035
1090269799
944122434554392576
604880882
20077270
3164570914
3404241393
2763990767
2636125542
66804635
755349160094728192
2879399915
2258903513
351257621
3131550653
3165631810
260211154
416635579
799655145109909506
270880724
1018065401840852992
844888072957374464
91070492
1117786405
139563055
1122881524481896448
827080524632096768
1356836395
16582027
543547943
968387964
105192539
437604853
60587614
1097158774043889666
24939978
4883590246
916005134
368240745
808752330829078528
756157737608712192
996057418713923584
958367245662597126
16460682
17437511
1072887075362480129
3228462070
1008288766782558208
227070585
53351410
1185502038
295801326
851724001
137406244
983151167369867264
1039264520160661504
73251301
2469950655
2361413906
818795049286848512
840613890929111042
2314668625
813860534
22319285
4120752795
351401071
1262137098
994511898
2244306120
248557341
22752860
883353569730211841
48799978
1595392003
1400404514
46473066
302769804
137717878
1291199636
52584039
133483967
3131146264
1323557641
848877285159694336
893985667
1596721711
467635219
736442642
360080185
363050539
948029268
291250803
2314479302
28838048
280927555
618754473
17336417
265394513
23460700
23056885
2455706240
24925341
43963184
399922316
234428224
771355174904422401
28680544
600003209
906250775130771456
885465388301025282
898251490229354496
22151193
504944503
24731408
2976797001
845743113150906369
1447402256
632764763
1439599202
3003814834
79558188
985856878457577472
3689517197
1017680979132145664
43311494
809334949
149057604
741004271349596168
798885344678674432
740575470526287872
1005400851563929600
901096044024524801
884110328090554370
2233768816
87204088
629378268
3217620251
926227120526888960
4834031404
612473
987279855917158401
2720153227
994208179864113154
38485467
930542905
1948959523
206665262
33323980
56781592
872477465804931073
1928823145
239855988
70406815
920605435345981445
1050639535
104599121
3102649822
2300320380
78058480
78593378
57418165
387338003
49788537
2866441193
20504614
15439395
33474655
42622744
18887526
20536157
2423478840
20979244
31173665
822215679726100480
335534204
807095
742143
17919972
813286
11348282
35749264
39475490
29442313
404398960
837806874154106882
472457773
18309277
1689190446
61183568
36725639
1923799752
24703488
725690011069386752
23870099
2589442628
727218605780275200
28914832
2361849644
24638043
335489061
113158912
272837956
15228167
41294816
557091470
33715583
59949396
51171395
608152760
22666390
46917651
2343994460
150127569
278404189
2225667127
1491551942
296562897
1311869394
27221836
20641323
21784622
25573936
2923195520
23083234
26139169
21819430
15934076
202766654
40041432
43812483
14194117
174312928
295854358
5402612
606616677
3303293865
15234407
53975183
630953090
2885042988
1101793694
2974724375
2812768561
2943583325
926457968
930271304
284483234
2334008206
2739930992
21255978
2565853348
2418209232
2400958227
11457312
815337980
1270721402
1390539486
2466084856
1557483740
1310470297
72064417
2458414939
198270108
1909048116
78622751
1907693462
300805257
208019751
27466653
609812032
14631115
40059553
379662704
315919021
68835298
1196978802
767871044
616581315
470554722
19869102
313525912
433912831
282647169
26563210
21447363
508752149
1009378358
220283090
69641071
882163554
538345511
844469538
410784399
709479432
593761736
508824358
984315500
607357836
15925193
45251373
9375362
79293791
