784397947374964736
1149942961
378259736
750344739430555648
55259925
610659001
3169963433
1024383782860869639
46220856
1073081825159917568
2905440476
63052439
371588520
24848604
71548007
269394117
798508200693792769
1115627689451200513
148635597
4893080543
1116663784385515520
849797646038556672
108899342
57548920
1533844754
370905651
3288618271
104823618
38186606
934140213093371904
807442387
1018714512994824192
7220752
4486413563
1083243070588624896
65658545
2167059661
103140327
895055384
3092217489
3457786755
1074674526112354304
1002266913018433537
2546757852
2300614526
2919819041
943420740891791362
1026299100038410240
91827446
1045682150287310848
943405238597439488
70512125
312773424
914745132
2825550702
925811782446403584
1040106128
87985586
1012433173546979329
73428007
15053012
373714628
968653553047867397
2265096360
19506790
732061772
118484463
2979048599
1034256685798449152
15249166
16870421
275679139
969061474860716033
745911914
993739562
950788068096831489
846422863
242844365
270178323
323958081
138394734
907301044966879233
55220637
571989805
385771400
156835333
10457862
51084344
229638179
3229826625
2994961
404484875
633338679
2935982637
308151547
2343198944
1259043697
17580402
919839966997434368
848330169311997952
462393291
2363290915
93669979
51909512
229937836
340282483
18510558
2721530475
3005368583
70552346
4815038938
398087684
2922453853
3995153277
881698125668331522
80422885
166390394
978336083388837888
19397908
65387261
23906805
16523135
561349517
477876242
958121236525088769
46245868
382393
18855622
32546966
8472272
115494880
768197780
956308282716688385
582149453
20167623
808142928958910464
3870010583
153825949
68746721
551936921
555147259
118455518
164117531
304679484
48466741
27047369
905107382195380225
365145609
14424551
3390176733
744013688
172154814
1960705284
1657446090
69133574
31042905
2611803156
22657001
22149787
14622066
736946307059830784
534563976
2307675307
3122937208
389837784
748874184873242625
63911806
180807031
2804206099
161402816
882754790165553152
24228154
44215530
4824029985
9308212
14107395
2356850086
5923742
3131243261
256194381
52534878
1050954902
373048181
153934402
3772110923
3026406689
864813510072709120
872557760906395648
842523857567305729
844905623544348673
282102129
118796851
216939636
4807571962
312261536
176883031
73077683
441560048
824473943931293697
705807268835672064
744046387365560320
761335741586796544
53132190
827876454100791298
2327556110
17657107
274238666
503008075
388169111
367239310
827915644842733568
186457433
17441233
295344317
14621504
235261861
1536791610
29442313
824320219866923018
136405488
2802834976
97258832
6769622
38451631
2344788669
798165447300485121
146567174
70344790
2900620029
282948704
17939020
794458165987438592
3426462868
97999837
2210914326
39348006
48374421
856348760
754820495019737088
16105655
3201301714
775754193386733568
2210710508
772852043098759168
128622564
447419989
201479562
342171827
59126394
3083944883
14543569
449206663
2918353661
13689612
3365312853
3890381963
1375058696
1259971356
2865300569
273665380
3662797098
104786280
58986916
3166263400
41685761
57025078
35287387
2411428387
3104747038
263653614
215418306
4047259155
2367195495
952709298
2851146208
217374089
293601379
87684683
3695500335
2201549407
4830638777
706989807524814848
4704812826
3111439953
4531940473
1607093761
1636992931
58192120
2270633732
1393969782
2870395647
3251660537
93579404
2869042425
118078666
2602440337
1182950106
904860372
4625121671
143072298
466882554
434511852
4433216729
14335498
2667490416
1165955677
5869822
420518954
1072230956
68703990
3396572237
23462134
2996093368
93912821
2389556646
267018166
3305807722
393195424
546898166
2370227893
2175843914
1380628422
3311314239
31035700
17003765
39816942
205195655
2731930243
313329050
1875583916
22419487
3357267310
3354306262
1343703050
1316354762
221112593
20530377
3072213549
863405239
14499829
3213278067
59555216
338240032
112431151
20520190
2921739057
3143875313
3254972054
249448089
313468025
455082561
1525145046
116101602
3222291459
9379462
211027272
267283568
42102939
3257772921
2965448735
452500840
509375083
29735775
15049365
1377900426
44136211
287406953
252900809
843899234
37892828
175411957
52212747
398268316
1002868244
260751128
125451101
148801400
2961069087
14174897
234947344
2363506767
18138971
37971731
121656574
90684520
927646752
312386624
54819839
123320320
33790745
253536357
176289275
199792190
2433859384
481339325
2724956226
2576383495
273935884
859487196
25567037
42936819
47797211
350533445
29452677
118492946
393959927
152305016
14136882
1586287452
253661896
580240697
1930768440
38892114
548387808
60111336
384507734
259539483
59491406
51750033
310504796
53949062
65145922
15871746
84172088
313140358
1363715065
38630406
30678513
100315623
16009410
171179438
65744252
108357539
131234850
174776928
2366549294
407158793
856631306
17604915
94255611
26265894
2533229838
2902355819
214821759
19722699
18676177
26947396
146991741
2543753527
141305025
38259453
1140537680
224392992
19843630
147399233
771882566
316656550
2582350179
242459342
263906729
465877306
70555267
321431182
221599683
55573845
15823542
386708927
54917075
150820706
2743924632
335467705
300488796
90258002
1149541562
1676111497
211192291
22465084
352053266
231577324
2687920237
104522861
145465994
2717694091
1270051867
21203832
2539997317
17208756
1109367552
130383421
2468110736
72598303
224631899
2573018690
379497710
22596503
27319761
2165229032
19715237
15617416
2387201976
1473098402
292424857
242501980
1462186770
402120585
541979540
42945901
125695429
55066800
370103027
79862085
626897898
225198567
2464940682
615160396
167651910
363484481
1536957973
2408130463
561684658
8932272
189253902
12085352
119473102
555379932
11348282
435791687
1334443873
120329374
348339816
88250238
19657214
2401783742
6705042
19725644
14647570
455353260
113730224
103082179
309164285
9983072
109143408
118533921
15846407
203186089
89019171
1126232448
316327930
2310347017
741564762
402875257
283637445
838464523
2241733927
1267118816
87922605
48866336
239914756
20280065
543967083
41009357
1340614686
96661526
57468209
16907083
1886909492
116994659
83608589
107225267
341675002
292857303
115184877
1924615734
15143478
50506982
2195586683
211167741
1861440152
210499012
2195128626
599413346
1380067634
143108509
62186451
118816205
1319147095
162535413
175849637
1258089750
217432070
201857425
156254611
62664120
1299627558
454952766
82669767
1934380003
23573135
1438642800
392829791
1639018614
17912817
68762945
376895479
40256448
53560219
1701991062
1447865700
122400491
215435356
125715227
101607685
145355254
1318301670
1055694566
97337527
62937960
35293191
120908561
1265602584
202284931
67752216
1307614093
76080332
89272305
38424596
291356337
118545156
34362962
282398561
1428575976
591305346
508097690
606528269
302666251
1377628441
278660954
376955942
492530380
1449177847
88447149
472191967
607330828
32449177
198878172
177306906
355219322
1278976369
118698939
59215690
1391097655
122131923
172603087
1241388211
1283295150
323485231
1093200248
739521302
163812590
320755828
329774465
224687692
43335635
263844160
126757423
13837292
260896372
131615662
1025361858
135321983
52403606
65406296
65540297
408869692
54664239
41308320
236655825
19726230
592044424
140475927
37492509
843477252
570043141
732802368
69370010
220964398
18248645
214563325
372504289
551137984
20568693
803887027
607934127
232224604
56219974
105874636
346789357
348090653
89029095
591213029
14749606
494126606
57015564
9207632
309236044
407766714
26748889
380483545
487833518
376936946
157764316
264399952
16399647
108670658
172252956
8963722
72453704
419831506
69382909
408095850
4010871
15625383
118868485
420434852
168834725
68763748
380981689
58022726
201747553
37965578
111305843
382267114
197607452
258847118
174063327
300301790
183348953
225445834
265631324
37966027
164720697
36843988
73459349
325874995
124312668
264873012
289657516
209736022
63226704
17089636
41774468
32372834
16736293
118926239
70466678
67479569
209309794
15862891
107300673
117191924
104955868
200780053
121430575
118473167
46529156
148212683
178023553
51597098
100219276
37978929
80462083
104915928
107900726
16392202
37977291
57964208
29222150
33881434
37701975
32754385
31235254
51200175
57822787
48769790
51282313
14275761
