146538068
299400903
74287341
1194843936
1105816498579427328
3302088434
14243008
378259736
890674086950559744
3568586475
4194013692
977700035554050048
40411094
2745226392
786047748508221440
879783542498217984
1514018473
102229150
13393052
1658294791
2854909543
420683996
522814574
777156878
451779219
157249084
236463512
1536657012
948024944
3060725758
771442401252704256
1923959160
1043709756
512390709
1632090733
2564572854
82321731
50578347
203714426
877667395778732032
769247751376867328
1377268357
3234103699
4824963021
3764717013
1012611019041099776
496588321
848946771342635008
3018077983
1935925548
983728329843978240
431348814
2149644266
555389282
177733779
935734495491379202
3761774727
3249415461
793750172853530624
183226171
19030154
720333990977212417
376978092
17025700
72386135
2615937348
1337579118
320742580
2852283527
3178611553
744046387365560320
3256220315
711563569297395712
2780861190
3008072613
371911278
402468568
30787599
4905439887
209296490
436173962
899459529716453378
446758763
931054330211393536
2255749656
4888572009
815346168356028417
103079977
930199774505996288
85314300
185248263
185017873
37188820
894370065054912513
911451599054106624
20493524
752565701827698689
788280852
1398449161
16287007
700024044519714817
2985048561
2968399947
2683617466
2452452098
3068732411
2549047974
1339835893
3932191647
849666375920603137
839441319823097857
24214576
852648215325405185
22200760
928015122
102900434
269131812
3196845300
910888817372123138
756908935315984384
632003260
958649520
3645858808
3170411091
883469662775894022
877205636131336192
860901594380066816
877647232618516480
344211118
341080159
1166230032
4919309414
2204143046
3016622395
738505454129664000
748207868
28840059
24805185
1873706053
1522917078
6580122
571202103
844702667008036865
1464676063
2241372253
2923130370
838887334410092546
387441747
80067320
800149742864871425
2937502370
423073372
1583877025
338404417
3240143771
280682644
822470131439857664
603153847
4452239181
13784322
16188864
392463691
569471265
45460160
928997281
2572844671
2221323534
963357608
98906407
572719083
91121756
3091855409
707654624
771077959956463616
434289945
1894608870
761725168922263552
581012668
1491035641
543115942
747647379583680512
1915514191
3324037438
238528404
766387657
2446027938
746758072333283330
4777767515
743169636670255104
165593361
590997269
2440472432
527851260
28334733
1530308550
278249128
728233139848527872
287682620
3351698086
3518864172
764429504
3070386906
15154811
2513096779
18754284
48193951
2505659071
4622526914
2612715468
2279076955
282087103
15666380
20268980
2815369879
1144882621
600288813
3580507337
3434332955
3514301607
3439459695
3435976557
3091392778
2190910394
2591966634
3150029837
2865977439
917396563
2433882232
103074779
14589511
2904630494
3321971881
1851714997
211622231
3423348935
88425861
2911772355
3296945904
2978182494
2547103998
458642227
317131909
3280017013
2421272533
481553544
130155229
974213647
220675687
2821205806
1704035064
2799098311
2561407350
151094396
2557441026
2553102433
3250828722
92599613
1729866499
47611442
1526117282
19518147
526897160
484034786
3795281
2496223128
2173351603
112797735
486551274
419688829
182440349
2866153839
58529046
261339183
838939182
443870815
1865237078
46335511
60520655
65957957
403116484
2974862175
3094640067
613714658
54788223
1375793112
16275640
275717797
317187060
2823447918
34448653
192027674
2612963857
20627870
2444362700
1418745782
151650579
393588762
253010355
33546748
2979211815
38676043
81772553
237789011
78693685
80937511
2717694091
114885858
1191668472
508169380
239459886
2310767355
1543933380
1232021550
499396922
45264368
2215842863
2401808527
28918647
177316454
1942061936
2431177392
193625274
2859374550
317178030
225940522
844793516
358516202
1716830918
1873648212
770261581
480618253
2428230403
256676134
2252850199
216175457
2795963878
2213393515
109106244
248958927
102413533
761824086
432596689
2576023267
2372905724
2790497064
47247580
588795991
1214327648
159894847
2737262224
2717097194
52861612
82238919
1258412390
2680119205
28245852
863253494
2194711412
2551784844
823939969
2332800709
607201060
248732351
855845088
14166096
83208630
164345736
86176601
772396639
742798658
1378590138
1673396222
2449901917
415822027
375266320
92676153
102163036
199360809
180505807
2327417043
2384083988
997789616
2392707207
2282650604
926660900
2329380715
19839017
766774591
427752733
335491194
2344137236
1167539070
2202429150
110520692
325144740
2314535460
539994764
342947677
150592308
48522369
1717603098
1490348881
2227646400
274606474
414247104
246337027
504730203
164513563
31443503
14729597
17156053
484940303
60462205
15521075
118689933
38630406
2157349418
141991931
13250642
278693248
389062210
567753741
428694938
166022406
121456986
1939814184
1435461
13787402
1276073653
110623731
311052101
285658645
1643302016
90755137
811484982
524526112
599897463
350968171
1891806212
735307302
80476208
2177671782
1950110564
700907734
1329895700
87706747
260880504
1286660198
1855383258
35482055
51628461
14709302
1393633862
27572053
10328012
140418215
1148491207
274720981
406708988
46145761
65233263
19767193
18227814
322352751
178058869
39196055
357943491
252311884
48450558
16630098
19249062
249954982
371058367
209323373
60862771
848483094
365722135
195600578
14085070
19402238
174847568
1072269104
234808047
372103913
262359713
22674756
44364694
12413032
554061072
172574136
91217312
28768921
49042836
584328028
597924995
330055239
56202639
130241862
67003972
178752440
597642069
459641265
98986599
634330179
9279722
84666030
17171851
15147032
26586635
117258992
17180328
1339853892
363342698
235811645
317166471
238342459
1281472928
1249676186
1219426350
536464567
125726111
330540595
472872558
534026234
204832963
1155653510
1002605814
16672668
284904670
1134896382
1121211571
57113512
22647801
274372691
16957321
16245822
394216985
37710752
8963722
14506253
1053798260
1056513210
989033202
382428563
851743508
411948548
28232641
813286
14871080
15795308
304185486
414295734
17929400
59632211
483997546
55570400
250142699
804704856
792259796
52390106
755245382
216547157
482569509
18001717
193530910
26287962
41073372
28463568
822093253
18732790
394143144
17088779
402346810
276110444
158414847
801643050
346548002
774935347
619857402
16817883
336116660
14075928
45436858
21148293
16303106
417384342
234129489
294932561
295781948
338219129
244243684
512446262
10522042
15846407
17596622
25521487
31145243
249482421
480982048
21782753
74569983
538714687
15485441
555543375
116602477
96994642
25523838
182634546
489506797
19377476
250166533
382934523
171262333
