31650414
33663407
14114254
1036016845994831874
3115803458
817083
15763973
1605411048
802612945129799680
18324466
3274121605
1678601444
34032998
1370512346
958321164048191490
1096058449
378259736
628698139
742769911
3266258420
158445476
10328012
1633496226
45255968
385192397
1522917078
392463691
4696728842
74287341
51111863
112475924
636216638
1620556356
16491676
1325951616
2764811815
752967707277029376
16031984
118975084
986794331582365696
1480385228
16435797
1923959160
3290762269
842550390818201600
355036400
203714426
750022168675688449
1066868172496740353
786047748508221440
201193758
40441279
70520815
131229443
916875419445547008
18409578
1106717004
914235830960558080
14228991
499999967
630850107
1430847793
1292288262
23902144
542294637
172743125
761022011539763201
1055782070214160385
1021892427349671936
506252114
53206785
586521218
15728841
22465919
1024715477220712448
1226145782
2977931269
19624836
512554477
170897911
177095423
30409200
14790966
1555916372
3092878618
316524387
966022280
175463790
2417085025
724773919702585344
87403396
711983919466356736
42024854
1042919855077306369
727803878880743424
931732853926383616
1127946128677380096
17939037
298192967
149548725
74523
328434508
27624938
18430758
57107167
193121884
3441747682
1105574758328877056
909065916654211072
88065547
102475469
14202167
3315414452
1069405516076445697
14742479
2263046664
58788487
4894011134
10508262
242218542
29472053
993309157137829889
2652828374
1433277684
764143993923907584
841360788216512513
13126372
1049981767153790976
866426699193491459
39804874
3265372914
4799719876
15892547
367252902
861892597
4110661049
466390179
1102455861459464195
726975439
2715469945
21386630
1180894088
126093817
1644642618
16685295
1345563168
2801555199
40474997
16733735
345518512
15332748
1137599090802356225
897782701
907096342555639808
14538638
6530322
1134078644391952385
389792979
41273
2209164895
88792801
2317900526
22349183
3235532388
15635088
59611400
366624801
1077998150
25183606
33045631
299659914
19249356
17303769
22098698
40059553
554510636
2484446856
793084950597677056
19394186
17767238
37193889
23554268
2426
75834153
499104309
82673140
1003051590377500680
17033335
113897988
117564315
14631223
18839937
3140254020
5697222
23641386
250560251
157337808
14525172
15099133
12702822
3315766473
2319062221
861116848686809088
1129283312
437464077
605042583
1059654052257116161
848945026822414336
4493581
26632759
253611229
14981648
187518287
189618679
15526110
3218339445
1831789201
607579159
35075304
384687345
15866800
96049182
2496540206
3172813793
705227610
2908557157
17150022
15334840
309366491
795717775989833729
969275161
35823559
1049445999968743426
314754247
4749740246
15752235
2460047754
2457755340
3291744028
160889737
1601790200
2854761
35498568
5818662
3471901
8501792
220226736
164725788
15442853
18098830
33712213
14239505
289087494
4066967234
3919770856
138668717
222404487
1002269008861810688
1006970655278075904
48132954
12418482
2343198944
16991114
512410920
214918609
4083531
1040034655544598528
442105776
835803175
189997507
951952275685060608
1022079485527683072
2935260805
33936605
228955392
802850295315369984
39398109
19259272
3234616374
452545583
292870112
15394440
1958145638
147091051
3345419361
239700809
173630577
1599283939
7753922
15616636
1088604912311664640
58644658
143488289
18585485
1572082038
31090463
1102569092
447358332
2397400528
519559923
323535792
14173930
977688457232478208
121961272
18745824
30910171
33254909
1034576300814594049
867383993796308992
1497204470
4505359048
5614412
1085477550820749312
821527795939545088
9444252
400286802
2427764335
120937681
1763261
789190
14515572
14621509
818241273714921473
15616564
1870044535
6088402
42462248
19812115
18269124
8701632
825431774373232641
90392909
33823446
39097715
347363205
2611187136
4873301
266417119
279552877
951041
13744762
15119112
16740279
160429871
136524921
312169321
348381244
779209801
927068858
1114218175
21377758
34204102
152912796
8643362
14397163
179106488
6008782
582695789
3150777139
983774689104293888
10337412
60264283
1072796824526704640
4176991
205546805
1116456197975158786
7548842
1037077955489550337
435983610
452665966
801481330055901184
18198402
2445773346
1589428567
855741
408688782
817768494
375171476
1001104952226267137
343943626
473224816
718238471375163392
20466483
1093267236784144389
334321077
341218443
37710752
3439236153
713286710130442240
834629018179629057
238697689
23587474
17492561
8152782
2163374389
93602596
305175578
729049944133226496
848901
890372445269446656
57091812
2263279483
2440732321
14169916
760353522718081026
138143626
201419073
4785100993
854271160976117760
786750
191107207
22532501
13615722
364462906
22581520
134889128
182318488
3108033410
26161602
142296261
82997545
15488046
2417962999
189335576
705326042
118025821
4257056233
929263026
104562738
106802923
107281171
107890282
109489712
109628739
110969086
111060272
113453544
116102261
119375826
120789095
121641266
125071102
125553890
126718519
127215328
128071388
132657523
135577613
138169234
138528668
139345833
140855840
146248951
149239185
151822118
152067290
158065720
158400281
158524228
160650253
161732605
163729608
164613241
166583984
168067517
168707665
170174039
170411858
170796110
176147596
177246879
178230578
180283911
181980266
182171680
182345243
185898176
186529934
190857410
193379582
197353470
198661893
201746850
202376085
202432878
204087232
208926034
214045206
214677609
215342417
216348755
219972434
227117732
230185453
231773424
237825393
242069220
247095504
253244983
253448240
253464752
256167076
258179210
259087085
260204269
270826645
270969898
276212438
276504586
278840998
280166153
280254669
280778752
284835221
286985845
291009942
293293497
297102985
299455716
304614282
305631790
312227536
313667664
332018940
342459272
346712890
349436452
353282602
355230637
356299886
370834925
371156597
372978756
376155979
376618837
378076124
381777983
382214962
382271764
390287545
390661101
401657580
429207195
430931113
437072565
456380588
460145475
460596378
488809452
495320694
495436105
505814412
506953496
508757799
517423433
520838178
528493978
554450309
564603612
567162844
578339981
581641416
586492261
592019229
606762689
610192765
610281053
622887688
633344107
636639736
700118762
717654410
724738496
730549736
733123902
744918288
761805158
775030998
794880560
802671878
820266535
852923216
862504152
881288227
892027808
909313495
919464055
934224026
937844432
948775873
966486967
986276359
989656094
1017428432
1020854130
1028595288
1066151600
1132583654
1173048079
1216300549
1218896880
1245747631
1253178548
1299921306
1302649411
1320794574
1327388346
1351117410
1353938618
1365687402
1383011131
1389194016
1397143236
1418272579
1478433775
1516051664
1529722572
1530096708
1536056791
1548689382
1619729006
1610236513
1626972834
1628392488
1630030681
1631020987
1663167876
1672919473
1679874157
1880638908
1901819173
1922016678
1928236693
1932221766
1960993177
2163514134
2168857856
2178297926
2202041114
2215187287
2220998130
2233287476
2242536158
2298972260
2301548084
2312775529
2327284665
2330850138
2342565644
2360244098
2362618909
2365431582
2379087830
2382362635
2383205317
2416259222
2421291870
2429711150
2434689569
2437225532
2445195894
2457413104
2474532349
2490357524
2548756134
2551055478
2565438205
2581122906
2586997621
2608461901
2608540591
2611802689
2611995288
2659461194
2696891982
2714960622
2732299034
2801974764
2832427459
2860808106
2861141262
2866374967
2866598095
2885748298
2892290399
2931664437
2932738834
2973912429
3026125809
3011895469
3122402048
3107436851
3101448949
3092104835
3122868355
3168303666
3168740003
3226765068
3229156952
3232748665
3236271451
3291481093
3252851667
3243022220
3240518502
3298843560
3298969859
3311603498
3323126609
3364449623
3365294593
3370776527
3405869686
3424878503
3562121415
3664064416
3885326479
3999382594
4147296799
4494813799
4529156892
4763866872
4766012646
701037780831371265
703708137434574848
706973904322076672
707231315825979397
707842601181847552
710583415800782848
711729626482081792
711738203510734848
715408915358351360
720337867478700032
722080465310638081
724599251494379520
729935241758932992
735766916438974464
743849560586387456
751378903818723328
751412439997157376
751739904510586880
755753062170492928
764893490509512704
765188166391304192
765682734303879168
768167061138780161
769375158381318144
770797752942891008
774790492303134720
777116732402040832
777963505815289857
785221407802294272
785654999061626880
788753376649641985
791043217349156868
798141818751844352
799370341370003458
803438974484221954
830714928222785539
833746428472221698
834169027777880064
834288751329189889
835608513330180096
838491840126971904
851299523921969153
864631382466809860
866196075664769024
870454480474693633
876448351268380672
884422565921521664
885211554647392256
885525206542032896
892293247241945088
893601924917993473
894701714388860928
896031140141817856
905120949862850560
905786336732438529
908232944485126144
910484373195149313
928382921223831552
930131286659919872
931435231483170816
931311728930910209
939473530839883776
943204249697247234
948609064484864006
950882041675083776
951571688642269184
955844621434871808
959544337213243392
962115600930803712
962966779680215040
966115410117500931
968309837229711360
985311539396857856
990205324069031937
996807541001777152
1001635710426861568
1004887027458834432
1006621558612230146
1010149212477149185
1011969239253700609
1012818369966309376
1025804764435697665
1027550022185959425
1029573165444300801
1030656907038609408
1031426659914661888
1042487354294886400
1056589105394601988
1062674419557064704
1082228712274382849
1082393315008364545
1087078114272919552
1087953919488204801
1088382839299674112
1093112796269723649
1095713058683539458
373532774
40910613
176519485
544517731
21946503
1367194843
321788327
17630756
2583109584
849797646038556672
1710568508
984923577639026693
1089978983259631616
19765236
1096240401600540672
1099756581573533696
8349492
855499525670174721
297975282
260744759
24331606
21356149
1111847843759689728
17660678
267543865
258868912
293590948
836722389446721536
14507881
1098667082307330051
239849153
1111666226487427073
21517832
24480187
321620002
1027135105
183300976
18568145
15524875
1140985460
520944106
58564000
62290422
6540712
118707270
14091014
2594546979
40684090
7571752
846137120209190912
963631905878036482
726473379725746176
108359240
821942493394501632
912774860916482048
3098806506
24696204
18905413
971496853467549697
15384590
68938098
979102287279869953
354581685
75065396
1658205492
20439615
22831992
2977417842
15069386
1070870855566135296
732674305641828352
3781531879
1060232166221770752
18125335
759408016345006080
25728193
26029878
18059681
328240301
880958460858388480
54722501
570395928
458655380
1408142352
709644992
67011238
842801719
979165340545441792
3746162965
35229430
1428093824
964602063668703232
60007783
37605443
14183691
14467969
57172253
22172129
951579852162912264
864645404
45036289
34184338
469973314
1058111600622735360
1097553235685134336
140544065
18689780
4032166413
37663537
400146672
1047697460049731584
1616031284
888436861575643137
17053
70779570
21731008
799389318749954048
39551364
41148474
938033653
3007805103
35414986
444592619
661403
867571115090161665
3563297775
74087670
317260183
18934277
713373
15590090
2317817284
208346105
20475369
972364337460535296
18408919
15165858
223021260
2725340924
382753281
45595208
39704326
145850469
52804360
723239189739802624
336177588
75398337
394385770
55385458
1085572830157262849
173516550
53880925
1449296004
23141473
36510201
1595809370
798997276580409344
237685708
23314049
843877726096429062
131126947
1059368912196980737
382038358
936366606
45396748
15596212
48485771
175233711
1416500532
57119110
51529520
1063214271843061760
51203
21148293
1081277917051658243
1420651
763440894
18228898
2488855386
331120729
1686700256
294981115
453641523
32813335
26127836
29599482
32435769
1325527610
820681010438246401
2397010364
831275861265362945
24580640
1965629473
2851359505
50216466
7431782
141376289
16245840
832328816513069056
128960677
41259253
786708750774235137
108140114
15127834
2956371712
1048356278513356800
703060885435244544
536586070
2396973996
1465659204
932421859735347201
31624328
24179025
106111147
31594995
17354161
50462250
2400937442
1491965726
15486485
1463566356
795817184
951062029
1087758637
577616233
8650162
15245376
2905627583
1958338124
1050243711798394880
602689312
4328027000
20714248
57629490
14687466
104629004
1239070550
959018846
51546468
32702491
115941506
77147384
413758960
14161891
223422119
343306629
47627422
17901366
12559362
490039192
380363643
83712358
69679166
6430402
383994373
1401429967
117180495
31376251
53933574
9507172
978241
945011011584741376
3094974153
771124137024565249
1939513664
47657194
27207987
1398837054
718834241358950400
3319217647
981827772908650496
895328961802010624
381629395
23191561
17141806
15831455
903488737425817600
1060216804813893632
1062045667147755522
781285750092492800
758053131334868998
21729329
356418250
59417755
14363385
18439997
17831699
133018863
1089301
1037145362052665344
314673178
1060685728982622210
3846575548
16448506
95334510
31237924
885275172
94889558
464941952
742738542502219777
988463677287301120
199699454
13334762
314857785
3138351798
112900373
529126022
862006535177863170
1023764813409710080
188660697
1010114517555171328
317106715
269920100
770333571592626177
492929975
999143218137718784
3368182977
4043034494
388958428
18799392
20009233
140704469
1000976084
47077035
143052179
12514
23319679
16316330
34578149
45946673
11623472
39668527
324728814
44388921
916031611
27829587
93654953
54218903
760170763274035201
23236722
8307912
1009577803304656896
95602921
14891492
20706096
219505926
888066140710293504
38125898
347913406
17974481
155502230
22324642
266204102
14746910
836323112
240378475
72197932
512700138
3291881
1023072078
54115909
2859448331
19304217
51848919
20904490
16957326
20994006
2606130132
22817821
13073662
12044602
16754204
15909321
14766418
1272431
945401620568866816
16329324
3189161833
432134884
596251739
246646809
44094649
45835391
14561327
16069187
130435497
37109075
921189775251529729
2269701
14666934
14707266
250887629
109465406
602360250
283161406
116386309
465269865
172047131
2812203713
324297518
53125351
22984551
22737278
18737220
14252897
813836846
24292529
1276068319
7998632
1942
3018570041
224
64407928
2389227352
408683294
41805556
1732481
117639092
32999288
621879404
4135042042
192831956
190220423
20585360
124381436
71594919
89149050
126240387
26467791
15801023
125121072
89672048
141217752
16627400
102739472
275046515
11345012
14361975
27870530
264573202
1129904964
17047177
42707337
13785542
891542334625558529
103920270
2184793867
8942382
123543103
748162910
19266925
389491168
27553288
112508240
17683676
17213382
2255846066
217294690
387186414
15628310
2730681163
780926406
32318469
876733638699872256
242475497
18541658
65375759
28675431
446370619
69047206
66993
2282923778
2464774904
3010714971
202668848
2934087649
163180252
3364421
65845659
966388957079457792
775348907228487682
344331268
7798662
842158495759781889
35472060
320463544
72158278
16557618
3165691046
375303819
74669397
90992943
109011736
20711389
75726671
4086373106
12096202
456312508
4409571
17574034
19668592
214232849
55863592
275189388
77346069
250831586
195099619
178933144
60919433
474823395
2895159267
6110982
14340150
774247376
41502749
23160845
19173707
43299531
7178502
1223021161
1485927846
1038359700
55685709
597961384
220333492
29488492
91969309
756065726012719105
821193
12876302
77487918
2885469058
2212879538
4838839944
378112891
194427342
139296506
355277337
920491754
1835411
767
81742723
139823781
276575042
336116660
502281810
2176979617
930299433681485825
38466098
23544596
165511377
568022091
15194242
15374401
711367366756720640
52411136
722117494899679232
14063139
26697097
40040035
742934683
24925341
17094858
42864649
65043384
22872643
22084427
38779513
402847801
53363623
797869498757955589
390039185
19277165
11197
765305590746722304
816731411839406080
242958042
312384108
933622921020526592
27970832
2370701
106069564
16104745
2585845003
17607249
1620996134
652293
1561091
353963359
939570735059783682
296462011
14880584
19868489
52551600
15962096
456862468
449349346
18257951
773637021441163264
57332943
2155166709
448118178
221618270
13461
22534863
109323518
271725689
232783642
2715311985
638323
11952862
778112
822302706
814571445967679491
785341724507811840
20838395
208643146
3361337441
52087269
180306193
245086980
419330180
3046607149
627643923
1352565379
53525113
2361558554
579006169
144003355
438125534
196516385
95969487
15846407
15227791
718869104556281856
19029137
18396070
1323187164
561754773
93465778
283335371
14367955
53051366
29145691
2413520497
5500152
13205432
14111408
11250462
2249379792
38889828
35803277
14332860
591543316
20477596
24497373
72238031
216106285
32958612
181131244
18060782
14709131
80785009
14534467
924686805114458116
847941540890648577
805945652559499264
816231438412414976
910701
953031735490457600
756274479303647232
20795967
5745632
14836587
555001970
817183284186796033
6172572
14829029
14989163
23125632
7740752
17397143
4563190283
7696332
713520891406258176
2475777992
14769883
236180687
16041881
600288351
380741910
60772866
49203896
40800623
366153936
12305542
7948482
241342833
40762748
61793468
20851564
623489825
16063910
201064283
837641
15533241
111217362
2385692497
16568253
188528350
1792511
182559607
1110191
2376467600
35029907
28521103
96881633
2328262944
16403
2843944164
273768729
2306687390
490996116
1081265358
20220976
201143388
243869396
46566091
1957364101
10420662
22120094
586822650
1531231
602249341
876658616480276480
14904769
28980447
217129165
2380186378
851768774
51239568
15919116
6527972
21630899
18196308
24969547
1059951
145353450
997496221617942530
1919231
872535840
14285097
66817619
14078289
14351199
14183975
266877025
25343191
47216804
946618914
17565514
1345552368
110189578
14689051
202003
1120308836
171624960
42149321
114625405
31360795
17638705
3320188886
329306088
2478939943
1192454216
17088295
1979091204
2828796622
1099917240
3208239154
83656341
254153496
201492612
3285539856
34521989
14836443
15185428
475239741
587016739
15850163
20550560
41713603
589621591
31455711
266696379
235606501
79830673
269559759
720734286
929399289436147713
18642786
2965962629
90488576
3248503156
24740039
14270895
1133481
14671135
17569807
3178522242
7670202
83464245
14610285
20142313
14091119
14810761
2191757060
3230212784
715578798284996613
1355546107
2813907635
4423563974
79923701
5478442
705330458842701824
319769408
829718612357246978
741118576267001857
15131064
44562973
29995782
195129672
225193809
43439529
363360883
20736095
241217294
24447643
1400978617
108671616
120864602
33773592
297147448
36360853
286871259
78194111
104969057
1715051
55117855
130922325
21718006
45724110
249232096
1550520115
1096084052
363770534
71723271
22461427
19165963
17732153
103595977
1062123997
19402804
17003317
19699941
85556401
2884858061
45499837
79073934
125553637
862483279
63067783
793623386605907968
55933729
149249831
1528814160
1241876857
36303802
27587031
100882520
14410875
11393832
1528299474
4730946619
210131101
923671219597017088
957025365637173248
863095946
1129071217
90911370
1048964071
2205718776
34877300
426084854
873223682583166977
127964698
3584781
26003792
15802031
15676413
386077853
111449829
20665221
1529827615
17681644
14516534
14088627
21681591
17315658
500317302
6439702
20416077
401077776
530957668
1254834595
3072160164
599707391
1610759360
2384354214
2369662032
2824425062
3167734591
4729475294
4836599309
750342484006285312
778402771372429312
873260768678039552
872144321771954176
862636061884911616
862329370240720896
862345793151262720
32286074
171313785
19683903
100297321
11055372
262768583
1777623218
70784139
25628996
766347
212229347
316560367
369613362
106234268
181774371
615200517
124003770
97994375
3392142105
198037836
20829274
475306547
14641347
1025221932
13077772
126030998
72949705
49763896
722195069672009728
6152112
7418052
16535254
86327261
16720913
7305712
44874172
16930986
474113855
28509058
36712233
769264761984823296
11797632
19608422
397689316
15782514
657873
3150791514
4860187219
487103501
41384734
19355829
269007380
2360130914
60273377
189313442
156411211
545235190
2342251
15171465
641583
16332957
2671090492
2585024839
130356140
164324967
16436677
34944221
18750502
389457807
2320970959
240569603
13502732
1970799990
26259576
54698729
2572271
33057171
63385592
31426063
487066657
165944767
16906137
14150736
4519121
18744957
311633940
1863029442
307577710
794186
45406850
115485051
14824849
15439395
10810102
300441338
114126717
1158731
289364338
135822400
271534187
58249618
160118681
10675922
735648512
167405753
15447522
14686291
73166570
1338391466
14640565
282674625
14166208
62513246
6297852
2233154425
28049003
6981492
19489212
888413240
1454165743
50374439
125481462
25629019
2448362101
61564648
18104734
95030839
18007633
14297174
903841725763825664
851355889
30364057
18119839
14231571
636923
784912
10194392
785133
668243
14957252
24144190
19086378
37669953
14371432
2575099753
71364774
5544992
2730147559
2904913023
182246009
811897997676126208
3581504413
2813487014
114758268
906325730
169289390
47494539
2695392493
15282432
15680514
533539874
14299833
163908379
214681864
16684753
5383242
43861793
2282717923
134345600
817461289081409536
56329918
15854910
16668175
953797521280679936
969754356210913280
919157432
13478902
35538605
14777531
17731876
55579912
35203319
6372982
840809649901264896
1637752214
198475494
1586659194
158747033
284562075
249075537
7492402
16887185
15666380
791709354718269440
59248580
17967729
21542637
42000118
138503168
9370542
2298973127
724954526281773056
20844341
4818197914
2714222239
2707204525
14836138
956291023860305921
44425974
366259733
32625798
2831344311
5138611
1451773004
34743251
955152485743779840
134413290
389461133
9363302
928915129374265345
923279116693938176
925827904889528320
932213931967426560
900988894409314306
280932518
2918095924
127615407
119093547
19767495
11322372
19908109
28652331
296023958
179607869
39364684
216330416
40041016
643653
3161697702
67252541
930153231879155712
19159036
13360
528977617
885928953197674496
8046872
130051975
15935366
1918581817
4884514168
793661072616022016
127447839
19040598
273829308
15610183
21129983
440519278
19494203
14164724
285428413
257591704
264350749
1132461
139162440
775812561157533697
325068888
18704659
35206553
198738469
14202817
245280998
21326538
14469446
705807268835672064
356236413
903094432467124224
72831048
153862284
263352616
16305370
2660701336
19321988
859754934
2830099497
48194280
1002513128
161815799
23725356
2663208365
1465481
15235235
458619342
2788674493
9696792
3479870721
4620451
234395010
16800670
17292663
563903972
179154142
260044118
602317143
2213967076
308557577
483128822
2415391632
90916777
14208043
183806419
297173458
321733818
925785851916795909
24659641
926004451785052161
1284687296
356585626
15267898
1532115085
55857688
3431414189
509791860
230247976
15907183
195208047
790750587189157889
2488212397
7693092
13670012
499132010
14246230
139906828
545675793
416299433
42192242
200936801
1299576278
517341845
24843832
79895899
26766880
2997039669
36173544
45285833
2288553703
7855062
12247092
35319958
50462520
708784997151301633
794703068952571905
382187411
2974844020
21989683
919315876930838529
15377759
53308421
21662889
304679484
156400786
17443086
37900312
14151704
272432153
14162029
63666344
16468558
132589982
467137030
37731404
14058944
14283665
473939266
908633905456140288
14077840
18512264
160905120
799245084139147264
2532809599
2173931
16484216
871748613260673024
95339302
23090019
2344060088
18238982
21976808
3235858371
14258906
25803806
760954730612797440
36946219
620322837
834824271297802241
143908006
362168785
4625037762
15049113
163154809
73254800
272484036
641073
1076646714
49809358
272089102
3548747057
1692104568
1126806636
81118923
55643029
906637630925885440
42103521
90420314
31353077
7861312
1183041
67911695
20877705
2752916575
14246782
4359510914
24056069
15635366
3105491
2786631
17097802
22303580
33794172
116196785
120160096
167714462
192917745
198185370
214310250
240180549
415763013
530876393
1469518621
1864013534
1900323816
2193035915
2223910772
2967820813
707345744139685889
119957294
14237653
2223291
33798654
34051116
18724209
14630801
273203741
1952139930
318988563
253360705
67345815
4158179609
772668948982575104
902476273284300801
14797016
5982022
390260044
3759291734
168131246
254999490
17190011
2295726283
1394361
18865450
108287008
3015588409
7021362
22023176
888068836578209792
305695918
839804970614538240
1730460397
2800780073
2570651
702203534381416448
2687399937
29212772
841209319597195265
432215706
56909148
20282534
2557284469
203152312
527022456
14197503
947291634
788872174899572736
721090916363046912
774727782131699712
2733509967
14345566
36183
2911221
12106552
31252304
14481959
14768330
14527541
15749400
5712772
4609201997
897821646224019456
23810260
2776467993
17503069
2978661890
579491588
49065227
97394759
786592087571468288
74549018
409910363
1305940272
843082804556693504
3023380730
50093558
486560046
37172493
879346433572446208
1502
69871933
11201752
4023146217
16163648
21204689
599261982
872832828416946176
3306284802
1892902872
335690058
26074412
5728662
97114171
774839383
214088469
18393773
2468699718
752499373989326849
2448077035
21737425
86821977
311938280
1400057215
570705422
259777970
14305100
22253
70458453
20904050
44570946
14749383
364020405
1325411
2891833241
12064172
832755291292721153
811073
2612542531
821883790171709440
2564083316
36808756
2796248238
791875428
47308934
11423312
76121432
14878068
332723527
24393162
48913476
231187770
28034822
34408318
1672214437
356930534
1404583754
262123644
277006286
86797494
413258049
10943472
43187261
209225066
2725597071
8315692
14529665
1820921
38348357
15358364
38798614
742795540124041216
23808563
423104863
207562786
39269472
412011503
2362315927
21032233
3302989089
91405281
727527719701860353
230997159
861880942553706497
272517908
1264945782
482677455
734054046357721088
319207370
516987028
22504853
2447676150
840624926549823489
3123025469
187584605
39166602
17763119
11381132
14392960
570841197
764654979831308288
343600277
20703607
508736621
3590140588
3305722527
2180666226
2568427069
11000772
202510181
14734548
221011369
512620228
7311162
23813710
2837539873
3247124434
2839665589
3214291031
988341
14415833
1388411
43545337
18682450
19253334
13479972
14696588
237354407
55588874
740053845099696128
73039079
45846233
2930768367
2871814340
14857213
46622250
63834831
99331434
1300251
34677653
15948437
1486981
135922295
15077782
17702120
175624200
1316415289
109438744
223163606
14058316
143573022
42345786
55205250
2881784192
88538331
10797882
22099227
3080367897
950128387
789569473925611523
2785663768
14137772
833237382220697602
277059331
169393139
1643797933
878669748485193729
757362790449287169
95436032
183016112
872323026
107804575
16170178
16796735
4855726289
274843910
894057794
814488477018550272
2858483557
556115100
17044220
34688529
12524622
435079885
963859302
2425985628
762834955
1541820368
2872166437
918872292
61705400
2899582620
28576494
234362929
931570489
412593725
60127130
233073705
17772686
793743926020702208
93654149
6294602
22753674
857176563200266241
6454402
30006779
15607427
1392874194
59346212
945451
310325222
38077592
45635681
301683910
162894496
19685572
2606054288
114666114
14320141
40840222
236184228
1592028626
15174595
23195734
142159105
36865386
17955464
2832071580
30170185
4026350774
857476565436739584
2820638401
9832802
356489754
186154646
109595651
22116202
35102405
3119031026
1084187551
19024217
269125977
112635961
29767421
17546176
59449886
156775769
18165221
400297978
11926282
60669399
17021730
17695942
18422433
14955831
2157674160
5513942
12731472
14116445
5541152
20231255
155702943
15140694
3044470914
1349806351
3301848149
22267844
906607038
12594922
552211831
18342880
19559116
2885988665
1337777018
275968066
27633423
14505546
298836473
270052245
20227777
14804579
2459609448
242425829
2185274887
20494984
19102272
2326278535
16249394
585266432
87748743
47540879
195814782
211721484
2340377418
76494654
2887837801
1559660850
1540951016
813381137234071552
3675321
14658916
33473833
14615421
69902249
126031206
4286507602
87691941
24358412
3937965861
623757829
17672799
14693400
12120102
2708126442
15933148
3300893813
752484172426514432
2578129230
126868398
17704597
87077092
15568439
166282004
23024212
216808077
2526183431
17949516
72593140
76135555
18694923
15091608
14701445
13212212
293821848
43793664
334681673
562365690
2347792783
390117314
117224071
563130788
15219240
17003162
18502766
992031
16051736
3309105596
35136889
2965977125
1856948317
16513314
18136564
22075098
2469714354
92323600
18246129
80001027
2449976869
27900691
217623791
16793307
26330898
11703
794903596638896128
142870352
30346189
371642760
18367762
7058202
2449847478
1606513670
47030292
814378362
4831346723
49339346
107836879
20087429
823083
1231954465
40247846
13861042
14902335
3889921
226390248
2242414915
1884249282
14375294
123554407
25208456
1847381
813333008
284602545
74524716
2791182847
37724320
560002971
43159448
74044831
6832532
5663042
1652703662
14160985
389535164
2958821871
388683498
267167055
369281318
125820882
54904679
384471964
806757
668423
8038312
76961644
3234508621
1014412232
17130253
1639169330
78012548
2237808535
8917142
4891400717
1337271
705505850324987904
10939592
555031989
14158259
41632880
3034675706
19038780
29059917
14464366
151359968
12055342
408436789
29305466
43339362
3941646243
808969388686737408
1375423206
48459961
17943586
782612100006805504
559959819
17478919
280100059
214270284
15508242
77225521
16305138
1232842880
16252404
37934998
36757634
32714270
302788814
293851424
47288807
167270556
714493030468718593
209276253
23565831
3646166602
251665893
14335431
45015059
98137272
2818204807
4902578453
838529437243101185
15441008
1336145881
1162620122
12226212
14108352
55964332
97040343
747595914
977112482
55109838
168386417
53187679
729707835055968256
3197518417
208165796
747076049565999104
739252663
46131811
656633
10311592
147082088
22707820
2702155178
18914917
272350372
107004710
2587029739
2759769840
546101239
11992902
545704548
718113100814090240
787691456018452480
342726964
2458577755
241007239
703186406995136512
77438640
12853922
115837697
10843702
91409081
10087022
299857068
728726806820458496
190292848
708473240444735488
853418136
586346796
173077453
3345047337
23240963
17381044
16604862
11791512
18789893
17445813
22790881
2191981764
39694773
968881477
14170124
246220905
706881548390375425
18686463
1345580348
18122403
3221590219
326727511
18873073
332734922
78663
412163142
766740315696865280
260765207
78734230
19039590
23056398
304472629
835772099700514816
35508508
3285745698
191449523
1517716502
82755130
172790796
73195179
26094126
2716516619
208214219
14571447
175378976
6083342
8094902
56207177
2061471
86424236
37975275
160970683
26567591
253608265
207617689
25333912
180493678
14453232
18983429
2618843767
14960835
72809678
14135007
16364066
1481941
1181971
45563668
69915791
70349707
40715829
49258832
174884219
14468929
10280352
15147906
1266087331
325832193
41018745
540998751
1087568875
35017852
181871444
260782997
15936867
3518051
238860272
559068641
4702274252
730668019
14941094
2850071343
3311715504
3319435332
283633847
757700974211321856
139142110
463491905
79472710
17653071
80759906
191101081
18310731
229523
755165
5633712
14454642
248815441
18193572
27306000
1952
897861037
14209885
19625999
554377128
25103
6603532
281588424
105306015
237039841
1700426708
1383811
146915361
17693065
19644837
20575282
764152935777435648
6020572
17618175
587094431
96979900
12235802
14113373
24497096
186068526
17618425
43344140
253275546
469596432
14968996
778566399073644544
361468994
35481135
171163790
16645288
259003728
373243315
15689217
560302372
506479845
170346722
442691028
760959786854719488
821712584625848320
2848176399
788354615926484992
17471625
130768739
22059628
14833587
217810123
14358801
108567167
14512853
17545378
56939161
80320793
15198009
255766685
885256663
613073
825528001769009152
154254242
552202292
261549289
170520228
14200945
2807428341
16888288
1498963314
56699645
247424391
131351549
116881272
13696892
1389734479
767723227086893057
31540096
97918734
3297241
73587780
8193062
18921969
78454104
22429142
271668665
86986907
72782230
35323010
91943013
257126785
49796909
372987579
2874107368
129315638
228040559
15504937
1105766570
16589652
1020733226
583324443
282640429
20073471
3973800673
370685038
14186870
15238474
20220400
14504998
15775946
17446037
381779268
353230309
279696174
976241
193567937
389502641
26227945
22504558
387703280
177070172
17316242
176770563
18576574
1197246930
162582076
21845111
34429368
42688465
193510857
55188802
2485229282
300028691
91871252
58485523
20571756
1369614565
758038580
362949465
4658884134
89029173
3301633236
12383362
16180443
281374085
17522957
28698020
791774664599048192
15740290
16657226
22545126
37172223
82078517
100448505
260163476
563030142
146461743
20751238
15226584
37332166
334114070
14973
137761619
78444415
18313808
137473442
205328259
1253141
1857713971
197519871
4259368959
87010621
932844163
860611200
369657576
2938388859
2736757016
155303249
23570725
97248371
222375906
819587592660385792
19582929
39919076
709529859203137536
13728
84699037
97529126
161387499
93539025
297575775
359037579
16602004
122122818
150366057
23574385
604744784
38888045
116568685
3356531254
23566038
2436389418
14414286
49465463
82243
5959342
9866582
12199652
37025150
102800191
15670515
74286565
22209176
137365854
89517005
17000457
9460682
16913772
1157784678
757891106
388472947
541144821
15678105
4525101
149008884
14165017
14874571
19481808
6397312
765694
768197
5676102
5718162
782329
5435752
813887
1420994827
158522193
269710836
374910911
491091093
77639094
334102771
349242353
286413205
3254950832
29443069
78223540
3407113373
3023030992
19672735
27190974
19920802
2759766112
242964183
781822665132797952
91608184
27830884
76909334
14855249
372204110
383899305
20034424
1710540080
47188381
92526134
52377073
14139421
20781312
18050894
14157328
21268213
21523016
18144480
15715945
17465742
87516989
31395667
944244253
208847840
376184245
30307315
275079855
169149697
4048455433
3343084273
855463070
4276540037
1393218511
1115608242
3227767206
1648629770
87822234
256626234
40076709
76699854
88339593
101907425
87477035
55133764
3407395173
3478338192
3241067180
8702592
254908305
3146116482
3276282379
90568927
11922712
14685488
14955268
83460746
504741884
3014597029
268575250
41522285
17286098
15226930
81144394
17653762
17069302
16550023
70976092
17825771
17525214
43171388
14931624
16100282
6397912
15905631
14146019
94354930
15392072
24428801
274693823
307710907
26271429
568833316
14527664
16547411
15453
212255424
142714239
517153178
1176403393
749166671189901312
3034201669
3300576484
1081117760
31178786
370030516
256123293
277202836
198185176
15626402
374246374
254117030
140458784
169048131
322937997
828056683
174166027
25230000
44444101
28183776
286223820
2436901002
831782563
545210564
14261871
36275135
1107957732
2548562407
3285563508
217204594
14429707
14855950
15593959
18524894
23242773
134363463
179662929
254222101
574859525
97571502
221111774
283579898
258359971
2993481
15902239
279156280
56199574
126324468
140892187
240696634
4143214839
4030532412
211587528
2717659476
388698799
58601471
2811784242
20073980
4827706266
396037421
770794804166823938
138002042
148261743
3313821025
3513002435
226457293
721686517
1959316724
410504806
373200833
1961221171
38255781
287495410
17518751
3244653688
406394253
429477033
174473760
798731
389685747
51547103
489588679
16454598
35473078
796080090933264384
2351612082
3013990760
14752841
137039561
39864300
201997383
17522060
271133745
153534833
236686701
220101030
109638867
43520194
66214161
83287577
119482584
15698134
16817514
30041131
18051167
21787282
16047442
16650951
2148539517
248777671
403077218
720871681
443816551
35227215
1189011
1485751543
1206703567
1725816427
2935795649
1068316572
405489559
4151806516
1957503937
1038492757
89777930
15962856
37319454
350480055
18104947
14197125
14038642
49236221
38241790
22445912
16486462
22456205
135243857
704376932
399045881
282243021
258457118
107862425
210076406
234848157
620777936
18100503
19498642
16797810
121222342
17456436
18077815
19491948
14607509
17041136
14421054
17870798
14761968
161728346
137517631
17705514
163812567
20590400
2265254670
1219146048
864786714
551113973
45837499
20253770
137506318
34384412
537432061
111026203
30833265
86609656
28568859
27485769
4326044532
17533258
2977023558
268009146
205773150
28918696
129675388
710978844358893568
3410412672
3402431369
3189974256
17797084
87810039
17472434
36713640
14664274
59038874
14763922
22435965
55818147
130202874
172049437
15534499
41754227
36413035
136093718
15710997
17890482
15058560
36394357
14639667
495643
15656710
17235004
18316863
26074694
287049865
64331621
