903100790
471516779
565658729
249060131
90275200
180535644
1103391316464058369
3016632889
378259736
3100765345
291677132
1071139827058466817
20068053
711543708806733829
273016539
2811748854
169422187
259674242
20446992
460232961
2866046769
15384720
749929047552102401
134890715
2342613998
3435192275
253998571
2942361600
2930769557
877807901020172288
378643551
19624836
15309804
969493747238100992
46760864
79749258
4524846597
1598322511
341020028
100534368
4290134416
2562240601
25598396
1107209898285256704
113058712
1066521202519416833
49683498
221580114
813477602
130496027
2349928272
1159958094
385668475
17683482
36959762
1146329871418843136
4887578655
782667979741814784
778584129248034816
20344826
134819565
493482998
1892683062
144087648
1428675840
24752038
21765161
277757240
2417085025
2178901645
478180614
604840570
231510077
1086306489122332672
730028842493071360
2666790169
22278303
702796478
117418689
305702212
96223410
17336417
323417384
3390042887
56661594
14515799
132123068
2887865951
825392684860846080
215588549
335060282
470915156
1141984729870327809
1581452210
260211154
704920058
43344553
20581923
376195782
1129121183771897856
1136909140465520642
19606850
1083009575685668864
2457861627
769199704643076096
45010849
47437612
1397102761
780399265059368960
85227160
14499829
189868631
239364259
780321582308818944
70736359
38013257
567651069
80855730
2563408783
1101623492
936908918713933825
358158544
902921899595968513
829526694
2513539547
724969256354467842
735217999926419456
1103007199968837634
1000010898
16180000
229045433
469221103
1043407053446889477
3731547555
366037745
22362552
4885287551
833760307222753280
913288098632658949
1109474080993042433
844332110
2176313452
17060020
94578359
20630082
22720093
459872442
27670162
3190355483
60618675
523054177
271727587
18435784
3025442506
50195142
1127172898718986240
31412561
3957234947
6297092
710952026549723136
3816567737
1072877237404192768
26269041
23993642
43150543
36390990
725426518747287552
128260348
409258820
875653523081281538
1095306447351627776
2949131574
345714138
1114159023119654912
25168865
559544513
249837718
896739009178849280
947649637
3065787695
3372917745
229509740
455204484
22140392
49187815
288727330
1674163464
908331226909560832
2614156165
183428684
3246932302
16664160
34086990
866897263
1065249338748821504
1673151372
2450868412
1234796220
126008267
806180977060024320
836203859726991360
1071391830774857729
3346864877
724385950927826944
41322282
1119141873082200066
839768041
31188656
279719007
1675284572
96794219
16627544
461915746
757914801486036996
837054692672823296
2793631415
4341777257
816592081200279552
199288883
326829116
2281217988
137633087
1065185086700691456
21250803
996013242685251584
171496247
18045594
946730532
558077735
3386240295
1069908916023291904
475678671
18992348
1098525220409954304
1392216602
344345075
23847950
325385270
87482105
21410558
182840025
1021451272057249792
50004987
22810855
65284273
22831524
947924373029171200
849797646038556672
1042443509184307201
953732787357540352
837683897479671808
1088466554659004419
88392301
3040464564
1021065404381368320
780322717052592128
2809586744
512449755
91118931
1062840365798047749
19132177
1110154215140352006
317825020
1105403328152903680
982201579385204738
3223426134
245513323
914743927785353216
344395626
116291457
85015993
2579114113
108691306
544470728
851510664711593984
471677441
299855114
3478327696
33933259
401775393
892995073
94215105
104574581
17463923
1060847293228859392
25531732
168503417
36667656
26550866
1462428901
1084813153597341696
1076118760027836416
1089567725775654915
1053768884732547072
2479968872
950477244
3459051
15088481
2171093015
322904764
1885898172
1011928354319151104
765510741411655680
2497242884
964209300
2248389990
969231151603896332
956250134786002944
72522888
120429595
326665662
1026488833
981139646460637184
21786618
250977033
912278708349698048
22960124
1573751760
2420665170
1282915350
32184345
784006913751183362
1951328072
192842634
2910599402
713038656580227073
45219500
21568831
833868870033211393
400669810
1006886517971746816
239759584
933296979601494016
125040754
8468632
2946710071
284285553
472254495
4874265220
977459388599427074
1088909474646188032
777627895535730693
1097206615873372161
1099015841394368516
352643752
400722670
115433530
305282135
232862328
259873788
740599546343006209
14544819
1737150919
14211946
2237868823
1291660963
3297921640
138203134
1096856089927319552
495650403
79600466
40789325
144459231
2443718683
19282280
816869611480186880
290180065
1084568721702744064
800285348261556224
584790569
1099357364208234502
102749394
2242054640
29441194
15463610
1027864095419232256
16073416
139580392
539018640
2414956692
611278121
2472066191
823873684926566400
38639869
4037531121
234411459
407646185
531357306
704747604
789413472350056448
881615056437297152
41577521
16452605
2582673065
78361556
1082292522402099203
4219972216
19652551
857609227782717440
1257975926
1059196231258439682
20703607
2788464770
18026912
203949897
292092444
818900566092972032
1020952663
3114244222
526871737
1031558337861693440
260478229
968153220995473409
887468509021732865
924745232532590592
1071817859414806528
7587032
1090780668739637248
1030550697157242881
505827568
38684250
369985765
720138346937364480
2300453384
170946378
897127487079153664
1058200174353399808
765269867423473664
3434267813
2301486768
243987478
941590604357750784
896941926
420100653
376790816
857774997724475392
16958346
1092378031
223416400
18816166
95100183
965991485819817984
23937508
238385284
1019974187975430144
112475924
1045990370
260926865
112481670
27513314
46118129
1299769218
3348219707
221280813
519697310
2283812033
50318149
1433010823
715901077422477312
107222035
999313741
31957479
116814487
455267561
14361155
859845341843083264
48789453
2495965712
1013352032734937088
938494847970881538
1050714193719115776
1333861129
294019366
725645760704974848
709696925210169344
489842121
1196732851
2936941258
576454787
1949384245
95715569
1040170794477867008
22917508
110365072
18676177
173195708
104525244
561151176
2197756105
18725771
722739955
2887330767
966687795405316096
1664985937
27633958
1006419421244678144
16744473
901505944672239616
2691035370
2350395900
1061042584116756481
785461610
1244878477
1123610959
34317032
402750634
767468673623810048
2599855538
14122768
21880459
427018473
36801079
177367308
1663180867
959173934766837761
1017734845575958529
1041790149925851136
39231320
382094482
956163518
43472367
15942016
80145408
1288758828
1077339504
22771961
45306874
318653478
406911096
767365006086303744
1039160208638046208
861169342142181376
196629568
865825391675678720
2758317049
824189532912357376
928267727210291200
378644906
4562173852
2457230784
828717771450150912
21188812
36252186
3678033748
39258752
918051
506498124
438444719
145323760
60042783
989164814768459777
19982778
892675758677798912
866624355501035520
998962318062112774
23621827
836395631337943041
227274254
2150681726
233186560
208643146
397290294
86999190
14157134
771637994876907521
2581911043
247033617
2466986928
967396189648883712
340613443
1022617004975554560
42377905
451786673
1007913241685757952
32696158
2842666174
347911608
938525177159307270
384923143
126795043
467359686
576966150
806951857679716352
132153450
2220149148
832643421961531392
3151983838
319749652
961257992732729345
4067947427
3317340592
294718997
3266848870
1962626484
13493302
721713175461281792
20846464
300482066
733422505
99287766
1903643720
767788832175554560
3009721555
4179589347
21753847
89134471
999068985080639488
3356531254
2220024959
27409660
246291897
24447643
817400154202443776
1009146158319620096
2435596224
771405325601742848
705075157
49585215
840668187989553153
155483848
20548283
826665675254951936
165051692
14526135
19249855
181912222
2423966738
56705634
704643277392375809
2313246581
2620095853
179539182
998621526168662018
1568301565
784533937
615588331
1465334022
436998967
2760465356
823933695212056576
1018803252123656199
4853427905
177544438
1019628029369372672
378749192
717991482377039875
384372838
7152302
342452431
1359086358
522166386
21306343
892035651096498176
1230979592
739778339582431232
245460027
15930919
71031752
294149729
20581002
163191068
311870782
19684632
74913349
1275209472
738796494
26589987
4151309363
101283878
195409453
4209542980
53093556
3034828643
337629298
29143330
2572844671
1258015549
270485576
2238117590
4067775389
394915904
14246088
893614224848678912
22737278
3234829756
712261162763755520
120117254
463069409
118863246
41203203
923859200312336384
14116915
2880165111
93069110
240432836
161507331
22705078
3410772855
923640578113458176
38838304
362946550
883341376364191744
23578176
33218562
512554477
722242009
306833435
20000725
313260665
15580900
3130889363
964236800700092416
937241028427485184
120257330
16721452
1600907820
67397583
2408330937
3818142801
897861037
410059729
577406690
4724161222
33208941
23851481
781567427503063042
218138634
3364484080
498997706
252494614
92733167
42194383
2373901918
109018412
23397027
3731071167
141633335
144131598
130632187
967776114700677125
1428104798
384678464
991682255465611265
1488359029
990636702657077248
268438796
912665768738902017
417318906
39364684
475272504
130645107
61802282
62124435
976817686436032512
792513332
920040927426727936
567307348
169585130
30974896
322674792
307985653
923113428042035200
258503796
264129295
917706864518926336
50047453
4920197272
961731859989266433
304461349
962069820
767720874
968173785240231936
182839127
705067442415013888
387879301
435724711
337330672
237753770
198961762
787672994600673280
2283620132
15908631
65743442
394081026
2532531024
263656559
50282498
45934467
245549780
255694537
28029859
246422247
38936142
1159076203
83384327
1529047314
958699986887282689
843756069134458880
112550739
148539057
2902504253
855063326
2279127949
880419742280019968
706461683
896037251976757249
1875634988
82455213
20982835
39197183
1572768020
244627772
14807898
17903982
274636870
22072608
4885508993
33773592
4165503923
2485536313
4452652049
217117577
2816947358
308526080
227429355
112764405
3241164291
1288437786
869649152195612672
137338932
930884361351770112
788969478
394073622
700615859
2491562108
705366913266929666
4103484527
347183193
616591304
19042993
938009476124291072
46059944
399539602
227323003
804622773486227456
102958481
472777204
2327971734
1343394810
315135991
3695854095
2496405943
3079401397
902551827035643904
2347772520
870051762585186304
3002056342
2714804979
75287567
1652876502
2289982676
18304985
2496319458
866599642699583488
325719227
875008292593991681
748813858538610688
849910043600449537
20690398
15388207
23217907
1871710310
3054082858
858605911522381824
22931610
16929600
16686144
1877831
398175670
412753204
257428678
2932712729
421275603
225265639
1524841
2734105236
882178042709389312
57756181
214411666
4107579129
6133472
845553265
124269402
53413571
16962113
4359854363
2215455210
2886006935
119384544
774170313613389824
4747595721
1411013220
249361571
1421115668
84097731
166426325
764082624008691712
394162870
2353701600
783726731718975488
21029069
17442320
50778320
79457383
140394847
4871410077
45055696
21728303
104147691
52439917
3288311290
1356621996
1894473644
1383272101
751181122978152448
1087292736
810854427817111552
19341389
6974622
15576928
863320472641044481
798851711670439936
232299035
45557616
802178009813942273
1167735445
784057310385676288
4888280571
4803187336
757270831600840704
2712674750
20780288
718294442
811585688995004416
209176493
27793335
929660227
744651837098369025
1627518888
765929687726092288
148593548
1304975846
4894738653
149618147
1209941
19913112
2535399896
937499232
17487476
2529641024
1898291485
819310364
1726629079
562138901
756922710500999170
915036728
39279821
15344145
21700356
18020612
856010760
2665106587
47326500
25876418
1477197620
491631309
2925197386
844896036325920769
1917731
347761231
3668447476
3421048547
1261726454
180106525
21129812
312635492
4175759465
113250460
6312782
2934009661
49698134
415985101
1286168509
22151193
1882003194
44578328
33290097
357421328
40649669
22084427
828003726698881024
4274104759
18464266
3167508269
9300262
1399695006
248668138
3315766473
80376411
2853235191
1175409756
337877861
110198364
27631461
345894019
2933976423
769521233641795584
122839065
2614517276
21289372
3345492069
745441326
386564484
1601704274
807095
74394857
762645165043515393
824270573203292160
13393052
312770903
6267962
55355654
16868756
217361360
268809577
326869253
23745072
377318119
4715312019
21202851
40684090
37694171
157621736
569130639
268480428
193237254
2217401528
3060905108
779416353019203584
17006157
27475268
729662189385203712
17911562
779305107141918725
818241546
255182841
3831992415
21302140
2713206294
322950400
256146841
2812307813
2193941539
2815089263
3049129239
410610271
236397692
340909965
2916293435
2870975521
14394248
3188323065
744485201535963136
20772763
4792944616
728604440
105846105
702972883887398912
740281852527706112
769663641314529280
706493109119623169
748117143682682880
3290364847
385326089
768075037396049920
25718192
92581720
40713876
22921911
718888154
55259925
20589852
82625261
22812734
256508339
61734492
180819400
86129724
761588605336838144
220124175
264983377
4872636172
2494401560
2551504825
502135911
3179977818
2827191815
4773255257
65375759
30699754
465965880
29713919
138057641
3422063771
3257067453
216036375
19706585
2173420066
61183568
111449829
397952050
469684973
268478664
705762354827534336
858473178
21092224
2194392482
719857680
1443957042
1017766604
15537007
1352962327
2177175701
25263082
6163262
25077635
210491462
3395397077
44660196
631471058
296896107
281481684
431993210
55598327
501000826
1379801707
613281379
480338104
226208252
255452495
196149185
19328543
989633635
139750118
2200721
177487692
369972078
562392694
16900536
4141370421
45579282
312740572
276691524
37938801
1383110814
399571554
38501043
2804130829
298671177
108250710
1257412969
2564222234
56986489
90128421
18820024
31444025
116795089
528389751
1686105852
428982588
18988058
895595520
2299489135
311484185
2970075862
2839714257
23535896
512199516
255705264
97198017
574738822
553677587
3254760951
3384691457
4289463498
480697482
78019662
342347053
137074713
1424966412
14266178
325126187
1347183613
2784520128
172652106
12096202
252591743
3609607276
239512089
191817938
25466744
23160845
174445038
2835117016
2729381970
2415563632
568994394
160150650
23311608
413251541
2195671183
4019875403
111558466
25728193
2527932066
576436187
2916305152
3092798375
3046961279
380258091
3131067267
3307016050
1114004012
599922862
2978345031
19602256
155203891
259885449
98414683
22989376
16305558
20980592
1372002896
3115645919
2653885567
67725191
18717503
3115515413
270459817
3119273105
20743412
531154069
183199228
185174055
2333433922
3030910743
592643293
1919851807
35763865
395905679
977160234
175870706
3019667206
2770029504
1126057952
1305485688
528573335
110232384
93710596
541669639
115030577
45355357
398765819
31096135
338233837
219237489
2712787526
2759761430
453390352
2389024765
110247865
2339431244
2432295150
2590144724
2576767964
111171871
119494687
56510427
196545975
494347400
52018725
244243685
256030065
27834920
112037009
19644356
600898966
1726254930
15902151
15144505
2696168300
2289716771
17997789
1963361750
460967905
17327550
1400360023
33276161
24207723
292859790
1971922339
1543510640
555231953
64061901
406900550
2887426564
2369549844
134392999
248762963
376689827
2730130819
143406847
68151046
2291283109
16016867
430250670
110396781
20234090
17672825
142230413
20401999
18745483
625489039
18269534
394416044
2200145984
1469376918
41091295
2587461866
5402612
18424289
18510860
14849562
36670025
79997785
932060988
838464523
17376893
146569971
246012713
18148460
14755286
28838219
128216887
233271209
225476386
1374353995
888589015
47916714
108441652
581726235
146513211
2298599648
1125581899
146404298
360540613
19777265
15978412
2288098081
1245699895
28995328
103821532
43886464
135535509
1624047055
260760132
300967374
30257834
971705288
1579422614
249318820
19760323
417762491
17340546
550040792
27096987
198919608
20542737
2191131254
1581127298
159108303
21501808
1339997460
393433818
289285871
361526463
305499751
46509719
2174777266
266191572
1705176974
442832665
180310923
21193261
19335747
471981663
953590328
97754565
48269483
234428224
338357654
1673003725
149272318
295705264
250829476
23004495
402099174
456584207
89722977
141189575
22085078
148653311
135213592
180885830
540812894
1096875997
221033385
190012063
26464059
1491311119
19654724
264851886
116009193
171843399
109001491
24942147
1144882621
159227053
47641595
56491197
1244002999
774273151
14606079
869825995
87818409
15028398
93518505
311056176
23838588
186154646
1243943036
67273557
1122862574
15497518
146099195
107100041
49583073
15484063
1364081917
237333107
241454146
390778777
14700316
1175668950
538381728
281480151
270380109
208227022
510455186
75414115
430868988
417884212
25732064
19965748
116485483
66754444
22790881
308379387
315098763
42285349
1264639172
240170825
104907767
22560570
22536315
1105334922
41597845
17426530
288936981
151505243
19512493
495088988
251774790
102659483
908705640
411780643
14242798
1599351
79469637
174325287
24551633
57377167
770292607
919144884
21646017
230025585
78398709
14385329
1211852089
609632046
20479813
273375532
19810263
45839847
787765068
8973062
46140857
28534438
467551928
245353843
21209751
357606935
39822897
17939037
15110431
202048021
97773094
176348732
370589204
57140290
127820842
247302175
342822563
88174963
19906615
18774246
102737749
27031487
320950469
15084853
18189672
395567715
50995427
113560280
298734224
21251300
9448512
11856042
136288132
427622541
195826487
128517883
297323259
410070653
332939414
397222934
107225267
7215512
311383499
14395202
8105842
14273894
19651128
45114987
407695536
40252336
15233190
17208934
436182619
80127034
15987295
1757101
71534958
249333891
485760686
35880255
249325107
840501530
479444332
226486251
964431476
217431214
97528287
50011708
158512580
50870795
145183230
21200888
216644075
14576420
75483
453434680
35172559
555485517
392932661
2968541
38407996
106215672
39325505
58796971
16737325
121170001
21288289
123302730
81650083
304396664
322028037
78905469
33985027
16399949
428333
59833587
108013258
217462494
207632907
91151543
14123751
29739553
115097756
569921322
213042344
54665155
262322667
492249969
106545587
588657171
584554426
366836810
22165295
26794227
439872623
19962737
98357151
365001675
136214912
215071366
6234742
236414313
273123358
19525819
72560878
273460384
319673784
46959037
189658688
247336430
22419487
66162716
257536555
45341566
15684633
6997622
19348113
36333109
41105978
16736682
32487867
76757597
238274752
164254434
27681019
22626790
198584761
25249798
249394301
14756548
510499013
241709263
6892312
15073020
333615851
4099171
175423559
332263443
41203507
20504013
76283639
550081910
25090088
143048512
4939401
52175657
123525300
94083901
19045503
252531143
14315063
45148800
627204710
19986603
610223964
259254475
14849816
572036038
22478416
89826452
405794685
538715431
217072449
27626183
6872082
1236941
417836137
400047226
14810827
46230181
334728892
106728230
526425773
18137777
217183062
5971922
484902159
138422524
281611265
245732153
245991073
195284665
119766644
104636566
22183204
40254038
242678477
1143551
22005625
104895385
393021171
91078956
14165662
294073821
22773552
742143
92346096
21246108
134463667
34229581
421274906
44874400
377404515
20971849
93219986
17194611
81458378
23441490
163606088
273016686
20844189
29979814
105918870
4970411
130197701
409566410
114582521
106446904
106831393
16681111
96144958
308415395
189376144
25493876
241074376
81816303
257521545
28875328
262222133
34960648
67345388
22790104
43963184
40925046
57336315
335992440
211331575
52688964
86613184
18028249
4620451
11791512
193301414
14368074
1652541
17868868
4790881
23374891
33315010
20735038
60741791
123211971
3125721
17029640
10454572
767
796264
197168427
306252199
140034669
9207632
28978705
103558465
71528475
18843973
211582387
103276821
6751502
19767193
21203369
80274453
279478380
196977246
31443503
274972436
56792882
296357482
13496142
228886837
66967505
16170115
27238835
238175741
77176062
68641392
75314483
19621110
229480387
16739177
5958062
226887251
147169516
14834340
15002620
170405335
18537898
19148636
27012251
66761902
39263766
39619991
125619668
221051476
56443228
6549332
17221627
57394792
7816912
785980
140768149
10447562
19760774
19504030
39820759
47285504
23516376
27844415
21252400
14266091
91996296
22479658
29462444
1158371
150246405
27615237
87474886
59460397
5957092
15906034
72261217
19597938
22156865
16326174
53156275
54730258
19588385
19555014
42950930
21183477
89324001
32862596
156004543
141233991
14473823
15492359
40854375
52364719
146073963
89167656
156934358
155501750
18845950
117722302
91373517
18189402
20779255
16575239
92056570
14331431
45533852
15480686
21754490
24584511
133659160
19178857
18721044
19965811
40544415
15234407
21436960
26988551
16309025
43431454
6705042
