378259736
342782636
706133272569507845
390245710
5741722
5392522
807095
32372834
487833518
813286
15862891
14750983
14336662
3070386906
339280234
168760005
19539565
875845873678245888
626612955
896422057902170112
6359662
280255800
19402238
29646720
872935260
549567309
50393960
15473958
36184220
14091091
2394429932
252863951
4596818374
715982014193733632
567688313
589640877
825540541282660353
821781988604608512
766333119909748737
14469795
159645477
85839993
759251
18244358
17842366
15717145
175145606
17471979
824320219866923018
11348282
3240143771
427424201
796818365239042048
55050603
128983375
21368237
17821967
15751673
15743804
43249537
