2831922888
2983985116
378259736
981683881056395264
781495652366843904
385010273
913203265466257408
868781977306005504
838395934811750400
1071459095364993024
87121912
2980458689
542443021
390413956
733343319674257409
16920035
3377847723
844702776345186305
605483174
805329094401474561
1291264112
1694583758
811998124541493248
65053003
971575792953159680
630525721
1020283336663674880
905810178167238659
2708014716
828690960523595782
4450267574
211261440
1039177705852469248
6906202
774978663808897024
91536228
27320089
1020952663
3346026957
35756971
822363807318016000
509032568
776041176151552000
4895474861
430143424
19658826
17089636
18270628
730888766492041216
839839092594499585
980299472197468160
815624222269722625
736062536978550784
2855536962
1014232844179267585
3690650174
978908277726527488
89397744
162984086
34583853
14850815
739117556137611264
887586592809996288
381187236
130273820
2773756070
208520930
1005584257207717888
1413024271
74287341
707896682214625280
281982261
973738801695608833
718003721515307008
4815128357
70615294
3255281064
4682100312
2904435062
94000713
601018549
2506774887
1911885134
2315152543
2583287312
3296753887
936212814296842242
796199978129571840
16520697
27902723
2971005423
89753824
2458341758
4199882412
54288476
59392851
