49127546
185797506
1503257904
17137628
25570673
46686058
328634628
14109995
178552728
3773244852
1093448890135785483
901874434994266116
1106339114616541187
389524007
38505015
14700258
378259736
273375532
2327038239
163417073
1095608150953205760
1108844880942514176
2845973249
1056983893428129792
3092283615
882707336300769280
197442453
704798218857668609
86540651
722242009
460977942
113069570
454775507
222789719
26327073
1905899436
23742836
722447043508232198
321338200
3826680281
295895981
135246999
3091827411
2687847924
827799626984091648
14780086
15235379
1550520115
2162733422
1300678026
163191068
20000725
260211154
317851610
1887221628
204279818
2538770184
778108679434407936
19825835
277607788
862395963431899137
322609332
338945570
544411004
937045569184370691
2573503086
520746113
602579989
988881418603388928
978537530269274112
39364684
87004405
502135911
979827714432622592
45341566
2167789257
2754340162
937170096
609976539
601172661
988436226737950720
318340270
929061410671349760
1638313591
2306416567
249681396
4204405907
4882743003
515946434
539094773
819192906
318337530
23759767
930474735959453696
485857070
61593861
2374152414
71542695
3247497561
948227172786982913
252824125
1402532880
20427223
121562670
542778288
55220201
259750572
152785310
26998871
27915105
91998008
706876710671818752
1495969362
2579348375
318991640
148438596
18667799
422051253
711291181
938537131210833921
2783698653
20612033
19527009
532173939
2238041838
17682815
2896008357
191759790
2907702226
2210225249
92759618
1532169480
527733738
4351190422
20433786
957302630
892342319525101568
925003815941746688
349625478
874617483214417924
793762580795912192
2173215501
2984691623
3005486819
20766632
281048706
2363005214
867033343396900864
114709222
3190572635
800441847222894592
40087733
189658688
2255752597
3387078653
296703847
2469014047
17020962
3315766473
3313360990
35369214
3661642098
2483329075
23578176
222748037
67617769
862264836306214913
29420835
831534083700359168
44737267
1601896260
151081208
700979817164972033
1707427058
241070134
356263177
787623715
71572840
21025855
22919789
326374168
190242011
2870653293
2623511044
267767096
3005760586
14569869
128216887
18774246
19530134
338335964
4504421477
15531582
562743164
19609162
75641903
83805399
3221631707
3883767838
626457920
2565625076
14291684
3307929149
117777690
2715729304
22247127
3405654598
775900682
123065047
376091214
46630225
152311669
23633699
26884913
331615377
19455489
3346555161
3353634249
1563349772
3240451803
2913401560
21647296
2391741300
3247491089
2621070921
1536791610
822215679726100480
185973005
3048144280
481308864
16804814
18334194
19910414
3225098849
2178892980
2951860426
20474878
104536139
102347116
2722004991
467507215
84087313
2173749498
731258125
950596668
409830641
275210370
20198793
22560570
40930137
3075976414
241382835
3020234241
347089285
347098078
2328546882
295325513
1402910652
3058419794
875468274
405670671
35193165
20959175
2830649743
28596803
168620081
24862304
173931125
2430332322
38118014
2968365478
2929205229
2799972151
22031229
2925836860
2151710605
2302945016
2367417518
1168798686
23818581
2498167272
2335665205
2742171811
743437368
1729710518
410589968
48371512
48367936
2460712840
497114546
111614382
53110793
134492423
199009284
951840618
23464695
19598680
11335602
1418244025
139712079
1914563306
569130639
246153431
1729929350
2310010477
1114399633
52729684
61167079
23610950
1598671850
2349051661
252794509
41822696
20236206
69545844
2386839469
143932405
19834221
2353137822
17339294
140874179
868425080
42890254
1061291000
2308222658
404291307
2470598562
2518714725
89545443
2342594250
310172617
2423478840
837576698
205116096
968377092
27589351
954402072
2199801010
47786101
214413743
2378777293
393987775
47285504
17105214
18173624
27042513
580097412
701625379
393852070
2429245184
1112465706
546109609
24807616
15687962
48785884
561754773
1576214268
2254285448
39954565
233472562
90485021
59481795
48737948
294123365
309023269
1089143760
341104442
43306157
26518595
271045990
493169382
1427944472
28680544
21597148
174998131
2390344623
2237829022
2365684398
2362970528
1428223508
44198143
226691563
581687381
2342317861
290087855
485558954
219957602
402225369
20585649
153363070
20699024
235126499
572125811
207531430
40915934
217021326
439238408
226666510
213350034
16042794
624236847
2284853958
142614009
572121883
70355859
231431466
1332183919
449646423
64714144
1519447038
14867598
215394809
244948076
344927839
140669654
255773815
213478296
1345702333
1375736322
204688509
1901546563
196777778
18448883
219275799
41118393
113388430
133340688
130207328
978908012
25970698
280458883
16792243
29680196
15895180
1381643347
2256049093
1303270742
1036946528
111833888
927285830
2238096536
16010896
1438858225
168242473
472843640
200088043
241584295
1852020169
65135642
2165125777
264129295
562030913
1852410758
92717138
19441012
158336842
124003770
233589676
19863376
334321077
30614676
391037985
2179729428
193853874
347815371
2176527421
23483816
94070906
1261637024
1539593006
50374439
61738192
36018499
31353077
18671559
1242530948
305553013
493384029
167796615
19457992
29212033
1269523094
280991371
382655931
1660468830
18393773
863405239
602317143
90420314
1183041
22477940
21524250
5858892
498913751
158832205
2162824046
77710660
1952352871
27114278
563612440
20543416
485347227
516480495
1586183960
29470736
1073418025
64054693
103104475
2152791396
102638431
414593179
932687532
202101316
234730635
19343918
15559763
14908181
82097756
23459740
14123751
1894472215
1852774410
343531163
173974166
529788329
299829848
600940726
60411850
138356549
552731613
1149138764
119033108
160625091
120749224
187890010
1889636426
428377485
235384589
250295224
393404003
294287608
439453806
18458488
233926958
19530289
241153610
78022372
293540281
1128541832
15580900
788524
46345843
20420945
1339835893
215952307
251799074
47636400
340613443
613469003
1428898628
512554477
23503181
59216977
1041346340
192918112
1458968618
888535927
608029516
321292616
25066159
23583808
312244345
1470966420
1468070370
42191735
39696536
884454500
584597124
1362157478
80802900
16596200
23511695
146021437
32366619
621369098
1581175332
1584301124
1525472412
543637893
289275675
485688425
817078118
425989199
1143472657
1365612205
38466098
20159794
135124471
18370659
108568373
304510244
1444819098
117369738
20437530
1559083190
1709678143
126664172
44088315
716346757
177679350
378143252
253142541
151890171
627600898
228799086
361841444
61473054
742637196
1396684171
1450938320
204318480
164308829
180720955
1112775090
808956698
451501433
1673339563
348433925
1668761876
91413367
342370683
523772487
1485136940
411386258
521713642
1635275952
19799019
1227410964
549486791
1400585172
456497995
273557471
166170126
14585010
927384914
569003724
148295619
413471002
249108370
741053695
856242769
312542028
274598056
282107724
1541906216
436659501
155582386
191768822
703154318
21325066
814950823
94381425
261662490
102731225
185154597
2911111
19903963
262771362
18462653
611788647
1491359286
18159470
321518046
20438255
96964059
283899890
46328741
1343215056
256515492
20632004
16528461
203704489
200980447
1399386560
19833623
53082615
1150517468
22917508
36996853
424403879
393432630
111628028
19644356
32835701
242346557
17387399
14811775
1374178494
405050849
325142055
49585215
252521025
296508687
65192398
465674210
1426188560
372259374
495253313
113076994
58791234
25484531
204878401
30646719
19654724
125370749
1399885705
55927199
91870534
124189302
118739566
1384636117
26744267
56927066
831930217
17327103
192832695
517942340
801063684
783029478
358150870
18800265
891236797
314484098
168828595
132291569
111079284
111658179
20047069
541770999
111376298
29739553
248233702
269487344
202620180
61157857
32883606
41445608
568352000
1340010068
35288455
65045121
90763849
207954932
76997832
539977154
345595142
22152536
381406661
193444232
566596887
30744756
76351820
17929934
54506896
16672510
547908394
73932910
212935959
972987283
1300867440
1083314617
169291609
344313289
75420450
980509838
23937508
15143478
3459051
15821039
19544904
311056176
14190551
129015197
16708655
373416209
44178535
370589204
19589086
14075928
14224719
20329672
501825960
330906573
194868525
15529670
198584761
109080285
607257615
551426814
992243814
40139016
126087383
1152279248
1017532146
14275129
230025585
550989149
32124192
1225696320
22997105
91324756
206104921
46393803
394356502
1251815599
305617301
108392679
477615529
1221432852
264121073
188730957
1165642526
264360059
24707303
71530966
1182075336
21887420
935904907
40189249
28350063
60318881
17843036
20143545
75223552
563761721
77245654
176930042
125381483
8161232
314515684
786590270
352661271
1055714833
105177172
82612443
1005002258
255765895
20823698
71229689
368274525
334268229
21526040
361531018
849092618
59060699
187996339
432844843
298053175
576273714
20508645
169660831
333615851
56429700
25659699
153810216
34291077
111376222
356127438
348517896
32157576
18937779
916439048
331197522
254535229
334540197
253781785
233664999
824910134
14854214
88497394
450657475
54543757
411302056
599536551
907738862
19657665
164700236
35899928
308374431
194132774
76355615
331590813
15451591
359962497
285681923
302055329
169021842
34002780
6859412
112398730
20425155
90242391
92761302
191477840
335995559
159125669
816097969
215941268
408587321
140118545
104969057
238788599
372456615
180765073
401273017
906368809
8170292
596593193
184254351
46460395
169868177
186397303
162071541
169127172
704616283
238723870
902491249
21356261
117873637
227274254
83814679
81859985
36681232
565677733
25521661
44620271
481950170
19995448
850860144
862483279
878362819
26779011
85575341
20605259
226195230
103065157
16681111
44101412
621543
15002620
187909268
19335378
143779403
19818494
184910040
553654033
81870470
414202756
283143217
43137203
540812894
324956187
201369354
279470830
372218298
39584392
281473578
248707807
478259224
25657401
267087994
342750697
562048640
122258041
782141130
825840692
567678986
305454915
571008297
342215869
24514461
21186044
777976063
49108112
19429176
28706024
243241187
70968175
86796706
172361526
415551623
320705144
563880180
225495768
149637908
33174013
20508222
16998020
25264330
772236024
46617413
72883916
234428224
40078375
581899678
173938166
57498024
65626784
745977540
62000400
56065657
575778417
108247668
22666858
786842617
15846407
22801114
20425511
25268484
443622609
254133117
769437487
29423254
20992531
270459817
17336417
15473958
14123683
156380350
83855918
26478467
717754718
427597536
22398769
14387817
16050310
17966695
262785778
284575197
634847008
61781260
607992271
488455485
565786568
160168981
563899177
276021485
8236062
86093740
78262975
256552604
595112123
20138824
15133627
323346373
193237254
40556788
607056454
14122603
372834618
348464547
456026472
265902729
85874860
33320626
56736420
26782958
283756719
26418357
56986489
562775495
537203987
361828036
110714837
170277278
545222619
266126527
359012578
20176050
545532204
488809630
449849732
525208028
29819890
19530624
19837882
19623869
20039389
19883422
338084918
186437782
33933259
612473
66561957
15485441
75974281
17560096
24963961
3004231
14157134
16782358
89282669
19695231
64324183
360707206
471287735
137460214
149157068
6482532
18676177
382560919
40339644
236972737
311757784
507326007
500042487
113992893
322064003
409164325
37360915
460272998
237382131
446486613
171404842
56513369
306162762
143884558
21591279
22930236
87818409
20235032
18045120
20429156
27993589
402326680
247432483
33018114
476195090
411469404
20071828
67333343
57107167
449517317
394081026
853671
188322015
218999096
22832029
219240315
35321338
117429601
191899198
243571737
295068000
93219986
281989311
282002719
27992884
42744294
20244875
348991200
300228259
98357151
308379387
166767883
22246437
20083529
58546726
265568177
372723954
37916167
96592174
22516645
32351957
93842035
89168924
151838151
404082447
64432609
34888513
16029780
78905469
70725281
403402505
30782495
37963496
74307325
222086413
202537297
15790423
56991190
291976006
235900469
371352765
385633793
20136892
334214521
262375385
191002035
27636414
167987773
204897403
128956175
52087269
19807553
228029251
240740618
334339408
259399482
90962704
310960217
55812008
81328940
85563487
45541231
304360642
29695131
67613844
288264449
17835445
124609606
278072553
122029066
19902498
182755313
318967677
28654368
200938479
295761210
252614250
308620127
46134798
40002562
313906063
6450322
104255811
39753512
237673077
14088202
227651941
208660657
29533155
26013550
308511976
304679484
20106852
168759944
146059141
1715051
194584585
237845487
157218534
271965348
20481884
151118966
18716851
15891449
283771561
85633543
296259888
15485304
24661301
20609518
39635217
237963290
233631389
25249798
13201312
17839025
191461735
88776580
84076177
46110469
282441039
181526378
20632700
20184220
122962783
195270033
111323990
52407820
14100010
21186391
19339713
235910394
10215212
281529398
20321504
45022448
188039706
229454266
78502161
27013292
85555796
14499829
171496247
29965800
62836920
127053389
277530158
238541976
22086481
243847570
191028228
259379883
211013372
250749038
82322622
80324287
90636188
54359532
86440190
239172505
34248805
23654341
19019478
225420563
125611601
76958344
108621970
94349715
7748402
105091063
92825212
212310275
196235064
86230406
42610327
50684862
171117515
97893963
78058750
196733852
204002663
45025729
213969309
72619794
119659524
21710527
53053378
151852152
60918035
28297965
215233124
104943806
110509537
20132692
110708934
40942443
189177559
169151519
20600235
16736293
22350307
169686021
33342154
115044590
21396136
20780902
22653968
28995328
173195708
72489795
20489393
89975589
90446797
36044367
126591802
45837004
148770539
122807726
61489404
23785474
168498361
34657285
30292495
20598058
88696267
59480852
14824849
175313984
21581503
166905249
157055308
22907871
143388570
102128505
132685978
49391820
53047484
13382652
15253147
62581962
50593679
79003740
18953259
15178186
16118151
20079982
20054788
19811019
53775491
26235265
93819292
16143542
172093880
32717570
38457828
65289126
47287431
17753033
25087909
7376892
19742143
5402612
57057453
22179564
93704586
21200516
31209800
20464600
90320997
91083585
20517081
23440052
45843783
48459607
24871896
109248656
107872957
116757352
114729566
105106802
111280097
40837929
110756260
45578562
123577980
84125491
19129073
17939037
21288052
19111767
19562228
813286
15010349
43963184
17865252
108382988
121774110
26727655
44940629
27444757
53064181
79175144
86355051
77187402
20098015
15227791
87595338
20106152
89486038
102027437
18812795
10810102
75115910
17208738
60730147
18887526
17602896
101171750
17152178
20248699
15661871
19869102
18720595
53112502
59422383
19095849
18713314
18980276
18713254
8189822
85363141
36973711
19394186
22151193
57600986
28534252
1468401
23501719
51492686
6526282
6173842
15439395
44874400
20155652
19389342
24447643
