2755126584
2548586492
378259736
2217401528
3018943447
112317404
82142715
863972252840116224
806942201766768640
55259925
1149942961
16129880
786111619076096000
439779366
116983434
16453846
816375540303077377
199071754
995732605
4503527657
4730910856
836531154
149162374
15378754
804009681173827584
2771801831
822517901294845953
22812055
738810330869039104
2269624104
3435652594
28169971
166707531
16852549
334983578
478933032
958131674
7282592
372195903
18290639
1967542298
23895610
405056781
232181626
116596495
47245272
119411882
83883736
428333
40837504
117539435
54573060
221927096
551270529
445171291
806738184
19527849
167549008
634716982
486225709
158808986
95280326
59604041
226237599
396030093
19673075
158509933
365656561
56002272
