1021517874920411136
2622841419
1078683818758979589
3317681206
1061000662195023878
1604444052
412214677
1017281109271482368
962415584
2863634585
4427449168
10302222
4034502034
36157015
247476364
242334946
1135822944708562945
1156145292879773696
1415347837
3101542833
799569357261127680
1581876030
975218674314362881
63763479
1132897112038006785
1041798596260245506
1124251257823223808
206200714
26227666
273606209
980783300
114580390
1379050819
60996885
16805695
2789456675
87818409
378259736
14708065
17791015
378806439
112475924
153814910
1133313554852061184
1049235764
4047315437
85601716
2974474468
146842515
1197338760
1037337700553117698
864402624765992960
172109301
1051506976050561024
1148272875905986560
952503056465383424
1039553110576955393
3301667527
20245054
2991479484
2166643693
4609354517
59405338
4306775921
461138572
724899663992750080
1528985700
22037438
3816567737
82591098
16105433
18949349
984144911904772096
43871098
97314708
35193165
627331618
29524708
150801699
1101483498827890688
40483373
115440301
19064312
1583045990
935953779832258561
1039769065
2526921716
487003441
303772119
429497144
229509740
270502432
1142698010599657472
1118456574408835078
790508846791942145
900697936102903809
976165875597365258
942518599171928064
758374848787808256
854731573182312449
3791314521
846272000016465920
731046282517729280
1577476862
1603198446
601107815
952528748
1886044490
789101660517924864
1094342685270425600
2759770863
2586055578
3297800601
18573476
3357194429
280158384
466652080
739855488
255903064
975473558334959616
15424398
2798911797
965747635243040769
2659605564
929348911474663424
17062358
235107122
630261314
107989960
900039170428678144
1364008568
1021635608882507776
769850841889144832
1267092210
4706169975
4775920529
1105978179850780672
935279007850954752
486040844
532809533
66324590
26252414
987377869214056448
2657801862
721947162
68690935
899717617
464840975
34283548
4823705386
1670753569
42007467
785631337021571072
1719936289
1541364193
250759185
22682758
1462046809
738385026618773505
835676407665602560
1058339268790308864
860123711722094592
421577499
322742783
2865957441
273375532
550382838
882441236707246080
766599349996515332
725914754
95949373
622310080
844520976759111683
731517694353281024
443350004
3248076206
1159707985
17747182
567651069
2802494336
4349708549
264382869
963350034052997120
796689541390274560
2523350204
961009481004888065
849386706004578307
1072649206492487680
917016474409193472
937036771832995840
3387798939
1094564887223779328
829944804
1550189155
1111277857010003969
1637434778
916277382373404672
2335738543
18020612
2342321411
112995321
2253783355
1096001841584852992
879498480280064001
235189942
1288437786
2885005943
3013975237
327318122
15204949
2763212521
2237973781
14882900
843254166071861249
236414313
710774609470230529
984481139032240128
170751954
25078850
18506168
618024795
4876536933
1109442140088741888
1594022095
14526378
1101428311601963009
2962342348
28882275
70908416
793860295
93494706
720382443442679808
727442179724042240
2284919888
55815666
2397279868
975339276786372608
892761614121922560
1564166832
4920667041
1064949539696721921
917945978279399424
705261876
599133260
176716265
1638652646
319458104
701820085871255554
1067812154101903360
330105456
1090600295443378177
227447524
16933013
868655378
3018967534
1089356748719357952
629067977
1009021767128580097
47633965
705472819795255296
45847408
14792079
1086253023800803328
1007892731593666561
1005007249553666048
601756657
960713534735814656
889758576
847754412428800000
2749232317
1052228923713449985
975780306
1051835170603577344
930400321
4551296417
2491837746
2584640730
1944209844
1067769811286089729
1316362316
1084810577828925441
2301650695
9255292
20992490
228740620
65045121
595751930
199427320
3222522074
481199291
2896099018
960214072972251137
174813020
21768379
970237565021425664
866073243299360768
932612134667735040
1074989280974565376
967849129660571648
727594584893739009
4903871445
910140096908849152
2976721373
43744597
21888235
1074268387
1923856411
19907840
1041588802563854336
192599206
995898231966941187
3325334134
1045274437669539840
20631422
843497198511783937
2746448279
110721961
4430502617
975091661939335168
730133202652827650
1835542940
555881768
2711767867
962636806528348161
82044662
1022299404
21098736
589939802
963072437557612545
928435537
773534663600173056
714290000
548202751
436191594
966004916199321600
53112502
2789557195
252521025
703939556115156992
722243878359683073
785778394675843072
532333870
862637954
1062416716733521921
95004697
950746024125124613
1061191389395017728
2441869296
1022795172671905792
391158484
3369037277
1603845234
3244824694
1052475183318020097
948145943475613696
725264931067691008
243670251
1002156249335640064
893213172534005761
832618255906803718
45986085
2394369259
188805183
287820594
1417339765
942462017100812289
1051847256696074241
1045721536693489664
978569330257375234
2248389990
14800108
740408575
867913440387616768
723956578492129280
3897768639
479406972
131914189
591638834
40010285
183764115
1044636853159243776
254496233
885953601067208705
1042360052617830400
2481587742
1955060653
781838965733220352
163920132
399473632
855136316
391317778
733558094
202681450
3160065352
91187941
2291948756
1015238964498878464
2912967257
26072908
331202148
970016098212106241
52790716
736562906016407552
20374624
1887887593
15700308
2166345434
151959167
155987003
158445401
309126590
623107700
980004522918629377
884974351
1057385600
857691266
4872053165
785385767392731136
908066960004534275
192284236
40642369
726132381615296512
619050616
719564739
770012516978163721
771754089344536576
930087445168906240
275158109
2537199167
94197477
3808013897
286881829
897458468851941376
614043446
887274354836484096
186825368
859329332715671552
558346994
36397568
2318945809
998105313298567169
927920581
116466644
14448779
3309510923
894091213506215937
991684289329803264
2918426355
594885509
380227894
775532791995834368
65399201
86374737
56380971
318604722
727478256719396864
2996419622
107943025
920543400826490880
993540303347945474
3099552964
971174477299040256
31200881
23423817
7053232
875027985505669120
980187239337594880
995333998317592577
998906660772044801
15848138
1319155328
758683482893668352
4439677714
1859983688
21416493
803687828760756228
2699340834
209159457
734660936
2412513252
2903764779
823088029954899969
285357691
19355052
974700753817407488
15754064
42283811
2700269842
979265581
3235804654
50434555
764140493349457921
82455213
318672558
1198806446
3201140152
983716451570810882
172432205
980203468806868996
81812518
908319362490265600
796910449434525696
728647093552881664
1259764448
975019273243516928
23265246
780577728915312640
4833305813
926791066275196929
4376430012
3386394405
836862786907029504
613469003
2441893182
20548283
176733609
3004218802
835448844326420480
4921674144
948284210074308608
45520770
590965624
364676211
965686862680678401
14706611
1511120450
866426699193491459
1635222104
887236585682591744
632793760
222827947
1670437968
762680230591000576
622143343
242312389
967115439544455169
858604567398932480
710793431426195456
973202797784174592
552736568
902452080
184922276
3659938941
1436405078
3960765075
887745714528419840
1361599351
28563145
1869173132
1227360469
773911844
73616209
251820319
3091524166
529605052
1601235944
774700526705446912
1320239634
20902483
864030687120281602
828715708167159809
3384806549
573141776
835271236804464640
47734183
3351565035
715526139062657024
708980935606153216
3958198714
943776511
420902840
939463071164256256
786915105510453248
920216025488117760
169465731
913707783979175937
2436477775
4243073416
4242979217
936747148934135808
855136844090036224
326792212
613671093
2342156539
2559483847
859472863790866432
2293397107
386048052
891228443937050625
120867457
800720048528592896
288131907
261274250
1465450662
78243535
293213626
1848963187
322550592
785956678344724480
351801159
65357713
776879220186308608
352295747
333955003
916661183561764866
733252734971969536
2416303724
2399227158
2207529194
902965228937379842
104194837
240114180
385542199
17716566
159791593
2188908457
2590259335
912676963667644416
801312346522157056
4885803501
905361521076785152
937499232
759790075450314752
902286313516400641
1223740237
3062768319
900725265764102145
299749158
2891728911
843445378926219265
3007880061
841624872220545024
866997941743046656
114978881
72827013
2606138023
875978175154704384
757650290
249645253
314987785
20807951
3147584023
880355283968577536
67020932
442886822
2842733025
135427286
1148767788
1251357774
344776889
735428539537842176
829559943120326656
3152498171
27654368
838281523
51044442
846288493
331490229
755066666346766337
844304234904473600
808645226009075712
868809824259145729
806397181120905216
45327384
137813111
181945481
4088447681
735010817435963392
407763615
17724276
14849266
3096422598
18607989
2563408783
303431554
748104584413995008
143779403
847177611298181120
2809226625
865211030586224640
3518864172
2430737143
26461381
31476265
793100365591961600
870486211
2840270099
55505613
514642647
139048244
1392522739
4201184686
772290350
944020597
2216535253
714513230
163563101
3993552975
14201782
701992867485487105
806522537601626112
1243296234
249649427
934531434
44414114
299764210
55693536
2999238655
15426730
415601313
1950158414
168677331
2917589225
521671084
287295974
1630709755
2969597763
367080432
793800710433411073
818076010356834304
299864000
810196709431275524
453514292
2343744523
770597218348826624
2842023100
1274384329
2243675906
100810808
847008079736688640
243583311
31203011
3369702263
832609579578056704
100091791
434073840
36013446
807667842
825141465370152960
1054563824
295800972
2746543256
1888046995
2479885830
45572561
3300346259
177158062
722405446636736512
732256409371480066
23050147
713044843
334748476
53200348
806524749870485504
730830826301210625
1123074180
2801538156
776092194474262529
2448267356
594221669
3063756631
819579275019886592
859487196
831848812176084992
827876098595766272
711972529208819713
791636877275230208
710070020806746112
2223680714
592976588
823122502159310848
562956516
1152122941
117543919
4557504394
55354763
2209185727
2758987746
313994096
185741480
1958576629
721811204583387138
362404116
3266848870
91440817
97641827
1905435572
1543438879
114221116
4775533818
174364128
1600389014
1705066892
28314647
1371545564
1095525979
38443261
817580552
2541742044
3100017086
3109012835
2449858081
159126022
785915537331105793
741589632
248299958
790880521740029952
771737078325448706
785947436791369730
266427963
3236403010
437079874
983713932
739734609416585216
3978570856
734318198171045888
3316869053
468249929
146442319
4008799216
1442181547
58785448
293601868
151941695
1586067222
52192913
158288684
702441618817867777
2437486819
18434344
3252710592
4173461428
798655069
1415974693
1345893812
373621278
734868914258251778
389695526
3157888318
154457963
290551250
383423016
2511037458
92016120
1657961828
230713191
953849677
4877579344
53709073
728208031
311056176
20124008
4897272013
2789123536
2740464853
2255521812
339791868
735430024640253952
1364420106
3432973049
14054510
2753663966
947502510
2154486266
3010640883
3015109121
709075533976477696
256248787
2267133421
1243272524
2794180172
190610254
145784513
3382020261
2209374780
1139338914
494344145
306333117
91094582
872067109
596362293
888361411
271352773
1108550804
352542089
113013342
1861744098
402222874
257670599
448130433
4695441559
2514815617
2800568655
148835388
2830618038
4534340361
305227017
4272591080
2491250154
59735359
4416938379
569506413
48278947
432745197
149512596
3370724363
1654794174
4066924282
928940826
323248010
163555796
22612481
476823564
251721368
1234905450
37750805
3741753682
56124688
540274837
2918424323
3394384499
960445560
131132892
14190551
1131740796
2766194291
3403378457
23264062
14743052
239885144
110713063
434547908
500439832
2370012433
862064616
1657341541
2341751874
2223046914
1408457989
3383545726
117777690
822714654
3261086365
2464883898
3261932175
47586385
2822449870
3292173022
2226770502
21137002
208058457
33890647
395807318
224830643
304530383
2577967370
1075568790
47945178
2376945931
15597702
59543323
2305763576
386232147
90870412
582107920
2987664917
440352312
409500988
1181576288
1660664100
129858523
403321016
1086129962
111050184
32529204
2962698303
227648179
2205722438
222064690
308453650
798882398
2704857546
595495147
2791889594
2791752635
438255640
52368160
95954063
75291128
151391776
108601659
2425415725
172347861
3019945007
866177142
98876286
614413608
825172820
2845336169
849998348
1512556687
1002346182
2752814926
614226174
388943555
803390462
271867512
268837585
1020628411
115751488
398276172
374446295
259574354
414320513
492502437
400909339
1901273077
516541524
1001408503
1563619249
2548241454
525771571
135267807
1285458067
3005955939
91105181
468714058
854714330
380207736
60845623
15502834
59941022
2304765488
1731349807
615426146
2513100936
20132589
865186964
369374346
2842883428
1116087079
2912381051
262665582
16857753
473925986
2684213124
19177501
439781248
209176493
62118221
37741352
16045268
2843567584
260211154
2343662449
14290960
202107623
472940753
253536357
208442526
2515627878
16423109
1155069998
18119373
433128063
209606659
77962173
45376481
21950719
37997970
2844515514
2875077513
298785229
2836086429
2799703341
18503976
2413683094
2391540396
86763284
2576514716
297746003
38632472
2394750318
270022593
56712678
208764187
2801860284
1958399996
24719503
588627550
2330471708
953424756
1130203891
284438728
2836924110
83476227
1500838226
65586325
1373121007
375736545
2645602164
871766546
207856923
1296619326
2816784744
455147201
48645494
28162254
28680544
121774110
326705209
38509798
2811054476
355001478
292927415
467551928
592654771
346672826
2217874898
288333760
506429053
1530767479
67100149
361221738
14387552
14526377
189126439
356134212
2325579678
36624491
76963627
544096417
47741875
1472180257
361960216
712968647
2363056434
230496228
19837528
769561418
475127506
273935884
19393236
46342393
36320714
922812396
1891806212
515267281
167922521
769291742
140973919
993015404
280414653
248879448
307765608
345105218
390648166
2514898682
25058933
2596364148
297967471
2394009392
2178274248
757107300
54730258
342315487
821226872
1145893100
1130791052
19541922
175471838
1068001404
1470373110
206040832
2288069908
737581890
300622021
1399640347
500768284
576676539
2376789660
1487326831
2290430231
2316167094
21292498
244294530
625022363
352231718
78138763
457414287
73616290
2329350464
244605354
48661836
81575067
62179333
46467162
162622769
20448131
1924062480
368815525
11562552
244157742
258861724
153403071
1930271413
321267502
1896269172
364164046
17939037
461941362
301333258
319022393
533685540
121561313
50559049
215742968
119953885
633196916
418659057
66983357
1406026550
110056427
48022149
543974275
1244694247
29360785
37650988
15960595
396163676
339769758
76386528
442125188
120132383
490116509
113669840
149971564
304752715
5747502
480527912
1208623278
295827501
138813955
43498394
16897352
15778426
380902089
1068649952
1201336170
966458868
903714534
992789466
349080851
253214148
101909524
586413552
557705488
248594237
406984739
434495726
84289056
32439211
100758277
14810076
134734541
52729684
204343943
346069531
14291684
20631142
127050699
906852535
66222942
31185451
349083462
18874097
178305029
27321683
254458804
127635350
814905811
92040261
53951960
14492253
131929155
20282205
330886345
275580390
25859560
161632331
524571638
572656835
269824191
152573479
325054409
186154646
903913819
230025585
336769126
232812315
888576938
440519278
277295633
20327708
313990427
249211926
23602600
20054581
831193710
253276286
71322717
23975060
7171922
61203418
299160581
25516758
60510838
216837549
111553960
161540799
18983676
257682673
262209954
232055235
26778843
418018969
813286
82993508
46220856
461796015
284547647
18739463
612473
21744554
14224719
17481977
11348282
174964320
458755731
349079712
311397505
251303126
361479167
249109749
730591692
339548076
73080134
20680079
89648774
384477200
159915141
25260473
8170292
15473958
29440305
253977106
43090176
746940613
89483276
114623366
270418444
333568300
197473901
155320577
86571830
349242145
446799492
239876668
581483024
173266292
53031713
48744833
326694732
17866999
178616491
151005980
420978767
19762524
590707856
620221175
118685634
45065835
272134678
19762150
16237253
91462518
37397798
114422199
47600106
161762873
29647925
148100837
22127864
83839234
47599732
154109249
170591249
149828869
18117460
108441763
97409437
52180583
160950525
47603820
63525135
275575393
18077270
18944209
17132852
16971072
21857603
