2695654280
975788113875406849
18100201
2687999594
824000078
1320475297
950453013612843008
374160495
800078610652536832
1026473713708027906
378259736
1056899861935783936
1022525526823653376
2518922958
2647306743
869685230
22319285
854460896147640320
2844569713
929014482
1421929814
844244224069550082
760178036880867329
1707538453
844272444
3739800495
219058639
813860534
778945225414832128
2774775392
759379794349793280
711495601
100297263
20657609
16002143
245014191
768541589350211584
2429911829
1729768980
2921223535
2191095757
49599937
1145448391
2547824881
422375034
2240926171
708737598
255345670
20987720
748247415254298624
778176367129133058
39091133
783216126654373888
785284038667882496
27034775
3004840675
544210150
149170386
3093940959
3064431863
3404241393
2211503082
4783802781
767565727
2319483733
521476015
2848910579
2863102211
3731027969
3948485536
225066069
90309257
1646897677
87252292
3071241287
1331528174
481565412
112758618
142442761
443749073
3739942216
46476909
65594691
24548977
66804635
564853309
18153969
42914038
1074708625
20038221
398754763
48799978
46473066
2423983836
302769804
102417054
225034946
18456821
2767118255
3022298957
2835435691
1322712355
756168975864692736
298121885
270451177
72842277
207346985
2472576967
415075929
14729597
103724835
143086518
3360747939
2805889842
12766892
62926741
25166438
35364040
27028248
493175789
19033431
717359259864997888
3034948115
18846821
35304791
58067938
2816418232
3313800785
36379245
456683622
82855242
42635826
67086601
1047719798
2173383553
1525729148
1339935656
1852047139
2599871282
3068696398
2811770483
962963472
2423862026
3405641577
43886970
1594136528
4705578382
726037910097657856
47637858
2980294455
2778974870
520754079
74029690
25525589
380205172
16084829
998407880
13124672
16122379
460593762
19313995
14738561
15102047
119376050
