625070495
255746461
1488155120
3236893138
905134554
861686077
237840690
293538857
3198089018
2806265092
31619078
51400466
7081312
1101633849723899907
378259736
104389117
21917716
763940208953790468
3012832506
4761388698
935250459148898310
949567497627250688
87371781
430645155
16867101
3301576981
1155872601689874432
27679135
870566128346697728
3060489838
76864662
1098953111174033408
923160473725480960
150281312
479811984
16561593
4601167453
3192827780
840795009309794304
4009593327
20458261
62575859
32387946
31360666
28333630
1115192684
1130482564186234882
22767146
1005197442
237350481
484415967
389529702
2565889838
35969010
229509740
1630709755
84966500
259501233
335030124
6498112
216523486
2905618032
16017753
16528258
416217402
1435695072
859838670
279501453
1060232166221770752
35010655
137991992
781303290952835077
1026392222592364544
121869155
860920578831679489
297428359
457082745
3165124495
1016613097
19047502
1048597497994608641
4340497992
986794331582365696
2188961911
868469821
32303435
1098156380018552832
1125850106060689408
33773592
622993275
2904780216
1020952663
1973062699
2321216928
2465869068
14448779
436978573
1082466840
2327909557
775535239
1736490572
1325951616
15961191
2918091409
1118206683111677952
41148474
251495359
2903470928
948414888782716928
1924233781
864867308296179712
1073528401
201037843
352029771
819183637631406081
4855362226
211073619
942519011367043074
752387154916016128
634734888
904869467238174720
1388594384
19322602
197901148
42923074
36735522
15706128
19325156
1074636689241325568
42061101
360497314
786047748508221440
204640586
28684838
95393361
24120959
1041510025162829826
1128617314457464833
195409453
164195712
794087379288006656
825569108649340928
742769911
559614467
706265599702233089
970677447179096065
739631991235055616
1128305291433533442
984038300188119045
727771845773111296
32368094
2372038681
1095561396429950976
112861153
16369805
1096299010036445185
5765002
1274861
998808924387135488
20518312
1016025115635560448
727193384918589440
1020632183495569408
2401808527
887827401450807296
864090593080754177
23149365
143094665
1125766278013231109
870884648
1694040764
1085330570769584128
3347807194
10328012
1480385228
224715866
104786280
2868502095
260211154
3107789363
405482317
2388484242
2428796856
17794636
3317529809
554205170
55714128
14228991
1098765547250970624
166739404
849508071252611072
1052292359881482240
885953601067208705
62513246
1006037369001267200
440519278
86218694
714438322714779648
79923701
627486254
919949859444097027
1363206528
2783063791
403567856
2919355960
2421085179
911272715100852225
1119963629359550464
4096026441
2482300296
350935874
177745111
41096562
1201340646
2243347640
703853478
844462713698963458
795346623396253705
126750134
146215177
42564266
363529473
1120420842956046336
25796134
868004603756920832
41078553
11503282
2606576396
1003947374845161472
2409845072
48311067
1082415893144064000
1065311374547537920
829881163472916481
437063482
153658423
1138123765
204644016
19048724
420621641
38417788
387186414
27784905
42765016
3153837282
51170066
39473140
3090490749
12191962
29342640
28525033
1106775907807588352
17167972
18430758
3335762136
1410099223
2159078090
467924781
14199378
80273033
1456171734
839523742736924673
87288925
17495661
33341148
2657927395
151286086
21732629
636216638
636586551
16491676
19237409
2569068973
168508631
1116663784385515520
1282484426
2307583382
20133
1483921698
1009985101143236609
2781188264
3687490461
2342613998
48618230
14367333
796175602046750720
1511360216
190452232
826188694499401729
965673353758552064
2230791512
1055403445505744896
735838082637914112
29221344
754240160284352512
702991595482832896
1076055744
297461338
890192828898443264
2532759444
976262095640637441
2236028670
1163852828
829151079975694336
2998046798
798136760
573446755
562088671
2785042380
163027139
39040099
2271596911
1449904334
970283021063598081
3226272629
331591599
744046387365560320
17053
25728193
2399361908
214600766
1275209472
314528161
52221796
791362452718022657
1066502650479460352
3389750943
306136391
274063094
1388496048
624994513
2828796622
368842056
949629826087858177
144633793
245855377
820400399857422337
3340551119
1022546028002729985
891967639832190976
1064466997646434307
2987147081
21178259
1385861262
2967402199
16080536
1060519660297375749
1115251027970646026
1410549492
22225916
2363355354
323608462
28933924
221580114
25653511
3267072643
54680395
850887839214518273
2910771109
637236578
8565882
96829534
39712682
25035237
3249913555
25095785
751374728
989077210274418688
1095168407169691648
145860643
1463785453
870447381006868480
2950535441
905019526454009857
878819185031168000
581798418
867875622
912077304
545535923
2176527421
4970411
202476293
4488271634
230025585
189006256
1107997022081024000
900970848
1110073805773422592
946469607090675712
78001994
1075705892610498560
286767131
2463246354
57197507
283470303
732249320
976209884050997248
2311098342
23129668
895025142
102798146
790645698
356788303
90379103
59033037
1056647276
3304913886
1325304444
145136771
3265970798
838404327693828097
16155054
890543049536712704
849569938964488192
1003502020588793856
1020091683008962560
9549022
121553239
229711860
1069713687521476608
1489727244
129943834
489057955
4295069962
81732724
123656423
730817319639912448
1097763016592916481
728146716579352576
2646107533
833304961
892836458
771519208614141952
318508677
834896327565799424
833121782660005890
2312639992
887247138597593088
2563593138
181911132
741125747033673728
728555521771331584
967936858498854912
20564953
20424235
58321335
2222966090
67837248
3168247662
2872961599
42985637
147406561
19907840
812504551609626625
166794157
2558839177
2730761256
166834661
79124492
3315693572
80143193
1022147615822159874
193021026
4431398781
872724507529592832
1551758084
379952197
544716013
23841368
273342523
2148411023
1707492481
1356383977
263218420
27182288
2832429217
3168092856
330994926
234947344
617799866
2842025330
1014297465892139008
269642949
3238379911
994370744
2468742728
1049473182820790273
348633180
302134832
53708090
288595930
35749264
14166096
45786004
505435912
594753742
16248122
1100166239987499008
850168190
629110301
473698829
174625452
15439395
95610041
23830758
972966511
42771172
2452514089
229164240
2597586254
2823689144
2856062790
825199977311956992
866269713155866624
407367000
614855896
280477947
1047584224029622272
806625688107130881
298927581
616915277
217992613
2332592232
3023416147
2617917961
776567423398912000
2865721665
359711871
