2203237903
1528307430
846137120209190912
801614917002375168
1072308240891801601
609184800
1388656794
33558216
378259736
1330720885
9091952
167459973
3078764630
365134375
10475892
234566025
240355617
40036732
252998505
1913890034
277140127
74184250
416078123
8514712
1433499571
973942589765423105
179657772
479840612
1880925282
2705490432
199361520
14540941
2256689804
435331179
783792992
836283571
2271638589
969417467423371264
427505253
15676413
72423061
30364057
197901148
191911117
41154223
94581683
394303078
771561031663398912
355591226
19395722
88100501
1136255249826476033
20770892
898629865317965826
1515728941
70739029
1006419421244678144
862037690597953537
442776907
303804147
757362706664067073
174110843
130496027
1977528128
16856857
195738329
25046334
2871094552
48569578
115145100
355036400
1880725393
40687812
14677919
15862891
17385903
18713552
19563103
33773592
35773039
44903491
57047586
128292609
182839127
27938182
757870687
14075928
766326031259230212
2878407731
226963044
787373558
866426699193491459
50166173
744656063958519808
62655927
4041183922
2954208760
729490748
22151193
29442313
138203134
357606935
216776631
843263416412356609
917323135
1039174405203652609
738158528913756161
2273424541
2565498739
90289733
3235437439
127739478
485109912
2752775016
1134797917
2567504003
559831317
746483203716714500
16754194
2584623744
2232441937
2214956617
401075090
292913296
1102847023
2597351264
4417323807
66314669
14800709
1180764888
3147690692
383764219
404360309
426364541
3306831979
1667594803
1477846165
1976401304
1613614777
499327665
415822027
16461672
236509450
2834574903
3306362990
4219741761
78996339
8362412
142936493
17845620
33602654
14410756
468535828
1949765972
189191613
2396481253
2493550574
2308715586
2507527267
34457073
2268188126
14342564
1317080455
80180729
272005814
59362595
403697814
502000718
26396117
1636286743
1494206268
800542326
174958347
1077916698
18481646
87215923
23809332
20539747
402224702
15768289
66182591
174357141
343203395
410945436
149180925
803917790
18682006
226266237
1020247382
212462140
350880390
18655567
419002477
14834340
186585181
13746792
15260647
112475924
72842277
26858764
15684633
29342640
467200647
15674190
365491662
16273831
457032495
35068637
1483114580
91326092
174847568
16866617
17567533
283273730
17089636
19767193
19266899
1164226975
600438948
110889218
350508003
1031892066
364373340
54735120
444234176
26099938
35652801
17292623
312389334
231640101
365616878
16630098
619621422
512477587
296977242
304185486
164242095
25786832
14985228
39585367
33098821
65074661
16245822
34554134
14761795
5392522
19722699
19658826
15473958
109298652
46870301
4620451
23357694
15514266
14589511
138737516
31353077
90420314
301435835
15165502
15439395
15522308
22568014
9447122
17193422
20038221
176038442
108382988
2696831
21146468
117662694
17471979
15492359
8963722
1344951
91854465
15234407
17939037
14647570
37710752
16303106
16817883
14062180
18948541
14085070
64822927
313091751
39413265
233336165
278481434
9033762
15143478
19725644
135316691
28583197
63499571
28016498
40910889
46179449
11348282
18288919
30800794
22041483
45921512
30559705
33454341
49252701
78643
60778710
47407344
17827419
67974445
19546529
39002697
69079665
61842235
30688002
813286
15078840
23503181
18863815
17220934
5741722
51562813
