574582416
895079258
1102170009608978433
258827379
2446342658
3242660954
1096113501716840448
862037690597953537
415075929
378259736
174057908
349104617
109747548
161580500
22289189
61227028
772114819
239946682
2394959155
3332346827
564891522
3386354991
2340426686
3213099287
2802293861
2575003526
49663961
448462304
787025323992973317
2287281216
931368205
32378628
122980375
575014349
249860126
23678636
397507908
14062173
3126516147
409486555
813286
361760493
19568591
3302781395
46335511
19697415
970207298
28406270
131497030
1963724474
48120914
14238795
17565514
16316886
392341498
39000115
16721452
24889586
562381032
1634019110
59471027
21447363
17919972
