3096642344
759632651372236801
817610188345737217
1439926327
248540363
1088162566902300672
73060860
41194077
1369267056
806633967294132224
36299068
558769636
252249233
20545793
35206553
230903889
28483093
25598754
16702757
23281108
4356430036
22118343
203766782
53981852
4877737173
15949070
884267068425732096
141019494
4850399325
2192069886
998325412970151936
152131291
20926233
627003303
78492615
951434771187617794
1023613025469837315
3018737579
858057428100939778
889962796804444160
869685230
636216638
378259736
774908324
174526877
1410795512
14211946
3863605355
2931306545
30354991
61802282
357606935
23264484
97025817
738969768242216960
21562899
336851461
17891090
71568812
974142423558311937
825223935033823232
30766740
2964741225
16096427
389674750
4903541712
308354349
323607327
24566971
20078994
1398615505
96066698
2627427311
826649671288250373
14189196
831614403497848833
19260348
177995084
59954611
20344826
2337520975
136004952
47281555
89800091
77608185
753005970318626816
1120387332
53441953
34679503
17158189
1113530561732042752
1446853159
723425231944077312
45724110
799047255378391040
898551826315968512
1112724889
16826656
2885543426
160682025
86537404
2652166273
344467425
22677790
15962096
22207520
14248315
66590132
433439383
85459697
178072150
18303935
741080600015032320
824158324094619650
264264597
230927249
1003685036757880837
929766541046042624
352574207
19715003
379306444
807442387
249346453
201419073
59388354
734930461080752128
1015737166972870656
2295155880
438799429
19370029
2870816765
20689378
1915033663
101113877
29170120
4292586682
90934549
125213869
3903718519
14939371
234184491
167233211
1483679244
283258239
634734888
1634248890
3679363152
1081017600723820546
1081084074477801472
139617012
828643302446661632
827004904740884480
14478499
1699717429
40150183
24908105
56805778
953740983421857793
294058435
20074569
9811442
855872055727632384
1017119179449643008
40507186
946761253
128712272
880419742280019968
824631780229677057
1043239552381464576
16037894
21452168
25725698
2835451658
38611183
69406730
26130127
68810491
1309582464
1606906374
919475023
1606472113
2828045505
16841066
48325671
1637155525
726193
22722452
2638943521
3060489838
15576928
619348622
97576151
15464697
198434521
991995750
358379431
233490841
81680850
213482152
326489492
15533350
28741057
1478773664
2893511188
79923701
991824857615687680
232310339
22975169
3775360879
2864381561
78683448
549527112
1064010252566224896
870324519788879872
444120026
33152005
18902137
276819952
32713532
147860240
16327067
268607705
192737798
26396117
29675916
18818898
195988217
393729938
999481062828003328
29358147
442237496
32871086
14982804
522638919
63302020
1858693579
393541473
20619107
41653143
2295044780
22738027
16015051
1363206528
74287341
2967402199
1252808496
1659226447
959568077418459137
946116228988280832
328557368
110431037
2399828900
870442892
15440889
17769258
376613938
128400609
783726759116103680
883059126346973184
880487245244846080
3167431331
54219241
543116538
169998762
1134292500
190906140
564000560
71036272
342863309
1007021475595878401
209375328
1051999197396779009
1012883152535150593
2379700903
15210670
716432228
55117855
15846407
22657153
35184346
52551600
80700514
71876190
142157505
88749392
28422142
6541402
29396590
716774194986491904
253641012
21570168
3243623720
71273952
1660770157
16444291
3223426134
1062128323
14208619
2959145179
163971168
20972371
894769548213108736
17970094
18953824
309411152
15693493
3087733248
41861310
2496335227
845392971381927936
3439164489
284118825
123629820
55350067
85424543
85192862
313755378
160775539
249482040
2377778564
3194682452
861050964219908096
849290199930515456
1024017461471993856
18713314
14982315
18671559
304679484
25629019
2529194850
14581454
17452154
4196983835
27978179
1337271
250386727
1017637447
246939630
15907183
2200679306
20900209
42583325
372483103
323120520
795087204687048704
803637073
102594136
2328421
138203134
46335511
32522055
3420477195
2999158160
267856525
3153701298
477012156
18664100
1673217121
2491020746
11508822
340613443
723872532835786752
20093080
23829473
22084427
19877186
28061932
364369195
100901742
965266179836252161
21125133
195487343
1009738518
481690394
14075928
6539592
19724858
29076826
182532287
22716334
16335488
168180425
259021398
17397880
782008420090032128
55876748
251918778
23009269
314316222
353452670
23376809
5548212
255747911
904869467238174720
16031984
15978412
142720807
739568129005621249
2553122688
14298769
14515799
14834340
24258355
827332227310710786
18228898
23746411
895118556504797185
2202041324
14307648
1663327039
14718835
16187845
1315439827
274201494
753984763115950081
121594838
700432586720595969
2922928743
15976705
174110843
49698134
130496027
16905566
238319766
20609518
336116660
158414847
244368081
309970677
94833514
15926078
21605870
16959296
892425083070816258
15663333
2691224665
25573936
20643592
17667742
34997867
1596486997
78194111
166212191
9942272
4803705924
2898355198
341871198
483521999
737383459199426561
15804843
15690708
14478260
17212474
978911816431517696
920782980326608896
174161358
22080646
22811937
95228628
366010246
2286189025
3890780594
36195015
3061210992
15717356
72423061
15231855
38029205
813554157097459714
122135299
308701640
1385182586
34809486
454193484
308919079
22275556
20109267
259466513
25785311
19865053
1933042237
1263455569
150580103
89082570
18328082
24292204
45928061
774099476671717376
19910041
3369234799
419109554
29201047
223166587
49210342
23012305
1250334620
2533232360
2209841887
821482938822856704
801697333
153167364
289342771
2289770467
398178146
98247788
14652182
45495485
30488144
15857447
939570735059783682
114776155
945136325644005376
65497475
821922018937290752
216776631
1098838645
39909568
62873046
2332951065
3315368252
478772873
256332687
931363854
198472013
293338829
18787179
16305370
65167734
936609169410547712
16819053
2802056818
15666380
15760355
3224565963
729468343
926350218257252352
611941828
3265372914
4380881
4205715317
37350044
59908549
1602852614
14604442
3937303587
435201272
23715059
913158575861645312
17955081
873330448692240385
892568659251482624
857732860656078848
890599448824266752
443215941
860158302
2997566917
854741116511506432
340713464
18028249
165511377
19793752
16794800
19768193
173263139
4395785775
386070396
51820625
1153034726
221559941
27776858
15833326
818910970567344128
3108351
5392522
35773039
2467791
822215679726100480
25073877
19768715
47839975
31353077
90420314
18948541
130922325
14348594
17453527
52657239
16302651
2957686831
65740240
15860436
794278310
145950327
4662821426
834218602987347968
850981136654245889
26628977
22090361
86363143
133012809
14217311
26535267
17643283
3359481
102820462
448529728
29344169
27103490
1969318969
143747851
466044355
316389142
231910443
861292264517140480
796797255206350848
19413784
862221884640731136
571542112
26044770
39556995
8776942
50374439
30364057
17615931
14824849
87595338
263292498
255206877
66263785
3133777086
1957801386
39097715
18686907
3855211335
627643923
1137700339
561754773
1323187164
1532982607
849055770846953472
3177084522
1418745782
8892822
21624951
14320551
60520655
19494203
14996376
123187289
98424515
4775562619
3353043314
836268543477870593
21161356
14500341
1905989054
156411211
17953972
14829533
1312853276
23625221
1652541
428333
759251
5695632
701725963
631651666
970207298
105488970
4031032167
773743014367944704
842424476880982016
3197010894
2820258280
109355916
1084537020
17742924
2225675245
1912658582
16199246
1648734228
740169913948504064
2394925351
752598850179698688
723753855310135297
23745072
811212799112318977
2851036057
806597462869712896
57867062
807048633325527041
143855680
3014025950
19637934
17844280
23544596
500042487
129334399
28644174
103396111
284602545
28221296
44039298
47216804
16303106
139162440
20035593
23839835
220466992
342926757
14245318
2910614480
814308163419635712
50542891
25180501
426242805
827625081069195264
824320219866923018
825151045869432832
824473943931293697
15912890
822517901294845953
27022632
805242419822272517
823290897861197824
17654485
1948710440
13141812
3266240125
4677701472
191973910
822689953351991296
813286
97942529
274818674
252843913
133615423
18473075
943287703
26554348
42977712
24118528
3260016426
3178383866
446062815
2352126044
48075639
1475348012
4017322092
2363479123
267927294
535072101
1162059698
28406270
42368810
74669397
116579971
17813078
509185272
748080611491876866
12513472
815662013909061632
397528346
3146615987
194625752
313091751
702410328680878082
1228863120
3253934004
2366292186
27513314
29226377
21331007
22517388
1876676390
722579819494449153
372565070
574023889
171515161
284162348
938283829
312969473
1228994521
95092020
56419342
786695907102384128
25723502
14867598
3193601539
3760931652
4467377239
18351318
78821925
18548221
27711685
427505253
23027237
21035409
17587207
18627768
2989276541
59314784
135060958
2956651986
41963890
38748180
14161240
763455917157392384
26089921
755113
102955736
723543789508288512
114949068
18824923
45439810
22385101
2202046404
207533569
105196298
96025389
107145088
226660446
3005582016
22222761
378891025
1608957774
198212704
775339793106423808
87650103
19279990
3395058262
732674305641828352
77282988
262741572
30272162
64548280
8835482
17110962
143079476
105943801
15147397
215864230
290062601
26199815
2835962353
33811438
117848769
52613032
82298716
14353392
18518096
15164565
18148037
1090026433
19879313
241382835
502135911
325832193
15227791
18396070
19029137
42994822
177433166
121529341
268436202
457947093
1319554081
17273642
47819162
104969057
602317143
128904040
298562874
32813335
239260354
180463340
25401571
334090045
454626889
266191100
18208354
46694497
19273919
480035350
15690771
17732153
21718006
16162021
20322986
31516519
39804874
1059273780
11757522
180624781
278987748
715463286
211681790
2516255304
331064555
3952863914
305735144
37045017
167421762
325044817
195076047
1183041
180560224
20825732
27908189
17735424
19165963
2530686902
15030766
128624379
18259563
