887845412345925633
378259736
22720093
112516964
18957805
2228878592
1139574829802090496
17530721
905595857554178048
919404016861245440
1091852707957096449
40087531
964949923643969536
1023372475
724480938
570935754
730973264
204476383
237339562
20980164
306289578
349205342
25071725
39549418
181462347
772406649537441794
14847034
70372279
50680916
309751593
270561150
68340600
113696592
469689725
23645599
76774950
113696373
449994293
464245847
27711685
26939677
50376975
300114634
15383636
28222934
36738420
72581909
15809522
20154994
707913
922305473449041920
