2283353341
935630734907363328
2313985816
994931562503426055
955047890333962243
833730404981026816
1067247922004279296
135119410
3500722636
941987018363621376
872403805148553216
1447190358
2742876387
93709058
177101260
1157270735783636993
2306842808
2600210567
538031518
2322204434
1072443446437257217
37284991
203652149
1413027896
1122448719100641280
171003948
1856205205
1149159932777730048
604611808
533085085
2327308063
342599843
703744217886097409
953284976
90836187
92020072
73674644
102777105
1604444052
16343965
934693663137062912
2365194698
1027132653504483328
874304691345248256
1010801130241249285
402582664
277984058
2922070385
2445800533
865347005710819330
860560931386003458
899332459543842818
882611077393022977
887419466144940032
902590876748271617
286374008
843831410645438469
875411976549261312
803930489610498048
899640523329347585
334483198
12480582
149365844
3647080398
932288855532650496
3450097941
920512279556304901
896158685533220864
916395979678433280
870324419549253636
1068830543536631808
1069502738332033024
58531272
1051128098802941952
458755758
250671466
438280324
540025943
794174912743297024
300433385
2989535037
3823128447
3614353935
1012960131334787072
784299584247869444
163350888
2494936075
574922406
124806006
3015579989
39364684
64643056
568825492
910621028212203521
380648579
20431922
20904490
16153562
28567809
758484549408088064
144279714
70407300
1610292193
329977371
2378546286
216469874
115490380
64862896
15458277
75643766
1073288400
1111533584
167070809
589203925
1146696018542698496
65149576
2380541912
722158137625722882
2786583265
2560089751
282081198
94086151
569964029
128489696
178514496
3240295671
2848259962
2233173834
397202905
75304043
2688123266
423159995
89167656
902388400296255488
3198285014
1927089876
4633351877
873542993231446017
954049438045044736
378259736
1522324507
2275115868
839911649473527808
143086518
42680667
320268880
251582759
1676175931
317216139
349719041
6742592
303130436
155230346
296391169
185631499
29717083
303598509
419544231
313054802
2893477011
2887124787
28815461
67321936
242779175
85279775
834988327
76765467
23653818
121879585
533679550
3304697195
906931035652231169
3057540256
4226522812
2962063198
987365733494673409
1022044142703132672
879928226
604416116
1259839165
3008072613
47983577
28912478
1917731
4445766373
823565852922576897
1221537968
370900070
178394616
19202700
12553672
21279340
6527972
25485248
1322691
14454605
20094535
1337382750
33639255
722125936834060288
131144285
997463022640627713
248941406
1086694369829314561
418899778
897095528844075008
1023667296668213249
800684257949560832
45111170
16066596
211975005
26571599
15196607
910129235616043009
61134585
37424650
162088304
119401334
902839045356744704
223430081
376019079
252074645
41561657
1050326928014626816
1011896409153523712
303448655
918902123320020992
351198392
106050885
1135862733000327169
861008180964462592
248392627
743365013205827584
89954225
761347310
509038783
407958000
2321756955
14773232
1047766402608889856
61171559
993422467677999104
3122773108
615060956
1307250354
997379547350773760
977896315093893120
970698288830627840
1522468110
1125828804621086720
1174282818
100382703
261431332
292565344
1135530128400891904
1071413958521835521
1091754598690377729
19914721
2367514614
2957867554
964147926103613440
2927819278
337980695
371653701
1032219884682440705
911580584627048450
838859362890362884
1063053936322662400
1014502345223360512
880812008
831509687602397186
107977421
224641375
330851507
261610106
77176767
1117504201104461826
1097487339222388739
826547701135192064
1113797587855990786
1133097324283142145
1000040349602066435
4857892312
1100820294556626945
3052574049
1081101565119868928
351528429
1120417574494380032
962368934509936647
839133596417916928
1068099044
1116756401911750656
2909432771
1077603703794946049
3426057827
1007904787160031232
2248627958
1080583087552114689
1078997959054974976
31696434
724689073227571204
1132197620779245568
1065961502778290177
925252369566314496
1070056189650747393
915182612200804352
952805339052888064
765187661996883968
15191970
76023881
21889608
272403490
56318917
1055781637617786883
889894243594063876
1108061528585093120
2543096468
4889664214
1115284083632934918
1080383211946020864
1061314389490499586
910151333013049344
849170313334181888
2308948052
941234984681115648
19802879
844475284787212288
3242758916
1665531
179248364
106578674
15743206
67700256
194378740
951363949
873206497651589125
2348516060
1102862521545834496
2998244967
1279861448
107157598
148311589
861697449471115265
2393318318
2365359625
2338250251
182631148
1060217046506635264
1038668065
9912742
15898172
199597866
188006067
121077908
2993994029
360821037
158378782
253588542
94334742
119904090
1022579538658779151
210186434
313935250
246704348
155494695
948475538187878400
990284872546705409
1122891625083146242
141319047
492745530
505667478
342034697
767811678536921088
1248423853
1513730118
21111354
277305936
997830493
1094575003486638081
754627386
376210516
101778173
882212011
242767571
1099721672523956224
1118123331109126144
1114592491272060928
96226099
2641196151
155280601
357310745
43192340
17536486
2306403086
14763734
2636927614
1655113032
2198140423
1000419930544668672
3606190637
2758578702
1307844864
247174886
4872896535
741552271
1096048242163437569
2287536096
127708877
947224488273379329
1727982408
549128715
314482626
3246874534
71380961
887050449840427008
1102101823970791424
1604626892
994221100333662209
3652322656
3139558299
1108089028438622208
911520972
1109825278530985985
1086405570582720512
962989742584487937
943448352213127168
894955307666944000
1593452658
3398518095
2794737057
94272056
613264464
311561734
719643949
898814243990102016
3005485529
228172367
177868831
102619734
3357056771
129899557
159680238
353975978
180979424
114708163
1905195362
929004278299156480
88914175
2996097096
115757615
925279598786605056
19214212
3345292486
107077120
1099038416
15270873
824906834725085184
2969611414
17179368
831229917375389696
1097598697809027072
248897605
23932994
1008438399534092290
225183481
1307614093
4839540760
2444052414
260685403
20444825
166525012
2273295432
17897474
50014224
38225654
65053003
81178714
171131696
275690183
38226126
49685383
27659232
69334050
71647666
75015382
277660111
277430885
31461371
20739038
17278322
28173220
47730394
196114862
62862144
8814152
26452922
14055820
1093081214846726144
992485270233731072
3559062975
1075459181958885376
716713234997329920
3372866686
2596302986
122669068
1028236805051756544
533564694
3238695987
282074543
193660231
66128308
429820478
902291736202006533
580717128
994108273090588672
823460532
1002234634149744641
304578355
872537520776634369
1048656205705568257
1001187656171180032
1093143554749272064
992849838155927552
3385315787
1104712739598020609
1109161677663232001
854380644377534465
566572648
914376092353548288
2305111097
1101867185071419392
4250333848
617512702
895696928729706496
1101951217071206409
2255315011
94346808
574620486
730074539057655809
1075557019690696704
3308025875
2260422139
779691406948503552
154244372
762001980365701120
303858040
2460022412
3634208843
450087247
703637056677945346
949323853351849984
543461907
873331599831650306
1108821306735235072
443962072
1079725303088508928
67949018
1238430048
368087356
4915520409
978272328
472309478
954993474683711488
1059415852741783552
3987036556
197133642
310555434
424230138
141736545
455799438
65694151
183976519
163848722
1102315066052001803
3242550281
2831888828
124868304
744854779
1006889271410790401
3438437404
767717000047198208
995235865038336000
811766659719557121
129267502
1092526295047643136
2315935524
1099065075258789890
1117314349
741703506256617476
1064875391951794176
1078628089628971008
946436759377907712
1072821773677314048
1050651697414987777
1958800154
983038636689108993
220467921
1704863430
883727666683228160
1013695047466913792
4062662326
953582192353054720
1057987840674545665
1369837975
1144477124
1035171522753781760
3438926524
1088139033291751426
496900985
1099239359038013440
1105412649674858496
3202496544
1101083962527629312
2800945990
2531510159
1077907504426872837
843883549266731009
824659850
1008000595226234881
296479622
806899085542236160
1059562890154426369
949635503195852802
1092074369365540864
2494177458
384394384
2898789261
245085474
884087436044902405
867718719249805312
1095105939185811456
1099575730277662720
1025452016347373568
952238075366858753
838458311095746561
1091758124393000961
2159792311
121188197
951518436471001088
2376021726
1054031221645340672
2510869888
1428119245
1096784903847534593
584637102
267421543
3368428611
2331554383
2302965768
2344091256
1056087993000382465
1071339751674966016
844976077273489408
3196329412
3354848129
130494271
227019333
1095212468488544256
966025599155343360
2846802226
3822136996
4881996969
755864420358774784
1968532351
746432553310130176
805030758737989632
753557510133583872
1479047479
3030925223
1097835315845361664
826336869931745281
933004900597977088
1007930148946051072
998839654047772672
2285178475
1081829594725052416
1084146138679308288
389128211
271930040
90586806
521594852
262348793
1408142352
282084008
885183842750955522
593503872
778872643
958582945257869312
351422691
998001177076912133
3261777894
366173107
718870503667146752
802302308226736128
256793538
4078445134
2230080559
887657311459782656
158198443
887664048275419136
953325465296670721
1092931729856364545
42208855
4881830164
851668745936191489
790535909150162944
499506516
3379336241
834320841580171264
791599587337396225
833426608665088006
602735195
2998758401
112784425
3332723773
1043510639627513857
1070780097622433798
1085535393905299457
3396215061
2483601960
354582942
841483417887862785
2350618921
3040498359
20535486
424861562
54956437
2166116277
335852566
112386661
18477428
86292908
175150751
580269594
26748889
15237935
228586748
402875257
59126394
12819112
112796409
13314572
39537053
549138831
17089636
246348124
2645602164
25497028
15521075
26268870
318053222
34324846
35306978
32147629
305015198
2610768194
82411462
380816062
308407719
2694150236
19843630
252204344
1343132275
21242028
9905342
4920859096
2395444820
2148472002
839895566180040706
322229130
3131358718
762714009502187520
768229770773598208
3696565696
718403766228295680
853028992596807680
3420620885
855826908457697281
289288757
826993543310827520
784333627119198209
924332977256984576
853004182340718593
1330030128
815262148553080833
3421403127
901051892591194114
2980458689
2240268936
927508855633973248
3337732251
727240425774284800
717838981958877184
2257452161
799077280668647424
2496362888
1496126606
211261440
747238206198820866
8071702
23802559
204010235
3670394057
4264298775
14173153
1492416397
15887328
176210560
379181774
778631837287583744
77639821
32083265
82763111
2711303333
39865486
3395171181
3115316998
3906457993
2909304186
788072580494143490
2377625174
237688384
91203273
811998124541493248
562100356
980090107880525825
769672171501346816
2526900595
780501108146003968
3491890817
2515532684
4866592001
2361083388
2968853345
780512516615053312
1104522234
808424458407084033
781973679995367424
2829660295
796564908389367812
16337598
937783134
334203839
31936449
2710580269
293116923
52133120
183548902
43848067
2802558480
713648564
562817107
19416598
2557915058
314758565
575655913
200634860
495517322
14465139
201531255
29851021
29856819
15098976
15507115
17884330
105305259
18267263
23486104
73860869
107546300
361302333
46342393
46114448
47999622
3261099978
2529735492
1541524698
288436246
871480110360268803
987192652885086208
161987235
969551950034493440
2576756736
1017866948321906689
1034505022934077442
3084850415
2282069797
1884428683
633966068
256293704
155881544
868138914
1090922619497525249
3052618098
1086706217626542082
97223779
555073218
3151945661
1061732384004063232
86848647
810243843215998980
808788607137759232
1829708546
875236173572186112
129444966
933921775
2171204533
330119779
731437016
984754382964224000
986186350167756800
451586190
1534167900
313500300
402976709
621001938
481543723
2154378344
509187592
3076826085
777114049402249216
721353025164587008
3130978919
1035510799815593984
1057562323798446080
848488614405210112
605691517
702215253577306112
338297744
884706403
4764377716
369528479
1046708994880880640
160883616
310615217
4743802648
735014915333849088
964941307587293184
560711367
2579194592
1017020609379885056
968379206
155659213
260195059
323135220
132257326
29994840
18957805
7348612
19094000
121775375
19692478
20715956
14792079
17544803
21744554
37989814
18214541
370031699
3689857043
3958397835
1023983901675581440
3052997537
3105017045
1039207136092463104
1035073662800547841
159354324
1055819066479386624
1083941582037024768
89682453
1087478633709686784
368012088
2334947540
2338214982
1086945717732737025
4055206883
710933695755116544
982154545
2724530693
1143881994
1021529104636682247
1683642541
2271501150
1054857714919182337
883400490175782915
463199177
776118601040465921
3204449453
2584131224
1033042471
537560742
379637097
72882382
20174852
114708600
76753628
3366069148
921904111628537856
245841182
79783264
2230152836
15904669
1660087506
1036571749612183552
1092280022969139200
857256177394167810
2657018378
2163322584
387181116
1000886101
2205015722
212202960
1670174994
165699676
773069256
200226529
360054369
92391733
469209384
1857146582
217901749
283672975
487559715
954301852404932608
2289995418
700709083
221868493
268207445
2585656873
1935093672
803195776256114688
225114700
3151747475
3308367485
2197443026
107133373
1241540389
932968560
2250563720
390693433
15300187
93942628
939543286582317056
3170907307
724477467847725056
76634926
3992592915
361885274
34357036
186755041
3299411481
224240970
1840694712
257146964
2872879222
143816656
116829099
198110464
2196401077
344700002
426578708
295191969
18855108
785589034437402624
1085148490609713152
257379979
348674206
82314244
797359579210379264
1025090167
941708256220721152
487859961
16086451
492890785
1020046996273614850
18275825
2645921731
3141925211
107040363
66619598
24142010
107238136
250026736
2731771049
2695594827
437727068
1150386181
702572539
16485004
703683588735238145
2556924308
315128219
265497642
388733462
2341669110
102642154
1871485279
180296665
229836701
454694333
343309713
149606264
294866952
165080126
557236743
1668100142
850107536
35402769
1513377314
354847710
2238233438
55351494
1345385060
2233090550
20675960
111584424
339213186
3255705280
1968860750
19344270
1017013698823585792
4069221083
593626954
1016972284035305472
423351457
253928145
2399990732
230393685
226125993
518925655
1087292018697666561
380086603
2828301882
844568544121671680
1692111510
568107215
971023399454724097
257415817
141158796
1040806440208723971
80853041
215950824
245278934
4816
16186995
17462723
932804480
715160765137874944
143039548
17447359
82546863
345714819
60849989
536796489
136314100
3302931958
3020618119
122145279
2803977666
16452121
709382318788644866
229893791
366037745
856148305
2419414302
18330252
124414615
124408730
2463038281
2377535964
3224570325
1704448370
14093109
20890879
973554540
159477505
94707142
890803742
17735430
2649731
217477505
20803965
3061255931
277478106
989496530146091010
132698610
54243837
98877698
285165232
1286856769
25140707
190609444
16931138
584917301
356324811
22653208
16819099
245545600
30054271
18871354
35681219
36335047
303777686
298029693
412933559
63886603
16240525
71754329
32387946
65134016
264399952
407068486
49832877
87715935
837693559
1513221576
20769532
22674756
40914713
81694000
21094745
111305843
324896218
324978824
1577723760
207522799
956490311387185152
4058142620
2292186942
856965837256884224
437635823
4872430529
884728693784027136
896677647383703552
773181360475402240
258566153
831966155589967875
799944774
818415393731649538
3334678330
71339443
272512098
2917691151
99546873
1670755706
1944931044
300737457
29694399
335535029
3783414197
780038851423338496
708040584611631106
82056584
790019230389248000
807609013584195584
1052441088349405184
336781757
63776976
2739975020
2306736044
2371739300
353614382
804688450163277824
1400380116
93183233
498962127
35039490
2164872974
1737045704
4286666003
967042087907676161
1303201675
84047570
1020593994164850689
3384676115
2441497363
2198071855
1016803861225492483
2348820098
752109121906802689
741384130198417408
871719220106625028
2784379073
1324751142
964236188398837761
856060787219193858
887995535227006976
2217924296
565409850
1101809456
1021012816659181568
829641496097914882
943901982
2953722621
3691321156
2546319637
748084080487600128
2285716273
1058709432513806336
3993517154
919599534862413824
754825580886056960
74498362
885077101749161988
2440614426
3029031811
472374709
1853971844
2764956269
888858931824644096
1715220325
710220019758731266
941342485
4456917563
1093250446410612749
1064888298882170882
2897108687
342740656
1037480820
877900637354287109
1851438102
2255336526
1073104776047542273
996474018193727488
847214162258350080
1026778035067019264
894862157766119424
866736165034000384
1218565934
824219970393538560
710913287739858948
1042043025621442561
940965322064056320
3411640252
2813367278
1011051492
1048911191144321028
831510849558872065
1712091973
2876678490
121881179
15452672
3716240049
14963696
1073995669
766852932914520064
768385185264111616
2964550461
837560999708352512
911310771723948032
805090730670780416
980130371152089088
1558962122
971690607151267840
2352074331
2503521673
2272831308
3348159328
1411437961
827292882860199936
2366885612
937462167846162432
857692699
835277782045327360
1367846953
2912170756
1704975554
1156308895
2855765469
1668064291
2730644926
4201147457
2253849583
948901816422592518
46902858
818553341722689536
771761618455789568
1075327593170264064
3158552243
3054186926
221674135
1308591343
3070181
16050076
4394776281
835179840152223744
1249431312
434248216
1431296359
733247731951603712
806271438
605447088
533261211
991563253670137856
827584574070874113
856158261493596160
859786292737048576
845667496912965632
2470643718
432651980
864736355657687040
4077723377
95159928
1071535804277776384
113695947
4172802989
1029243200
714732865959944192
1122621025
3710846776
803312754769661956
80759906
4271160858
1354389133
3340803839
2739847488
2822970266
710404771182678016
1238705239
1071008975179735040
2315747803
4705012692
813828443422920704
736432174153539584
4814133973
2825167108
215333781
1725137533
16536844
15640533
15988549
19809471
19669207
50545304
17445752
18918483
176932593
740920694809169921
807645152475021312
1927578391
1059188651970756613
1042633684677849088
1905308874
272133879
763017466175954944
4806332176
18507505
284188758
1085814692671643648
2574862511
3001982782
2828115329
1691241236
816625859897462784
907381898833514496
2872070549
2200525803
2485492013
395319078
1702605908
2197290196
540125438
345965379
2945804404
776143040
198962080
931088732354170880
363851443
190990219
2147619236
132674313
49767653
18567018
9207632
32423136
1440641
22001973
19826509
843112550
615927039
800967356
170404126
253207647
1061280980952989696
1974006967
2285746465
2562490277
859562724749189120
1037776732265308162
2271461168
4604449415
3293118027
27142322
740972952
792704224714952708
630467565
77995208
976939386066685952
77979525
111297274
85335112
766566946833780736
212135609
4267206142
244669511
263299878
1086888006232039424
539379020
144273178
491605489
268258399
1641366798
946338596591718400
186434161
581293528
624597139
147160166
435048741
897834702035406848
2319121626
3946757235
1175448038
297604748
2711641994
88816329
981464516792848385
713399329550151680
121878994
981196794540494848
925368966926647299
2889234921
753596541072502784
712454833
1262735570
734705953472446467
289955516
2469011864
159483463
425699784
90915765
2806945696
112394562
1046429302881947649
1637526974
2593392469
739574008002322432
467309971
2482649740
314041021
2190512829
83236323
803694
765548
14839109
15379361
36653441
20963651
759249
91291696
499638898
214272214
837640023616937986
107870951
449947747
15791693
19006707
2882474866
2532893699
67988795
81713227
91942071
15071251
50294938
2319100640
1588866548
930184838577098754
193533914
894057794
77912710
2831651580
534604219
88629772
960455030
76568431
207657151
1390359625
2529381900
32260006
1341385052
15580384
15224727
2778630641
378189745
17023762
199382915
26983967
2321357113
1952365308
2726298487
587491156
358253618
374545288
713685755466543104
715237035364261889
81333564
611053845
933236335032143872
1191078949
735633506
991838000
3115971038
1069187764413976576
1079155007415611393
1648239403
1035835806051721216
2378973386
4263007693
436948493
182365162
27446620
1158039607
1039219073006141440
27879454
513231540
37391190
65577676
200583835
17089843
65589378
57497901
14262772
35767916
16261638
23135992
44171091
19478383
361468994
16248319
629577401
1082925473984888834
226105054
2243958368
1055546863833829377
534563976
135945569
2870702115
3640183755
1083419942
161260091
60115791
456177793
3308277802
1681324362
368696655
1598322511
976291752
155303407
200993500
488282687
121179793
140943041
292178052
376124670
212469295
3064940627
344634424
259925559
1337785291
1680105006
332371366
722764516556218368
3069829667
20248868
1014244302204080133
974921019449278464
86760950
822534767925194752
1081
914061
1605
183749519
33856936
32465531
27726303
493175789
3713811
10078
3754891
14278978
5520332
571202103
745273
1475495658
2208027565
14417215
23072537
2193863512
266798093
89452840
2700916328
409795045
2921101209
24312399
24903350
26270913
15900167
24925573
14992591
20346956
16201775
19923144
121402638
138372303
14573900
46143892
22910295
19583545
558797310
140070953
8159472
789605024
627673190
343627165
395305090
3379443927
142441415
16997044
20758087
21996235
14481475
15441074
8596022
18240655
15651700
14458280
3165888109
816351741956542464
4174600174
1079368346
747163983103266817
1073350879
1113864241
954614844
758990939692032001
2924075010
597677207
1044313245278818305
729039018655014912
906793538863628288
358021717
424893128
56180815
61713161
97968480
33887967
94229474
250391204
69293780
85149953
109537107
71776505
71499383
156954768
99092563
142275806
443327934
2721328334
986123312
609257968
732678357708607488
2234275064
904325648633790465
272064278
248890172
274099573
607134395
457613042
817785253
231796277
336021527
248607553
815383160
508898724
316964162
938852658
1267797990
492606493
417731335
1310337956
344047733
1126384386
533149982
2296279082
3533733616
13429062
2814953361
157083239
112141336
1125776881
2449336207
356921388
2804118414
19097519
118779734
470189445
1023828854
2965893712
828245523261972481
787064377987960832
1627609616
4894490806
20901390
29179974
120347716
140093607
233138103
240664803
312927309
447930468
477186079
636523260
1004756647
1136598588
1667618274
837277669947551744
2708276639
2429173280
340212738
65836867
962965743389347840
1596262806
569886757
282503827
714898305466105856
3298439255
34731508
331823556
3287978438
777170826114269185
12913712
2170812822
836316834496413696
626255815
877602650371575808
2683232098
1058392131948199936
234255784
288730832
265373774
163853662
1035732679
455864087
36009998
351526708
180361443
982379063867305985
465416612
19837528
285698560
67003972
206255645
14897792
107391777
102768569
15154811
316327930
423805915
17793878
78361556
19539716
142614009
34113439
31094727
3554721
59060699
57319680
368274525
86925202
19255050
78905469
871686942
171881218
71229689
70725281
19071682
987384903833739264
1480212992
888118103095115780
800159743977267200
90345811
168607383
14884486
21786831
560576033
2553590323
964064386510925824
1080785204
707552608261705733
1101096458
563053172
196855404
744665168605478912
2292210726
773893516963569665
705041141582995456
276602300
4876486155
4908662038
234862108
2289978588
703978215036030976
1674094994
806077858284179456
804706276185952256
863311196333768708
780789242788130816
773204808136269826
742025771569405952
948180632
179461673
50242168
2707427939
103652294
848833596
3329283411
2628704402
3340583241
2984874491
3074775867
56818817
20133643
4868849554
281055585
4103513639
800717187023413248
932138504
838446100734304256
25376218
3285834582
622009392
2883934087
283611777
1481084354
2180508037
911566962299465728
38237581
41331822
426159377
16726035
40533912
253167239
2953717888
924764355626979330
118331078
976241448361365505
2808738389
2260214220
4883057092
1533068400
34613288
807095
95352987
418155047
3815315860
3351868222
1003884703819198475
4391595615
337350175
807614814734417921
3422246271
3152745814
233614834
151874424
19908047
807229642025369600
4441477785
48774028
60702349
112289834
954793453489131522
2882699721
1710881768
495452572
60292747
386213790
413877848
189269645
1593827126
1478326819
629456918
1243502701
38730843
23441644
3342456515
2870547578
49616273
700028069864722432
752817655
13813002
586692129
348086589
2878119964
65647594
1451773004
14091091
951062029
511402689
934281246435405824
284067212
887947348030238720
315678384
885258671831306244
1046117351920455680
485650717
972651
14125679
3305603321
17396167
312895587
67015304
112457801
19524929
92955419
21082756
498459610
804440719205273601
236410401
112854888
380625762
176152253
108697985
961951309
2242017428
885493301759102976
455126129
332287800
4645189827
322637532
967543587666825216
95092020
116994659
816291044325261312
1868112014
809856690908762112
367971451
4056388461
1057910853079568389
600989497
718207507
2956806598
35432191
49107263
4828668628
101061252
346627671
2242865971
2158885732
212226423
2164603921
65049550
178353583
34362570
863527548
1596029779
99808390
172373546
563946002
15210670
26312253
300422348
2464422697
91811826
2463070471
1649973415
1601981642
992915134350848000
263257279
70363441
17121650
760857358842994688
1186569372
99328058
67257871
3305641571
851651556
148486514
408373771
586610558
29396065
2458362759
2292836880
2284317367
2721979861
1547735485
899486058
1440919477
1256483257
3397080351
568942389
743432251
2910600945
98631272
190286183
720882019
3043613823
2815035770
796792665388019712
802109659
97753385
616850512
339777338
743048857
114548399
15188439
1725366361
342578422
738819410987732992
709369914683949056
1035939677805666309
959384349413126145
460551611
392879596
3127029065
1522265665
4055553394
363549964
1647647107
457931857
2484791853
118146016
2207001660
389447363
2799811439
2177876461
967087600426209281
1631690197
4250521660
3261784199
338736117
3404501920
505670972
166477660
15145579
924188418627731457
277375017
277889424
3346529644
33722388
381654371
22033762
381944770
1620860514
80873241
216021030
1019910170980298753
1035139000607141889
2463146694
2465985996
407387443
344143552
171564674
58395460
42260177
7087112
16468227
241652422
15016880
96849338
18915321
469491167
245494498
972440782094389248
2978493291
392824482
39703268
318947060
70759346
1632735284
334086078
424875170
1668633392
930078778142937088
207527024
2218260482
421073850
4893037708
374420087
3004607061
446267138
922358303954538496
806428398
351912183
980320711
959891345392504832
955750647948771328
2483820074
185152825
2844388905
969918798974345216
3027177371
1707324073
4093523247
90388576
1630570584
168211219
92499965
313812955
907384171382878208
1475817380
2426903713
2875238236
2151418952
96624080
43962117
296150557
1383132374
2303257388
962313921595101184
2695595423
15274083
978332972
2482854690
1728597876
17745286
288804864
1141995734
20957871
1632915744
1388585534
3026606975
971525090
2752355256
1414256335
806906081725255680
3130780649
485707375
173203697
91581387
1468270777
96082963
2789448733
157981564
20058825
1249668930
367782947
1136574486
785178068
1285980817
239031151
937583704335142912
762290034997358593
1713235249
63409790
3698212397
109686800
3002034370
834879092801560577
117347410
356336253
792990256211566592
985201248
1622782496
401542034
82048254
371894476
999280884485361664
228069628
2250233396
352459246
185614390
2182204819
2834957595
177933482
239033350
25886862
263850671
273669240
78268091
8914102
386396759
183986252
195669757
207407094
145592973
19540483
42177510
49984747
1012362727
999095640
28147896
48594192
71327041
385373859
20608701
236435449
1920228356
899522023
726350314312441856
28543386
34960648
16465385
97655747
177596152
14732889
262289581
589834338
448932709
576137916
426969757
810068498726658049
19421819
95736749
1085563848
361294376
1015813865496502277
204277565
80906615
1013652156
388709239
1029984883823796225
538363437
1248762746
1078763936
430182209
110403465
1298808732
1942162136
710772673
119524143
190235731
104799080
810886674
618107210
53427418
36889519
176801733
108703363
30823052
513790152
294282936
36781117
2264160154
4322282603
332765711
117758095
738912171963363329
315226232
818951154
1046314705
406074074
369660137
2704015396
104868823
35002876
1976143068
3395572876
368995538
370094706
23440052
213969309
243662948
92727851
527526077
52344859
701725963
2900409467
3194374135
777074590266916864
531079884
2823800645
1070722184
385788851
4832962205
705135688929435648
1845246272
860700522109702146
708643393
49299936
928585696998297602
911968458803433473
149956767
907969405849620480
1949585502
981594906660687877
636458651
891276438711808000
345633776
325097829
78731487
2274839216
68363367
2492747894
2960968545
1918556978
15163166
761013348821504000
176883031
405033226
9308212
321933
717750249079570432
695054606972227584
339096956
225920897
9729502
1629336979
273398357
2280283170
286280589
2280476504
35961145
15119710
82173996
317392961
472623389
243905905
877635902675181568
15846407
255419247
401283548
127910801
144785885
239368168
87855391
9737032
16810559
12492842
1090315298
14927130
58561993
15749983
117895281
17419608
17930077
107491845
15383592
48032694
803156528182259712
3434115657
964562618
3913117648
865518284
326759626
984714265
35502450
2770237524
28330466
155494489
14133036
31422783
3055446525
418044830
69167515
1949837094
955172881469755392
291086170
877087046069874688
3001552637
2757273940
847749188628525056
856577868033294340
826817554115092480
806828759194206209
1709378684
4165092261
180322595
718862971200516098
962045815509282817
799250105572491264
946461326
268466259
2926600120
291781121
2459609448
1689391
819917031155896321
820625319208120320
2708732071
3917397077
4216847717
271452947
46671396
358903351
197178807
3439001950
952210570824036352
1685888563
4160726355
194346014
19717430
243801041
50753411
632341632
274233761
102094857
47678782
44438256
102754598
178707328
60334462
354827740
402615188
458604293
68007633
702515615026823168
2603960462
995756011
1480593894
252071854
507445824
56484472
25234311
1388922313
420461348
4792897877
499125346
18181076
834281252
17244973
2255641830
229425990
451366829
752888409824296960
61020403
837629229089054720
835800957468442624
98098453
376759008
257379605
562160189
945672308227739651
101278400
3040535475
4121098113
2361094087
849340692832956417
3831169642
864765082512838657
1577681366
787976696955797504
2665815505
1286689110
383100776
50126783
584004153
168987151
667563
2193085794
255733666
3064876438
25421094
273935884
203160833
980046830
19393236
414130557
167518379
463053348
242770970
234345933
17129326
3096746525
317042569
485673646
461157918
2910994685
22883681
72050455
198253550
497879584
387751632
3069864299
3239266222
344546458
2447833824
17474044
332451116
2999566456
333468477
267631501
77191616
3598607908
9306552
851682269697900544
82928748
983270113
184474133
501573589
994652718
279458990
2902306822
1629948510
186169892
1246171500
403763383
2213243006
114525653
762537161270915072
36385294
721732010
210825040
68446482
3063559270
636208045
2864630483
504741884
17286098
268575250
570647140
19993934
710211325532700678
63168756
153470677
216537682
87284779
595211619
21093744
596344490
26264020
26259480
15439395
20015311
10921932
14562016
23798922
15566901
30947351
25087685
25138463
14882900
2471739785
140346545
372496956
617023369
208548241
325735586
785460495490936832
835887541953908736
311032328
103550181
39871442
543700209
39351968
297719472
21001534
1946547258
65645403
1943730451
108011624
510407143
95164092
153641304
28646364
211525471
84075775
55308417
24898621
16929108
413223602
96213352
21968928
30034124
41806795
37015292
90696553
166252256
16337846
14987728
16145097
1410905906
26024010
128356652
149197471
17054817
162118290
124237063
20750406
130241862
46145761
21237486
39694489
46300208
34222024
56593116
20971256
71210524
115039678
23962312
164353656
32615991
223560830
123582098
20746400
148507607
1934392416
504147690
239715983
330829141
2576350815
214133890
93216214
1176699584
330506495
157986456
182824769
102944998
98409905
88525380
10228272
96224366
74515450
331053184
2955008459
44196397
1694395027
4360276096
96835113
386586789
2391948989
776154587262808068
396406872
98634644
2843893910
297074218
600453240
1652684568
715773138
2355387012
392178950
2440203618
780054905948110848
2547943374
897890078
36178069
219262423
3282859598
3897442943
532147770
83560882
72584896
2262649266
19705130
186072999
789901278
185626710
28880869
2483931044
2645588154
860168482066968576
141113989
2676322722
803112715
836938319477018625
21078774
14157408
131824582
123899688
333379509
206099991
425715302
160295551
204365700
1560015468
96594432
110662944
65328587
2520795251
918974887
1573823976
560967017
440754673
482851597
2462162699
98612267
1364148054
1545149808
436642251
468667759
370820810
34894525
442581130
334490041
17826187
3419969350
275417808
1926728184
3096566760
129937699
23735316
2870294247
115095147
65595647
2303351288
537451703
899764566
868000279
15726073
47953929
35789155
13171622
14500190
18294275
26077026
23453489
18294197
32492934
20278673
26759915
19019298
14442905
31484145
120206023
44418062
25562183
54664757
26832834
38489678
25950355
16949344
217464018
27013292
1334928384
17038090
257016253
973997065
590842574
1013288425
52361472
74990285
126883253
1899379891
2902117468
147159012
437297835
3328998556
2875042533
163770896
94508906
146595646
4482130492
90597079
829734613065093120
792070676752588800
858349622347149313
459124953
84933628
259605811
4102739959
2935170772
338238471
408065598
220100523
452421737
461345380
175576528
230328306
848925804969033728
2590898486
4776587541
86086942
96004428
206832489
555978794
1073774510
227983698
933815538
729016480071831552
789874194058182658
4557551476
1391621922
885105325
734742148038414336
841087190385987584
729726674472828928
714897924648529922
8523822
3027029458
25443684
970080787
943745948
592922193
806236319726923776
17899797
1332283232
811135846636253184
791521034
624413
2393178342
145337242
325279720
85634158
405176573
965673426
2427455708
81121057
1917863382
303072455
826914030778511366
591110872
285332860
230845588
279452961
1139847499
229192410
318385857
354225735
331136083
218819376
39688781
2481961616
350011581
521739932
16910566
2463131406
972137564
464907519
1108610508
524453468
2744660798
3661541783
592616856
179895534
210016888
477931105
763359948
435933696
598613748
1299252102
381121151
494221527
1415615563
331846627
53893189
759487206
14369901
56461930
35415477
20551303
814408098756620288
1401571884
2969924693
127791690
2780079984
1174881608
266920483
233123435
87715856
247853426
108708909
126092057
126688708
715242518473019392
727559000007512068
15970050
759122086442962945
733989240665694208
846828597155414017
1881168794
74130577
8962882
254136706
164425558
38148704
595489707
363581432
1629597758
1200168296
1205356970
256013391
792997532188246016
2646358898
55374006
996026610
241007239
236960121
837799704654147584
2233587389
19312845
89517005
64331621
17000457
24741685
227829587
1142922835
438288634
189142234
748915429515624448
2264832724
188759194
75079938
1627745462
831964371379245057
816160949866479616
584767795
2730016177
3151186917
2294314411
2605068055
123850842
4689048931
445786683
806454789370511360
3352849817
70266297
567360618
326912209
352053266
259403751
16689804
1721197752
118621691
593717811
7834512
266953814
2307675307
2336770008
22330739
6843302
33612317
14065217
14618805
1338104395
5827392
110171914
34927906
42002120
282733951
205910433
272045009
221859669
843074756177989632
4180443533
223277679
367866050
328949705
225592726
203033101
114841519
1671469898
227051172
2965752610
1649918868
1030880066
2484735801
1594078644
3066080608
2884567443
61683965
393816042
316383161
80817267
1394937649
353663208
2188406743
21769096
301554556
161222315
401331901
3147711244
844417758
94059622
161263001
622170777
111006495
269004236
93069900
763018004129058816
763977163
14869932
19896810
415036392
20774514
2415659516
579298021
103805069
52838996
23803664
41694612
3481015342
2981057908
830289876708900865
797125654730969088
2735591
223531202
104211492
518374220
63162487
805348182
442805194
101174093
757757246
595680577
1904526806
271921463
2872199793
4357285286
304628228
134359508
181154519
835608535279013889
2824711792
77150441
3107810433
1649697312
806213390
99938867
380334410
113937104
460182935
1129710564
105161933
1091547702
1005579728
755337337689739264
48443
809750325385162752
258847118
2696503964
19000141
388345704
27692165
55158413
27596259
50998548
447943842
391676049
35005086
31586578
403330314
44682474
2474086476
39368214
22659609
2299512134
3044570219
15756829
15243967
156645608
101013023
1098981264
260044241
128591129
2750082828
612473
6107422
8841372
10268122
125485258
14462907
809273
18929773
102719975
51406202
15956519
69687111
14390109
14109159
10194682
827490274058313728
627330440
252535284
250621983
394553930
73932370
489946835
2250886992
2417805558
776382246295072768
204809435
803274340691312641
583233410
19776354
19452570
296924721
237417499
3236381990
18795719
211846396
3019606874
2824690016
146342270
152710303
93529573
42703075
1456532246
2222844392
2638260543
23482357
4784599173
1283826121
78406420
92357540
2976667186
532952294
52344537
38630618
477107081
786875534
577056739
362073939
53979202
2289559945
1068144756
42172243
331765602
62198785
389654525
790544887766745089
1142592968
2890770580
231545576
575002172
211620426
2557446343
801709986632048640
2638007828
826089913200291840
808051518242979841
1516043150
852886346
396774052
2194059013
2718955758
2845148412
3255556330
2455150429
4826591811
25937737
32750439
288866182
233301082
2420931980
592113694
351849425
14619266
2859440350
22143245
131488279
862995956
2583845792
4070099452
212521191
2613101250
239404964
284404896
3404612284
3246225921
2909028063
625078203
2272670730
605750552
2834187599
493406897
294285990
2494500357
2953919033
4723654157
576105316
15231287
2651048094
3398992630
260316814
4849267253
628267790
1882281708
2334947957
966569066
25493697
93423055
301520767
742143
25098482
218141718
1690416840
111564714
453081431
208990060
2611552884
958150934
147909825
151998296
60024268
182876615
123663235
304909941
34570724
3021568204
12615772
151106990
70419735
24931506
14074493
618986370
193308103
4405462041
136939804
26360199
43998737
67582067
2900307405
20571756
14130366
1219824320
49969221
92245310
378817179
413461572
261154425
341393844
4207961
1231318243
18622869
14096763
46871334
288980311
62633125
243481814
21291492
916791516
2983205617
3246093191
47070156
565745769
701966597
4003130607
133709774
440784443
282575834
495124517
1640879869
2733601126
111107414
14790085
4461227008
3105384683
320618285
2911541788
728699502421544960
17442457
85089067
3004089394
66558585
116781469
714755315141632000
7068302
21646537
442324462
342695542
2571153901
255529291
621202387
211782505
700950868493991936
805771087116021764
1164854088
1035978781
2880193349
778670441405775872
703931480
703956405548556288
819862435
581953533
1349511056
897478016
3221312057
183152161
3302894842
1397526691
2894704697
1332522450
3537145515
16816193
359085255
470339444
3369225592
703903167591874560
3350681152
4593538185
481234286
123333740
246322934
2253130777
3300374884
101800828
8994762
119173790
14954548
140876664
36080231
7518252
54319874
348398805
17287510
9015512
3096718263
54961310
3062441200
19186720
23058335
10842022
168703413
163470142
15748899
74826554
1710095521
21748562
15368610
128636277
1633453286
55326163
276235839
200932316
175737177
215591478
830567688
2479673797
711274131447279619
91423125
220758115
101840667
2438322008
260276311
108247668
186439704
54502344
349714440
1545994664
87984807
102323621
323319539
57016932
10850192
28165910
27650674
15676492
33645850
43430484
14219877
2308363471
2790913203
4341252028
2510215220
177504807
95447016
531555466
65743494
146958450
283080153
112243365
14372486
300224218
4225189049
1026454537
89159940
1917527263
459293825
263566530
3425776047
56330728
38672574
188525034
22809165
1321314836
1085709204
877305698
1079210822
390692890
236714702
215354350
362953863
606325697
20629893
455839750
204752573
125403342
1227920058
3129209405
3342477094
749600556755320832
2893093984
1455421068
486427499
393445617
463377316
4797162376
32424501
587293700
94772837
591658795
461158259
348981880
16871901
22034668
80075642
284865391
214094030
15111610
104723631
365932118
104307597
100243936
62980294
397507675
180792474
221501162
260601223
24879725
376331160
2791866899
41003633
168775611
24775410
33846451
19331681
143465529
16650886
84451252
248587108
41225205
2338221113
2548341234
99905991
2260048026
851882208
205686035
383306119
1324192134
31056803
94311721
105110244
2213945767
973762014
76608266
66780587
44094913
76043292
1513002752
140482903
14561327
14372143
11132462
28590292
2315593862
781480009
16679529
21636767
17151344
140195719
21898041
17918663
49992096
6794502
30862829
42651647
1877831
24894213
1965000560
2314312269
398337022
88789814
991745802
352673744
583938358
51205137
82149920
236526490
237008509
2272380277
501861132
2172922045
279103536
1190720305
2811189187
108263958
2187125750
250876386
1519734781
102102268
499585476
219294551
370136765
2510713339
277156694
3028286625
2990410424
12575842
3611254997
1640104344
2148686011
837398989
2547915701
3898684049
2712969680
2567551369
2228954056
1530781638
2349677066
293651541
234826866
19407835
294084341
3092840085
24636272
8457092
40937524
1229687486
3989295160
599026769
74740111
36662007
520537703
206285863
719430028
1043296034
2831153259
106523528
406361220
2398459994
2612995718
2744600686
519797151
3872661327
94543804
121158213
17811812
49753604
22522178
14886375
28785486
1367531
16732770
14276189
14216123
16451932
15281391
56413858
19546277
39213635
16973333
18949452
34676063
17992258
704637703577583617
3291841
15220473
67418441
43192807
36947388
15291335
31943671
20727819
14840869
14497313
20255162
21904217
203162990
17602896
28221296
52551600
50374439
34036028
21982720
17899109
39511166
39820738
15066760
16365636
17416571
897337771
11417802
12901712
14225267
7144422
5746452
382267114
56505125
15670515
2803191
74286565
717313
2890961
10876852
7905122
13
14885549
816653
2384071
6708952
93957809
17503180
19506790
19224439
107225267
22642788
71643224
610659001
110520327
33423
19225408
14173315
3108351
229376164
40273
1233663476
1236101
64844802
5943622
2529971
16242081
15506669
2262866341
1091640270
1155522630
23756134
3160777371
1953691460
1872999342
112814450
4834458233
16039497
320967388
97165379
11598662
272401486
97505567
221857025
1632426716
1385680262
69415512
2893531498
370031741
552471518
264789006
1032467545
18971997
717692461
737302248338952193
1077757040
576067132
61310738
44950640
284694804
373520595
2787936004
776656835810123776
1556541619
244470788
488249164
1244154858
236837178
2868089148
181234096
89910288
2274816382
325723156
1880735688
967871694
294083422
294537492
426753957
823202562
572547630
246192795
3346876209
329012958
179913981
2267409692
571990439
14797033
822176708698787841
21298070
14081030
810561390406696960
789836852035481600
435727540
1522670984
256001151
192878768
15568127
16827489
21323268
18639734
1516064689
316050854
1576856430
835591566
377520901
8496762
236959460
7381532
1318087650
48001143
17239967
71567590
16532451
139036499
139037010
4714875856
46393249
20268270
143477156
28145010
117237387
20078032
30857540
21010243
87483744
15765263
97240305
46804450
15072071
1601808176
120176950
83466368
26538229
36777600
327484803
26512594
14855279
815145186
361303331
3034880956
3272294341
338875694
51689310
415835019
366812553
1043241
18964696
47191725
262768583
66267486
224654253
19729115
126002546
48741164
97040343
701540016
1153283395
827156721072295938
2189937336
1269573188
63161338
131884540
1191153302
141737518
2319484177
267915410
14267086
763012792421117953
92732603
85728742
18199855
63932526
2991299497
150599697
1115874631
63787812
977035339
226024854
148671839
347154715
1587741481
435285430
166042524
754924388
18699020
21922529
128883195
104653053
94292863
103667704
26093930
99100213
23484042
21030451
16366271
24027429
145692441
18290719
2425494170
411680168
729031338
17990173
218839963
95265217
788924485323730945
20975313
65633697
252225857
56758053
59540047
701660720
128564900
127894600
86948180
247406076
426076712
1227551712
1216118839
551927191
90961345
179965791
27606068
50076223
89015005
15146163
40054452
1203782107
67060449
274000611
409193824
144972081
350424151
88936048
148815591
375668090
53560219
278741363
24129206
39770024
224631899
93950513
44442335
44553548
395237019
109839156
48831679
16435881
14792516
16742099
14883246
817074074
1219888003
115097756
85286794
85526005
786865321
145681921
27780786
20456357
64748159
518611338
399678891
1514440494
188736341
101848693
481489755
15342208
906260839
2729705377
191110061
213596918
87968068
50348344
1649852179
275606663
86640232
900624792
19564105
60693203
41821987
1433652877
1427379162
236936450
284566326
344679905
90703889
42670667
36352304
862915512
860367632
2208958724
2959864853
380262602
614263415
1671486960
317722880
2615606155
2713172484
18381121
2991634220
77962173
321509053
19022052
18250336
23626407
211237746
27707859
2801478986
154106729
54193746
64773712
804669662
19862334
61195390
71500194
21217380
13598222
21398509
292515375
259371777
719998653927133184
790219288846045185
34042766
65381936
365495044
50089737
191512639
724495740127551489
3296392571
3298038530
3435435087
3300213573
2565967759
3761444356
87405828
20250930
168613061
14038972
3123662825
191524778
28558652
25857796
2226459566
426250262
38399582
20588564
95455461
370158369
41079443
534179376
412967530
306152558
305522055
136631356
430823171
124790321
217030924
6580122
41569866
89701184
505699614
139036102
251036521
139036261
139035448
20139902
37012816
20143072
139035925
633763305
756890128870760448
230136800
92312736
78897879
48309034
32568971
19223632
43073357
21865822
63127949
16294897
227328943
74177226
310481257
57278994
2726518140
195299607
86596270
3759235096
744723510
943087746
306938642
1219150484
2850578535
776022906266611712
25069361
70943107
109368998
96608681
63540712
541565530
499236947
556130277
227271655
1104317340
1587789582
607608045
1024355856
361409019
847484052
780679675882287104
900503498
562816047
1963312058
164304654
386239631
111416652
254235974
288999584
2278865772
2235241292
87410067
373949294
370854566
20518867
203332110
2284815889
1394222881
20449296
104237736
15110357
69620713
28164923
18198832
1180961310
381289719
28175577
4217832497
2441808138
161227295
169963553
14700316
25390350
27860681
89793645
1517862715
4817312302
226967874
547625189
493133274
20274912
487719985
20437286
15147042
264771201
710531384721461248
2879372766
185397767
282659955
21827584
2326165512
2817279624
108985695
2253762463
60813201
838464523
1517462676
430569440
29204131
2993827257
44348492
920785646
36346163
147912958
2389046476
83188368
735098719331360768
157948352
568278819
224223721
1490861
108286674
705539763349164032
2344530218
2882224972
708025541266448385
3165987411
2303762840
742999670
1047804866
185232316
418713932
1504796989
152565349
19592258
44966044
1071741704
20250920
631511556
397117331
63426341
122599628
18241242
303862998
1381340862
738527270
19407053
123357956
2456999610
346485782
583087285
2204854303
109794704
102677158
2163559417
407716379
392757828
838602560
244792180
386382228
596282371
114849777
276799677
271528851
4725629478
170498028
19491414
1465812242
3232125828
370277804
51864727
52689846
1967382217
783214
2476759906
162439167
1599743678
2166246547
2354899532
2200999958
1200843530
3226945258
494781524
185422735
289211743
184997446
22747624
1413587545
15320887
234904062
32362338
201645761
81838830
116471139
1477541953
397074183
29735775
33838201
21457289
36149765
267908574
2989622771
2999583665
599479570
157948384
1070609989
94346225
299606385
132817496
18036441
39585367
459649375
280716675
125644689
169584722
382253381
23462787
26520484
30331404
246493616
18175018
48289662
18216009
27081406
13982132
15808647
28177507
33474655
15460048
32440356
17369110
248795646
5694822
3207764663
2494325204
21798345
5695032
44916025
164245498
18781059
325652151
47105207
16736241
31714599
2574201397
25983654
558994798
316791827
41159415
17813899
1545728462
120896370
488396060
19606528
304972712
60308942
113381235
863109518
74139459
185269393
13014082
20793816
98340421
211866235
62477931
15429360
289903090
2711350460
33656640
126177324
2813894883
20272531
24236494
95064731
74689178
226196967
17006157
300218993
574427656
59157393
9267062
302032814
1582853809
16201819
705201398
19679662
593782757
1489710038
585771630
517555212
410143341
16581604
1364930179
313871311
112236047
13058772
106837463
2482016394
96822166
1693049930
326126916
97672763
249150179
73172153
17624967
95427261
376638112
51525910
21313816
2450291
21316293
22475139
69792747
248607863
78693618
106714404
78254937
1266623533
186371713
405084613
113289877
576330444
1432340263
321574622
2408993795
17041106
371722530
1628194812
631642410
474795692
2248689361
214233947
252443044
54134638
125332490
402337238
297169759
81462827
329541602
14384582
102327231
971940536
1360130293
746857274
15754281
440938243
22604156
111259322
19760151
20427406
34934712
23426889
20513214
1407573750
36014959
339684881
579961128
608077180
380490305
806222078
587323390
13201312
17463923
2271319129
2242193984
562908007
14499829
15134240
106895787
25552666
46155808
16534711
17266725
25073877
91862297
28332200
624583842
381632958
451492791
968481636
633588760
335444983
108269176
328457595
359847298
144823596
2442483162
875198263
433710968
605563164
320165277
20056008
196938884
1285775534
87477896
262694393
2172787909
176954266
21237045
383438154
568449196
388012607
1769551
28160998
22708797
14592723
26371180
22681340
586671909
80114408
1341235219
205251013
97734515
62102025
938814656
329057167
421598514
80393750
219481952
1908597752
82858018
864542611
1466940656
212686989
1267234495
866889056
177318452
18866192
372756354
243340540
5695632
99299893
1241614537
477739200
220953244
15944436
255961250
1636590253
25053299
371108263
388344391
181182052
317370751
53853197
35936474
1059194370
23083404
251312191
16334857
11014272
20562637
25070893
621523
15597739
342772500
91478624
16666748
34713362
455942457
23575322
57484168
26250872
409522552
288633456
51544402
18700629
338872904
45375287
15492359
19777398
15485441
14075928
158414847
34554134
117662694
19515424
19725644
37710752
85839993
13787402
156363704
16817883
18244358
621573
14199378
15110431
15234407
22692199
1435461
1046661
17842366
15862891
19658826
16895274
15428397
21581503
11348282
23962323
8963722
14647570
17471979
19402238
487833518
32372834
30679486
36371946
31392893
22615523
169885531
207891152
212225245
63934304
207890170
162014579
142687727
322555344
1494034783
7792392
94079807
86927538
102675145
105927796
312294858
79164931
177923293
353082427
160166987
295674527
248579882
452545014
239767112
23291297
91202340
342562305
7782402
15139253
60152434
19459176
316126266
701699418
61114941
21647433
122337575
224620664
263710865
506076473
50143871
6720492
6603142
611093
42707761
43462357
201894276
99059278
76603396
1409681762
18909186
206418181
50629732
558861286
841758884
518342018
57037407
14090931
21447363
327486341
34350322
76638337
295049099
149044403
285118752
227251715
37677627
18938154
397393374
193896993
181567076
369515882
404716992
183665035
264125218
41565156
229311887
201218863
425819395
98693178
492163600
146778680
100446187
413149902
461858710
123594543
87818409
91967764
449215177
5988062
50393960
97483082
283756742
163082695
267243593
43513715
373220891
555091910
256009577
460568041
293383371
340212721
195447005
307767596
574869614
366656206
100315380
613849625
73107903
821444047
1050995641
618202758
310720393
246992703
73364645
96247580
6608082
324408285
153091099
190238563
595305187
988702980
747446629
43168148
224340125
391217764
296689414
428524424
15015974
63423256
76291685
90362888
5815452
263619427
64009376
15282655
317149945
238658160
86942251
241956502
95248383
403119028
127481417
370643754
14800270
223209803
15263572
394542775
131141223
170987827
377263565
462345499
592473892
19722699
182360370
361752327
255113414
102700680
51105548
4898091
22902984
77189080
18501796
78135017
145203055
59762096
519442683
548441834
361306795
111688862
633646298
273306957
90804634
120456479
263262892
248584079
21072161
33252973
215058456
96237140
102976305
272613386
249071003
9347592
26745318
30043481
204787883
235149810
180425463
472934044
754970689
18114182
46380470
323040062
218523513
49692305
214791922
160930204
184910040
297047872
198644175
36923165
49953884
17571060
43854330
385586039
199314864
14093499
232696650
213605256
61549791
414332467
88910796
31098952
292535614
376591083
469339149
63813078
24400826
35838777
51692463
277444134
76332077
155354415
14250331
7424902
92989145
340265694
252110865
184601733
103890296
226491252
334040348
175716739
66789442
72378123
266644093
19319516
60212414
5203141
18374131
52361363
66819977
106737008
33933259
104778610
68034431
95602761
78449943
84019468
170428440
102430288
96951800
69683823
111952454
118488448
136969840
22924311
141946398
148820613
196664456
53333911
106691456
121095372
204001673
15376175
150293702
177861952
95412958
116768508
68433639
91845185
16689353
198436064
202124956
227450240
173803436
17209206
69079351
26763070
51701366
26525324
63796949
45819962
63458751
134091760
44704034
39461423
5681952
34887986
26969502
73650275
62890569
89006817
126571977
153169236
206166992
18902343
38531995
4175541
154140901
20348773
80794760
44145244
36304709
98158734
54491223
69700384
32062132
23186079
10604832
37592805
39983902
5120691
