349038364
22416781
1019500105144176640
264382869
16808099
1546207280
2716416420
26372484
275932661
933752609650782209
110507740
876673567
520539823
780465774909493248
327408797
826192754640293889
987790045850603522
1272337128
979778113042227202
981960751777767424
962488074
76837768
1589244330
3787654513
959537969869803521
207121119
2550954948
985558633017675777
1098554111820267520
1710253021
1432748821
1151209308509679616
2966727298
142370379
26849137
851447849141366786
1018947354790154240
1081323354
304610321
18174975
1039233251162943489
1856509825
810475989457391616
728326802
2271638589
1112272266274979841
1037983334733959168
456857577
3899113935
2431816790
37989702
377231833
826168640118546433
1007582855113969664
1108419084717297664
768449565297143810
833682037
1057584922922287105
1097434709255176192
44675467
2561528779
886925646525542400
259906731
1105686419903664128
1141268915462574080
884185578513858560
500676814
368551889
61753445
1146329871418843136
884328535
1146533904662302720
224694516
2532651518
321563970
779808498158739456
235148320
1021310237519884288
1012348780845379587
1121492192235806721
444927395
415075929
1286506417
168508631
378259736
143086518
1106349538510548992
1092463692103499776
867517902
1716121
78582449
1008548993968824321
3001196056
1513282447
1067283606488473601
1121113502310072322
2607291747
133473839
26668365
625722067
894978757638991874
294369620
382968137
35554810
3685671072
828253734010548224
1034742686501285889
794683735
1116193302074675201
236083439
907162501497880576
186947827
739855488
2450416195
720951847
1110196164106878976
264399952
109390268
3130272231
954042103
1613173903
1106561384010129408
2152983800
1111642277078843393
842421925624328193
2317795400
130927428
726420629319213057
54430133
977581762464374784
1007224305816662016
1081634759414108161
1030390521284448257
19613262
4560789095
1018962877
10255262
2252528918
12986172
264851886
3387135477
1021809792082358272
2830720858
3123589192
939091
406722559
970207298
30354991
183994112
307552911
18585097
38444282
526311519
743817403780501505
2377228105
466600034
467655057
1072211021501206528
2589372044
69663817
180050582
2841795280
3957527794
1060695629398077441
1122193323907854336
2609525610
54449403
20994353
922822090843189248
1096178781616623616
1025771749
902266039005798401
1464729936
1046589766374969346
65607107
20463983
16255941
104448881
15903326
571970709
1129130087390044160
832168137105797120
8720562
2834511
37930051
87818409
29193199
762366893755772928
887018224839081984
1010236463362035712
2174250166
105554801
862995899320074241
612897846
59466647
725866657
1006419421244678144
1072187272815149057
1103391316464058369
1124053746328195073
3683359935
448106026
2990333799
893034580411916288
594175899
1005275434966106112
728723072
109300849
849531277938176001
2841694565
2890481149
62565779
817838811463974913
161838894
1027223437108891649
928264122415927296
399020280
543248548
19350455
1126619235197710337
476562281
2867665913
1545237662
1558283664
559665569
3183235300
1665179304
859101343356772353
714892836
65409755
19238958
337183206
401585985
1055113667270897665
3060489838
1002458056381300736
1085820397289754625
1421172834
1527972253
3082383264
313821005
1763261
981450540067454976
56805505
2614362996
192455063
23089629
825569108649340928
1036655364068892672
1028384197919080448
895062879212158976
1029097000963256321
155695567
1048962681590431746
2914308681
992437239044100097
961165429552140288
980240672191123456
1128999610679209984
1063076576374546432
1511938453
613469003
1069295337083408385
983400558739550208
1059980937839165440
389684827
64596229
264121073
1014107682398142464
76170952
895729730334461953
717315174731018240
558789531
2282156652
16182261
895276422
1068086821140205569
2932867389
328624072
2821016988
859553232120561664
850372918790025216
730098730943324162
900486690892115968
240824628
908301088259964928
2372042131
3387126275
917853332726779904
1526643050
1045754305628839936
80376878
1345385060
1002529827407134721
2361339506
838413744
206255645
1584137959
18809812
1952694842
1257417246
1099585592726302720
3318578529
1032294401651949568
1058115680
1043875733075095557
409083106
592834067
1704982352
795991429839458305
185280748
724951682510114818
2704715387
826996098979987456
846355716
884100024
1122840513391026180
4895474861
42334963
500205167
817152932022026240
1554061951
2980189013
476182299
1122593333979824129
3081982205
1020332105233027072
493059192
249804301
1057806421750960130
587999163
720629656953626628
3187977529
1118684520545488897
514842191
1121610062621896705
2178623707
108416414
15405306
357606935
168566657
968435442260594688
284870222
323356871
396746547
850763376263299078
20702508
998783211319844865
1516984081
1110978840342552576
844702776345186305
4002950061
1081204546133737474
176256350
35924618
1896095874
872221010
2583592880
21122950
1059273780
743431404051120132
992347114800852993
32990114
3318055291
429767085
737628262398971905
943238593333682178
258069365
44344053
2377804704
1894819610
152051625
1376401838
1518551030
920971676
405124299
24436522
377993200
358612981
141376289
2840726613
1108575553035137024
1062726061958545408
821871237450334209
432134884
926571499
937116781768003590
2973406683
1677774001
15998113
914316944
988845479751380992
1112788218985021441
484796656
85812561
10194682
277830302
67543866
3392313117
893043300504088576
824118679931617281
2232848496
61001305
731087140893822976
206593448
2201715204
241226103
41074848
207972915
881650677797330944
2699393459
977826642
19908378
1100410141009010688
931285002242920448
85383386
2311402519
271058786
961596594725572609
2831879478
223231159
373931940
158742246
317575573
39369323
49850871
237018893
18198603
212543296
2489060773
112684136
1350876494
2416801932
823615574
91452026
996049861
1030477865920458753
356234787
374659701
1176519156
26642006
39364684
1383272101
308151547
86626845
107367723
1001390960
570574417
52749962
933109655441760256
979547916271435777
370907274
1201716864
22596561
104016603
16800335
1399385084
2997649919
755742758623645696
1435641350
820953823128629248
3232811052
899452036537880576
29425384
399549643
821814254
17834642
2699224166
342117543
4784804942
2739434108
36659863
106989588
605012771
721834640
3160218343
14981648
3016636608
257757365
1558406653
2149996640
2841994421
77694098
889863008243113985
2960152143
821105693948264448
197662233
1062957823330521088
19843630
505888450
195409453
25728193
3068961197
797459769179181056
117962824
870324519788879872
860218391851913216
16408253
834055326580211712
602680982
798372097085108228
112993329
2993789345
31237024
532115122
14362619
61762488
438729858
480258650
2845005724
287935399
376253021
503529895
561899047
3032476161
932977287963840513
105098053
3011747304
586000603
279677000
1221377785
1095672711580434432
34934618
602893393
322921302
3363584909
706515550088929284
702548115170131969
2357081568
16303076
51055884
856424353415778304
450880634
580858056
161980487
370113964
17877122
4275710555
36976313
2787275749
139236222
521994471
2480936977
2348301866
822050146796052480
2704467561
865339383200702465
1661303082
65610814
3225924410
842520310226198528
1205829984
1929148381
3793618456
915214075197521920
997040168
275357706
1035174532020101120
299115067
1052306397247889408
1901546563
916062237986639872
360240534
889583438268911616
717734499791028226
808633423300624384
19767193
737303525168930816
28872567
776481824
2724119863
20168274
1047964718462320640
14164724
747193876465614848
1719246002
810979391048130561
2244675416
875383045
895814938995957760
13837292
865354170899025921
4220570393
971195134716112897
221304470
1527781273
32245365
2793013837
234255486
1035209693172559872
1291801357
3115038935
335076438
2892417642
22533021
271921448
968524528396767232
327800646
28536424
22107744
4373963417
2350177447
3172762712
2849583227
3236284022
821755432180088840
462366624
104462518
1702037515
957947484063649793
630933725
135076044
3352612647
1244524166
810555350944464896
2204778019
1396970496
399677490
443915183
205129701
1038132758877560832
2347495914
985820315522650113
2578882820
2687999594
799297289659576320
3228518333
2595260136
836269428899618816
45129221
94601735
116579971
550387445
324912470
895988892859592704
3066077921
1022328719686299648
2723667330
1886972258
30233007
1001511262545592320
19070986
14503673
1731561564
122614083
716789855058051072
4919876231
882945953820532736
718003371639066625
16645718
15319524
2574787342
261652909
868117867824373760
990661200810840064
938360848648753152
875775943226347520
947321780
15871746
14685658
737546124517482496
763500779458138112
932421709
1485269748
2511564204
1473200377
853768184800739328
146567174
3945127043
1037986411616657408
819301259916230657
130834299
1084173670556196865
249951632
330743859
3398624303
606023
825914653288992769
3220973940
622511438
1437690446
113522520
2041451
17803323
55213542
143430352
743533702064508928
1011581182192939013
752867004634333184
4778603359
30281776
1916172716
4054227688
1081939569723944960
991277648054800384
4288994138
85605334
1218100328
936516166226464768
14507726
9377892
7672672
284553
711507096215404544
97070739
1012125662117851136
3153588485
37641996
2560986331
231008287
738510448253886464
2211100392
1077624669384163328
200477268
961443775271841793
1549154568
3124784663
935266806960394248
786048823340576768
949020332505075714
931897784097300481
928784253671825408
3776029276
1119394370
737654791120125952
1013087575639298050
1005303044119113728
3929107546
416191847
2837960746
185049864
16841066
836853218638508032
2920874035
743922963762778112
108899342
106539273
74287341
927064389454319617
65173980
72284754
23926787
974743944
512700138
1042729382
1045079454073188352
2856447842
3238448948
12096202
15846407
351906466
20581923
125695429
2521976694
931668104
760827704941969408
637087464
182833081
266997926
2797975647
2525366618
18643839
942014351887818752
970129891147632641
517727916
958277313854164992
598727916
14075844
949981566960365568
2556357312
957661029739020289
15883746
382509763
408204731
20184945
110178275
978237422474547200
17948615
126615639
1006490087985696773
192924770
792459864312274944
44101578
20429858
26458162
14553288
31087080
888289790
4097559143
2764750474
293066780
47620601
1059395748289232896
47375691
925773007
1002621855046471681
34260029
38174427
886506656758202368
177101260
3536238915
2352683102
1672160996
3045072222
543695165
1050748497656336385
969781380325363712
786307078520307713
919990165682008064
295850071
452074906
1478030580
413347346
329771362
747112404903923714
2880601650
908637164271005697
1356861042
769827805769048064
1139861330
245564615
261712169
800459756292882432
1062353623693303808
63121936
1544156155
2179881955
1061425166
808355323643731968
2480353170
732574591
202861579
25593084
4823357273
1036214846449221632
63470847
1029693700518096897
277826494
88845873
4306518620
2330969095
409107187
993555096150700032
782230051
118960280
336193133
843157401826181120
558509149
3306100769
3180501588
2919906073
2272469929
892281014
796479090790436864
4848860457
1000138440070107137
582851946
393046136
719445913903710208
165270515
14508752
2914513775
23405418
23226821
85100906
2316290256
17664709
32780788
847165401578553345
4203676144
902117247589732354
1017537949246935046
34324846
242944187
260685403
756063277969469440
286204110
174076626
806611743489347589
802963859132841985
211649417
937560834
1058735469729669120
1055365990354182145
3062048702
882348855265775616
36451219
28779878
199226563
2188272704
1030110051082612737
1246182416
4463866814
110940386
2318235614
1024734003549675521
158161290
169188867
250286470
971297333475495936
1007206548
747733094598381573
1059954433260314624
814448754023657473
758469260
836052262510280704
551184520
950410678229262337
951851060544573442
2446716991
932628910302466049
38866651
704264983950041088
3284670086
888872896789192705
704067955659821057
4012136117
372759614
714347173018730497
3240859366
205157015
71214823
970636702887837696
903597296557989888
1049627047457431552
303168571
771486123201658881
1249953128
912885555599310848
382425318
1056899861935783936
431920293
2844569713
16640727
930154687311073282
442073149
2800057857
1048329554429956096
743286631
1041632888192610304
1047951888635899904
1047126255760527360
970768392
2550016506
990574464562794498
325719227
751633496
48735125
65984800
3096869614
976220019913785344
937700161761021953
19351449
2176278920
800421467691192320
21968019
759249
788363167
779291272137830401
984123792745263107
875022875991957504
772936757281161217
3328969491
104522982
977882830201073664
983617369854660608
864926050035400705
372348082
1016004827174916096
960797551283843072
1026410598777737216
915148392191414273
926333227094048768
992008606479474688
302812037
770668227219300352
99720953
215513890
783780648817393664
288575273
1047559584
1022776939671633920
125512325
903654294855053312
359188534
860415221244067840
225446584
1122249360
265957475
324508782
455949997
1276184845
581076102
1093788314
16996837
908477882489622528
1022525526823653376
1016281827655454721
242584452
64317447
588770591
2418647064
155859105
2758566249
13384592
718770117253980160
1640814270
1505331698
4442539639
3233891354
939119795777269760
907165994245816320
6705042
1851629898
3956807836
796768134598430720
877373937373642752
1016239278093950976
19788361
381983530
889144431596666880
3035978452
3183260203
323325582
762919961341861888
877616433609318400
264343747
82534544
905403449470320641
2535245767
3094670283
83330531
914053023076356097
732252236798136321
722158363291828224
717359259864997888
2903987316
787388190
3422657398
782325
611932553
1619205739
2647293930
82152159
721327092902862848
396730472
935522472715108352
595206056
414669705
66660156
748161072713072641
434555347
32390598
2583985998
702314033479819265
1339835893
988740805
884512387
2283463274
864772071842250752
26796481
957305159012569095
176371696
1323603420
15619449
285698560
2976444713
971039022326931456
967907694731460608
15416816
17777117
98981822
228295706
982179272428158977
774380059029282816
1382998002
2892290399
16741660
2834089546
104165885
859419630133293057
779307262951186432
218797772
933083416303677440
1421929814
3508540092
1460556265
1499314302
253571224
2893352944
570765703
1478464988
3120870947
1868848538
1482336073
551658707
252204344
16998179
721947162
18346826
174880041
104594451
930376408383270912
966505038632890374
707433649
37676274
153726697
200434844
854812950888153088
741832253307781120
706603405511364609
315291021
873886842
954577666346070022
889132671556890628
2769154873
716564451915239424
1581876030
754781047456468992
972187341552046080
3234207073
824665908018905088
2494593349
832606155973201921
2872479568
280507159
1701911730
2442779264
452754350
903233814264209409
556523458
485719681
961967189137018881
624920609
2976221469
717496511609745408
1122211566
718776816
885931508338491394
3351698086
20677505
22277496
2305660626
3331110443
2755236710
3130560783
905733587374399488
38485192
2899603553
356407124
728299781991337984
1635243432
17159693
1101907705
405124125
2886063159
3607238235
113959202
915897697760137217
95489652
106204123
456221061
408055724
293935903
831250908222803968
845407595233992707
1507617380
839014713979617281
3018315781
63072063
19157620
3300920153
19760151
2748575606
3233649112
3075669454
781266614528401408
2645647650
912507368641937408
2844067503
1576363424
19909588
491671250
4388264488
722515608823341056
82352693
817270221236879360
598904227
720255797859516416
3428321386
823518894182846464
7559192
4871131272
29961751
1055079392
331475149
266129463
2829627993
625298957
53543144
36493437
4016970370
3058693441
63448273
925775120
74857715
2356639422
2906420316
528883575
75922109
3365325257
4849873473
2323187132
862882296
534037507
408544193
850761290
3062255807
794140626505924608
27768247
3043448638
2818770726
2229230059
557624470
2417514276
365073587
469232894
752603166487621633
2789457827
15700908
25487939
18677471
4511035401
932968751284310016
50480595
824693878422958080
1735608703
790118763240779776
249315480
920753722363383811
2518922958
3437020947
2188294226
84653850
46493607
3072533817
3741877335
761567284750147584
836990389122973698
950453013612843008
15858751
2985209240
49608898
48289662
50638548
2351716500
557359558
3775360879
21774892
31949107
101431573
172942846
41407346
107451380
14158568
712784228493037568
46503181
158414847
46335511
942427708977491968
797424209643368448
3078526120
822201532821237760
1194617485
400792849
452355286
628286960
3350908137
191232431
90169053
2227265490
1100077674
419943804
3865005196
2303751216
2474208830
916087333291810816
939509062659698689
69133574
2254036770
769139343717826561
177033725
580954916
326378767
1540108152
17175139
2203330990
507351214
18343718
2391814340
2905782615
535702830
1092889387
4144473225
264143511
1018812235
3826536612
293289982
403787700
931468093
763236114
809425911422521348
2256037008
1290000733
793957770781396992
260472941
27784905
2238127850
3195723796
756656266085339136
703620799412858881
2947562087
3312317120
24603893
2496936367
459294549
259318831
881882604177412096
4835348825
139156709
700611380
393033324
3028147449
2950415079
341134628
12915562
2315787320
2587556564
1258367311
2695654280
746352585246900224
832682391323832322
2739660391
53560219
18330087
1398479138
706800925394997249
831316849
2960429831
3335521205
126185018
41410667
3389342548
1128274993
1200487274
952992296
854840560749826049
3255691625
4273153486
49412974
21425081
1109591706
2865885621
23662155
3288273459
2711458135
2555804478
28355781
1291199636
304880098
22544842
3352893351
1690868335
1464887040
3362373359
525413893
3020450413
308171723
16047950
20743788
816739121251188736
793124190324924417
908226487928594432
2419106780
873692543954726912
1413686600
2766712765
853352209
3243492486
423433891
2435499030
2413608339
18141126
886838629
35323738
145647654
1904583252
634866602
907959035961401344
905778663051939841
3804726257
2999947053
705774203472060416
4184373297
225154609
2838358556
748838449516511232
778944549477646336
780857428258664448
3314508298
740087662556647424
891275162909331456
874310395875295232
137115737
2800095539
1281007364
220325857
14199849
2891546205
170815973
701571768
72667980
235573486
800711345725280256
828318761719578626
320376718
1433368152
807213274886455297
2291787438
33055690
787588659239346176
836991755673354244
1601901936
713006165697892352
869954424730525698
878266549425115139
35364040
1425267090
521928877
397022380
781262539200065538
26689687
2219561456
1483689014
2803156010
883963711
522851036
3089009829
830060822659551232
879783542498217984
33856936
1949796822
2318890404
911598386
3297535251
37563
1175299088
212382437
3148625648
793119908267642880
3281327742
830974922939838465
2370991351
275373974
2544648416
2812514684
454669628
1589179254
205195655
93653664
426612147
809079477028421632
15143478
469960224
107225267
1593354438
284773884
857228904385445888
364862092
27823036
835612652294520833
867741965412163584
701534212
771701190518312961
2495031673
1289104908
718432707253035008
2647306743
863051236618235906
381642287
235261861
381334946
732369451757146113
2415139796
3352515412
757892844019384320
3813580887
48308837
869681522806210561
17387342
3153083691
822927250827988992
811988927040978944
163091884
818790064675319808
1043463980
1966911961
158378309
2992635763
15386732
531613730
2678227808
40018241
2787973913
2318213621
21013798
794171885634383873
3129685535
233585808
144592995
3994889061
2889117595
2683642860
3812594422
19078387
735813566691954688
1491767864
16163217
778697606075592704
2875939799
771273787618762752
748207924686708736
2297251302
3159692481
134429434
2593159713
50216928
102538688
993264547
370879693
290582982
2305304395
370575135
258847118
2259019392
2505445420
581940244
491333323
2729087478
1362392437
77173017
2704653560
100772722
1451010632
2879642556
3034992353
3062401109
516951024
15911169
3244724835
2883221093
2900146091
3253256552
3022856493
3235635142
3458274389
3699591385
34322822
2478954626
727968889859149825
945095557
716758249685573632
1130057449
570475794
52401341
759549417728925700
180858875
18100201
210520672
404946566
204721301
2244290719
531697681
2905609803
2240956861
515884422
59518694
82511170
1618123446
2268027812
2255297864
1598216353
371379500
35598529
3656836876
2174155363
1485338760
3140845556
2411277481
768363079868506116
1560875191
540436574
473897988
58882193
740935048283758592
2950505985
102768569
836548849
774738193
2792359799
316327930
449969696
27774296
255224441
2894111838
3387808042
2321256986
519438862
843213931
13399802
548024659
2200032330
1087442293
26247698
374160495
1320475297
