499034844
2375141887
830154301389561856
323672773
721793065
762774866
835162930039640064
703211686912729088
2872349863
1154704126388899845
1020757925780959233
765570760735911936
378259736
161801527
4452652049
277596593
1061989750515646464
12819112
41561657
1131910241233195008
1248350874
1140819657135288320
950596668
2349777588
1093007573500887040
782944208965476353
3092368108
1399369987
88149506
607116913
625671653
395279367
156369592
4230136348
930231469867278336
2177175701
3162051997
841951525094207488
763715353
793919903472480256
18909664
804410197749833728
88387950
1022603901546258432
732495668229464064
1016696283937947648
903509072
701376801243865088
1125892323722842114
851510664711593984
2746679224
1565964576
291937930
27328281
704731692095946752
800361605925998592
487531221
712355072466919425
855397936389390340
2801712679
717652880237400064
149096862
27491304
307985653
1933581416
4195117767
2341453102
786523076666138624
85922220
16833168
266719583
128109346
125675553
2769007257
788053513
834005671246958592
4111333696
245852425
104182491
1040328445341954050
757859220
23312627
969128412760690689
1073391641359134720
31444025
943346346240692224
267148062
4776487889
710847303217778688
358209716
356160701
3302291212
18252867
1729929350
19453808
865119624
1097228678608703488
3016632889
498512423
128755259
836531154
173849332
392350277
3960654267
55259925
979427942848704515
22132266
871618346105450496
2880157236
1062854368851099648
930061617320136704
1423424832
995273950182739968
497854695
2843935594
804077585961537538
4830625433
822484401254780928
223102893
913791218462666752
857301432684482561
1045315411091378176
905891615851638788
93863550
2574405687
2902866545
1464472380
3591868283
1857960912
1962626484
2262185615
2244392070
4792944616
3096865030
483990177
2282508779
245732585
111374525
252794509
407395156
839846408769388545
1023138755702673410
2848847007
31886884
558738494
281726365
4747249649
56594187
202367186
31790482
974990064366178306
112317404
766770690422738944
379613307
1852711190
564633447
3044579258
3426690466
2194201951
471317533
242929815
1414023054
280172745
714393872563118080
3910544475
2587935999
79702114
2349955861
235645730
264356595
36014282
1067362172416811009
1310278038
976719576162476037
3854741789
925754444674985985
628292553
4362671842
950026288923856896
342103852
925419823865253888
337710861
2805803625
2788044432
190960735
2706075254
1042030743185178624
2934375069
309931344
14777223
2872110646
529252459
68714947
2766730243
1268479062
308894040
3234205069
321158091
246234952
322839810
2565391050
1452653780
2227560052
69695007
246855808
1944366589
203186835
260933431
999065934596751360
1036490956248248320
1612785980
3993265277
1006956313
193237254
3784214363
399571554
2217401528
759970658730160128
243566854
912033169532178434
3239946803
607179365
1365179413
1335500516
3105649231
37833944
2689018891
271550312
891022735597600769
1149942961
25661626
17846762
2753131359
3028217454
3067997351
1603548319
2741365740
1458937998
996890879108399104
751528363
89032402
102701453
1042064633887109120
1214988548
60649860
23314938
739359354810425344
1602939511
715737941
404978175
602892854
765996535700226048
2423188577
969441032419950592
1013134304
1213283748
2199296918
349338716
112285437
721649040
2900465603
3303791557
2292565376
164981490
1355494892
722013788
468328928
786314727345446912
2905082181
404297337
1896736362
326928251
1498802082
3384324683
34250753
3293609137
1650624834
515946434
569130639
246153431
2662026799
284894213
879596712955756544
993429752424808448
57766616
200989336
3771605663
3012430536
992843149
2437536362
591258501
2314868858
2569918748
879255061
440411932
489488959
869186944907059201
2801526265
915226175282335746
958306708438290432
1024076492
296992262
591737380
717774510
80810309
2587539529
2521953536
2419323715
3316500864
781057969039433730
971232248749068288
4059636561
2853878904
1121613374
368440262
3099330435
3292685876
1307070925
70237973
437636351
83135765
2521601367
4175606953
718016440863952896
1128257106
44620965
730102029067137024
2345299433
323238467
730649797
2397627990
298470666
459394965
4829368060
16895563
63490201
893071503767425024
357971706
1196707652
579842366
851261344888242176
755624683513479172
211636572
3258945619
738237845580570624
865842646912086016
720052950018600965
2909544696
737920800745984000
1455730736
760958379871182848
1508154030
3317628037
2926571228
784533937
574603085
2854982443
606336417
316311018
842188895240384512
878354421708718081
976117368370982912
200434844
3376885273
4898302265
821510287979376640
604851737
1434278772
3027906581
4023648507
303679917
4096731443
407610686
2678320158
1460874745
844201489
816225757
574288016
2826163536
988717153
104927016
3061679746
2789526751
2906330068
633336167
2811045583
2191131254
981310399994789897
64795125
3000322828
2414939495
743455993271554048
22536315
336779966
3367414197
248870379
718562488099450880
2595873780
836175085669072896
823911398950506498
1416883573
3322127785
1960195736
3617758343
848637910702202880
356189788
711674324
1263236473
781804943334309888
762934818531340288
3083789320
3096583557
288956602
363877380
382853387
1184053790
1931232967
25268558
1534075046
1133825870
21187777
973940790
2156886487
405587473
2860455036
1447109802
4236288220
191638174
824762727491055617
769015093661097984
524380157
211909745
763935468178186240
808071308
800141435420884992
829383692632150016
3332722180
3252553022
1454379373
280239732
457712595
227675424
1115874631
4901569995
606205793
1223298168
2834897440
4236863542
1676853020
212872923
2173420066
3171624919
4349911893
308261844
3372827207
3020726727
1978806080
753321127
1089832994
771702408070238208
740495276218175488
1396995732
708228967317245952
771658443795013633
240789819
408800708
754514820
131518881
786026017
19740854
157977928
755644119234519040
150620123
822061484758994944
4821383962
3240106551
2188272704
236167161
721312988318314496
422890655
1037211277
1259551915
53771388
477801768
3001099073
166854522
4342007239
2578298400
3093926067
2195788428
69298376
2195808223
700615859
22124420
48673814
1732188702
420370077
2532531024
484792847
2215986510
2835314105
140768149
2785959439
140480501
374964231
1070556924
2250502885
21209751
2237538540
2239427323
4182901408
3650257397
602910183
819568190
1638331014
1860988388
55517721
1665878154
98546373
454576873
1583391331
132756755
92956428
2395701120
1394493193
345900338
91455856
4927521101
165050412
593599021
4833811168
1361353393
971440892
867458354
1661193865
19393236
258319675
482088337
288891520
70697124
156248241
159125669
29719911
359884792
747066754095026176
531131839
354524238
2510036761
1649410184
3970638255
4492748003
49097834
762582769994194944
25189841
288151751
19800384
2363793769
796537324146491393
742517808182005761
397183963
242496394
1200378121
2565753420
525893577
3467803996
33860179
432002294
2447307630
3290565958
455254630
21877144
2611524162
786936955548336128
1134096300
2333767697
249387794
573216034
1535726592
793090286
436998967
135033590
582831852
954391478
4872037767
2306504761
2576041442
132731802
616988488
26607837
42866391
52979440
511458831
2455933854
470765802
153183997
3281126270
855531504
297515348
1418842788
537665800
817989318
2321275489
3120958009
1962962911
55432787
1942349545
349065597
2168242034
14499829
4871021570
545729552
25663411
110130439
2153742534
146569971
844913275
1588878312
79730012
184767357
1088679084
2191002960
161988348
31660785
867089580
720499764542992384
32376293
1828678112
497954406
580849344
405884219
740481624731684864
904837675
207163102
561553485
621383561
20265498
592641430
1241258612
733076691606593536
4715312019
19940915
816058104
458083904
364105143
1398605364
24853382
1552237747
454626588
300606873
427227032
216597213
1025327454
1431775027
111868830
50210759
177799969
538911818
23564050
153067894
3191417382
44465992
214621479
123725905
811686414
3490714572
36684314
307167463
82142715
36639482
1568301565
214404702
321211999
249944748
133583425
327290428
630659240
401080105
570595409
116923283
159270241
356555358
246178914
522000472
1524171962
291459247
23408258
495781971
375830508
186429386
1497748764
2468852611
4274104759
571202103
2645602164
41822696
4895553625
4876740590
2351234424
1479634850
4895546893
62430721
1386243732
2154461958
2366193422
359962497
194132774
818440405
804805561
2328115560
2601142610
79911526
2783350981
539579152
3248477864
3286259845
2435427006
430019058
550041490
114353823
23922362
881203584
15492359
1324962392
215159730
16864209
9609632
38489678
112177253
3016206943
504232426
14740721
278295168
434868213
2733868394
177667712
961150093
563019405
21751830
62741042
10215212
2864249105
2515785547
530869193
32821327
14404000
551426814
46150175
15383851
28574460
2498027605
835608973
603654945
110975254
130108575
809462749
196611511
33068663
393134557
242443144
217451586
1292286236
525724410
522583021
351311850
263586461
579459851
2591581682
147532360
3288016956
122072693
3240672603
1338045566
345787244
864843872
2207971708
1449373304
111890760
2148730885
229802604
2726375005
809198082
14174897
17814938
281798687
532422339
215513890
29284224
2923534723
964931318
2612800802
1257137448
746229529
255404649
785888084
3058301888
95091601
3039299089
2929301619
53303554
26189696
2547458443
2320604358
271621172
2990459828
1706387581
306081422
1067335838
261141684
237268323
292269385
28988897
1206209958
162874163
455426537
897457670
19649135
992079265
2490840762
149069683
2857894512
2222952468
191723833
1639631694
2361794617
453893556
912929083
412906858
2183349150
2738852855
2802859207
2715919087
440392864
1306865832
2814659419
2787229902
147420056
19004299
1529251303
2753766968
532779407
52945136
1637358673
2165907620
2247882397
450218828
22753232
1445618431
408333091
906554365
128679163
2479333602
2614907846
38372614
18045120
42651647
102571196
66932572
219219921
119917511
82279998
116666842
2768501
85436197
61081137
249144962
259103582
15586341
281874073
268071163
263960589
126525586
252828616
164498018
20559705
86248370
28531848
39457635
28722856
21075591
73238553
28050594
285439586
243856498
217021133
185932331
16816510
23693055
106918444
80495404
218085555
17899109
22019881
304799663
184361174
296643235
297287310
176725520
74999628
299419523
162991226
299419394
224863389
299359283
202635316
35997368
54737188
119202052
328786282
125244747
98004429
295445001
18655181
261987663
338045876
338006414
179978569
20214495
347023362
73310442
114102708
404487550
297767706
350610667
28257699
92391733
34710922
86823243
186943867
219609774
126466894
402519005
335646714
266892368
128411498
209806072
430459405
117612921
260020599
21730370
589600478
314361384
90986705
44031284
617643241
608766225
249901786
104057940
15012735
488756218
288582893
369276617
538482349
44559480
87067820
433072056
611161030
240527238
307755781
746194321
148171213
182191483
22105603
60927477
299406634
756157993
36820065
126320540
713409854
804168817
491347848
888028706
438756002
113512929
481764782
246016488
573213441
212084125
22102514
1414950007
29585328
101931057
76222518
121300695
38751107
59024550
256348056
40778270
116930331
310765483
125215990
43064490
137507788
2293809391
207857928
24817462
187756121
227466497
106938028
588083142
105242077
358566293
15179874
38393473
23794763
2239220976
92653792
216008491
245550755
1427388054
2444821813
2516578371
60443074
36521823
1626594006
1663290626
25950355
1110601634
1000499544
848547918
1115108960
21849222
861174421
2291753834
2352563570
479379270
2280313958
1132669050
772458068
163308959
1411843801
1431720434
1443145034
377332643
1546843560
544111683
1361365981
370209860
2240486703
37050664
71694928
977109104
184362616
1362490597
502181375
225977139
756140023
360791651
2152285609
90028466
130170795
16451909
60727724
300807465
770390131
492965593
862183357
1279353024
271131732
1635004616
88914175
27013292
85555796
87818409
133805633
224557597
38751529
16343974
18237848
26832834
20429156
462021312
151114371
771000794
30627487
583402221
1116230041
1542443952
22550646
16973333
348340588
22756915
297895128
464164726
1409932412
453604304
585127365
1404108428
758459412
1044711944
956659862
476311526
1322295638
56047334
75966354
582502357
1244274139
205202312
543993719
193608102
1013982408
872862984
238500582
16608403
151339403
833228208
786285096
350009275
634348587
846692797
73457013
502767264
855974425
777548528
788587009
480982572
23162934
786238009
337654435
583311315
826780796
20148211
109997406
46592235
497958787
268704988
343730611
537949671
14521440
775184852
8992282
69838723
90430970
221314477
8973062
10451462
38630406
158879007
24648205
229240077
277571546
227531105
111160978
311755968
44835347
183036128
715125810
763378675
123730612
112359046
253388648
41243878
15241033
54048223
32201814
153287840
17142944
775231868
333991649
198689275
756527766
95569167
42354625
16079269
16949344
320670262
141466282
352228490
504052567
292151001
363000094
756573908
717406633
343849607
526231946
490924282
717530852
625462304
224495471
18676177
323161456
356674830
518109877
121271416
116332605
132295107
14543569
82649720
21147300
15912113
263656559
36018499
539044350
135691326
135688690
174083824
15862891
621543
22708797
35415477
228164143
280468698
365895127
21080682
