3100765345
863972252840116224
112317404
784397947374964736
1149942961
378259736
3016632889
750344739430555648
55259925
19453808
204832963
3942597494
925092824026005510
40784594
790957956888203264
511792742
134953741
997040168
235268294
2297143668
2232848496
865119624
1028141260710838272
874167061
501705472
3096865030
926555191649775621
381592902
7709782
382968137
46919059
351906466
2859448331
2658108792
3060489838
37009612
358566293
766200832140468224
905028905026846720
747193876465614848
2869101210
823957466
148873002
17750760
507824939
1024927154033840128
2865404679
3230388598
2167059661
13074042
119802433
765548
1633099602
770490229769789440
724703451918282752
2999992556
718175074537177088
3146735425
882511862524465152
27217808
138285632
1601593543
138518015
3395584851
1037084188531478528
1000390320662700033
405033226
342250615
39010299
144592995
295344317
85165134
16582131
3199856542
46245868
16741059
47332433
3452579487
18085200
71225573
1219628612
597868047
447129562
2251623492
10062312
258921352
924836857988313088
441050498
22827435
2159593434
4068853097
367008160
2613859267
31865755
515960657
20691904
1263967268
702937583244943361
28187205
14581383
2983295300
1222710751
231008287
600029236
782325
220139885
250884927
353789193
1184647243
1345580348
176644153
1666038950
1864191372
272741965
553713584
132015712
21217761
30205586
12480582
14687193
125662484
98960820
912751844119760897
722948745990524928
167407830
1166826326
936011619804442624
717654410
636864273
2802843016
800067317702881280
1191642560
46959157
43821108
97275971
579299426
1534705884
2916364718
61111487
960947423320326144
69133574
1567142017
2879642556
111132067
417514427
879446105653743616
320719562
168723445
16894283
244504407
44916484
2611871510
851190308
610659001
24246470
14258424
17006157
26912968
602098884
40244985
46751066
561855107
7841652
18887453
19812312
15902909
16559570
5748172
9295332
