1132258990140907524
384923143
34317032
189658688
4620451
2859448331
1645072988
2537428388
2811503196
62127399
392987060
1096058449
958321164048191490
378259736
628698139
3266258420
742769911
158445476
10328012
1633496226
45255968
385192397
1522917078
392463691
4696728842
51111863
636216638
112475924
1620556356
1325951616
2764811815
33773592
752967707277029376
118975084
1480385228
16435797
2828796622
3290762269
355036400
750022168675688449
246560945
14981648
43303934
832532425
20570871
360018706
2994336020
347499943
995126765587591169
876529206351548416
813286
15952174
25341070
41147782
14360757
31208184
4139264054
1024063075685548033
1110842872553594880
1081780599373717505
1104271387802230784
243455382
613056918
93717354
460802004
22803347
67650218
803677449884028928
424688012
1135380052693020674
390835607
21076522
303048028
928605609787908096
25728193
2490250178
582563196
35509014
86744239
709638739228807168
16491676
1095145587073118209
1923959160
842550390818201600
74287341
2388484242
986794331582365696
1066868172496740353
203714426
2967402199
862037690597953537
786047748508221440
16031984
2798873679
191221920
2852075027
1853310463
770789503782957056
958182201027280896
1325939323
977076621210353664
53085527
133075113
16617056
3327720838
17220817
613469003
30395567
824447784837382144
892148637324673025
783846339771850752
126042901
128695786
381680149
347320239
20899910
19873252
16939270
315493672
4765513777
1498750680
64320203
142013782
16038438
43292851
351094548
2313950822
33221821
191074329
159190716
54730258
757991249827733504
90672134
3159148494
2780874870
2718554166
2719554915
2962180937
113338591
2563906058
1116473911
18000189
47034934
1062759546
937860581763231744
26029878
342514550
15837189
27869564
1028009580968771587
375245030
376853673
379975303
462119058
11348282
2887091908
4099171
24630350
257232251
772938375267442689
702129963949039616
92699184
846137120209190912
20994006
12418482
2517967850
1183041
15624805
540361362
94749674
3309628090
738548206431285248
34484903
2658517250
1358843382
2172396805
43405776
1514232522
36551620
56294510
66589338
1456796544
32502727
35509978
12688632
14202817
18393773
17974481
16504257
14051882
18883587
15169845
201271938
14414706
550270216
77883853
127990037
157073086
3730595723
29961971
221342241
24017055
24911432
81122803
490039192
79309628
1275701432
61838384
206631462
254974773
52765901
913099466516914178
6904792
457082745
15841142
1615185919
2215897603
30950136
2208531043
3023260020
2218638440
2929653410
37171195
61984913
360453582
96943074
14503124
26280712
14500681
30817647
19334276
29514951
12015232
133345893
2388357829
155178817
17931036
23568317
751171080794976258
14903310
15222083
149679293
49585215
441120320
954427716
17169523
19927627
3007041
9340912
16151835
1610510532
149680442
163436555
305175578
487584390
1521340387
21966695
2211333032
916031611
522519631
193570988
234985874
23833947
185747570
2462907158
36746176
28187205
37338814
117662694
15898172
434700211
201301372
24047657
231484156
204736152
199299110
34643446
15519430
180066380
544341495
73318876
3024320935
706826444828188672
221513301
323872736
40353822
111689551
15565871
569714177
278702482
55745414
47481061
16775743
14346303
233771215
91615781
398080898
21784745
27726303
703084614
52484614
90921597
504747531
208220731
627908481
24408780
24737795
28609947
16908562
27074856
34419095
15769327
78238311
38048560
16229878
15452644
183022206
14955908
135549198
43928023
89863144
18676526
47681255
16422358
134555743
3230197075
106837463
182330041
227316254
241914467
15506034
9890492
3459051
2233154425
493175789
37866213
2557037323
34035826
17004746
971646734
509295793
365983530
1239671
3333599757
431489926
28316565
1679881568
237548529
42988213
21190085
34002876
163421360
3096045595
3165278857
2467665067
456474721
2909825480
3489948254
