862037690597953537
596252588
1101066782826065921
319806309
765555467623997440
989314650478186496
27028045
1065242771915718656
88085043
1069613588061540352
629840512
3568586475
2763264732
299400903
388422353
770702067233161217
220675687
888890201673580548
1486740432
378259736
2553075912
2788928773
1137411496122736641
1369041414
494412026
79012735
2911147764
3070250543
898160787574988801
3158695989
1051239054203908097
966377338836484096
53540627
30290980
978671691965583361
1106346436369760256
175301736
4009593327
120047491
2478729888
1044022254
2731512316
1073035829885456384
2844734320
866638766
984084071147016192
1042127780555702272
337405519
890629152058908672
3200005481
1024680358313422848
2882745207
79945197
1045448034438574080
750022168675688449
904800793
1093608964128944128
617944371
948344671268347905
229836348
2764793418
2347840513
272802770
786047748508221440
527918487
67362232
2967402199
2717581629
1014237336522010624
904054897246519296
911429791353581568
37451862
3238865048
2271638589
3031807438
882437995340550144
1056672947837038592
906845231512989696
1038100369228881921
918235875678416897
1692186038
389492817
838887334410092546
763440894
1080114731610968064
26794596
824007949144166401
323346108
56611563
3272156095
748065175685607424
133177128
533629321
53109200
1066383561098493955
704373579647832065
539869410
1096058449
14981648
1633496226
2828796622
986289653727801344
841692190803922944
955257910375927808
2968099245
1475984894
759640504371785728
385192397
1090221978907099136
2979185855
2189326262
796966930997358592
863856052340760581
1019642658581565440
2748559290
995323105571680256
785631337021571072
2561407350
178335736
26396117
731802328953671680
284602545
917887752028545024
330055239
304493344
817159858575249408
16305370
1623979224
4194013692
955108533871267841
520827653
774356839765008384
196752537
719001963837333504
966520032569315329
2746978385
613491958
999293378
16491676
90170410
2553102433
33158877
910316246440173568
2835079389
731927812513243136
1245124422
936992245
1020357499889897472
817870972753772545
903019028695961601
715623590473961472
1063531112071397376
2811503196
1728757632
3079701749
3187206912
965020995848466432
1520309071
568190045
410380828
1266139201
4839479067
800902261664686080
30082420
15357521
128163675
1026392222592364544
845692098938621953
4696728842
961643328730255360
983765580
61306578
18775362
4039321
52228828
1078102794
986794331582365696
710929956
2708014716
821940546449108992
721508638628700160
954047805265387520
3134344203
1008636431177322496
810270772874854400
2250064058
868430459759407104
1955655506
3286987105
836636717406949377
2760040171
963833187393818625
3302011636
838806427468763140
405212879
847921285065842690
388750113
3018968748
606271484
590177975
744046387365560320
853162543577038848
703876682554281984
241909899
3542651057
65091928
1511360216
3897141972
414958874
704728362229567490
742211150
824312215272615936
798168801787478016
1212465001
3297157487
2828350623
103887642
23638544
725230490043572224
24286351
91396544
2537867839
918474195864039429
851114329
768526154957488129
4848086892
2438613600
588020595
17844280
3304913886
946664546
972312126
202542618
89452000
869685230
972510432484356097
1973354066
2739621226
806953236821344256
2398262321
257617636
886298989
4666461198
832842928280072192
557241401
1205246592
2893242163
49330477
726782316
289184001
545535923
1400741599
1010723712
24772892
514546629
3042419364
958361085609988096
716197591214477312
1388496048
886429860121509888
4822463661
958321164048191490
3206810183
475768685
260599964
2875920676
2751239996
3169214202
748207868
4922302710
531829579
2857031384
2193396625
1363206528
636586551
38146999
858421844403204100
3438048137
3554721
17596622
19711765
152805818
702643606876614656
3345472078
636704881
304679484
16042396
4844082417
737378468
4196983835
3133647120
846137120209190912
892523997673398272
561353566
386056280
26287962
2254399340
745088816533413888
2730647730
3756210029
934859345761841153
3160151766
286871259
602402209
933001084880261120
493889332
153257471
279186833
1540284396
267509383
842101514
897123280087330816
370856865
38127549
866704521124352001
865708780734099457
1286475421
15661871
143244854
782697025418571776
875955122462961664
60421402
14942612
14942701
765196926807531523
907840894786838529
17898053
907366327026774016
898292055679668225
337114520
850430526003523585
2873848083
723877794690768896
2409484508
618021624
822517901294845953
266336410
91408245
7861312
264957362
371189038
2688531696
499396922
2904572142
594288067
398333071
47566850
16060481
495209340
3308151274
3264787938
1450087165
124040304
74287341
4911495910
712369710331985920
3158262121
31672638
611112692
3740823135
785875155272597504
3001969987
467487178
311663105
369654043
59703952
25465356
46781837
49503181
224450775
25382170
39689218
310687757
2743113943
36174634
538531834
119569518
488926575
1152407780
3065174668
3523849695
87239242
49951756
1910410081
88621782
1380478873
65289126
166739404
393852070
27042513
241382835
8283082
42936819
75974281
191035435
20946095
119573377
275215221
102600381
21969693
102230123
540362357
267921844
32621370
3302107374
381688396
834182083
1290082680
28907451
17565514
30602016
293722201
235260472
447239248
2832288816
1633987406
90006831
189283341
1888149452
430744802
20977701
92537795
488658953
127984917
224293127
18244358
707161285562114048
90021519
298320111
228184292
218167872
16409285
57625403
20604228
28160203
518163107
2458256605
65184105
760284345466707968
17842366
17471979
813286
26565946
15485441
47285504
2796910988
3063032281
47786101
361270172
2715115656
50374439
52551600
133880286
580097412
241747585
19725644
13201312
36947388
2893511188
11348282
27760317
43383705
23006794
27758112
180503626
117662694
50393960
29447487
37710752
