146366133
430670860
2580722437
57140128
1125438016137375744
981089652261171200
26998871
1159419545544732678
67969812
719838403160862721
740089619216277504
4557817354
1099300983165849608
27151738
1155795193943212033
1524781
28988230
280966368
341021902
323862444
291099255
704986472080928768
1041334590768525312
864092072852238336
846477564
27274545
183548902
36968970
3384944062
1009428888009789440
255546442
1087433857752719360
245489937
305874770
162349471
816689025499230208
269696081
227478974
961231092
785110708186939392
1496502829
172683184
866022470066860032
11975742
2174751666
4524846597
4085696299
34334945
1070877885089632257
1109797720787701761
377338255
281452710
275492753
14778241
20631422
23993642
19224658
367903788
614394559
86052648
3110604339
475861404
34587576
284986112
264435140
811311251443896321
317729612
3613140017
3297800601
69056710
3429892919
497674610
4010211916
2501699472
1681096651
769748623
2247281653
470465944
1578053408
127686908
747843127474544640
49002352
624945426
1131476778
398874944
1273219874
44359302
758956957122166784
252521025
1448867052
2316384882
966669824939167744
1072768218325008385
808774218
256212391
15255468
40001920
187200371
2716861916
15826886
1009429324171284480
118123366
823518894182846464
983249485731172355
2185179661
786926307565309952
233180256
16944571
1149201246907248640
1121113502310072322
165457545
19652919
216704460
26530737
16291990
4821527358
323471145
2306579816
291548913
20893270
2742556802
3318385595
14833448
7956302
38047391
123979525
1157578424
1102237939478736904
2791318421
1132591199980785664
2831810840
399018199
3393766137
789101131007987712
798903134550654976
734819513053515776
400265595
1478483473
26259201
219716235
3656836876
69277202
16047950
874310395875295232
867455539059593216
1003360947132620801
989199119829913602
1049427912229834752
2161683913
984592230651281408
2801870836
242495026
537087203
1000321117209362432
19654005
274294498
569086162
155162766
2362502461
134887728
51776944
17848605
2837993937
2436824828
2534862482
440719416
3952800973
2414716483
860983094
360279180
2547893780
1053966107495796736
726132381615296512
968080620311187456
745162255403094017
1970799990
17438751
1051274445812305921
2906241221
319208465
276051444
16188864
994576815418036224
28196433
54172179
400205467
68537234
20227730
1005435280948715525
75299247
2417675114
2850579251
211966697
266617841
792384588563812352
918569572139196416
3505472194
378259736
3005486819
70922877
250560251
2923235807
855057222627454977
1126981581850202114
1834848265
388895470
4632713182
2611807385
320723917
2353256558
562617209
546762983
202169299
265301946
22253327
73116112
94085305
539287117
252166714
206372089
832264636019904513
3666222388
37238862
1910783252
2545546440
80408092
299660811
14803203
4097594801
1454918912
1132559829099266048
252131710
17070095
252519639
20063031
537224479
138194824
2771117746
1338460273
193090142
2904913023
164848519
288375124
342121975
1126094043287576576
394143578
563726287
738302988465364992
3178044292
854828001359482880
991950170530050048
24600452
1019638714832752640
1465543957
55939924
3214181795
775338895160463365
245907209
423658186
902412716
242305384
51074252
33941906
3064976818
50056924
3046370354
2153427685
869899687289122816
941372836480012288
1088782840001687553
3450146476
14253069
996080367336542208
62715547
1029401047997902850
1060414172
464906075
141022244
305848643
524514890
2544703982
19889825
2523903076
353153122
1526092836
325930894
1485231470
749397927462703105
20967005
2507326398
1934637625
104071865
2906820023
897650591014334464
904559953
1517777833
274058348
29826996
540274837
48315339
15230159
474076299
2459651645
15174884
261805462
1085493145037615104
1473145484
1657053464
97066860
29188599
1105850997342130176
2170808779
217228590
2649091416
111570632
424296291
554253635
839953353895464960
1397142937
558091832
16561725
46093454
17316060
49570157
15422839
1054693219399806979
426533679
482158308
632793760
159394307
28083045
634566270
960108647761276929
44575476
256988072
272549222
171018217
1065889272157343744
486643723
975893461
3018956279
50334305
49110879
15876419
1561332966
287734326
89804497
836911609410879488
417409930
36112662
2187045013
1360195334
1001779721082982400
2646383904
718414606054649856
72796877
26799530
3022766619
586531888
113316635
20970341
755038850
1104799225815224321
21663902
21754620
3356481809
18397585
862997703634112512
1009490406
1541456366
19964756
103673741
205448034
102386194
58473154
95694967
348441305
65998473
24929619
2162369811
1535050579
707463510
2870575346
73369097
113315413
1009509720019886081
223871098
1338854180
839117722755661824
1104470190031540225
1074186848069713920
19651183
66673916
956541279114088449
799126609915584512
91998960
3012487660
212886713
1053204773242130432
1128740696909856770
1054568522993418241
1116703142706651136
2399687505
758742722693869570
19765162
2820709207
703346293624737792
385053687
2447406704
3601828755
1230541093
1014468488264605702
19904718
3948922097
3082499172
3362736015
1057284939782205441
19964034
68958190
457680395
2450624369
786208636057944066
7274842
1126543724195061767
927138132335742976
3955429876
921840937
978703417827889153
47583917
20000725
224274554
931216370246791169
375137287
1149225158
69231187
125604902
867146911
14499829
19658826
10215212
256428761
228329820
903546721
229082719
2615638435
19908335
397786464
456583666
1018966242722549760
2664349293
56937063
1075330733957439489
22034898
240701147
1126815323485810690
1480745756
1096343140120883200
718432707253035008
951019320003518465
127448857
1044240719492395010
1595757162
1086636679891345409
139687994
37669898
723382157758996480
906959665178841089
916831220
1301048126
1076691588
414130557
334820375
240816009
2583270112
20944642
92476999
951851858
3084796516
731580821971165184
768024522423406592
275925692
24215990
358165174
915579399185010690
2924559488
391984340
226195230
14698803
19654724
161665079
302472633
426649551
365904677
5862622
406842374
18668407
976489568521289728
964865616967553024
801050529090637824
1573625546
40286138
29059464
1074967053952532480
969688798048260096
28084739
1114186893065883648
75605945
358351833
1121085780028469251
2442357257
2423478840
440519278
18980276
52087269
1103814779565756416
2919723412
263131194
176420613
44093781
91569402
236813901
2399990732
3015158998
1560309650
242309449
964878574145691649
4053238984
325663096
128666049
965588254899699713
267431544
386102917
41550430
94352635
17839988
63397387
265284718
267759053
165706840
106449194
2162943410
934283762
613433935
274665034
1582936567
2221383421
956188013301829632
3346611809
270449428
81399051
267087362
855220651
4120478477
3172259854
2352851258
1054881984
2327820945
3296513241
968076176777465857
2209123057
1222882934
1010916081140207627
1445771606
29106807
268194212
144586651
747443937539985408
1113335619944558592
44864470
252621539
901949568
458643150
282714925
980783300
2494150614
3333174477
973634395054669824
2841193233
2564967924
2484281546
2541135146
3197057871
702429732764327936
1464763339
702459771694292992
738362173580312581
607280751
4149429868
735411068055506944
3433959183
725219591522291712
2326865524
223941847
418782191
408250069
2250495385
966004916199321600
958458436840296449
975726649126916097
307587058
605956105
1693257644
1708464528
837770828
830036570325532674
18103061
764140493349457921
154058892
40963779
2902623891
137729575
1117533483516215297
15580900
613469003
54499985
1042053769570250754
362205937
19773755
738816230
294605831
426489794
2655795636
1057270967251202048
576058205
21297634
14536367
16455190
14243046
85555796
14897608
551426814
3664800915
2974430121
104849636
23184591
48370227
224557597
28567809
19837528
72843097
19389123
78554033
57579512
160573474
54554478
19398727
21862925
130135493
118983077
140508287
23094856
50781408
72801249
18973501
314483971
15217711
50612517
226474918
146856867
20665951
415405630
274620149
172361526
29703406
830877463
32456955
583864399
56432029
1133775956
632781443
60419108
1296487801
498745057
409162005
27440712
800126954
2148000331
311580724
83625926
2373632792
255697365
2305600805
466568395
2584318730
379156490
242387914
19000628
1421146856
468286884
1227629784
616951084
2229945163
607072508
2794424134
313223076
47042682
331550951
625022363
2541948595
2653105161
394695882
511605710
207581304
1168267518
122158956
31697481
182413378
3256048017
83609422
5129891
417167006
89972760
2397407472
224495471
3694945157
228831127
4853702405
1227452455
538113978
3373568715
38431324
2163292453
789409922110803969
322601789
362658007
826380196286697472
23424533
339876375
259781984
49508658
253117144
58431280
14732889
2969803612
519813577
55253731
926075998604537857
123790755
2795959171
211412557
917396104970424320
146111576
76682760
2857781153
20998416
38158501
4296914249
68418583
259177383
899595936409817088
108318487
860430990635827200
571072597
1060670415025176577
3957258509
775639562
170254080
3030434272
2338811370
138304042
256898859
95092020
790310916512415744
19915842
103709540
2386399081
431544290
254706272
2645602164
35749264
251821643
2549047974
1898331331
915497235823169536
54730258
2176527421
246459126
178272916
125362283
77005412
216297534
993784938775314432
971466492356251648
901843662535094272
2278840170
826877162078760960
117722086
141258490
27847455
395419234
81812518
299638999
146407746
21110235
17209277
2211152340
161247821
751016720
14994676
247642500
351860420
20555137
2415821245
40713876
1182807762
712317698202603520
1861876879
308641745
452200522
1116663784385515520
184006847
186753347
1467070602
107722321
385306338
164226176
1055043307427061760
2903570224
61128574
2202026864
18378044
1052635966282838017
15012705
1430333150
119020056
351579402
134109842
2999294063
2967402199
17846882
517352829
2401012280
938796245459636224
1398479138
2509041714
47433923
2864381561
429415553
3659641456
1403543827
944959223749906433
788363167
792806523089014784
223566687
2999708334
973298662490157061
39975194
2223575617
145806803
1002559011638693893
977248759666167808
1894592060
907702764427530240
4451084686
1007269733316677639
2516443977
3220881440
3302783815
1100705739381882884
785739140
41783821
61187150
19130800
11178902
209531727
23975060
507244113
171468586
313213045
104453420
364822908
487593469
1289174738
1183576152
3115924437
743836563302420480
739727105940946944
846111708
329698600
21085910
4509741
602189400
493370166
107398834
823434608
96643564
303798678
1022121232525930497
360761430
17939037
260211154
310399129
19397942
6549332
22419487
309556475
15787430
205576369
869825995
908226487928594432
22812734
22146373
70685388
106118793
25984418
61183568
166192075
22460658
36334366
482082228
354880191
938864702
39079896
93707061
484819220
580822933
366655100
347149548
251622947
858791560435167232
95176946
919773970362232832
127567239
1022049400904921088
895224520981786626
598424947
2807886887
2488855386
404123976
42936819
1088338733366095872
809817172113494016
20531146
19780648
17632266
19396413
57319680
171881218
17099499
298992506
31094727
31802395
71229689
19255050
102428367
204832963
988837885
1917373038
1101465008293191680
107953498
126497231
79833518
277971237
185732799
169544942
2239099921
19744643
1088401498449563648
2364425511
42561847
977944375408906242
52522040
1200787142
426558596
404050457
375830508
3949310661
228634355
794203808469581824
19813399
465618018
95703081
331170213
4105122261
534795883
2615185274
2573542442
387326897
2362910600
2695143194
981171172552294400
774611153897095168
334085451
2372119086
821495558
574375192
137113968
185978373
19531128
112684136
222086830
14700117
66967746
91766567
1047864092097241089
3090069857
1067486060970598400
356752586
1905612571
905373789038551040
203627454
25572584
2730366920
47152979
1016441565714305025
2370488604
1018530701505974272
987798148662820864
999863491220537344
1008020223902052352
2235598175
34098728
1632696738
880119417186779136
999015972273995776
804724456975429632
58287890
2483947273
145233891
135676296
317188137
627421075
364790074
1462046809
980203468806868996
942724130465558528
21659443
1101136118479753216
750316775338901504
183194143
18353044
23620775
832606155973201921
3028722405
305011583
1019989938950017024
448415328
19962737
230885391
2872257299
1092858080
218272382
31447043
2282603070
2563656001
6362922
32240443
1361429958
159280669
24554929
390965080
483927602
41550831
795346260698025984
4727131474
68384103
294003283
548145196
472984050
3314289248
15567071
1952008692
113158328
1044582346400264193
1082232390347640833
156493032
2669259684
2819497018
3015897974
3325142248
3396878889
4285729041
4737423676
788898706586275840
801073771453026304
880543038644383749
946860054728372229
948635810311655424
960423915301605376
142614009
14079113
4853249703
1038566810898116613
27660239
839879207580758018
42872968
61434685
1183536176
2450016972
26220799
2775967210
998858961980936192
20779255
198584761
941587645314031616
3365804086
311056176
4082395348
1676420120
2151234566
52361967
22651854
4874551251
2350618921
413070329
301359527
204040422
38650550
1458440143
163646514
1365368946
316682552
1009898349078560774
318262821
720097644916383750
991306844802076673
55033696
705216938784346113
352589854
2566768790
1102626816072867840
1255002294
1100555065
16286419
314700035
48839054
155483848
368254009
2789529512
298769861
3039503365
15912890
2437099062
234306659
334921581
3420811839
3753255197
25235151
953911102127079424
730365331198382080
2695794920
368929389
1101058138445361153
60849165
536796489
1021363842834673665
2882700369
918766670
833993034572390400
241188067
60849989
3393837934
18448883
65591067
58917075
722242009
293402387
2158459550
1576008926
856593179419828230
1057987840674545665
745752632971694080
1048326938
2351698531
329952712
1101158325599825920
42081491
819584720841437184
90203588
38834516
20429604
47768759
87429715
870324419549253636
1511386590
22902016
20940981
322632450
236042242
2511701310
25832135
255765895
49939257
138168086
1433935022
42230810
156380350
1521799952
221502574
102728963
14542085
265373725
357627129
184466384
105303415
220194905
1272375931
43550099
63232072
21126840
952918933836886016
2849797825
17736588
961235680138612737
20155652
152200907
19111767
18887526
311639104
891434340
40860336
3289449644
1231497649
961356655
3908206065
75541352
290491586
2545598148
809522515202576384
330212103
240382511
329161047
96441928
822952604
21751830
956205835
280468698
619308313
2864592426
2532315008
415406337
2915800799
6274762
2345299433
349065597
462329532
788587009
2819363837
1533229130
1176961614
20474878
256658795
149652430
19350455
40854900
1722334195
2355760410
795346623396253705
2348343486
51090041
142038481
854766482
1012681176748707840
835483238932103172
504294041
93172498
1378048326
1069194486348173312
19676294
2799658782
727470790518657025
837413966611689472
135507736
221104268
775962420
596904482
144530413
14561015
3306604791
550076077
899459894
1319856506
925686694388682753
53191194
1091389436
1499471246
998275674333949952
325796299
1096579094169321473
290582982
2595273025
3312317120
734498495663607808
844322391266287616
3345381520
1011580472709787648
18998762
2343660914
140790376
2186927107
2169329578
993440626103541760
995783096539762690
365447817
245499504
1668059924
1891806212
80848486
941587234465177600
801389270485307392
732141019114930176
718853493268869120
4482955709
353677149
801722063199334400
1417555796
1905178430
301500480
3110980798
965687496465158144
1069744732924825600
309111343
169112037
832521916237934596
3201481089
767808386
1100066785
464541432
844236134918094848
2324481049
1314657060
982784978000883712
853647139775418373
976796785422290944
396016152
321563970
357816281
16805695
4823705386
870324519788879872
1009716150895341568
95652758
1061304256953835521
2257558088
826261914
230025585
1089476720498016257
422871259
35634979
248422306
142294756
27468198
209565427
37653495
2806227364
986978079062003713
752213099386667008
47608522
62540002
963594985881915392
811623942
741536310
2743930492
139663411
1946649001
400134648
100824487
14301286
869290147245953025
279523508
882556158
20610905
931257110129729536
1045076336291827712
750092621213757440
383254258
743559908939882496
405605548
772208596511780868
122134465
603652956
309194789
1448066132
956667478016495618
14291684
49306766
605338718
759487616
928879196046266368
274932405
1013126954994864128
145637907
17300329
15961338
1316711024
277041135
191436782
1029657126640279552
218375593
274481142
2226569588
3221126087
19962441
252203625
1382108304
270459817
99431954
4898091
46625755
18949452
2290269306
1165385262
2364445033
123974837
351631182
98682244
457641702
334063845
704571606
349065150
18353866
56310176
56490057
322674792
996670904523423744
715761908
1114960742
768813032898199552
252132932
174378986
2953077411
26760282
438264672
1066797208677302274
1442329266
136047627
2773091880
1049365727705288704
16922810
3760334356
325419254
766799727757144064
343285828
374373684
740754727
3023094347
66719952
116722275
17988409
4496473703
6283412
222102050
1367633564
716340461611401216
384349937
1079034047035248641
377935773
354210656
146054065
897785286
539322301
18160106
4794385955
1011726480534056960
205274391
2766246011
244935611
106551645
3309356807
2664239108
419500182
719638323921305600
935240719
53361049
931468093
553062844
2762661008
134573771
737563213114396672
702544283547668480
7966972
1330176973
3328317357
131926473
350782341
1017178987976712192
296160588
956199017934925824
740677794
718069554337988609
50173730
854910684
4701949706
82960348
140092053
1097099330
931337220224565248
20593641
55218051
277997152
738007835775270913
836518208077238276
381654499
215967777
56330890
2435499030
1201051748
150400398
847789794470105088
506429053
1075239383769509890
1022252960
20911596
20729766
308379387
1516232701
1014264384691064833
13618722
20976360
432420214
4859819231
275169171
2607283949
81146569
61177115
394027182
1048696350
222909271
990317363915579392
2475614422
843029323883864066
469960224
461194913
984736653104308224
700383575624052740
1291016851
140608538
888377032077447168
1136525257
194992592
741920474066739200
2176405856
1069374430055407618
842847363991400448
2841590566
2420392982
699970558205763585
985480160576245760
1009374833937993728
1469419704
233523012
973245264692736000
595593149
333615851
372808185
2416161067
777892431148752896
3299308534
3173913645
755379008972419073
66748464
95676302
986557478283415552
3433128945
1019484541
442832665
2364531623
30004310
563135113
38413836
177280097
581533652
557363229
371967650
204196157
224704102
1016238460389285888
20877880
295155107
2321968667
20929608
84001799
3075671175
2821201491
839897911114739713
988086969438818306
1179272054
2985552705
1013809425180708865
3775360879
214337395
2937437608
2150681762
16187240
1019319160013250560
918115083007512577
1057669294526554117
2831785333
2199392648
1043086589033951232
1510815488
907268915285372928
2872664152
1046841891675725827
6705042
45579282
1030203939034198019
21201150
1054307264520220672
231963243
975192033915744256
2647332505
2981406165
950390277746905088
802480365386526720
72512625
286794895
84866174
256508339
421160402
597689671
25659106
586934997
52389791
360667680
192502203
4834884587
782325
2906004856
2201555874
3332377245
314919466
1666104079
1054104392213975040
963019408963751936
893473037990932481
1058645188577554432
106204123
18028431
17169076
285661394
20098015
144112800
87180626
138541412
18774246
31173665
583607102
948278906758590465
4063246420
401212191
107658551
709804717455634432
710450353
1364280583
1050727798917218304
2476457715
383694368
733739714700845057
600714541
242732913
777202055039549440
388288125
777118795710300160
19181906
195904496
720895572421570560
3125238376
418659057
28330348
550415486
948626071800418305
1054321107552088064
895734953085763584
819804552614408192
3787654513
893073529675165697
19066345
819802841275514880
744209869725532160
19341389
619154715
369400035
221021194
423450354
1016040987452432392
2174091582
203128038
1046843418024898560
92787955
41627051
1261779949
14700258
19586325
91870534
912696054998585344
335860079
22013470
1000021952109731840
1047938197131591681
577121538
1084025130
2176749216
148317880
973928824571383808
137932921
1849355096
634704431
971971159
171496247
23814899
904071969448091648
952511048
50989447
27013292
194555594
960626462322774017
27802611
211675022
20015311
2981354171
14441754
23128066
329592490
343409610
353150513
1110105054
628374416
1039130370795610112
2929301619
6892312
722017346785841154
1374581287
31725295
107225267
449849732
720351363331268608
889533774802845696
913425131657101317
879699279132143617
950032067047448576
1680792846
1436093042
1043134642348609536
271603436
1603732320
2736089148
571189619
721981861
1011605859380727811
1042398569465085952
20972776
3536029396
430932829
149099539
316058570
558789642
247846270
2432636101
57125434
843403045
1008637771601399809
920875513
940236996433338368
1169644826
1037654465971671040
3345331894
85535699
943599110296428544
2217489038
757473350
397490403
255780065
795269332980928512
890323775849418752
998876040209534978
975845390162497537
972650181547233280
955755708838014976
583331481
16585435
1603945705
72583738
844169711072002048
400639492
1317144655
400792849
1033770945981370368
40572194
218629000
29011916
59150150
225796043
3956703892
69081339
121774110
94357028
14145879
858007686
976926473515872257
7076492
1637624197
1002865760195239936
873853591848726528
18064237
997237934159007750
1878576403
310960217
13341022
15289509
933999261963997184
2387997428
4189054053
140973919
23190207
374574617
79553377
726552444625408000
837375111862833152
712279006608023554
961876997180919809
998240918368026624
921033470712918016
152186672
486629332
828708842628345860
913866623081172992
3145662545
1910728098
388822470
1480162801
978242011366154240
19647329
484796656
984517692
19282271
507600619
321280023
5988062
105835469
3012317703
584170685
1057760353
1021032058523660288
1587728826
317356725
792017765544693760
823537937694490624
909743718575611905
2193829069
63082578
733738224166768641
460986429
50621750
993103344595021825
245397938
3978925523
36920452
62819254
964638576813248513
955426517537968128
14431987
3030107751
40433376
15288653
20539393
540812894
273434138
2158536182
50617017
4709054427
20977851
28680544
1261682396
922121616
314754247
298118098
792890634386505729
541554698
729718359592472577
61169729
1366750843
21264038
283626962
4185877812
1007850294753910784
986353107998330880
1021771585760514048
279046903
987798683537367040
327630631
922699377554030592
570239474
62817111
365720964
24174548
87818409
905710595487518721
88511460
1690586443
1430048221
196133965
17336372
3306654832
998539485368504320
192124363
522629415
53112669
77943803
3168247662
860489476451307520
732039645907800068
209512953
885800909581815808
957831889
951414315273408512
1006547543000535040
579718277
822460343033151488
21833815
993836738995982336
869962357031809024
1011220959234330631
112037009
745914467389743104
872631168
42341973
3169782113
19022052
738373879
4713844761
58218030
1003564971949731841
387325265
2304561202
91356481
112280670
21846974
852693590
20191742
1178478314
190587888
68540554
351598279
997880839991152642
202328756
919294448
540701081
953144948
2978190910
36364025
521709712
969612369159651330
891029528876908544
19088758
2342168309
224742245
215622936
2577238668
18285182
174586205
3014681296
315118894
4427203727
2764263137
618466970
154159536
1709508966
57885326
956016564
564997411
995622001
3609639016
190321399
3224236516
1615252842
54598980
27707859
589935492
849234749193375744
3044676376
19335378
3166953940
905692833633497088
2397857042
245353843
376186410
293690029
219291399
17099921
961382211583987712
971016465175535616
975889717
17826845
329775655
968194435036180481
968153351299977216
1430147665
1153962829
281440041
173789722
741264574167584768
215913069
2717694091
951562392613376001
119292764
963542914403094528
466400667
17724276
179588234
117777690
1288208954
159045371
229205129
529468647
760949695
293789664
512109168
359188534
822050146796052480
599098264
913000192173051904
33983999
94619657
2472172578
704220211549962240
208996041
82037270
784856878731890688
1109136248
573592482
26477224
2325594750
31451481
234947344
916229671716573185
1854554216
918792929774317568
919556679854850050
913347758244933632
57025901
807963822422106112
399651793
20772268
2330224116
617029017
18089975
925019475212144640
556698672
82560556
41818686
2407630674
753232253149409280
81116355
119449154
860367632
234800812
2189092060
3019552756
614263415
1450594406
1272496459
2439698929
2394196459
1215429763
58036645
2813049204
276211566
47678070
361302333
1488718508
1927411670
159052174
1598750377
1325687070
1400425381
273935884
3326670143
107377024
109553770
3357208594
145554242
2734535306
778890125837205504
789853726907523076
2511002557
2766583633
2532446652
928371003474014208
930055744812212224
993228324
323951807
29622575
566331539
60296618
377284121
884180960
739079154
426685542
18250336
2615606155
321509053
77962173
29495546
831623527
924172558622175233
325539096
1967043588
3239306789
917653409951571969
494508355
118434971
3386939842
278200667
3291425331
3015586396
159791593
228252075
1158194712
232585099
74770687
811306760510275585
718037090
20131927
2196262778
2285436441
367358127
856596092
3167173797
186317110
168500305
555429321
2827649849
304476462
86712689
271630221
41098406
486114641
76956597
16574558
39040740
80862758
1671486960
1516177308
123220773
827353868
242785581
916603100886118400
1943632532
741283750345068544
47601462
51026657
219277886
404040278
2953334914
795543380
519842618
15143478
2262623615
908637164271005697
905100377137270784
2328702116
1326826801
1289037060
77234984
856608327933075456
2853959944
831846354758561793
16949344
2214527958
224680921
41822696
6834
3397096379
43965658
1195446685
889913202615738368
742317235625197568
234773440
1349794693
379195522
14712545
2749208229
19292008
327447666
2320818716
2602921374
118727854
51252892
145671928
2215400624
134382406
234319913
1282992704
1541364193
39523927
23456307
14810076
229500113
2197575625
15344145
187159568
221865685
94824790
4829982178
317895172
4926921809
41452040
840562605630603265
3403076764
773979925925785601
847737078
3291309039
21745074
85807445
18553103
105086878
771420216635101184
304854934
1058745314
354574456
224592767
592498456
197378511
742143
37486664
1484808264
4845643089
1456281277
1446910172
14858205
810291841300123648
19530438
294222034
799834927
793511288
3028270719
2491487924
241065432
864438438
855008451847745536
303435274
314019988
2286056016
236341018
418797208
245778995
222748037
554602188
269809678
115097756
53374143
23602600
20054581
285681876
14157134
68377720
83814679
19976630
16010896
376740606
57280159
588999245
111563465
870591852
1707008100
987018980
932446861
1241258612
260282430
34940114
65357102
2893191113
2906144331
63289705
22012276
3036280263
706856853033119744
2797863758
475682061
376699050
1596840409
6467332
612473
24907913
61781260
348974190
950249762
78874095
562767380
533011713
2788089391
621543
783968736583778305
150036660
104857104
388837419
216122857
255216721
2174298705
141235215
144654546
482108882
2895692128
2828201299
789488498407596037
2396425039
3182320196
1103499740
148130671
282206148
211237746
2151059467
2365430875
775912364
340212738
117048415
314221729
572581294
280160265
226915247
4002044717
557758898
335009459
429003599
3091315209
28186275
2570518013
361235686
154921482
89068513
60865132
197450751
2841966747
124176132
889178276
715825348684988416
374406950
418725314
304402752
77293
171116829
14133667
783780987499114496
20805558
3351698086
2318651209
243639892
2566829520
590366420
2851146208
3313306925
269870247
2785148757
108992418
75037497
271419228
488918532
84404054
4749596717
721659228570677248
462974151
2319073451
4704398780
16806509
411607713
873752263
856263068
327369492
2768044826
1696385275
96966118
767862672
387268945
17922133
111344292
2746448279
130796709
2425571623
1933669016
3017959672
64654685
23521853
216317712
1115874631
88438363
239372543
430607606
755753803
308076665
215679747
325116618
174745444
3388791730
421198862
2704467561
19393236
1553984528
4813468883
63676369
4743243141
398107992
44089382
1637671452
2789066656
389326295
242770970
2802581765
1282948634
19834221
727811157424214016
274569960
143039548
37963496
219275799
175018039
17481977
143478208
18045120
130108575
2585401616
22916527
96230203
205886596
2375905069
3374736802
86065887
3375641134
48676963
951260966
1637920645
106730860
40234732
354890673
237700394
138075752
241182904
216690085
904259772
575388998
1285858309
8121632
245886114
1478149944
44115540
332848561
2829083411
48673005
929721296
976267632
92614760
84675635
18579587
3253966221
1827709555
3224176660
3057953574
93653664
264124770
2176753860
755642503
552618516
1328674116
236960317
89562376
2864714637
166560989
33271334
32503
5225991
18807671
47319664
355994177
431362068
