378259736
1138836283634200576
717482336988712960
110445334
18028551
3192871129
104388107
16001350
892631430601121792
975983237775290368
898635518312931328
719907537693327361
544641143
1478987736
83774916
303730149
1426888136
145991905
245677083
362401254
112551613
57359277
309445449
14955353
1125100168196644865
52763281
255537293
1071900114
6306262
3433592157
1133284978513522688
2269775798
20986277
430235090
46131997
9128522
252531143
3317590708
1098245447259512834
22696550
89023621
752931114054881280
1085647167052632065
230197427
2428796856
825759441832308737
713399036569526272
237477771
1041957632364310528
942156122
40302336
408816873
89033164
2521546890
829945724
233842454
3981484313
1078693601356509184
2461810448
21059255
21453771
1004168401915441152
876208159
57725666
996749789420228608
1484103733
474227589
21966695
252751061
91434278
16565260
705862502
1070422060369883150
2334193741
20879626
813286
779045668174327808
15633702
60664331
24973799
108758511
102420852
34021147
18713025
18985027
20172250
19732885
25182875
1079776144524754944
816815012056547329
41248113
3363209592
817724016
1561795573
2905244049
320384107
956574189267374081
258168133
27775857
291652961
3286834956
16133530
2707483626
1901030066
26077191
18783501
20217019
29611918
84281104
19910041
976602707833352198
761359637031583744
1020172454700953600
3333055535
25104363
22697810
22090282
25103967
42871498
15840909
188011200
948756511022600192
562528820
18390063
22803302
61263431
138372303
140070953
2212412137
903354261446287360
471677441
2467791
353886137
970563998
24723039
16314859
33189473
52730608
17820022
64733210
39510422
16671007
839864106140192770
1966814653
830442695931858945
40542236
2951493542
2180306267
244995202
1163869945
2250975088
2204517786
47306294
2955204006
2646424753
2214204110
1110407894
1663228934
2294655952
1142998596
1136566956
1338480302
1136812356
917451193
3085601286
389214426
2356778578
283496632
3185038236
216256233
884063996
15948668
287610527
106530410
108001670
514082785
17865618
887935466
273730394
2348783658
2935229614
13197402
949502250
3063461719
57535118
151731997
1326372218
181492487
1015176121
750665429731999744
807034620159983616
177112592
257048565
46475007
706869314746327040
738267072250028036
322355892
125546634
1346439824
4429709805
14730894
30864583
229966028
63999908
187711248
292685667
26156309
21814628
1555831369
3147289455
471741741
862673990237794304
288052045
24929621
39871001
281800967
2914515430
151930383
52021870
2349114366
18749026
47503255
18978469
2992440550
37760670
90651198
80136311
98471035
320561867
789303014192402432
1284625614
4180200863
22239585
216881337
138809881
245356958
1103458020
47583917
635713874
400525494
479765175
910492003359760384
765718694332817408
5741722
5392522
1096059529
120295432
56401482
86177206
898218643888197632
936344394210390017
385002698
709840876680454144
166751745
54412900
4750866546
19417492
50769180
488679352
114896223
878368711429820418
20543305
2417586104
823367015830323201
1355181415
3131144855
14845376
747807250819981312
3949525095
97893117
43350851
968650362
114531894
20268270
46393249
143477156
15072071
18938646
26538229
33124715
415827985
423134846
120176950
160544557
822215679726100480
18622869
813583676944646145
611696754
893510112387661824
71298686
1305596696
246769138
391192812
19258235
50653646
173676124
27114180
28468549
18633493
148845723
39542662
80568825
17871088
35017909
50652364
118756393
830128820447539208
19312262
3342812001
877900832
37666984
2962923040
872856401730818050
764320747
65493023
18906561
65691824
1090430232
1228673365
235217558
208155240
14434063
44657902
126086206
1976143068
604528345
3418156992
3515351535
28350927
15675138
15964529
343627165
115749048
2906666380
2785785023
558797310
351155455
66369181
351895346
351900962
351136186
344932511
23022687
351897105
347505959
349137313
343452680
211635204
66450049
2235771055
102279796
573296697
460364759
254218142
16243405
728491296814292992
293120622
133456403
889115678
181005654
17375116
45891977
171855377
822127086194348032
919889023
2557521
16192197
102722975
292342774
10126672
56637351
174377002
715640926841008129
105291845
54943431
63475996
54167272
185635130
719399195854180352
719276823809540096
849880970
436429668
14376118
313576754
113589987
394259456
3066910393
48928390
807310362
1497036756
1674823753
768556106478129152
768558366687948804
768218732896321536
36118658
111122177
22049097
37683414
121188009
1090716169
1126815768
591449383
716473351
58794909
185072238
571552737
98639150
468122115
549684343
352201685
493747096
2237422848
70888181
776744420863451136
729494785908604928
713051321058914304
714998321648013312
773822863241535488
1032959018
114959393
2611842097
157933161
4870976096
805215628386648064
951231577
359339284
3687761596
250790397
360685668
16031927
23970102
18227519
29562422
48223726
633797941
82504071
620571475
1222639789
26829777
316865635
14839147
246500501
108471631
15513604
34852681
2908170952
196168350
37764422
75541946
475802156
14669951
245963716
2325495378
720293443260456960
322293052
37724686
25089686
628410065
240454812
10168082
164939614
268136800
29465136
1727052416
733498692
1375207530
364290494
760936552578940928
2885383679
257519013
274635260
752106977220763648
296684287
166363377
249801662
155600490
3109271
21345722
257017669
4344660269
758613290905899008
78395551
3192252886
260918561
1328585526
746159762694242305
23614295
249083304
111517714
293888978
37934391
63551515
16183190
276234003
2650936052
775345397762035713
1595974670
116939663
27380224
241226103
4112745502
367709007
48380788
30904078
818581136
2852851571
155340175
95498557
225564324
767640389591437313
4161868503
811229675758505984
814380393348657152
818861258086764555
15716004
55070643
18085903
1621733996
3018791432
55539703
119157187
15643141
3538518262
1013672084
4764686473
22910295
551504810
105521430
294902433
186875904
68396522
19343363
1431233276
1146751916
3244305970
52136185
39349894
783402857529741312
11859822
4121225056
25429371
339087541
1180379185
729676086632656900
471672239
22203756
17675072
1480852568
22481098
77180361
11178902
2180126766
818837224003289088
2649200354
196994616
169426475
199196447
23125257
2302683607
198618575
206717989
19017675
29547260
18916432
485876364
774174489458331649
14717197
28502793
37074061
38421062
19834403
1615463502
14676022
1281405877
17220934
320959649
2577476334
463765807
1176994477
1071777608
340333435
21982720
14515799
14260960
1339898366
39000115
15075999
326255267
244655353
15754281
755024857373474816
16228398
21272440
10876852
26533227
543778633
25043294
14173315
15679641
172858784
239760107
29442313
216776631
15032862
17028405
15458694
12811952
14602259
14344823
7313362
73238146
43963249
15207668
1074480192
11134252
20733972
1051396218
2951074307
16955870
16184358
28162211
61115620
14499829
37940492
14573900
14138785
139909832
1917731
2255182597
114761840
242374336
195826487
15808647
243727553
74702868
532241033
7597712
104530784
2347049341
1304864108
119159738
148376661
43204154
282735852
24165761
305141546
4886585422
475988505
3049846091
261834083
15922214
78400205
16367286
31464977
95713333
357606935
970207298
240107748
18209971
15506669
16955991
62387457
95431448
2561597334
3643760307
2412983768
4216101
3228183752
22092665
861756241
16330790
16409683
15987296
1367531
711900399930777601
166739404
21447363
90021519
50055701
30031547
2836941830
18020081
18230440
6603812
28186908
321888268
274147256
24112747
249677516
17446621
91390383
1026776906
28785486
102700680
16334857
119049214
44678417
102086132
119065316
17074187
58488303
46105795
52415939
111371523
22774112
44614426
43330797
17901032
27069873
46146563
36731836
36123309
121886064
55320382
85246343
38710244
34832801
34905356
34905591
28585321
28591277
28571938
38002475
97217537
26208605
18866898
21212260
30970463
26488247
18144581
26572460
62640737
74400041
93930694
54645160
356334842
1967216306
271024433
1482535734
495328039
1286202108
117439544
253563556
36967051
84382289
281093646
17648905
102442011
17490974
44678475
46803597
17519586
18120198
15113565
31310158
17409240
20600214
32007916
51039749
16479017
120120773
81155662
335996055
25159286
39986021
25091723
20452755
24234881
21213276
16129106
106597684
54885400
19611483
2248872301
56838279
17038090
15012486
3015101849
2645588154
78529371
250817205
29003101
40787009
16433236
32758341
125066333
39565067
125767959
47575230
127617309
198380625
569075497
1707427058
229139732
103065157
16103326
294258287
1434251
714891474
414869332
305111392
351701052
267921808
260741931
59179684
296309953
1112955379
243439412
86718456
330579721
993972252
2349547565
15170358
297632458
20270883
2319632756
741520723
1428732535
2250499228
272122675
100798716
171533143
19893125
2374212038
34042766
1463193979
114565156
2196438887
489729616
33925131
2377687094
119513399
16311797
65664110
168684891
95723227
47900533
93293716
19029306
2535725277
1362368612
368992130
16172991
17488612
513622145
74159604
375234180
31037199
2709714793
2395280820
26598353
133403799
86135637
2511955764
1412685446
277095943
461515145
874964065
2171261742
19606528
2480087918
48568460
409250653
48463769
345053283
111689606
301828099
143879845
2615761369
60783724
21792202
135008498
2241070922
14794913
68498034
3072098509
10397192
156500297
1699023301
611791931
41124675
1951964720
117775964
614690694
388555493
14116807
860275999
168674628
462565257
1433356862
24775410
27814665
17503180
114705374
21332200
18267548
2355919591
138965834
205915163
616964026
1170689971
440562342
835285459
328875313
145720861
212422039
15500649
180200031
15165493
19789439
41596136
224701749
16300314
87397874
79276714
17989166
119421760
326379776
301003174
157886521
867668142
17368500
82282572
19658091
19659231
296361085
73303753
58379000
339822881
113047940
15745368
2836421
18695134
232268199
14164235
23102350
347392035
183767243
18479527
173419734
112405785
26799530
14276734
34876970
44309594
69276033
10929352
47436923
19027427
17814635
36730584
156767309
109038116
37908683
97260095
48361898
80893289
18506696
18219010
48478726
24671555
19670226
459989874
52992670
328967731
17689864
359428392
343958195
432557320
30823468
85796380
18576537
19489239
271441733
52660746
141084952
58562226
17061263
564111558
22524908
423631401
459878393
117881700
735122173
54311364
36042554
402637402
290525588
242653461
289843609
140118545
569379679
90407341
242355136
95740980
20237824
1636590253
1428659995
299416026
1393155566
65739179
84679163
1394399438
57111966
56262361
1346859277
1665580856
21445143
1079997618
865732788
19618184
286339472
34719119
29983324
255719070
108968664
477088244
157009365
454099919
402888514
14353392
123327472
17133897
234540332
69773058
24789175
193697200
28366439
177707651
34240147
119048111
78420819
594051235
18101696
61817626
84872737
274699227
19417969
17293897
111691454
30011100
15008600
47707475
15931637
16340501
322029112
112047805
595890990
633980404
18653221
336116660
20786801
257529281
576521979
344261512
331215435
15432218
283149384
10810102
14824849
218975278
49279876
18686907
84129740
96448005
19555200
14325035
18639738
442319975
304993291
249013720
1198481
284318072
541186676
106199956
76429716
2881186647
63789003
28195764
2800581040
119886805
423520876
2843747076
745300027
183389028
2724324751
2817479653
187348028
141736907
1947301
17487795
257661436
14790432
113199229
2485848050
2599923739
537353258
472830024
357588709
3233522662
41177223
270132205
178978113
872057748
15766082
19548850
7856542
240734425
539362113
19041860
493364899
238346334
51219631
75797367
186187377
48035012
27571535
1174875570
27577824
1106386718
50011708
50667179
479716436
2432539981
2444428794
152311372
148945945
1371179250
2484518108
614660598
7856582
443215941
1481617022
8442372
2964865881
68786791
22799750
28097850
233933608
70396403
27774977
426422365
87532425
20759034
232344908
14906658
17919393
211447852
277485258
28137012
865281019
198413447
44499813
20744761
63568032
20968645
17533320
229277837
204238767
283878908
125375550
285813860
2284000548
1206064758
37615263
87830601
17006157
430250670
426044697
214758555
2313399529
369245377
61426538
2650689531
9855382
24752484
2426217830
818910970567344128
635716830
117484681
19983221
17355423
39279393
102481836
82689705
16145875
47539748
14264410
17023436
275686563
165353816
94835517
166790151
243291022
80473367
36019258
180221455
39922594
21114659
215938090
222678761
1006670960
16570573
41330603
208912793
123334719
42233179
227138575
39216517
21337956
503764474
50231867
17600564
631716928
743444618
29782071
583809119
17988440
49610831
2558998476
1364930179
40851965
1707321486
54208274
161801527
19725644
13982132
106616233
12163922
43023158
952624494
56598907
14800270
18949452
5695632
21323268
1652541
7587032
67358777
34713362
16973333
20402945
1754641
15647676
73181712
624413
23484039
7563792
17629860
2359926157
1289991324
2410433516
20779243
18392215
312995116
266766302
951767994
74791999
361078821
1149386466
162707156
112874147
171502323
222509137
160798206
41866995
742143
1877831
36683668
20596281
426159377
169021842
1155522630
432799563
16302354
2178638689
144900822
161878434
1339835893
155476428
757303975
9268382
26618468
109477260
31588711
22650211
14117843
740216334
251553556
68297178
10078
15956067
1340093874
1535293158
74508260
44177383
25178413
141286022
90921407
158255436
199579954
295452414
178211713
1353183822
250884927
72198806
29256608
1330457336
17494010
564837619
236556897
19621110
15778911
19614767
101816065
293838759
86364947
243552314
55887842
19084761
19087563
253167239
69231187
94101350
232153077
42374385
39469746
53083226
143112456
155305399
20158431
187996286
74921188
80430508
335798015
135967393
166652211
20243311
44204190
52902212
27892177
22481016
408527109
15135648
50308751
50316987
33985416
92232053
187529678
14367183
96138550
25098482
36329597
157981564
22627258
121734401
939091
87711816
4898091
15749983
71475381
76688036
93957809
16789970
57653510
15474846
14328009
47694175
15764644
12609292
16088387
16025098
18996618
153375558
155062488
277345249
14700316
18270066
17469492
476256944
133400328
369505837
818909579400638467
278093318
189087349
14146966
48377263
142721190
16686144
113420831
818927131883356161
475210759
86040686
88806753
243542944
20011858
18978610
21443773
66382691
52321042
14749606
68999404
14099719
26792275
38477209
56254987
60474296
5402612
14159148
329866683
14377605
115979444
27901418
13393052
209085327
101217918
7309052
14825648
59889953
85606078
6016172
18043103
55338739
14625398
10228272
59157393
288452305
27260086
409486555
210833051
15667802
70520724
101674890
20154525
15842676
18891923
216299334
61206798
9624742
84967055
74103164
16067592
21465523
1817181
28645961
69181624
7332022
60627728
79366215
87289614
25333609
17028306
52070270
47438401
131204770
18277129
30084258
42202273
22937901
62675193
80602735
15267559
52593821
55104601
82075935
28576135
9508922
48289662
2704951
137213937
22975123
17872744
83932732
154412632
18725903
5694822
18036441
163352513
115591258
123825651
102481767
31174909
53265500
108795535
108803886
17041719
33587558
36050142
33639964
18906097
87635687
187417756
174193681
112886394
138583611
106014069
130710576
126986496
19288807
17454769
47848780
24831920
71086874
19304974
39585367
27081406
60219613
155892282
20437286
89458243
121880368
16548567
19540483
161941035
161114875
33789825
111554275
141089661
33195138
134371459
59384588
137875623
60851517
121303798
173737518
43256471
19426551
3108351
14803701
56169454
17513576
17973421
16742712
9300262
52945910
109159309
101846064
57022600
16148677
66481550
16049790
132800515
61777966
113300809
61781059
20986074
68801460
15998961
28109359
16042924
61774617
30043495
71873770
12925072
34889448
68307227
15224867
63246339
37293030
16160352
137069195
19918047
62581962
12044602
19554706
21619519
16129920
19787825
15808765
15731368
14246001
17093617
13
14230524
18791763
6017542
25365536
6708952
126185674
121910075
123472468
50960934
115485051
19397785
134732045
24295932
52848021
90713806
21300919
135815730
124418093
83795099
102488708
91478624
18777618
81412940
28710668
107114063
55832090
102707504
55128298
23217132
94369369
68508633
19530793
73539453
16666806
9147742
15450996
34655603
20096511
61779811
20854621
61779097
17546958
17973313
109056797
53917218
109039513
109047896
93729965
109005296
17469289
16561457
14662354
10080132
18027450
17963725
142968394
85426644
115402745
24905240
46002396
51241574
135108504
151689082
138352858
148573730
140049282
137247912
136926045
48652932
18248294
123633346
101797813
17919972
149162311
96419239
164351453
35781487
19083676
14529929
58836363
77234984
81055599
36980694
19708968
7841652
107017176
18217624
20597460
159870717
122994639
22770321
11348282
17004618
20280065
14874480
17899109
21457289
9460682
17074440
14293310
5763262
14511951
749963
816653
20032100
20214495
35593203
42226885
15234407
36412963
5988062
808627
33933259
97219875
27830610
4432431
37926315
43849753
20602394
16348549
18225966
39514461
19683378
24741685
18091904
16120265
19038395
12369372
5120691
50393960
3011771
15612610
38452993
3365
15960341
9687772
15971424
14099715
14099695
14825599
14825442
14823587
69084726
428333
19058681
6273552
19394188
14515734
21324258
16190898
23176276
18139329
27042513
4278201
20
15139633
17266725
19362341
22587869
33514869
19329393
15846407
15074642
18170896
32004130
23808856
20466215
27109019
18583722
32774989
60155290
36098990
26565946
26551204
10886522
21148293
15287423
21414413
14790966
18009781
53238154
13850422
62889784
71294756
19697415
759251
18228898
4119741
14224719
657863
23680913
19404587
14761795
19789294
11522502
11640472
18222378
734493
16343608
5391882
22685200
21705616
807095
12
28123862
37504785
2057421
20333461
14075928
5380672
38009116
45114663
15485441
22830706
23066372
17402349
17293337
28163986
14855994
19462519
14138232
59922698
629193
19129801
18812301
61617119
16581604
16574209
38704343
39511166
19277186
822215673812119553
15633653
18481050
27638312
46681100
1090561
63753027
27691437
19287786
72391448
20607533
20020575
19364382
43376269
24002724
20536157
22129280
24506246
1106501
20187758
5561412
15416505
47448886
21444785
20713061
20608910
36082429
