1066868172496740353
20105978
862037690597953537
901622635
498428017
806637560432758784
468747540
976909617816096768
428122326
3129711395
486499179
2546846304
904842971618566146
1526117282
2432763469
143844341
617187200
190396625
1037673366499614726
743503832
898190294335840258
1144949229712039936
772396639
3250828722
838887334410092546
955813973324070912
382439079
793750172853530624
3392020703
401169126
1378590138
2680119205
742798658
1049359682337497088
3387604695
704933158064693248
33972693
2212010940
2997913712
330055239
378259736
174847568
770702067233161217
61593294
389529702
829772340
16526606
14145626
104910709
85839993
2833952793
2923130370
250024481
192150952
977700035554050048
792774740138131456
236549818
15862891
19658826
14647570
23557953
1155653510
3568586475
842114632735174659
2246106049
1435461
20642645
18244358
28393093
770368572
1494655406
11348282
17471979
28918647
220675687
99592283
2317098469
572380997
3254099780
17045060
