19907840
467507215
309126590
1383750738
156829965
145671928
18309318
595174584
19064312
47583917
19760323
21765319
5105001
378259736
787912184181428226
980052164893650944
17687028
1129151040027287553
24679530
1121113502310072322
91372917
202331807
976489568521289728
21313379
1117432370733490177
866692350961233920
64468104
393637870
2668198295
273375532
259731443
1101498892393291784
102728963
20992801
1095608150953205760
131926473
469399075
1019319160013250560
289888171
3306654832
3145662545
2535399896
399265992
50173730
21202851
52709981
76662895
3068594637
3816567737
107658551
952354898
33315010
209512953
1899141181
409486555
46686058
49573828
909743718575611905
1201051748
20155652
501825960
18938604
90497345
20425511
394081026
19588385
49763896
3129345501
225796043
148438596
44399117
36916171
741053695
526425773
276974151
14431987
1198406491
72583738
14230524
748864401852145665
2297143668
260211154
23993642
14190551
17865252
275169171
149272318
65937068
1361454241
59150150
222909271
43313304
920543400826490880
102027437
191768822
271118338
42890254
613362597
722242009
44578328
569130639
189658688
111411358
14183111
172432205
119691332
322029112
19477583
16684229
3574875675
449849732
43312041
22080935
46760864
267856525
82074137
955389529174757381
757303975
24904171
298729878
169868177
17939037
354506133
80127034
370589204
2835276183
3377137053
19979086
259750572
121562670
1192897586
3297800601
162044153
127983458
4105532853
22560570
23570520
23759767
17948810
20136892
19111767
154474160
125370749
152785310
42501345
921150046644600832
23937508
18028249
20098015
14475268
19644592
955805686050492416
2623511044
67725191
2870653293
83814679
3420477195
189376144
15143541
152656121
146530159
61183568
204832963
15010349
782958046377050113
20053718
15580900
19530624
47583067
6892312
20427223
20525731
1339835893
30364057
44874400
18980276
21356261
20605259
4882743003
254873869
308379387
59145346
17336372
189618679
230025585
61781260
2423478840
333615851
914588454
328634628
6705042
18764841
4894738653
26727655
20526449
2425571623
33300246
524545961
2799590457
31080039
279513123
18774246
376853673
19977759
13496142
25087909
20000725
82097756
3389454124
471287735
29739553
17708418
72831048
613469003
795564142602153984
2977849811
19962737
15002620
18887526
16681111
167711000
1707427058
62513246
7376892
1536791610
813286
16998020
54730258
49585215
3313360990
270459817
5225991
28680544
215952307
3315766473
43963184
342770193
114709222
24447643
15439395
19910414
24468619
540812894
89486038
76351820
19394186
80802900
