774572371663552512
180765073
14190551
2870572559
1120358844
571800435
540812894
233278426
276813374
378259736
303990408
8170292
722242009
1122806687025463297
409327142
2423737614
423524616
271594117
618895573
738496910
500198282
3921166234
1024460374513524737
515280102
151056853
3688966955
2600678221
3251268340
1886744150
469453456
1046066537340305408
2467578372
483661628
1003558727088295938
3230154945
2887071161
1045714151463702530
936999697
2755057320
885052579692064769
34642517
2212518127
805163173
582546616
365624303
2154918789
2949187198
917695035998601216
305093521
864414334046392320
186773402
2992460201
3308776990
439335872
2539690911
2729146317
233996076
759740504669982720
925072644
64471478
408361228
240301595
311969411
1337605584
3388761809
455199860
1205751816
18667799
1009809674944811008
1062259846106492928
16708655
130531873
177143073
20000725
134429434
1101244682368102400
1103991773909667840
1010053292381167617
92124443
2189555769
4128146500
141736798
751810074641924096
1042510926753218561
23570520
2176417867
845290092
1090336865109053445
4734019593
2438807040
950403489305415680
216149640
1324272198
1376612022
1537120142
19095849
406298168
21328619
72280887
224292741
32370574
3994130373
914839434545303552
500690702
2971406529
3083433017
431719028
1470787196
32439211
753261781137719300
975893461
299571894
847071643260387328
875672331217141760
4112938157
2669025038
4505354368
729775993246908416
3587014641
4404105676
2308222658
891031082
1585373660
402672255
40556788
2565625076
1051791578317185024
1062643159233118208
20304698
3520983380
3239076899
19393236
1047438199956668416
1064557482821992449
272543253
815566510303440896
3148242947
85363141
2181080624
3253655512
914820098254307328
121127090
990206134026997760
3240195773
579692570
720196293176532992
498232943
933311438961168385
2856620890
2873640479
524766857
281550614
369132023
778224746358005761
118063296
64546743
3333302375
2256851023
706876710671818752
403346102
2706246034
2882348018
931959274334576642
988454097006288896
798940807
2191002960
494828691
250349129
1206145507
995020030516527104
4351815315
580896953
1905655963
265323307
877465505845694465
1510009314
143039548
20590619
17215053
160573474
3297800601
31173665
103088363
3191595543
797396637450637312
371201577
409144586
27212119
843517471080534016
24340804
140790376
3044850183
115637741
733984428670758912
971852797976117248
2597427755
4202199867
27421048
927534442733858822
748813858538610688
28574460
2466168601
168585424
3316037272
91870534
2404967497
748791838983675906
475682061
995229121105063936
984814148746870784
241116763
994833075862429697
2338485099
782898522131750912
808620983947063296
821071034
215935472
1359098408
19530134
74265849
17062358
2445210176
24148716
1883509674
2305185577
1940131429
2974910218
310960217
137997171
942303746
363150061
2591785477
19977759
734503549003018240
940680971816505344
2735369705
960903463436718083
1495108232
968829740
13265
920847330
920855623
920862038
1303544430
2173007248
1317171103
313961271
310505016
37963496
41822696
551426814
4882743003
728181571405099008
2805433172
277652388
2775847126
594097579
227882999
802318023117905921
949628012877828096
532351874
553332925
243306810
1404559986
94330082
565785746
14088647
2242865204
2422084975
2308121826
370014526
177132065
426989205
2785388963
3126301
20155652
223481447
821010896063463426
2558232205
14700258
20060650
3328906445
133407633
2181258243
3329521331
4152675017
575388998
2870653293
1282948634
877837417906143232
117777690
48280657
719509811528921088
18887526
43963184
26727655
197442453
121774110
94357028
21713090
2408188845
855334239952224256
220313214
35867657
24864520
732585527841587202
419667505
1425275108
198838956
1356827305
20427223
908688060
391919928
820335475332366336
76438231
97974725
56373516
1001801478
3173053510
88935290
621926583
42254956
2316027150
268702602
755266819
4823804805
749977223940235264
1112702383
505519049
1106824921
1631172678
133697004
470072403
277947466
114032689
275248824
406918069
405396645
249274305
373934774
180308764
303713695
4919788768
108957739
37702831
92787955
64572446
47578138
