1159828705889271809
4627363314
1716394363
1159294278029344768
89019102
4260200481
1570805474
1127230835671928832
2940480768
15290541
368723951
1153426222149357569
260767639
17285574
869604051175866368
91942071
904408999
845216878368882688
827024882881949696
1126561653326274561
1697772428
418531855
220483270
611900053
915627487
453580028
335330798
870562312113016833
412679797
14054552
969551984704544768
1146396473283829762
760858183048892416
155741713
16952572
3797988864
241365665
972380919788007426
14162617
47909836
979026218853912577
3130567797
1142828954484539392
24309297
1143542212854259714
973990544031600640
819295884
1088514178325856256
842140866441551872
2991948728
765618069062422528
984181354425397248
2870146648
2863634585
1028374532481056768
967795294485319680
147710604
2243069459
142633625
1598585527
54334559
1558865251
955977816297783296
1074687741089210368
970255109023248384
1063393848062291968
2382351806
102245788
725579659136618496
1141995787687256064
1110190452
765920229536980997
711506202514083841
1070741288641794049
2478192426
786939242253606913
907737983612276736
378259736
814119290630762496
16905544
330967141
218014978
4902714687
55618754
6536022
745745532841263108
2205283052
790899796706004992
857672654542839808
868641218749661185
1116860416473190400
1103913000153444353
406920717
3247703020
323648321
1170711
757737555731288065
2483617872
46082931
2151179299
414611588
1034770728
70900044
1124517571980681216
37455492
881636620989997057
956269425312792576
865238462538141697
781524089383026688
1047698571527688192
760958211176275968
13433612
1028711566386978816
38475498
115451582
321459072
1121975179134021633
1073636792987983872
1115228059957899264
312174900
721288836773314560
1053350491009269761
1083612928270430209
1055890036825088000
1052982121403490304
1063522633
2284589016
64412203
24190674
1326124334
703209896095813633
1051128098802941952
23366888
916897740226834437
4235199347
3031723858
2767004138
127563727
414941522
17156000
974651000840708097
23939797
1093575944202321921
555307309
547232187
266796700
193517106
26739128
18777351
94466071
225180501
25271858
258369892
2398146828
137715448
111085636
220517983
110761391
65196359
141627220
17060476
1002345241242939392
878512453117591552
16018127
1033778279403151360
974140999118319616
3429955204
351408233
819880338478534659
979033986172407808
1247912928
18651671
44930028
2669951072
3099343339
2896033536
779077355822211072
961091592
1062299145413771264
1044893353131806721
977241767148896256
1101539580107522049
3051182112
788718817480499200
958925776304222208
108838948
1096078394377170944
255049263
2611476535
115736043
923367141792976897
17011345
966752446071689216
1010042520741580800
814939806253846528
4260733518
195885726
1308455894
1040396935062945792
803147292
1024718850527387648
2438628824
2734932312
724549422152032256
816315417941737472
2175273865
1057753918778687488
751510463192629250
1854166074
879566497022005249
2429659516
239067785
1094091317825527809
372606962
14993272
392770671
1088269610372288513
993634986757705728
110446435
184160343
138216195
196482939
1018592057886031872
190540132
3057963627
4004194089
504887945
918165280832086017
1062601069446881281
150261684
1149190867
412914400
746748846
964546257476702208
1093270274571669504
1075726224679288833
1080647849518477312
3925980377
1084647804138446854
1037002846363951105
895346319774154753
1022859956666736640
839637845593767938
426641736
499005027
54056331
3351225005
1060975514503077893
4392431594
166248847
740597986846203904
28601983
1883789270
761985912456613888
460129767
34595702
720301591517999105
1919044874
17544399
800887011422785536
1933042237
303561427
16929529
214926824
358498038
23431221
130467057
97483082
38950120
44687061
62563028
19725644
20609518
21872782
104047681
840245272416534531
981139462825693185
2547898441
974734868797186049
593784978
45931820
162033248
1023246428741808128
917327817221664773
1044041186992807937
82792608
816135405477171200
65965307
986135989327450112
220418759
142157505
75974281
133880286
6539592
20015311
19637934
62290422
16303106
2893511188
443215941
500042487
780828130604789762
2480936977
877126143811493888
3400040409
875490728469823489
477938107
1048159216689537025
15665510
16074627
1073739451178856448
1034047313839304705
15741883
997379547350773760
28070641
22573082
1014156119663669249
1073412478036467717
1054019258168930304
818326151663915008
1134407106
1009729315380985856
948121709487448064
150047524
2367639469
702919106966724609
912882162902302720
46090073
973046368817303552
1000127014043561985
1060921091714150400
43287277
1048084888232943616
972520047020265472
1000451214
37599351
17466140
14790966
2473821354
597726943
23087513
993146456
19530412
26531880
14572884
19586325
2851250417
295005934
17591189
64783035
175098387
2707492825
259403751
12804422
18567018
20150502
26697854
13657662
4823705386
52758588
18393773
9207632
15492359
3396176368
236135286
10999502
75054396
16994709
2967051
408902388
19122737
57926932
24804032
46686058
19530437
390392465
53940708
954619563345235968
928104209915842561
983702484576124928
937978565617795072
1009608132765650944
1071489819354660864
60280111
3318079455
810917629774938113
3182788755
989160678379413509
1652877624
2445808951
50610938
838458898575208450
389858532
3248617522
764693275705905152
2354961191
2623640399
967240543808843777
863288926185902081
1285980817
17793878
19539716
78361556
1079911297
4787663387
17334203
325011081
132697745
954614844
405222199
2433763358
730031540348981248
409529093
2460216512
938976170581856262
3826764612
2876905719
289069658
1335526807
986123312
825279145936551936
942057041706803205
742004149177438209
15184929
1050369907022602240
2490574814
994390453591072768
489371892
21023834
315579979
267332589
1054447446036828160
293659274
919988944238006274
18844876
23390685
17556539
1002213415413342208
273797376
12151932
618134181
1331689596
15473958
8295072
23503181
15529670
19562228
22029553
2734713482
2292488509
41572208
20543416
20582958
4012161
15143478
16423109
125306809
1053003297701941248
709339287251230720
11348282
863405239
176332877
14645160
19985127
756596842205360128
1056539389717815297
1058890123465478145
2845148412
99808390
248293840
994747929398132739
978197844355158016
2320120356
1581739362
20003481
869529486529675266
631688420
542590648
716208981513908224
50374439
336116660
1052993371374006274
818905354205622276
710163251242405888
951422322186928129
80881258
42163013
1037864684790132736
96082963
983660408245571584
972029600
1039974440963121153
1004650431375708161
934594749914402816
1713871946
42583325
2536465640
173263139
177433166
23012305
1714841
1705854013
294081601
23932994
818162640480518144
176822367
366129591
370101469
272163149
4804278919
155918866
15987295
5225991
22009731
110432741
3084321483
872387272318038016
908169201726013440
949388670389374980
342077842
38436516
884523795817652224
84364578
895562887
849480392528855040
596032264
139142269
3025463301
819264332802510861
3561542953
153252061
1033260349401849856
52646314
3531770593
4916525150
3354048867
4867525577
925621003496992768
68574854
900307068665692162
14361155
2198325709
626668081
2984872862
877150502752051200
979472306
989506021855936512
1942970707
1016142985770274816
928021081578967041
4228390761
720736972579287040
896158685533220864
1023936461190529026
958420329256271872
890916378512957441
1025796261587243008
1025794490617872386
964298415336128513
1021724158160453633
940157330255069184
891195427483267072
585506928
944317021709271041
1856905723
765245597188227073
1126976456
817365803716792321
796781673165754368
722072616870223873
930825211418525696
3030452571
880945273924661248
3191916761
769036700488204288
937314316994224128
58970349
1019941469065547782
2728293845
1588896997
2250576716
3109954699
3093392382
4861262236
922361875303563264
750315633800204288
2756447064
928548163689910273
894832244606386176
1010085990717935617
3004550300
1000297069813288960
1019238143592157185
957889071434485761
3092290798
935550928337457152
857991421344718848
785178068
926443371052253184
1013364887882362880
1013017479138832384
58129899
2281686800
922354169394053120
926497293959757824
1004190261826580481
920500628815863808
3114814668
1009445007668011009
1008469045933248512
613667376
494686652
2289661939
941540276765470720
94292802
773715120631447552
2910289894
177627841
3179435191
871000429286576129
861409298395672576
38691332
37709286
726245811143610369
448218283
968295453136752640
3313384270
3248359200
83922050
1900539662
37048246
2341753482
839572856782540800
3143802370
2929078309
775721125032693760
2992512774
2457253470
909030128583286784
994532219363315712
977245639292538880
2857595215
805204003965505536
516528856
940388236899127296
930094302159454208
928247161262706688
755436847015141376
2609048258
822493992617201665
191383270
17268418
487119609
3867945679
36515856
713190696602066945
2934846610
54788518
2459040690
3009133388
3658254917
973805567142711296
2903845560
903292389590228992
2931457957
79923701
179485181
893063325059346432
296921681
979280235572092928
912245235111010304
1002289956361031680
905143587729358848
598806683
987715830115778561
886734528353640449
121834127
42208855
14415783
768077389
988954701906391041
292778552
3825544539
21009225
961780582849155073
1056393012
766459878
702572415784755200
3279796890
84081882
2435528310
1715933036
1275191874
3100216182
1027053152
3154305310
1941339936
125354657
2473789096
956022638048137217
901858704387072000
1001258767135129600
230597395
950900994266689537
2651067600
902127386321240064
879120455940149249
3272401520
983058523687763969
3277151052
915866895550603264
940280524160897025
892776073418731520
759899485908631552
816098525364633600
3301171864
38570287
4789140438
925020528947085312
420062670
834645302661443584
3300769167
767885342091403268
883147920689602560
2788112653
2939340662
971695352297398272
937969846230269955
975348421115736064
919074568228057088
820247156191850496
962013021533908993
809334765648232450
3656001322
950565325547782144
809691263612100608
836912540995227649
904201551056576513
979935230780784640
808741582442676224
939732288211791874
839418435087958018
944590570365730817
929589193906405377
940899154028503042
975431465553952768
979890302877024258
936917993149231104
906458856976400384
968692666832535552
1918377030
990277051507728384
798317280937570304
724046370
976852308746293248
1732624986
27572413
3850628534
2852378032
124412566
623415741
558032992
854695181202976768
929217819983491074
721315990513037312
4180048498
806692949622919168
2291698187
1592676379
2151881408
745213628077441025
28262754
139801284
818933809106341888
955667104971202565
2899093412
3157071314
940797942461620225
2945804404
985334678205825024
3133009932
3066443024
972816528956682240
293469916
882701208921800705
949291809745891328
978925120906563585
3364049313
2482854690
3501494962
605519467
401542034
746256811024596992
814699525843648512
970637068677402627
985858571207413761
2533489166
895114924225028096
626708628
947929379727925248
2446926626
4902384633
1166681095
1606788978
4650758924
2906551045
21583013
813640928
870677067473596416
937641202999992320
1940469961
1315807886
438733995
941993867896791040
1288061864
979114067624448000
3780046693
390779926
844851511951683584
916920994501033984
906812813653327872
945683820984000514
749037699806302208
907251694987223040
907870420954517504
4218498737
928271130057519105
941130387228463104
883353132121575424
899855406259765250
3374415376
2826685418
733878282337280001
128737343
854352980333690880
18250321
110209396
949563668240285700
696027225905328128
886574389419925504
841247252920197120
970606064289816576
2941784677
979019393064677376
2874700275
3186208459
928817067838631936
945944316026826752
901719528630915072
927493366593437696
974565423743209472
973641007169286145
974260058778316800
813354500865986561
467513287
4165651099
752869110929760258
2609001092
720854836418228224
2974981140
88096307
715066201609605120
979933222682308609
403450037
966186028066398208
744847903273914368
948064396684623872
928039565553688576
930523684120358912
960583943085998080
241823065
799126609915584512
848666034370482176
805765287215763456
904238371966337025
915861359522226176
901665387363803137
909275278748262401
874820114251620352
975443094198874112
931372447705612288
809689990896685056
809717787740557312
931734224784187392
809692307029168128
344903673
928271279492186113
767619531401465856
959243834893979649
880414818829815808
3312598023
890730753042112514
951781809506852864
951430283546341376
788775195825868800
3355012347
883882661772750848
720472329231462401
863802393863086082
887580064845631489
767442561065779200
918386165786411008
952236324517437440
2467160324
214953989
2879527046
124686784
974316300
923344779965956096
919252826026586112
922792377558765568
231642161
837594534
780661754
401778565
181100541
853996609532833792
139458474
933977040688050176
981459948
2968677305
2696471779
874776692342087681
908364766674128896
1595941052
892497497385570312
800761651532136448
932288855532650496
952073255761854464
916815238439297025
1254935054
730233659203174401
2313682455
777936382794801152
851371398979358720
813349548420722688
2433809974
865192393
1611528361
730758259024506880
1375516478
1325054732
833558080004747265
837860405464682496
1474981033
3285641923
4755709037
773979069448937472
4832761528
564464047
2733166242
117347410
89682453
3597650116
1308591343
835087483607998464
621202387
278469423
21442315
2901188789
1136574486
215952307
969657326683779077
351912183
976850358537539584
563946002
2303257388
146595646
296150557
935847420944109568
121948001
464989762
447669830
356336253
977563208616640512
36408526
577997608
16637790
457976090
912020025598283776
11680692
827559646739050496
2282388277
732645804
39832687
942995146018242560
823870827791785984
240900108
722076001086222337
483553071
1349737622
818602398562340864
794418757024251904
700680178557542400
748050929551704064
819473215076470784
973259844680482819
395319078
861790561
347337035
15210670
76780580
1459738746
2766073483
4471983915
830906977169637377
493600956
4179604752
971868217810485248
352510579
2436628424
745090607262072833
2858041411
965506326033035265
947266913905926144
619170172
925138876368384001
842471088986689537
1075527001
113344545
757587322502164481
15663902
704767795850977280
944283782328156161
832656842505334784
964661623104225280
73341141
3195292382
330062972
2477405107
949969049689174016
354582942
3526133543
271449841
3017981897
766189608837275648
47121914
1562811252
306908951
109570285
49723417
1544743548
3342263507
30178107
880778778561187840
1976817048
4165930636
3121157744
920569814250266625
711042597796585474
2828228381
803724389661442048
2400459972
179807655
2493503750
177018025
2802169806
2472948528
2943195345
710376108
721107439492313088
1527601789
61624786
40074514
2563917786
397739683
735239588218830853
2961630776
954494256412086275
2984214828
1365580837
260887905
790590667626057728
64652564
949544140114616323
1048765417
804374851
1341500228
939476722881359873
957184984141279232
935582156058972160
49013625
4902093401
23452428
954972073092251648
715378028784852993
2714737352
535830957
785523462093860864
1139831502
937888774993846272
782379822886457344
785648959
907736773824008192
879079716480745477
581649432
598072679
768936499
4049331443
945497734269865984
2639450984
948958279555862528
257805125
542924008
363914378
2821916034
2753899043
263633724
856403419
930854407184449536
2173635047
55121922
886869746
18537709
2428388862
2909381990
1265612173
19223156
2229067542
2796334270
809883380070289408
2828696488
914889858635546625
282112530
34760623
901412659609747457
765380720357351425
847047640198119425
929021296146616322
364589874
926529741942870017
3571694416
848404459516448768
914879382581153797
913005395295244289
843916477665177600
48935222
826879478475390976
899825321041645568
797120727367450624
33923443
15159679
803310713225744384
901707551955288064
795660671413260289
2616198871
3184182779
858959925896241152
2828629826
766309257763487744
876369229582262272
835245031984242688
1489703012
42830549
280826651
865622197804466177
16137743
821785831
43730986
857346594
32789366
776708757761818624
21879642
28606058
3805656852
829464633064828929
19511386
2793018356
206330090
25159559
16248319
27453762
781808354410700800
4300973653
18073211
340343999
35767916
900301018440880128
38619478
552834821
748486441123057664
21821716
46476526
191479479
33807328
20297872
897806002812145664
96858246
3020150838
447367497
827424821785001984
765073720859779072
787674745
597435842
800801780581867520
874023301
1700426708
273608502
2439014211
890359711098437633
15846407
19397785
168423969
30767393
29573746
138860140
12728672
130682467
142977623
125854580
519196613
375481345
114685387
129845242
131408346
15159040
887202443699695616
94657856
1613892085
803045040310390785
2827263783
592939561
2330448084
3307446309
716124495371632640
4615454892
32135630
864024325774594048
776854909131993088
884847197296218113
723979604902420480
715115458848894976
883564505610862592
29997202
4850014354
4788937514
114839458
3160063204
2845606203
843831348288806912
2341139364
15485809
22411342
76689333
887861078511689728
1152626905
1683680887
330509973
1428035581
589399107
355784391
27943022
20545055
494164992
2696902803
17876466
2501986493
2927194422
809674025911861248
858620604177633280
400852678
867457556586913792
47336979
815342645564219392
873393589988069381
317378810
874828970977579008
184860612
845574480713826304
837372989960245249
2270593045
1018627848
258896042
115485051
19058681
52551600
14824849
125481462
15485441
18228075
82656296
3133172788
357096055
224382700
7848352
246356051
65165747
369125724
19621110
69168462
819718913743323136
2289565736
239591418
2899133017
40343856
4016785769
832699336345559040
853288882087092224
71873943
156533587
2261769314
3170731873
842392197827842048
4484765713
139515269
360342731
1858760928
87852625
2305284578
1186560271
786835209203306496
16580053
28609576
759595968702578688
828506727440064512
2433630180
340387676
2177421912
708695568810434560
852730563538628608
78934470
4855237878
268529443
867586902983159809
858499509281857536
948514448
794014194014113792
65947064
863744654830956544
18118636
3795238812
756635042290372608
37327198
766714928057245697
2821302417
744969226021003264
840022698608742400
740551150672437248
750792068922896384
726471255944257536
738973280909074432
815759051023908868
23299675
765991037672255488
1908723931
855899031511470081
831702025100365825
404603327
944594438
4805298960
1656891612
1315686146
2679561512
2911953073
544432780
4420479916
2862731771
3556330517
747611272858963969
857810451400458240
762510746
818121176128098304
837276760655867907
856389241898717184
49283405
818443506368790529
846288417696747520
75970034
842284419654152192
856480539922108416
26667267
721081973146411008
795050613478461440
1636942339
742813707705540609
850870833484574720
834126631937601536
2414797729
2955185625
846729992105013248
58250974
374856071
175539975
1036674020
216537133
3293836468
456329290
104945927
755901502020063232
2217099931
111696698
209430127
17914639
2562400460
794331318456844289
2323864214
3065108778
1120808222
72003143
2605900550
3032791276
888949729
762347106665308160
24399454
92054662
419734592
3795536714
786027379680423936
4827168372
780551852043538432
29733577
4879023502
839674342577360897
27768160
244707031
116894209
296029350
14830655
851889531871789056
35102901
4445302094
213416460
29557052
2797009437
3036905467
61608747
2302103898
1963752457
844781458300399617
19367890
1732777760
827595638397403140
22256645
212066025
202287029
19774114
44362897
84418338
37001650
763366398898745344
1205971170
735494489884659713
2334705361
1083616454
3397943053
43457499
2215842624
313199716
837428862157996039
17630714
817216807765426177
818476993926799360
809122585493512192
815480848157839361
204527409
2694831822
78704561
463940968
773871286477066240
2180136570
553221609
18470556
28595577
3969713277
260857342
2878701780
1115729598
268607705
351677460
34987624
2364828025
278975121
738844235311484928
17423332
311876503
18359336
32360913
20590619
38292671
382342427
46745299
813286
14159148
69231187
36166372
14700316
16153562
6519522
29249435
14282672
15245706
7446242
17296676
23079448
29918476
16548146
19098960
1035655110
741598575646253056
14165865
3054661576
2427665780
800906471844311040
104021147
37938703
44636884
3816891677
1151419723
1220682516
1144048015
2273989098
52021221
34025945
214269455
2220455731
16859176
4894430746
786039632920137728
23480621
18175630
4922315883
2471160511
4806276457
730180362014498820
707634659262246916
4616611882
2650177774
2424275935
1037937704
2176503884
46009347
2897997469
361918801
358856343
2340592021
1081982948
245841182
2712621319
2411430751
714249878
211868703
372187993
985013431
402392892
1338156379
2664621949
809598163
2646772218
1615202378
1856678323
1732620554
2227262718
2873921081
1549467086
442558671
230080260
