3253931080
1098175900162510850
1083713868591964160
1149999040924442625
606891330
1070709668773806080
200193651
368711188
846137120209190912
1069097965
378259736
2409206101
991786954105720832
1059853169109463040
978932201554235392
978857423661420545
1064947685390725120
537567953
2873952788
1092535402123194368
1063732778997555200
1094233866
4196983835
1056350594
2853883418
1132994426
50377802
726741516476018688
823996532278042625
1052319326957645825
1562492702
1047306347480604672
49349784
757496921858736128
731732329572376576
1082342029307404289
950406531572486144
3590321294
1064923888130375680
132851377
828969857056137217
888902297853546496
905819948735492096
855597486496337920
934374563651219456
983274722203811841
1029425830999588867
1023215494634106881
1027231496745046017
234055947
636318646
47123778
892940402403164160
716930917
1580228005
448476934
928847966449762304
46769303
1008501011588304897
780104972
2890210305
18857913
41333934
19559281
842093703523004416
877883073324568576
23921599
137819781
204832963
770827677515280384
954821930867154947
37444980
712005020347031553
352145373
916395979678433280
987827391459414016
978497849175425024
887154259648794625
2174423755
979193004073168897
965684075745787904
952324756153434113
30282704
2284853958
839178384047489024
899547371561930753
933577828838154240
730945941788729344
896200636294942722
3085515429
28346473
2289734142
954909104702742528
902965228937379842
899028799303462912
2246317460
880065225248174080
937492178078756864
791697230667386880
853281015858692097
722210815110041600
809164112
947005431410495488
4905595943
2267500531
730373864300122112
3060273953
460542252
50967291
824043027693969408
2368947632
601649267
932249881661591553
3253129665
279252469
140418215
130894406
59752451
1405221
788089375754162176
16442379
3898598357
888446892291510272
844028198350479362
2615937348
822811143207088128
920996254707884032
332273258
809453919185289216
862458051269447681
1659510655
284580366
18532923
921378719226351616
778918255872311296
87237718
2357600840
42226584
884112942312116224
145703778
369219105
282392576
36250453
19296624
2830503949
2922172280
822821532678418432
780691404653670400
3013940492
1026831458
906186396037251072
637219361
4908169664
140006734
37568327
613146147
18139144
56211910
2177118893
883161702165913601
4650195856
519685965
233266490
3309576333
831837628941086721
40065735
200687211
297609559
14713787
14260960
602345105
378296761
816974572423626752
928394930
1337271
857126251
4645062852
821369717579517952
3002805660
349609761
4034562973
819270075702087680
704298836764839936
4740106614
869185352824705024
233617111
991660435
19829461
874296814123536386
864932310830993412
739973665631047680
231816562
27260928
2783555617
46060382
832669138971566081
1205974434
273060361
2885566502
4134059627
20203285
2963826027
3375668081
877356558
16731179
1312003076
3937422819
2269724354
596879511
446627283
794025702421053440
3380271472
1947748490
2800410859
2479863260
32193414
3320158770
55296432
2837853873
260093950
823248753071157249
773564386703208448
2788018693
2468990754
150475140
478717234
711788726024839168
2690764489
945115628
799355885059473408
414030769
705918552033923072
1971352357
781862287116075008
30066224
1337579118
22128237
735341342365224960
193930774
812502548104048640
2752494235
619608633
3249128140
787512906866884608
143204465
227012806
807700548120092672
16044997
2855864495
1201560026
737359042679562240
4461696927
3314798516
717556617269669889
779858861792587776
467652067
825626817545519104
737927700
392845395
88811690
800192777279578112
21257340
794796133205712896
195741929
29151815
3505441818
428572882
862065529
389593324
3087070313
102955736
159364365
1604444052
729986958395645952
817232974609608704
4922763138
806262975552258049
292511836
739013040
37746732
70990529
2895976976
576622324
15882403
17790274
730684906745925632
194150526
116502194
788691691633082369
2440040641
761930504522207232
807554738074087425
817089145994706946
3195715148
65915767
702298927840628736
3031769679
2498382106
95707666
93409547
7418782
331384594
4778318375
519883189
26195190
805829443377856516
30580271
2979796681
275471220
3092443319
760306359049064448
253795034
785510422875021312
882814387
729535130
2924593731
2370627199
1724204797
723210288401657856
11167502
726847047622598656
3327848321
1712394841
231305795
722430605019979776
3107915147
805269659134070784
1115378767
885256663
799426801441394688
2226701918
2974998585
466931711
443032867
4745613554
153868551
2942535461
2723855487
2755126584
2459609448
252521025
635397213
2745877572
617619927
4386100095
3051125444
719548407992479746
3998516775
2786462023
790795103203831812
3092194948
1538251932
2614767979
432847208
402468568
7144422
4163068395
125892216
2474772300
1010859138
3048462827
2685997183
2219843038
15325726
339050925
379155118
2995586729
26709305
3005760586
847983835
28117898
4823312917
173307170
2385749072
771414209137696769
209296490
2805222748
107156426
4023530109
279390084
2923362937
956326058
183114838
727503259959578624
241292536
92319165
1571506934
1461753458
490662156
1585705201
1539471380
3317421679
2430564295
701267743
199152706
3315698154
2933443153
2252895048
3061765434
3472067174
727203087249752066
3002122119
3464485943
317545593
2213098218
713010228741201920
4864772568
222519373
4518975508
4423662442
1090026433
3256842904
30109507
4879181007
4144725951
4635270382
1156820016
4553598982
2670053628
1892943842
186218179
4454606113
4041241317
245000452
2540105401
722593286876045312
706133272569507845
371058367
705098432013168641
436284159
3308961024
70782468
25614085
4832771744
3106885636
3417471213
18064626
15919934
4835525932
2548712450
2296770458
3271230410
3302944249
2828824734
494330540
2365801760
3302945299
83102500
425336717
554185443
2868502095
3349925638
42842394
3297510919
1252122278
2717017470
3323539726
121737440
14856536
76215751
6173842
2717844512
3066551830
745776264
180022710
955346299
214820336
3427813311
143145579
1397479848
2655058903
3342193409
3163448291
2871627208
3297760033
17305121
2994227861
559017039
374217776
3090075221
575404528
3368926607
142585230
16662072
3366379479
65189440
873111349
2896099018
554509993
3090831425
3008392450
504930112
3328179729
372536288
3223094417
2690931114
582462096
2820113477
1380001831
2784826337
1355490528
2846143687
471071484
44366524
272175633
260182449
3099666437
358730124
151668221
1726076226
2785100110
2794157937
31155405
3072094562
21352683
465512204
487736815
1070202180
2269535514
219331597
3090256791
301982599
2976590025
2322159800
1882640090
226928282
21031178
818284082
2210640043
16265415
286742737
2883864873
165469848
705771870
90450219
436318355
246469409
3003976473
476211747
2808660717
14721318
2985172897
1170033480
558123586
2598484400
2294912978
154532994
33671152
2927217018
1322319715
212672174
66999166
2520347988
290178858
87100227
78614459
2780820716
2191033951
426489226
18144581
16460682
1701853140
2908829401
341251022
2858449357
1595564346
26711810
17393059
233759042
2650131998
2179531056
1634948832
203123011
20235032
312579203
2359706282
2727018768
2830850262
2618391668
2455102290
2836048303
2842507070
7825642
275454906
2498764717
2768953101
2612109284
2667750171
2693543820
183854047
2492849125
211886307
91228985
17329798
18304836
1310042071
2756342794
589003950
531162398
2466526974
382177545
25767670
1463880866
281936078
370459542
16730372
31514136
2210710508
2441753893
2535661589
2615692297
1470425094
20050733
2371663399
256388290
2260288040
2240332862
199110089
2214272191
964100426
633239808
2633436654
139020999
322335848
292253560
2440556570
84383725
2477166445
65679261
581171565
59125757
2587396344
2480080226
320742580
61719905
2230913730
87294575
2570480851
169634370
632157129
1918697988
2420718768
19925121
495356062
379622645
242861140
1021736610
357069362
355808345
66543340
1091596568
1655430793
574932643
151971904
2496088872
393041916
302070765
19587750
328397128
155367670
105728658
161108423
455128980
39098038
91456730
506609271
572772057
803042744
164865858
989818626
194046456
100879358
726148842
1037059027
49682694
54329112
172221309
1028212495
172383333
94378541
950125022
1391712787
146563384
731278778
1626551959
14996887
1673929771
1056102686
389203652
577556403
161370318
1301940242
263351710
1183907521
459203464
20215505
44291702
775425085
2187740574
2084821
2167607342
629031529
1211071644
465809975
15251578
16434613
1648442718
2329753836
2375912844
15088481
413708163
338341096
1308539058
626653190
2484799610
1344591900
2431555196
15437688
315690250
23483816
2286381735
1583513845
2322583752
1954684568
564963906
1887120812
2754521
384056706
303074762
1938585510
557431297
206052014
19476729
325301946
422328599
450948162
219937434
147287881
18720204
235550675
67395755
168759944
1082030719
828405074
999015600
18886228
559456817
16014160
32365573
19550335
135745707
580237120
2429302882
2402187480
953278568
1145082678
2396172667
1246174332
475034766
991911200
64369407
552252043
239378797
289518635
2319410766
283678776
133864577
2318277579
2338671168
1863180774
2222290400
312692179
273034527
129550342
614208771
30317715
592244584
458594357
23870482
826751599
37977732
20246830
1231700028
2243563731
53757167
621969422
404368454
434533220
465816083
602764042
272378272
1976277811
298961060
1674389809
1416926017
1348226054
1652818346
31048009
40028311
105736107
891948511
82688699
1142996988
253383094
1712881177
1403412691
347815371
422078656
1468401
335625671
1300867440
76237847
172790796
228087891
43405976
18001717
557560142
482142586
1712645011
598223216
1427852366
83889856
1083314617
445138206
848510588
352547206
1421773832
1469741714
25238351
759851366
1626194978
360959995
1554193182
558046370
76308578
30680036
100957101
478661755
704413
1586730595
569194479
60979354
597411056
107514345
334564457
568189315
250121448
703206283
18323954
346034975
89277004
1468167852
1160760984
325412299
337194072
808119534
1392658316
92346067
596021135
329068370
373195871
402094039
711817855
1183541408
20635230
68217463
1098674929
839878950
1441773445
341638797
1041346340
553199049
1260347508
64063558
43522569
240170825
211706765
1249346682
410922962
274606474
500102627
717026234
607635599
614524608
1340840496
345526929
221164924
517815579
97713661
108483526
164801650
857137567
20215282
511995551
772828184
405056781
225858328
534870030
36252569
613872141
548402449
31235610
599478420
1237113092
149577072
222970566
259213305
25798568
18710601
112635467
28096781
233345431
588795991
770189868
14673994
53507250
17032646
221678304
605449612
22517956
17180328
53138002
486983135
1099398920
46878174
523673830
135511135
45374434
519024293
599556343
353043890
928453831
60750050
860237030
259420564
37075233
130212521
21797785
151916517
294317007
377493356
370694252
521004636
574023889
277812989
61445515
114310137
1005126024
726324217
547131273
841080589
596617336
987881310
457210530
140986927
848039756
384090861
19449740
750840786
920056928
218543280
541582069
17798031
358031192
180001538
17676421
244662721
244591622
19763231
395655941
315653820
288450719
885462294
727049767
385114230
309328640
23658957
347448625
17804976
17459968
18025902
162815610
250906632
350669653
48778272
358146956
167924032
41321032
267894006
336453503
387129371
185070374
255760332
17977481
2200621
14554052
800940325
352376804
199954556
245185504
576690725
511695352
345543802
224043070
17773877
783250333
245924320
14861933
619883967
114194229
396827377
77050801
353162039
71192634
23956387
348867049
776773946
385340287
58239609
35074521
102039141
20685296
393963232
221611721
18126519
6247272
27109665
17675616
285856747
30089548
544788276
637255375
328836094
22781276
624059354
187433005
39142769
237381496
547333942
404439106
62967666
465036478
41950736
31356032
115540726
26930010
493999472
271124633
16534576
19722699
491033539
328760555
1879761
216613731
26063191
227766833
589383911
101871692
315545532
258976891
303950384
188296027
200376707
288955012
9282272
544677439
245473697
148918877
325029117
372418421
341143502
557356076
321515433
173388287
257358070
264359201
552275480
348205395
548616656
417025843
262707053
24682227
313251018
528482003
230032872
349843372
267767096
518676406
31096135
25407729
297447292
17881732
201653611
19618210
148837898
135077019
187805921
326424411
15630058
61274736
341499796
278348533
342043885
94184384
216823343
222154747
40562899
381991696
19038934
290221965
96575134
306770126
111297699
73021442
70735999
16221710
17054728
405957127
16941726
320207737
188716376
24391035
155233539
24532416
24848146
95732880
15098614
379360277
28448272
376936042
35535969
167655922
201200697
374160672
24654018
140118545
21341953
65308323
40842330
23188084
158118022
334034535
152866046
281910137
55457263
68516686
297821552
267697077
216220109
224133032
217839399
25548733
29081171
32462703
307927359
30480741
314127778
142833571
34642749
75178954
123385352
42257437
43826445
275809544
312135654
57107167
284335515
225549900
322276952
185164095
134566978
240215058
37978763
289025742
23318118
272924852
15830474
203594390
285722161
261259323
22477940
45461168
23182028
203038159
44449904
220831590
31986700
121235530
189165829
148358599
184918006
24476627
181816358
41138808
180219447
180234013
168530900
170424907
167879033
164303122
40950712
20440669
98279715
95073840
94183221
45871541
97922865
95127632
98227174
18139429
96835688
18179560
58199661
97567326
18139736
18147804
21213416
73485892
