995715920
3295787643
1540951016
369602017
1128748584533397505
913775281881612288
60506242
751198915123224576
2850450165
43646720
119756545
801098564021657600
820324703244001281
1038149521434394624
416394682
243811680
980659705
17052001
17741202
44808326
61802282
452283614
1016779493992816640
787718609313214464
3316501680
750022168675688449
1146451335773999104
1146272540823826432
10270802
595245502
926519186
2382106993
635608354
28801431
873886842
175434906
21713571
24740039
33189473
1900908690
298175098
18949781
2407993940
80571323
1385861262
4560066622
1156178280
763483388422619137
18025377
1265727487
959115021824520196
4311773127
2743177440
1056511259678572545
4516255048
34633116
3257540895
15271133
8854622
16427734
1472659638
1148082709467504641
1502668368
15472044
269640305
19527964
458077039
732649152807469056
605153786
245633656
284723605
347995343
2550688357
15572679
888550967637037056
1127767198062252032
836283571
25046334
48569578
2871094552
216618670
1080210900248875009
25613925
4754090191
24752038
1024902041037090816
1959224372
2458895882
1847200435
1060545835
305173772
378259736
829773470
442593662
42891240
2987147081
351782264
33530012
1522115689
1066868172496740353
1620556356
706537064364376064
1061291577111236609
38354090
953338722061312002
3101015701
444927395
1119462148592275457
888112246907256832
19992041
4418748136
4092326421
847112657228480512
840543822
208422456
105197819
88108477
14685685
1133099887153876992
1306159735
3518251463
2864868483
850089040019951619
171685892
15464697
222152288
993367790
850085167863545856
1126297874109730816
28370071
2789967020
173774813
1096149275048853505
385857745
3438870793
1120029921319903232
1410549492
63302020
516735853
323417384
383304446
1022196219047596032
3121598449
334802268
279205745
239813954
384953560
41117987
771454850722852864
1002162006537973760
586291040
959024584900202496
2532759444
1026053171024736258
15951681
2508960524
1705052335
2418365564
2704554914
3239840098
702210829966516225
908035119293886464
2579497028
701470099090358276
4425828741
4745869775
4590610654
4871943514
703005412610678784
843263416412356609
40079685
872077754791055361
636216638
143761668
108026371
790078801
927055195
759640504371785728
176574985
780915762730905600
1101633849723899907
1512446430
786047748508221440
862037690597953537
1038689885933068288
220917012
1558913310
2377815434
18008484
755767728
18119570
134196350
884452435414134785
170121127
2197365898
360369653
112463476
163922710
974648482232520705
868430459759407104
817166972764962816
349486754
1061623501
979219601857933313
959791427143299072
881924236016746496
37832467
3255354884
1030507071354097665
38216246
1772031
1078794943861268480
4723957344
823947709442904064
67059584
15461733
36711678
24919888
3769438815
4010618585
24245649
883429456630521856
3312188743
158445476
2783025822
932779154084417537
30686649
912988142
42641251
1019639768810999813
138725262
42700240
452413786
760513107185860609
15932715
229509740
864926050035400705
16597324
3433407383
1016504550088310785
1086377373111603200
192248791
63112528
935354662533894144
2764811815
2770288777
96214314
155697552
870332654696058881
166032982
1020407841809629185
3802669516
885486673290817536
1070823402489942016
14764240
161883628
929399289436147713
2314668625
201941023
833751523477843968
537028278
2821265740
72831048
17376893
3332636601
319872666
4259756662
426802096
796675838
395570222
2651212470
1928909924
591474704
323947136
958196173
870720741389606916
150220223
1080695666760929280
419640185
25430670
19667986
68444393
193031832
783792992
932313420225024002
961638333016346624
110189578
874431626041847808
819981573567057922
17462723
35384223
89477148
2696503964
203307838
1565783707
930203088689889280
4768154514
1096058449
36273721
2497449176
21886303
21951711
14855994
15526913
14148802
482386521
18206547
3241496304
724309362676621313
1077997419256672256
810173876466515968
20609518
709204884759945217
56619099
1543923926
4378198334
890641522357673985
1687351464
14075928
263567726
25075929
42198561
1543619754
69594519
81883016
2922553544
739770432
372536101
16684243
955189155226677250
49273885
1358923406
146712087
303804147
4440816016
123753660
2598360300
16402111
15033845
15822969
161705350
17831464
3027588869
1070007819972292610
2321555143
3288095792
2832535739
18463380
573028637
4439752995
193299475
36554224
1087315136
390170244
558040899
60932386
18947782
517902068
71048726
1030479909708214272
171283600
92320030
115172311
2216041938
1726074810
44988185
65698096
499447728
216065430
431280258
2911147764
74287341
2967402199
2944953687
2688531696
2537867839
14338931
18953366
129329833
210883161
247491754
86094256
39291859
357634573
397457512
566724856
309126590
3325527710
14315917
1264929006
1970799990
2809494591
23421193
14437914
16016427
1916210851
85601740
1016613097
214990371
29644499
108817037
394809023
783109580007944192
34032998
842398676714676228
4005950423
177316454
16867101
2798873679
15639774
831859638421307394
800388298124333057
15675138
17663776
233741044
3760895832
235196204
14348157
2375735545
281140246
924836857988313088
203226820
17225962
282545479
22429979
2750833260
151650579
759945781
829454875918491649
2217099931
65672980
2468886751
44039298
3420477195
132830623
799780444195540992
392157134
1358484180
251357986
911440627
911750256
57555058
40306315
196713565
3267072643
1074623774
540281606
225265639
292092669
39097715
279663381
948281471663353856
637236578
157238495
818170174352130048
58505676
778486116064178176
86410896
50657158
144928548
108441652
2745084999
126003985
3293406121
950233694
16037759
2923107887
3180521668
14619527
26517330
15505559
242612678
20926233
2325933786
467576758
39977710
908389070484553728
790777504315211778
70315912
1950034982
33798654
817918015
3132861242
55103261
366806167
396001608
1343628158
208755817
38897283
26270971
602586923
637190582
766326031259230212
155483848
974545650640568320
16906137
53436920
138781309
14869932
17735058
15679753
24132507
27271828
40081196
706173880797306880
947986136
392987060
3010471088
846137120209190912
1022005829346775046
19273919
26753636
2355257515
761257471952379904
98963477
31497170
193570988
50171085
21144314
438467375
1614309715
1021984086037065733
3273479780
16031984
314202511
370407255
22187085
35061327
133450999
392009371
2841958725
1696992486
56614006
214622133
250743497
722091743110410242
3141185043
3432133197
3099901028
1894921538
904869467238174720
4116207898
3317529809
983304875562840064
2764227095
145499533
1063570380
825830874180640769
871399297
15985111
3006348240
14109167
288755234
3978224638
707234133286756352
3371190253
90929413
936355764532256769
14448779
300849783
54130617
38465211
60190930
891029184902037504
2831815734
1012444703034261504
26287962
326071624
131935861
130596773
19234681
23314049
3289199146
863003406293770240
2790949826
247610675
14477723
2910771109
969726367087538179
108745875
1734765889
61435043
330976254
18628034
373321543
47216804
919414235590926336
3001298254
746092518241013760
3300757838
3038283456
2890132891
786240102502588416
1570608750
14965981
463283945
82239511
851063461
3297203154
1908780343
15640456
818129577990033409
268050853
2483646080
16755232
966380856972541953
332637009
846962629222563843
71943006
818661645438193664
1232187960
8295072
180200031
18164420
15165502
16817883
247426491
64209556
838588324520595456
625070495
829154251666575362
855674152211980288
3663037578
172509468
384508256
58360124
24603893
796210086465114113
412806234
51547100
2167009518
1513626126
1064031036
705643352050413569
824797212425191425
704552981858017280
2292310442
911406776506998787
11771512
2671860757
4533480619
18019105
24428699
634512358
16847735
162436508
129844636
14190948
923653015
411697025
942469614293999616
919621793744384001
19767193
2482300296
2733001508
3048183398
375814528
3367797575
907637123167215616
2784520128
169909729
235409684
944835650
505801750
336338772
82455213
1292376426
175180732
1330625646
826740883
60763718
564313817
134146476
1278219848
823739685595967488
117773664
792147755745550337
40509565
19278203
3826724481
1549041758
75065396
36395646
492492626
72819944
385820552
876979356202958849
4294581561
1517888575
2753211428
36261242
95228628
478823758
351141135
47983954
46678624
738538436
15407632
10824252
999700367796404224
974304964565721091
3194584159
24633727
1101631262
116420646
522593098
1044022254
27834920
299351525
96126176
154897982
628698139
129653547
1020952663
246560945
343203395
3312125784
194871638
2763264732
19808176
63354924
3946600587
979411416103796737
16491676
355036400
37393217
3133647120
355338630
14352556
4517565515
25522009
44275086
1543180982
1909401391
44183142
15676413
8548612
703428781373980672
2822192887
186755547
956384884070653952
1550520115
858712873173909505
20511477
2439497160
3076155717
1711413942
879775951260921857
846390137722470400
210702175
61593294
96116759
2715294440
1221377785
47156708
738779772
324473483
487414379
3102214438
29695330
365687890
2717108869
241010173
133623952
799764397010784256
841360722932121601
17300943
2347787456
46750469
2678587550
1914709724
111378890
735602559004483584
2217053010
753300769269424128
714311294
1325951616
139231675
407164602
2991765380
15446531
604940737
267856525
490167392
904963939292901376
26303171
57680862
217064621
19066345
331550951
407986547
2504516154
28406270
88065862
106764592
55910998
4559961313
16621410
69343363
138616596
19617745
21626814
415773647
81482674
13951732
3060489838
21518612
167518667
132015712
292141642
14931637
312860399
46213956
880514663959715840
3308829861
165622311
95894506
2596974541
2284286371
85925239
555349639
127646580
39706303
18794785
441210459
24397834
17396170
280354655
589003301
455204484
3331851939
433439383
813028210598350849
842143333
2236028670
372642234
2323255908
16422629
70111948
168120343
273256194
501209324
32343249
347042638
464293690
25125905
493376771
290843938
17570748
307017991
8953122
30050899
792038436
29946265
277302744
182839127
787052826702864384
74669397
25446380
2722594750
733372734
885882167557009408
736315334135812098
2655321690
18536997
281545406
271327412
916101633120935936
708020319764750338
2317134145
555145689
1198515985
1934692141
19355829
468646549
15945791
827523329527541761
406517209
129895929
4726207589
70784139
636586551
2249409613
4888600459
19346439
706659482277945345
1400741599
590068644
1717266169
3699817697
898203602833076225
2732720714
1662711277
960890278126260224
439872623
224607656
2445158201
853092074048147456
847921285065842690
850887839214518273
2244491630
21917716
105973401
541637104
8565882
870700222002876416
613900833
2732953147
3032280317
386413191
2834438087
833424067776671749
558842835
403116484
226011566
1210753170
7748402
14269008
42754740
788042887816699904
13493302
14717197
111331599
309764903
128637042
22652834
18216985
175471321
139525231
76332033
28405485
801580099
720523873
249018817
1053625464
66182591
234566025
10475892
1202055853
947152615
1898724552
3883327000
2402135329
2256698683
2612173261
2946679618
3405549879
21579498
18094696
21105276
810590628727914496
5743162
12655722
15173859
19034656
14602589
436925910
28279637
46122873
1017609582
92854623
115554440
4267082849
318560226
14342564
13918022
136325501
38489678
25950355
388345704
27013292
16949344
88914175
184931891
12819112
96102210
380816062
402875257
14641347
796061634
18165661
20253808
23638544
22891564
441560048
752656268381155328
4928384884
2359820053
24983488
304679484
898580965034872832
2396353909
19325156
49810007
430048955
15165493
19802879
15473958
14091091
43166813
189253902
1451773004
14202817
1361916547
4824235306
2358618960
1261637024
766707771714568192
3072094782
85596915
27804980
36722950
19120258
65905779
6576492
24160730
18957805
46090688
2329066872
606776750
4816
357643462
15865878
22691359
402181679
15062828
16298441
2999158160
21268897
377985681
484963255
761167885720956929
2482016394
413502723
423824313
1209032984
229045433
887152821321297922
18681444
2426899684
844181073261219840
266000174
44334234
46128549
182037512
920094111297949697
887154537819131904
2767875475
1578280272
133360411
770738167821369344
15737554
1920320712
256562063
942987817
468535521
185066639
953525751722131456
3281653903
466626618
30054271
325841131
171056830
2467056210
224991073
87657092
87706747
2658107287
989712614
2562291146
167024520
407013776
21252618
19186003
10328012
404624392
128275616
346400805
33773592
1144882621
72520597
81783051
17057271
158396623
89465917
87459327
17366486
62816265
51040617
14362241
24799500
15446126
22009731
5225991
15057943
151560361
40912473
249758564
90414616
67738195
21527515
239496104
3891787156
903536856821792768
1398074671
866013050758934528
15151993
703283154728185857
3126564605
3373603814
1880027798
908399116937547777
40313157
376472798
41862556
290658881
724659225390137345
2442807084
176597595
16132791
16100480
17139261
317750991
770445079
1848796285
185727344
1328400956
78714922
32372834
15862891
8437842
13393052
20536157
1917731
11348282
51241574
15110431
14647570
16868756
33235771
813286
4970411
69181624
32423136
14677919
1652541
15164565
7855062
31037199
61734492
742143
97606428
22809556
806633757134454784
467825710
62940362
2767552191
309743396
3996208941
1461517040
138575300
106846479
2285631410
430367390
3047784055
3241713301
3100268227
484036506
2617779373
1738052521
17544803
7152572
15092914
35749264
786831450
746483203716714500
587636171
2991989385
2814298385
16630098
14207863
17290922
20813165
2244547699
589486923
1325304444
19711765
16619709
30290980
398991185
188444270
1024492165
1560625226
2835276254
3432042676
2939577663
2726694792
1662861522
860391206
2771894656
26748889
3445189401
137206854
468249929
21114659
26792275
14606079
80473367
39922594
1685960502
730116572849803264
289038946
781567117200097280
85867265
2731547142
735077347
752446571925635073
2810286390
710200977
1004392626
2844675624
575466011
249762375
145295079
19773069
148070687
1202378150
465808892
2912207696
206255645
260433967
538489875
107391777
842058472409636865
17596622
136277669
3264895573
39578477
1225570238
2752775016
946754083
82449637
1551237596
237894143
2220396264
285255931
28133455
256735205
17201942
305747955
1700124031
215804538
277046614
47464533
40340894
293620345
280301446
1259839165
345615190
110798209
44442099
14750983
249724351
42496144
620201089
357558902
102448827
3119988399
16690722
254117355
121417367
502023916
2153930948
590288783
822215679726100480
818927131883356161
807095
2467791
746107609741131780
487833518
511402689
3243356006
3301114262
3347757981
1421844085
2760238873
753382543
733353125814382594
15357521
381675460
584328028
8736882
6433472
17006157
1344986594
203714426
16182069
80139117
316389142
399507431
35773039
21425517
90481750
193424490
9300262
386805322
16017475
16220555
41618221
56503668
140900604
198324664
20634618
18622869
