890578929093939200
506429053
191365302
792017765544693760
2357251090
264121073
188730957
82612443
2907702226
2210225249
468269096
1496502829
950596668
562048640
61157857
770929554353426432
14243046
27629414
4577400995
61489404
37963496
85555796
41822696
4921396336
2890619063
923468859415453697
1087453171532869634
2931146140
1030203939034198019
1097823840858787840
2485507898
19968812
953911102127079424
863972252840116224
48491083
112317404
784397947374964736
944345845
1149942961
378259736
3016632889
55259925
14499829
739274732
947618715448770562
473033627
14431987
17169076
72583738
345595142
1157913027817197568
946036297
952227224
24351795
2196017375
731453161815322624
527733738
58018484
793462779185340416
712317698202603520
4430502617
17111442
399571554
314700035
718917980
501705472
1290765403
337877861
1064939525691109377
1140514798519693312
539322301
41550430
1448867052
401212191
916228490927755264
16291990
1009509720019886081
69265849
89975589
3263866081
255792338
980509838
581280779
87004405
867033343396900864
1024724963343908864
302492970
225796043
407870564
990317363915579392
4845768838
369132023
783792992
1109927784
245742024
796643781017792512
930884361351770112
1087444135009759232
3993265277
468467774
854241227503529985
348991200
1251815599
1182075336
117873637
284287181
836531154
2342317861
206104921
99092207
22247127
405050849
902491249
782944208965476353
376853673
787623715
585602008
51177266
193237254
865119624
46134798
64941438
6482532
252614250
4823847035
725692764353118209
67333343
3346555161
986297253701804033
1577730512
15711863
116983434
3242519225
569130639
3491090542
1006956313
1729929350
163191068
44737267
2217401528
515946434
19453808
246153431
24703791
754058010364932098
215715205
278072553
21581503
28574460
621543
551426814
2310113180
806409853921062912
742745748786323456
758222178080985088
778108679434407936
1902763471
791271025635889152
907738862
