139900809
906228771467870208
713123591844413440
42474769
84675033
487712236
1042008319815118848
850207233547714560
1033207276021182466
82856477
1892108623
53322060
903698654812352512
739117556137611264
1722752521
15954586
356407124
4257056233
990691234405601281
988436768796983296
2660384088
415075929
74287341
203714426
2271638589
2612080634
625070495
378259736
2944953687
1143541888785571841
1020952663
2967402199
752499373989326849
636586551
786047748508221440
16491676
24377489
339764761
575568280
538500742
250238186
20466483
623672023
1063436837782474752
1023952023853641728
3713517977
749383018062745604
1111646542169935872
457102747
1060744172880216065
153154404
2774484540
1025359901256822784
913416603559235584
879771304316071938
636216638
430645155
2561407350
20904490
800459756292882432
613491958
28300550
112475924
2828796622
3873228269
10328012
783621388728950785
2327612520
962193531082235904
776025992
1073242308873617408
14363079
111953473
74937883
2727517511
1170256471
980888591957045248
16631288
558732416
115172311
51547100
4898843075
1144882621
297205732
38354090
770383208
165551457
29052022
898560354468466691
1007300577347321856
2345380796
266650070
1155497149
87524646
1062946969234993152
29258284
18228898
138203134
80135530
798168879293956096
2754070162
44903491
14140714
572852684
53297601
49519447
3300085802
61802282
1038096516727099393
39668527
581076102
1713100904
1468782157
17175139
15212140
3865005196
2202163974
1385861262
2713681855
628791644
785374879432318980
48988084
2165131938
2509461094
63763479
755113
267625301
78946471
987286754498576384
769223327529349121
855005217917718528
2620437494
2810436488
4519121
743821308899790848
2426141489
1668653366
838256303961157633
4851480107
302679457
1018951453
926131400796864512
879109101539676160
506496375
25344512
14144872
3227894174
14877494
15242006
18447140
26431501
2790825351
208643146
15506917
10635842
58342852
898629865317965826
525785424
415601652
85100906
858924511
824072368603668481
796183515998068736
823777774649413632
824277855832014848
72198806
970207298
29450962
813829404065341444
14606079
824126001936474113
824283253901103104
824368251266228224
824400401797619712
824342512844222464
824338843327361024
824333698728333312
824366696517562369
824386163439841281
824028553067032576
824270573203292160
824264707641057281
824139632354988033
824326864407822336
824315778866417664
824137712286441472
824190260338954240
824116562768621568
824332206952714240
87818409
742143
5392522
18213483
69231187
44988185
14700316
13393052
65698096
824435396478177280
15461733
824320219866923018
23544596
6480682
4099171
6974622
133143463
739602678
807095
14075928
3240143771
316389142
3420477195
271725689
24919888
50115087
15984542
17248121
16648790
22053725
19725644
29442313
3974747237
14055301
216776631
16688755
308573576
120176950
44992488
6519522
22497698
16303106
15862891
16348549
19802879
14342564
14505838
16153562
17651596
37710752
30121042
15808765
1536791610
1093090866
19997113
