17290922
14199378
14647570
15862891
15234407
16817883
14505838
14239043
20813165
17846546
30031547
8963722
14342564
14729597
190284003
3100310801
29529509
392328306
208718577
309701250
2451945900
1620885366
33773592
378259736
867809593073782784
718971110289711104
885233036
963085467880222721
355036400
953083640224894976
1413698888
776446521625698304
14981648
186928428
932972223157231616
935989992127696896
785818506625294337
3345339543
850365657984245760
558148770
810709142
361910269
2794157239
1008400462855450626
8802602
2231789863
129526938
14091091
800459756292882432
15178265
18696996
4620451
117662694
11348282
