910286698721968128
900684177842073601
2810362919
964139821353652225
626558555
2688337868
100761980
890538608070938626
801664748903342080
3638422932
1125783142466560001
2488774495
1049398845539536896
742708500
915518271973134336
868997091871215616
1093863728616038402
2336799962
778956806
1303616323
1087351079577284608
1009617605827571712
14333798
477198013
561276609
587714209
1229607522
1338679128
249739333
1107946956238831616
39088625
2191492866
62526900
1080464493887524864
731186461
1882535317
998742671588917249
1020339635766087681
1102503604961927168
2827321619
4827626007
1077969668
736572974
169212836
1151404492002353152
973557260986339328
797147202338652160
1024362631665266689
1607208096
1132936632821276672
1135115550370213888
1148559698628493317
1374040741
1040194003591942145
1494927698
3063247425
1436246528
4927154542
3534399317
770858410631802880
809692936472559616
889965515002785792
2532047414
2889494859
935465537634783232
738069294
93943485
978286098240737280
262256528
399214222
776887212944220160
49517358
917902551709663233
770238061787570177
73353639
969419594904387584
45098563
21762094
77757207
894810271453151232
978192177661665280
868745522860838912
969677711093350400
991848267737681920
884254103844659202
909513549847957509
716304854
913255875082465281
994494664525918208
817450958628081664
91982547
35626325
3331498265
927480949
58821256
624746312
143212610
300872531
36924726
3041579062
1131828922612686848
14817838
1032945478227447809
545081356
385306338
77224096
222748037
107722321
153810216
77234984
164226176
192935794
2425571623
124270074
105800463
460401829
19977759
426116125
408454349
326184301
328634628
18020612
33300246
117777690
15529670
1504279734
2270102616
80802900
430124690
596468339
198584761
17560522
3908996909
368274525
248559026
78905469
70725281
150970399
171881218
102428367
40028412
298992506
22587230
31802395
288799088
145217542
34632493
17099499
31094727
57043553
3813257775
2728819065
737939101
14763734
15115280
1676230980
30472666
617196939
1045771781573873665
1098598261307441153
1012442376021905413
870905992715812865
597330065
1103257543416139776
539904210
879379257729966082
737368948333776896
1098935679235641345
1005550044861353985
366623522
704436005055496192
1053387372975538178
2781935845
1094337822008532998
908108559698812929
990224820041285632
369393532
957017357288968192
901704117965406208
115866017
557875692
796463156709257216
1946490342
15594928
240715831
1045153306354450432
400563288
132923130
22822554
18249967
3091712693
940164354711932928
17208207
15947602
382267114
57947109
892477339996749825
108900981
93711247
1282946089
15207270
239672340
15895661
3138727082
504020426
751008616426110976
20292942
1215546860
2196922086
29873662
16887507
38518844
14275261
336218991
95438524
2354013972
575905433
701662423283937280
119049214
167324989
802558842290708480
384923143
206001945
2205015722
807372534702227456
4855801089
4882863921
2681166800
246560945
513790152
1328467646
435628769
1130515485752274948
2864501314
721487652155977729
4695836918
1070370050178207745
1046529565500362752
1010783502156075008
863510806889103360
771213896
1017644978204565504
252762739
20105978
155027970
2798463665
24083514
781654882084384768
372394183
1655527184
29002455
15436659
31574721
38213057
217332093
1879564490
1127904123016232960
300974581
1041882265
841798375523549184
4054236563
438510690
1110556695649026048
124087266
765577387811667968
2906154641
491988965
1684947908
295590410
495289916
826987323472674816
39811348
327262735
49951756
116213384
2491702663
23375688
21931363
265982289
18681139
101695592
21447363
44409004
79293791
34507480
101311381
58425101
40079154
155659213
2766315588
3298109610
2327813394
606573681
1339382958
4764478584
66943459
1078818044
2250308248
494904681
3572508739
896131163668000768
175397285
1017050138089574400
70158665
2917940028
824816599
2359668618
1732694659
990989980691582976
1087145961946636288
711959720236609536
851867285560143873
978694880120705024
828255788296708096
1107556501558882304
1102935839745675265
1120680767628238848
1155251011
51673139
353912723
729542221
772303602
388525906
989159816185643010
1495965494
19324261
794879022454870016
808839295842811912
1023662408152305671
168508631
899380825
776320042661281792
830906977169637377
958704308417122306
4387069649
378259736
1030446993213194242
24733117
878351909517701121
2321998986
916225312333148160
3657953955
755109432439271424
743382141824688130
741358262335995905
747410321996816384
752188682480807940
751176335544950784
754778693109551104
739830722865725440
747793692195446784
749719655191760896
755544189828472832
1012277142791577600
3254277042
720257453221261320
1022777668817838080
863324892070113280
747123662743011329
2203680112
2389824606
32528708
2477223752
48306484
20508779
39027949
527167129
1006055524666826754
125869109
3434259730
77736822
2321318914
823037628
840554013993107457
3023273894
296687654
15534716
134909393
19898175
1935014642
3654990195
237708138
1027176055260491776
949407843488272384
3253783817
795628096917565440
264261261
2893023569
1005034911156367361
493175789
1085087760426295298
2302298372
981478795839500288
959467151601025024
2837469294
19078387
472850851
1545560610
1053420850647511040
816201920977244160
2876817113
3110351873
2341853726
3117882591
807466784
54825362
532200773
2271830852
1650585187
1176042757
1957080332
46291977
2495217712
2620070145
1067013486667018240
2963947811
1470633607
437498084
1045331412679823360
4713518183
4565960369
654203
1050759075594719233
1579918915
585372692
359037337
2394352223
267294169
2613989988
38673476
4058814375
1125251582
773936393403916288
4233381765
619293948
280172306
292784297
191035582
898917341051965441
1524180744
403239402
1072157129577062400
62029365
11730322
1022324783428526080
333925878
605491361
1115643059931238400
303751435
1875054860
2930453734
936532661773983745
2913588033
2483575249
150644454
208400258
19344825
2969356119
908593920170500096
702126319316967425
728221628
4569090256
925692328651587584
1576877292
152925978
26516576
963066774139875328
3129190061
1298578243
949747355322126337
258546386
253483273
214810471
43282773
790264567
319673716
1105378395989237760
27740227
898137248813780993
859724666260344832
950477244
1047801836370120704
929107091930996737
837358277042257921
2148009361
987322336205565953
1012967307944001541
1645898948
743436472821354496
1056556652999200768
165534743
21001379
361594753
24693705
59399268
1093802093171871744
98787180
130151627
34914032
753653099714129920
28987332
35727881
966399927373905920
468173283
61004103
40101400
143722100
250520688
207303448
371508978
360039910
4732338444
217480833
993853055857774592
19140447
1053608206902222848
3319261696
887593220
2338986528
1686017304
816348689136500737
390785951
1095115145041403906
1011633828291543040
838769735663775745
1544206069
2722742871
91869893
1707105300
13967482
1084371286623744000
2351465984
2417089592
29066634
29063880
998942749612302337
936160874544467968
1017115266591920128
874189887016140800
110406141
130951023
2243736793
3427938881
744902442920349696
1520571438
1163942694
396451105
27933437
178849006
811098595
745218326373240832
1378315837
57887546
4563945255
5404442
9592612
1116623736067616768
16201796
3881536181
443430244
822658698
155604986
4883104323
207137731
246289040
94595208
191502819
265045921
76962112
3216884937
10842792
18219976
379564246
480214412
352285526
2538670120
26566469
4749055670
913148456
904983810063966210
986618055156490240
3018098730
714915106669379584
2841830411
2507144761
62591472
159030006
1009320023565983744
728398537394929664
818996878951862273
746194225507643394
197055103
350508156
922210490138456064
20545055
1017493388638281730
931634057301123083
138804063
48006556
448585390
732105281702875136
297598236
43781235
2976765027
4110089542
1719966234
2215878309
37470181
1111926997813325824
1051404330
191002834
247503642
6437672
351769493
1051787352069292038
473202255
1085204762721771523
1101647425867902976
1116820212706422785
136174130
257212542
45955305
34118871
41358367
1092922899302879232
2809585257
1094624797449961477
2759303603
1032745838
1049073605353590784
727134265675268096
709799079316996097
880533947708518401
998909354
396810901
1012754119713574912
218627356
1936888254
875661504556748800
918198936913039361
1127084664
221646009
3596184916
627308422
380852466
885839292
789170288
304367739
867625164
380819730
390287262
78616892
782830510506643457
790828780541673472
122014797
283773414
1105785375962918912
253662005
2450053789
1093869952795402240
1579541826
1117772553416859648
4326410417
994165943571046400
289842982
3154406024
737693726013677572
3389686012
379828768
18660993
74505531
2546507294
4512750023
1433066989
18091004
571964518
1273176480
458638776
1014467107386511360
112705099
1561123663
54852442
935609829116317697
940618240925061121
29186600
315013599
74955329
23546560
20734323
281842132
4872618867
65119655
14697575
1064274145121325058
2326007802
1039044233997504512
1007153400
25088746
40839331
92985243
846881252
3524056035
1117809007467618305
1016930612026986499
1085060203945418752
268787277
1109593042871353344
747565075922305025
191795989
40839292
166508690
202248612
323092158
45866207
320644276
171865503
18759465
19333738
301309392
1582877509
14574763
174365756
16510646
20422173
82137809
349804439
133202523
537072585
56980888
2599569282
107755674
827271338901467140
131419447
275036352
948825915408097280
324803469
291701754
185398349
224274386
212217685
185575333
546549125
213700085
116522353
187739737
3471033852
380901286
113033557
111572830
161707245
89486532
179068399
3092578959
2695660082
246702059
4732999894
58354465
2515048741
255414946
1041767342257131526
2262631722
967399801628307457
941415658008571907
902827605799432192
2789994454
2924499187
832591333080571910
1151064823
3291921885
38737371
1429987975
1064728431093575680
400053687
3369068818
900632270213697536
1114537901612728320
257717193
1016613992905703427
1464245582
3334533555
3048200279
976980962876776449
736265239747002369
4052659528
46208124
34575609
282143568
1278059066
2967931958
27699738
3973351762
8980232
2312423269
214629170
18055613
1142172626
390697272
377170115
1100275701415137280
9300262
716432228
1626294277
253236246
15466126
27844479
588938505
1202090827
2266580234
136361303
1269955578
752673
2449132536
1092863863370833920
2770509443
1089906610640769024
372475592
14538601
459275531
432260830
91985735
2426422297
1198537832
2813398537
1723662264
1425295999
1566463268
1138959692
19041500
13334762
202230373
39383125
7542902
18080585
111723493
14335957
803694
288500051
937962626222497793
3392658616
38971803
16134540
100711909
132051240
1517712470
431071870
42503845
1867824948
361566448
1296789020
1035100633
346251866
2920212483
51025963
1160433847
2515329230
242448965
204033649
2802545808
4744395743
790820476608253956
39176902
2176620248
1390368024
633913281
240618054
773106762
100838167
17208934
130437883
210730963
871663045
109546203
35883120
164101789
210736417
169919661
200218760
48673814
2785042380
256932040
22124420
121784956
134608396
751696928
193711160
303699786
968811956940492802
34835553
821600306098270210
522179931
552025236
849297350979977219
3393552442
1059072229
735996446755987456
2646084642
1519558273
776526655
562447567
2802887766
163780814
233274650
368324788
301413580
1013634584448196608
782997820370477056
29930178
2356145138
1620726194
33182131
805173336921751552
21390674
253508662
153000691
121402638
1566741842
2956736086
28314202
3424342221
1105917714760118272
3984033627
2695922302
4818214831
2861284476
2878176988
19076815
246303167
112389162
961267163955974144
55558163
706780272
364236024
15366491
476207258
1087852971042447360
1056944740535623681
2517608420
832571461537783808
746018286618443776
27730301
2474256811
82573672
826106698842701824
843817992580485121
845650396441923584
223423486
829689252933926916
2414730774
15690179
989892032947683330
745855683841654785
939577811140009984
1105017557495545857
1050140285605425152
943900644829736961
2153878353
194142989
931532772606464001
1098870327017271296
3553424663
1058376110
241840750
515344815
96951800
965597825093570560
509051536
1032185345746456577
1039368515017273344
943120608942067712
253013557
791827640
882936190659436546
3240135928
1073491116039815170
816427949314502657
3235471781
1023152483403739136
763352742916227072
3324561076
839941496
4755410603
1053561378047492096
316569245
719837614589755393
938032998502555648
3074805227
1001897194276913152
1533128526
1066392149942509568
130636009
16005250
950694220737777664
1099216865421914112
1097869879179390977
14278608
2821307506
954330748831477760
135159024
184476275
20108560
358032443
2301928607
708227052097441793
158351059
3100005042
993225214292054016
1888149452
45278605
972435675478970369
752641889287811072
207850297
1860378042
2795521409
1037332055028387840
971586396
2388024056
804538503333814273
863046938127683584
825518870421180416
722038699844734976
2296405866
1000761684519157760
1030421993580113920
987082922459975680
873886842
3076447005
14524485
829577236734951424
781868620817117185
1062789286347583488
3937917167
1401517351
2564708839
1022577746952814592
2654106158
783258370409136128
388207397
19943886
707284241839734785
2942323270
1372641625
841716402654453760
36976313
1052176809733828608
12397052
901622635
17329660
702026333988245504
223700175
1100333469312401408
1087319140937940992
2998864022
2987216159
1067025658734436352
3784907241
3511662975
247198523
522593098
4017057383
4049331443
155304510
4014702213
755057897583804416
16779600
1093823178672087040
3338366163
2446945795
1009375453604384768
875058725010243584
316530145
3032700227
1050204676115849216
2894595149
918541053510029312
1608723462
1039474543654526977
1062247091483873280
227035453
1583063174
2249310971
85810820
2847885203
783428088814239744
954075931563429888
120181944
17773720
921009080063483905
13393052
36771809
26657119
321522551
3140979206
517152757
3121005337
15309072
1090780668739637248
3554721
24457744
20517132
836826266393317376
791812078730223616
968445856323162113
1635553224
767962578005979137
274652076
879401921987137536
16024877
2547600511
3197221155
754615120110710784
1977950214
2860693064
922132291920556032
1054746884068294657
2467256053
769504331825606656
894829056679706624
1515508135
973414736
3335739028
1303667892
929257814
860904448343891972
967018016943853568
246189090
44344059
3032168633
1654585826
3105624281
4795062651
1105184263069028352
1067313847495794688
2174402482
982912710
132506753
2507249599
20523716
1105198375157334016
280853398
19932359
62820332
1032976344999714816
298740991
482845392
1103964181227884544
959020649065910272
2195960060
1095008736500957190
21075368
1569070813
1101408610297380864
2864106887
2237030555
206163774
516316201
1014627839944089601
1103983504164048896
1082308968440086528
712087343952498688
3147032542
140133123
40514879
765686438381748226
1102507106501083137
1102996238289522688
1105266795391250433
1104740897747419136
1470729164
1027819062456446976
734736959202004993
1021875830794924034
309061749
4834467387
1076320085323571201
963578353067454466
1083166651883741184
1119343292
1100035770633650177
97389694
490412454
52737172
62480514
1731878023
555712442
61357575
902248130980315136
3235113399
3296614642
859444603
65339733
92027622
114602265
3183896162
1099974947785637890
4856830258
540734980
2319121626
797513629839097856
2241102922
435225922
627673190
56098865
1050282331
26809005
1056872873514688512
4300589309
1056193916947574784
2864498429
1638626287
50126783
128037958
22934698
278096867
24831908
365085118
2551449258
911117161
980308020864409601
927759162150457344
220586558
300506660
29773888
598708791
2496290942
251821763
2990210361
441657551
311648413
159179889
971912119875657728
205770556
34448424
50612517
3126568341
235167612
242419827
1013091185831923712
3133261270
788438876390031360
282594677
238479731
1061862843522408450
179077358
941965637005529089
286094097
28081404
965891396
139832064
701091866524127236
59079679
85227149
609084816
197962366
1191848646
1697494874
2557500758
927031196
1668360558
61011524
1097599812
25249798
951447847634915329
861573890958602244
36327407
245773814
68972304
134758540
37034483
3092461390
1290988321
90822152
2215504453
390270298
240649814
39731064
207442453
818543581233377282
463228327
440491051
39211877
21405412
108430953
266591090
149153634
732902867078635520
1003494025289175040
1269941419
12604712
20490170
245545247
87607174
433546263
3313450865
951822792420483073
39031835
355696940
886440870
1085832707551174657
458221445
67323783
1041659615757230081
519683539
1030451616263168000
824002059536109569
568867922
1286312880
974213844502421504
838723876146270208
946861161110278146
609723974
828706394073395201
182503471
4207961
820378690920058880
820354372827758592
768019865777139712
158426909
20744708
15224867
562129095
138203134
16129920
16017475
804015436979277824
816869611480186880
130496027
2922928743
174110843
18622869
973524584027828225
20508720
155784594
15446531
21268897
873847190
21696279
1281840350
616608467
2596694492
22737278
281746336
861978654586228737
114040486
757303975
1096084052
15848824
787239919
368220699
1550520115
3259071174
768026168163467265
345820369
863568932833308672
78194111
1114200326
1081979411954581506
16447200
22910295
17093617
4625262901
312644199
376792407
627487761
950679125223788544
3195101014
361134431
152302157
3908081199
1052099206553489409
3241784956
886855934
76084026
28550759
106235856
29838820
195666568
2384171992
65515228
43976252
194998792
48079032
44138534
330539177
830154425452920834
140839007
911167913880702976
133880286
119282179
928362531290337282
128890650
778596756435177472
851064734082150401
74738794
81305054
565660424
3222279669
4310486772
37489889
935489649887367168
390573917
1079911297
2467841509
1048826783456481280
1090319513676120066
147900655
185609674
553701832
968387471536017410
304873807
70339630
1068286422
14247236
705642624
2351827339
3682718485
1070957121418788866
34243495
52020748
190426393
1447949844
1346439824
188006067
2541363451
2183816041
3276274753
2613904818
2589318188
2534310320
471741741
2595957175
18839785
722822490276253697
2585154385
710744535865942016
3004231
2616994128
20322929
719814610686255105
39197017
155620016
918120271340560384
746645855541813248
18222378
703162128669102080
174737172
19583545
52453792
824757122
256914902
2832596774
830076314300403712
526478907
624591245
1376316782
1099304827
598676109
617552432
17374269
103960576
3579810196
702773
382008949
97755292
69570247
727268118
19073140
933346616022589440
757870687
2904172474
57371662
624517612
50626884
37766483
28081724
14237001
47717100
37104983
57046177
929421360
566278892
856772949142978560
936699571673141248
2980113981
282914879
20237435
826382447885574144
760506665728892928
4256506048
774195721000087552
33462219
1000415720574988288
2482643918
217827393
956491239897092096
1071532736
418725052
20604228
93383829
1269239299
1696109952
1652460752
127984917
2292423140
9366272
43194755
317187060
20402945
97865628
2248872301
34713362
116677732
2916305152
2882887882
771130392
2983897735
935091317885071365
868703400
224000732
715601250146856960
3100606329
2897491036
2841795280
2803862462
3888642875
426842469
823786487917477888
769624199430148096
2348908146
768832213504884736
734260581893562372
787308447427661824
2813347952
2840726613
1196808079
730097100344659972
769522476317540353
205186046
1688181546
2524534536
249535002
784769136
28897926
16343958
38516217
832704734
1056186867232751620
7215512
5031151
16721621
14325188
3092807705
108376207
40623001
3394436441
2802140807
801035396469690368
82115332
14983508
105123506
2462445679
2526764725
1444800271
925745172578689024
3142156876
922811160663015426
633778300
24486932
259368533
781814579336769536
3301753144
1929596791
2296283035
2821270078
2849770550
732690394970890240
2766534949
3385488141
4854215487
768848040073564160
1032610021895483392
725023325223833600
1618505988
2976994809
911047687679516672
1061960877639979008
1004182837346488320
3180862182
3083934082
4783905944
2251797206
1276214881
1659626760
63784689
318950900
2827070471
118674951
106044511
2376842186
797921122876588032
105078687
4294460836
321903893
751346893855285248
2724694118
57625403
4274905636
24016767
9095292
3236381990
237334959
1410372553
91138156
2514906065
1015905554
2601134307
235076526
69473351
109569686
241107109
2553196184
1064043470
2264527602
403871494
204309829
2433944666
269991821
22339884
522580345
3483673095
493714995
1040813730911539201
825591979383934977
826005842470326272
708547683653459968
2596463598
928557703
1059332448708976645
50516203
3045991744
707515829798182912
748611363933655040
965547658776543233
459300811
760736446735155201
1142606887
869083289763688448
895920342140583936
803218349257879553
869104758115717121
983254644179783680
243554598
2524319791
16550480
304467186
1059773450225631233
4212142941
1134947054
15639642
436429668
564801753
425002240
122008446
621729323
334540168
34317032
14634720
125767077
21786618
19918353
17793878
2182785228
923719833077846021
18696996
27862718
615832400
856851913
1969457304
890866538
1036445166
257084482
935039142043496449
608147235
3077081056
2813167973
296733131
884707393363423234
49616273
1485390421
829709881041117185
2337130332
50089737
10194682
975218674314362881
907899525351833600
1034420880544333825
348659640
65381936
39568996
84110391
851721198509719553
1919124990
34042766
717240791924518912
501801749
989473018165555200
4030203792
68382599
228580505
45182880
76641627
257905607
256136003
401579858
69687111
1181575242
1053295770655432711
763207302
18895192
2541334902
717420203655766016
250024481
20701480
306162968
43314798
270315421
2213952054
374536311
18667838
254931208
801040471120351232
2816875128
950608233843970048
624533594
21370990
702821039336759296
740915618
1045236762203820032
41572208
934049562
366503835
1003899323321634816
2871298995
233443645
71316342
199814447
24943780
42824096
18322981
18807859
23876354
78502038
14778255
109249865
950280712288120832
981191308252532736
3040880860
270797283
227032479
5988062
61175995
743826945297768448
19340151
22800659
715235772
28075562
2482058629
13599812
577057543
959528418953056256
587406023
424227332
21683934
71534367
388742252
35787424
3147478798
37974383
30311607
525162466
1659568382
3071890713
1324238070
4234331661
19188370
1042798492215861253
308637189
2385206257
388778361
42056054
521267470
469057934
1048110712529281024
916616380430082048
1484827489
906592463372128256
38427390
518387702
315141014
803185064
388535389
79198499
1062213242469212160
307875374
886847971651973120
3254209533
66105745
2474618136
148364105
345422227
932575312273137666
520721416
973485314663682048
873048050746269696
935560333124661248
3378435467
444703772
58821535
2179224201
4882376320
910445754
827794818294226944
395340276
577290239
3963894568
1886454980
17594077
752426209255055360
2582444958
945723391
363040680
979094857988927488
2174261359
862430362508550144
725234957011046401
952828525962285056
1063372466133839873
2491185379
93904511
100962570
36670025
40929668
356816296
378479065
372400939
596159792
4817725690
409347646
924161655839313920
925982981398949888
3332580784
3385923244
2794146161
813646976273227776
809116707973251072
229561575
772138728680808448
748456463769669633
3113326162
94242483
67350484
311602045
23796427
73280005
20267507
2965476474
58257664
902884453265149953
3471595936
95120647
21810255
36054494
2614136996
1860569126
32147629
1935782244
4203840375
928506725673582592
1036100094922117127
44250967
2481766602
1881862243
21697106
1615983650
14705116
745620946266972161
71229689
899936409074761728
522701657
10340482
60594135
460708976
2700393444
297051134
212611209
87269548
153981304
327326387
54001655
441201167
1451077608
1020537886062596096
601991657
2231905548
1616479344
1541564984
495519949
822072792124366848
1287343238
1040056909607268352
844815039940902916
805205456784343041
2649743065
776387395067473920
844321084602306560
984790531158040576
237680252
2925306019
935409607161282560
488542580
819855158301642752
3315549481
3402909411
2460279166
3270748760
817923454456373249
284221543
4219456873
29971563
295706401
893900539083313152
21788710
102704131
1372512036
849816664036315138
277229509
843595546073976833
760053765210800128
193841328
825181839358701568
866114580908576768
348478575
94359272
57799082
857773807670616065
359012242
943381419023151104
861290347007066112
714590554495913984
1037052080362532864
78085598
830946630819991552
2876041031
862470633086525441
843556423548067840
815708250217840640
1201535478
893316758987128833
1044826633000165377
1315355821
893308458652631041
1492698878
923380204596334592
845833560611340293
37570477
3017732286
1403261666
836397816
3097390120
845788208503795712
351602400
910561732048728064
899085537243516928
886032877011558400
377228272
19570960
36937675
845392971381927936
969138694308421632
50769180
822215673812119553
818876014390603776
41634520
1339835893
822215679726100480
25073877
487396126
274569518
968579046400450560
521321191
488011724
702391777605582848
25355724
41651800
16672159
31447081
61830970
48492831
34701524
4570114954
55307193
32135704
36362259
877859619334488064
28870086
16403943
3266928769
2458015142
942430454053048320
12609292
519868693
1063127611705044994
51263592
365644014
56644534
2253325604
242984494
123417995
23508439
1481025810
866994053681881088
338736117
27195114
19362299
19923144
23083404
19426551
74580436
2557521
26257166
85426644
373471064
436266454
300392950
2320583466
95731075
586198217
295633020
17874544
20536157
15433693
330860720
6253282
130649891
783214
14165865
158079127
962607038294515712
785819932919336964
3221169342
965029729366659072
320430303
17467699
1427424133
818105913957634048
3108351
51241574
1367531
2906912875
16895274
759251
39502880
17842366
613476466
618097167
2463228854
14678264
351468046
198193226
725305951390191616
858711661322096640
25365536
169686021
155814304
2613180445
17471979
895591044540022784
777944936
18074661
31365082
2964575883
934026494
1901628055
361126655
714966067
307075360
106059177
1605826273
2450365378
4111605034
133040246
3164100633
785142574935896064
4904020720
1464657758
106681430
265472576
96941094
563201774
601855844
1895019607
111674714
1680944431
1548841759
14934774
2341478136
2190099804
1145330779
3030508523
2467878368
4300743322
747751022454575104
841293352305860608
54235025
850157859065151488
807239330
425839282
2363553106
821126977
723257447448776704
879088664739028993
3813973155
2485088899
2359830091
863230867
844998829606928388
2967779925
4742509461
1382770429
1462434523
285577145
3351857219
16994529
599065130
3342506727
139058948
147491390
937615847966822400
706785522983817216
783914392157126656
2396248178
3036721091
50910154
14750983
971848135478775808
532690100
216387646
67646648
91180720
873891809214312448
946261317307973633
2983205617
847285262
2306581938
2577620439
168229723
1667162474
354146188
108096285
714581495747182592
37433838
921431351601098752
2410742335
483624820
98047213
712676897
2490196194
155889035
712847207653769217
1202953147
306401901
2680365647
3575760196
63671461
498703752
859377057171681281
790170477067198464
21278482
520967539
2726260461
53091526
704666457452507136
296735526
3384219639
436923565
728207265703047169
745176071826345985
2768305090
1012707175225950209
806499307
68522989
1516927676
2460587923
813462242725273600
783933869254909952
1023322129
734120176875122688
701126392801583104
1858933038
291329261
1019203295863173121
736508458581823489
774182929
499327665
3421597445
1149306048
865222201435410433
2856824165
4113443116
1233318108
1384864956
325873116
1046857720211619841
352404444
371179844
518656316
35437505
2309637680
1597435105
574032254
14682928
487118986
3030827499
131518665
14338147
575603300
936229176859906048
1006972795287474177
961445378
2827240044
103961585
758054745789509632
883327901415993346
2801927244
3064327593
1038315939836641280
902839045356744704
3306641897
2496730544
3156740924
2223338270
636844644
53020059
4004536173
532956420
93316701
41103933
50553320
77011413
187264684
2340200558
52010081
3276953659
34113439
830077152456474624
19180118
44950782
93969270
886832478
702778495
949829894
54497248
188366314
19290942
268241662
408515995
344067163
562739235
2872614250
2842289548
131593818
24259734
18184674
781006052
793367508883501056
370944865
519276089
238115057
311929309
306151694
4061504141
2459838601
24871896
146386438
619855057
26235265
4058377516
962412872361037824
38170974
434832548
37867781
54502344
16696296
4881030863
827070898775658496
997910445557198849
436011799
787538491
554629148
2685803101
1012441641058295808
857505427
47472885
78361556
20068053
19539716
29221344
14786217
2256225528
389161054
341004507
77439983
113050195
26572725
29222166
1430587578
295921976
126433539
254189881
47102491
254145152
10228272
31395873
15096735
118655814
82497124
92791146
100076513
1157734974
284410889
11988732
563899177
14146350
20505679
51023770
14914311
19964034
331672974
1586183960
18080969
84296077
180765073
20065342
798277
17793580
473418853
14511951
2768501
621533
1994321
28785486
23937508
786764
76928016
95019191
479231547
610991102
2328816204
405407038
18505524
3314670256
2393736795
4970411
1573440108
236891946
94775494
350883155
1008547538037813248
1031575448952758272
117685967
3968
8209042
23145378
343253041
823359182221037569
19940791
1686017570
2962073384
745416510563196929
739550573351960576
2741754900
2231782800
259332426
259356502
216411112
1536938744
704667569765163020
2155649270
125274676
900072242171793408
4444081272
1846453813
1483380356
181491324
884956116
1391511326
155927976
329198006
240664869
382018313
252753618
285332860
719735953
307807956
429247237
287834630
216264820
710064516
140750163
740336334
714421232
760546868
344801362
425078541
539228988
294809172
627491854
507489702
471287735
1137984020
411469404
14573900
464781334
189850197
71308607
543533194
550122068
139092348
1073336054
366592246
728592182
436702610
767816154295443457
771987489313685504
755701100532105217
732875926799843328
772072416923226113
1506631800
2966435440
739924558799613953
772312575375609857
762911865357922305
763126692344897538
772325226449362944
3200947031
774256726682009604
760481838209073152
2157060431
1124468228
82479041
2765726512
776772542702968832
752754918486859776
718925484009132035
4821033245
763183261
795298849904590848
786623740398428160
794910488895234048
704272103902674944
4854888597
795707601098899456
1845407628
803584132295049217
2601344854
81800825
199648785
733672836016005120
801349822926221312
830320533547925504
827347330257059843
2835909568
737167219
820489167381626880
19792878
878526416131956736
875349719857475584
867045535651426306
786194388988809216
584056740
766306337210953728
885562722745810944
890039320672952324
15228746
471301522
347203188
87677212
3623652928
859049837374951424
893913558035116032
895512620404531200
908665262135808005
905416929384521728
850067251592126464
912019066616938496
874645616529375232
913822239602221056
4305986782
997609618187702272
980121175287361536
940908906032893953
3235452722
457596651
1021741951157264384
2328709690
725325962502660096
742300314133532672
30278532
715834548303622144
1029018201491951616
601086594
632157409
26713956
2752289859
542077829
1240067102
33086785
1642225206
44261515
4869337887
3020734743
2891210047
16834046
541848785
357894242
2370533838
831282818
379911422
78921796
194825957
201821705
14299778
128325965
103074420
442209771
13298072
11348282
34743251
44196397
50393960
507391181
461691604
885037917298720769
347666787
301087604
6107422
17895820
722097597129867265
16887175
34655603
788524
358629389
16973333
15438913
16343974
493889332
14569869
87818409
21866939
87416722
713993413
7587032
108568373
956204295677820929
19230601
1267382833
612473
265902729
1878575250
65587488
333935142
37601149
2776823057
126955629
572342303
2883864275
811229675758505984
796314321957568512
2926878155
359814192
109220563
845250133
3233273901
56960258
344718893
2849509773
409085654
453796950
761101112640364545
552593544
589151665
126526057
2876442887
806506862304694274
393342518
1545331892
1017478326
3351790911
1874504786
2208878761
29063555
4912691729
967963423920312325
567045272
970272069681258497
2444139615
291885270
814168761909608448
732501469
804234397968834560
373874606
135060196
388368711
735443731462098945
804758525905801217
2344855005
60303483
545742342
68457348
1354562244
511279191
367578934
41091381
2328875324
769188695312330753
822929445250105345
4857846465
1092221005
460852237
1482153745
2992290466
2227094985
705593115911036929
492018263
220674173
591204784
284144012
306359695
279108332
216287345
26787673
2809819081
18313840
706045442145001472
761468864232316928
392882728
598238747
18139619
6018802
22151553
155544257
57824414
20632796
7831092
59553554
18450106
167421802
71026122
742143
31444922
15392391
1030425668163698688
1460671920
11018442
197347638
199897526
777207341225615360
3331750001
860942522
893572604606525440
297929305
40782114
40081196
38360623
2698524032
564517271
1090311026
3269345059
2887301980
809980906404454401
602847251
68435566
135371572
244564504
964212683779248128
16365636
21186298
993756933759873024
707560514826665984
882254803
1520993466
67084619
124210336
65746978
3978730709
199758033
15861946
67012726
67395773
2380332056
242473072
703000469510057984
2602507572
39470809
2450632530
205302299
2467791
350207509
3063357626
818312144672489472
900052272931106816
886409707166064640
47279129
252119096
73474634
2922620711
35697740
230845588
343627165
34613288
558797310
620034505
2255036665
533085085
1610646036
429222254
37371758
454166844
16926572
17835445
36328963
338407260
2348635693
334048260
79313210
2903808579
295602344
229071355
972316837
199222248
355073395
285049799
103887642
89153759
15479239
41687953
18056707
19731386
113079214
76616401
216674501
43074696
2859985103
969670969
80837068
333465893
66935683
76247765
8923182
40202218
67819703
15812463
17206644
9329202
51136224
3092804807
716966451555483649
2306214684
1137972109
398537661
42422035
527707753
434770227
343342219
48340111
374030859
189110801
2512017290
87775422
2634626947
381948970
796308573844283392
2412022508
19396413
15288851
461907696
57319680
19255050
20329672
4012161
20604674
138042003
19719076
21303235
5120691
374009202
808717420558946304
494281260
2998669485
884235620
820458829938905092
1647552782
14266598
36683668
11695472
28657802
46003622
104277809
18213483
25098482
14559745
17899109
14615871
17596622
16029780
45577446
102700680
39511166
23638544
243236419
19649135
18713552
148517828
27860681
14361155
16958346
14700316
3459051
260928758
17137628
69231187
20582958
27830610
20646711
16273831
17463923
20596281
38146999
19397785
2384824243
890595723854708738
150820027
281987844
736101479715614720
18063719
125485258
19439138
809273
2097571
613581916
1115874631
106352176
1887526376
849680413
214868164
222477446
3131050833
356707253
3140935863
547452978
314500028
19407053
42671211
22330739
16896485
6843302
126722350
33612317
424333470
314695255
3116414511
20110345
5402612
28160998
13787352
1652541
33933259
1769551
14159148
2306162077
561021599
14499829
25928253
22708797
217407489
14592723
17442457
253539939
356712318
24236494
741297208276996097
801961381
162981667
470405510
372111982
270286480
3064397499
1003882790
2168592308
3019526164
1091147820
66780386
24840714
53445303
75879786
15498185
4694291209
19968186
30973
69075166
13201312
728192225490915328
1323567948
3131594841
1657201830
403570989
2375421722
891039428
191346389
813286
807095
428333
57964492
232461939
176968962
