4084231577
606628732
2963992587
1546058180
94418431
394845564
220467451
41761954
1485951
856590732907433985
184821687
21631727
863972252840116224
501705472
784397947374964736
1149942961
378259736
3016632889
47319664
117521477
19397942
2220031111
1019980456538857474
3684443663
782944208965476353
337877861
717833002412351488
4921396336
975893461
2668198295
40996883
399571554
1009568108594585602
750344739430555648
1146069109605408768
1630469869
169422187
22921969
1106178405194706945
1070483209492799489
778276410
3254374742
592858234
940584899391651840
1061989750515646464
2902866545
1049549969852633088
310212172
93861487
900207368465731585
223935077
1127912006
352929684
1058298890909372416
3548292442
2347377411
922792177469722624
2377312050
1066239863228375040
2911752665
333885119
320691712
106013062
3758462782
187256860
385383839
1046783026137636864
2433651542
853879142
866299272626622465
96547514
2173220447
1169062117
1026885439846850560
225043237
227091283
985207729
938361533289189376
1095675670603198465
516685033
917017483
780319726685786112
33038411
1104814967277187080
242283416
249324565
6549332
224161598
1632458910
586184963
2953450971
51806233
951200462405033984
153799060
2228153677
814695209795776512
36629430
180134853
1125745273605636096
189145352
3378511455
432518748
2766769972
907190895681921025
765587646013960192
2361748604
2778878838
321961680
1110289160047333378
435010740
627448500
2294278890
463376200
2575390148
1115750542486069248
312550020
54780669
2974319561
3993265277
30000912
15259106
804639204500271105
1059822244388577281
1369131391
26727655
17387399
730450093250207744
874649820450914306
376649953
441798424
395174441
720306031188779013
994830578
224244250
153551872
28698001
162895251
304880098
912282702
227753819
930884361351770112
746730914164654080
172902791
109307080
27614053
2359013956
1483314559
247489351
111031991
322224576
930049287219744768
1094178414846722048
855991978491650049
3435581889
3021392758
123294307
2341685904
2338382804
113560280
19010062
25734531
15235811
4829734510
1087453171532869634
2950206855
83440337
23937508
297661146
483841270
476139759
437883739
1053036911860813824
1029025664350015488
905816505031557124
1262215676
24150634
206717989
36329597
1379662802
157981564
720606105588613120
25053807
837819968
193301414
999615900092387328
467551928
467933936
700633603
61530307
1065565962
166560989
57766616
22754509
17114781
17591189
104849636
722410938280894465
950286709
40322986
617458225
19589086
753147158
1051905872610426881
257946106
3131078206
484621879
78112501
1016917484845203457
1355427282
51456029
889468708409794560
828626607841611778
807146647767683072
20776432
847747190898343939
1047172255040593921
54513979
219930880
564200898
48676963
798670313273888769
816273766368022528
19234551
695702777788526592
2706281737
737362108397060096
2865379205
145266965
18391895
350266964
546119033
20595312
487436715
988467944
798882619949809664
374208504
74692745
16336998
18084100
129881327
923304581626462208
884039358
2815695695
866636882653958144
29943362
1011628146779738112
4902854447
4577400995
3314830702
1655129245
927354212
50219804
243236419
16736682
1047880747510628352
21025855
15781713
136941345
970995969255976967
917035070124208130
16958346
2149361784
461347343
289290980
1144939752
579851488
1397494652
991358667189620736
3226189810
2334214855
4913026589
2437086680
946356290
1567824542
2256851023
1027138861
56436152
183500264
257199215
113124565
1019967199
248974198
115460563
2419133196
91449576
114133434
38721145
2686735688
22132266
3092283615
20977851
193029241
707990121736445952
19177267
1710468415
14088361
1016769121789382656
20341407
979189061574373376
21574138
3282037218
109390248
253638654
29106144
804981721
973190636265492481
1021749991839293440
2527502816
796299044037521409
284983198
2329163778
999721513086586880
971855912897073153
2341790743
14406540
1024754083763085312
48370227
398956987
174633081
19837528
3545337988
2417900354
15644695
1241461298
15776837
20048111
106808100
31111117
737922062094880768
2760691297
153810216
126591802
88237208
1449043171
892444144144134144
214605208
333288501
4733213307
397280660
3417762273
769608308915314688
34960648
195687669
71995057
1377190574
4218928029
120413839
294522052
2963916915
706820574
2369428747
941327512839294976
2371808263
490324531
43295687
26269870
21741787
112317404
852915390573420544
986297253701804033
370258371
3321423083
2813049204
61157857
135558571
143478208
15340496
69571826
967092769712943104
23588843
1499290104
1002968709214896128
55259925
28677854
52702323
72843097
20320183
23747279
48462490
22493307
510256070
1391451
20555376
292407042
992788502717710337
898908437131784192
952907377115885569
554648712
1012128906718187520
831873869757763589
1520561
189321763
2613308108
376775336
992847255626543105
79129798
238723944
728342512885223425
502181375
123506490
335240385
1002409655174299648
1597830823
2287175995
3100336473
811603004776386561
997565023189913603
780890423317426176
3058548981
254527232
497319176
21695802
491778729
901535324
33852508
65399201
986248781187428352
1540819758
2620095853
300162773
1533710347
14711845
76185609
933815913769512961
788524
785631337021571072
113056960
347219414
20520810
95610464
68937023
409903803
1442117304
390965080
21943492
260345372
4709584942
3189001238
2725416957
210580908
38474832
967396642553987072
3029296071
425704462
298150082
145782039
869116612577824768
3040946633
909713831206821889
619154715
2799657196
125403342
3042231323
626531913
330607191
715909662386819072
718409098774102016
719635693425844225
18426460
850062125972287497
3291180351
2288162539
307406204
372842548
14965915
189376144
3898598357
273375532
762940618444251136
825816952656560129
710514516891725825
943442177203597313
91563030
1435376257
1538547998
143764683
889503835701596160
392791377
1569141260
2695319408
840423799858245632
3732273809
601356205
493472050
855024676048949248
1331550962
858681586316963841
99086062
969616787192020993
612832537
876592795963736064
156374221
496220087
700700760707768320
2413235786
14429935
1299086755
261142138
2231410465
2962282348
873482456502022144
65357269
975770962951106561
24144125
2960157827
2969876811
934742664485904385
301315200
1223375412
890405756947714048
387615655
1366274460
337340969
15529670
16596200
19906615
195419597
65045121
236960317
28567809
206661388
714552641225957377
264356595
3239039758
957935955545075713
170603113
964290374
281479129
229205129
12030362
3064932011
720275112
468249929
127525222
1197936296
36653615
841958580165177344
514932207
2302408050
1701256376
584162442
4000888467
916010007069708288
759687799
20973750
97553233
2308445042
3301487843
1052892552
610001077
14672739
105132431
177588794
344287992
44128516
172087288
455666880
2365400329
307214064
567368754
2774271739
193415702
2842195523
2873896518
185043343
879727471876341760
1054960957
2411729752
540220798
534804345
480632431
835962917950455808
843812887403610112
228779565
376775075
2801493572
3266848870
374773731
3001237293
942720522491744256
935171214003359745
730010027507912704
443068178
883302803220946946
466434299
406533676
786685821344686081
874316240
956956773658832896
2587361882
16471432
215328818
72255668
329311821
261448633
3587425515
124808051
914798763264311296
934553051096141825
3165880365
632066506
591920938
777976063
540812894
1201291670
2795305149
100747431
122152355
3194917612
21291875
922832253729812480
330303155
2292507438
41863474
22058884
1449725365
116561733
2708908188
1417758721
21695532
52726884
2473694119
708923730
2217401528
40031915
2291389610
903315535726817282
485598792
339128523
93917519
33456092
4228106319
273618104
727577600084824065
2650177808
817838811463974913
588470328
984468036
90729079
706800925394997249
37818134
21298320
871625417131606016
772115981430816768
373492561
622055386
41337901
17896874
2347646468
20228975
583775940
437399013
745263926
259781984
793452841063092224
3878994687
97779977
3385944082
1673351629
353702913
748210452086333441
406508286
221361749
188928949
809336543290724352
66150755
727982503
471414369
782322393574436865
267277195
252064764
897593001777799173
872898279171923968
2714785910
313603646
118264202
4914001592
913486004325113857
912942847837454336
828352710558752769
802598840675213316
1693921093
891298065302335491
921281989780656128
920257870972715010
915246924432920576
524402811
3405511857
330540442
3404001778
281002023
769140114568208386
41168282
1025118774
836679540944564225
41932659
2766712765
919651861434699776
851779128370114560
280645154
745934253444182016
17724276
822173125639110657
142725505
92520715
122229997
632932215
300139084
849381318
3971969715
847646484
3030382576
918837334728114178
569821643
765591010290372609
3957258509
789409922110803969
841975674
601922436
227282134
376446139
54837552
779354632296493056
829423512
2590218644
122436018
1285120254
312065870
40902068
93867227
22614266
2247929742
829059046200246272
2349880808
787300813
82334168
281080876
221280813
295325513
753347455404552193
163191068
19453808
2617169064
19962820
14475587
2445114656
14700117
69043117
29418259
3255956733
23124919
78582182
421116564
827161773384069120
17137628
2977891529
18354224
17041594
20646711
110387664
392955646
14499829
3403035129
1667600042
58169148
18804540
813477602
420955318
240262055
19963158
2770081590
22341016
514591391
216633730
819467580
817158234
16001082
292878025
2752349919
113463944
138435103
849995692693217280
140328329
873933403577614337
488979317
244243685
877487751393931264
918677102
28330309
331899715
569130639
515946434
1729929350
100205528
92628671
3784214363
193237254
35193165
376853673
246153431
17387342
704229739729461252
303126255
588166721
2716626609
9313022
252749348
79548752
758046103
17446304
609090464
3290168597
517414054
50262127
193242520
534714785
132895840
607403145
790906631630577664
410345806
50239585
4648057955
1708512536
314061683
1606220022
301612771
130113110
38674242
399361634
51431609
713958254
1963351381
22378059
514727834
29719864
386482018
25552098
16080324
62776140
874258695118622720
2730909379
36889519
815616300
827529805004410880
706392493319974916
264112064
219653370
19619776
393023310
524172871
939949219
3490900221
117777690
20547642
506392979
336050086
41715900
124690469
394060363
1974624361
1045587757
3156884492
134803631
3036522804
90863805
3763526902
706564361008054272
2577700700
123821756
331803536
1133775956
3131500821
2420221357
836174274432020480
110695771
860187886494392322
4829274490
4061278114
832694975603240964
4853224522
2191002960
219995134
326315360
161988348
2805420278
30454224
19452570
2423646402
1490357647
3222522074
785848349547192320
756871162634928128
4212445349
762040103560708096
834069275904204801
2904292802
314456476
583689427
62757925
581329556
1439321917
21855179
1951489634
92096819
3299041977
2202026376
1006781125
797867118310068224
852076784740950018
2777126418
63217258
825063399293849601
2319723050
20699900
232166704
515760433
20694612
843122288
28340054
2751619418
192942213
748486405945499648
773145534928449536
705437931088039936
569275504
223416400
132847595
836261437286846466
284712032
2341901028
87818409
246677519
2255340865
31697481
239920188
46342393
612473
96765926
259316918
3027929465
32012825
146191393
21003644
23857477
1452070052
231483316
111550910
2252215412
17599655
266035107
3597428776
981425370
46107447
2981264440
463014405
429944815
344175332
1060356300
203119681
2160394528
147129584
209526225
107247389
264151163
398677316
1525752132
107073954
137325213
196315405
16973333
224495471
1241258612
1004204564
57440214
820268302480113664
1722642512
5402612
742143
399404564
49613301
3130783876
84597767
380776958
807095
14159148
33933259
69231187
215621295
16137743
112415118
20596281
38146999
45205091
47678555
17463923
41077970
82870276
381723435
80268920
3030350874
156206461
539028499
114767453
221041816
295763337
80248075
466558957
76672905
1246134522
24546455
40005458
187457899
141186899
2165630112
733495832
3308273951
73616962
1246170854
32372834
163844242
95611586
487833518
15862891
17022314
76963627
721365613533392896
432447308
586471962
108318487
274071475
943912200
23419076
185987867
3032985603
386521417
300141276
1588150106
2749306189
2373632792
507415176
31435503
1197826370
482133423
155824974
16132791
426509775
18822677
107101086
3978925523
175419546
243821406
55243095
1627339304
475070464
2986186294
41591452
567471315
3249040583
80802900
198584761
91901323
124884929
1648604408
618167713
94562602
38403957
2250509696
2818115935
4774187009
39257690
2894088543
267810251
341446025
161691982
91374604
32367677
82357216
14157416
1575952254
57459136
60184668
18065266
2645602164
15521075
1891806212
40710088
169934676
412366454
224413510
117080534
348352704
26203004
529729101
938851
1603498928
538022615
2968798439
778925259806371840
466554141
1528134746
213246345
856056728
191494082
518625515
109517522
61604736
1948906734
18637730
399380884
15057943
300355838
151532036
5225991
20439102
19066345
3243128673
368830047
215728066
364913241
89211580
14871898
23056885
17185109
23815359
352829865
25311070
137645230
17275331
16517711
15987295
17057271
2340045654
771618531104333824
18807671
35749264
12804422
872675798
399307197
135949624
84679163
3213753329
532630692
66998204
786569247258357762
22009731
3042287068
821317727692423171
46926921
753232253149409280
3224236516
317030748
21661279
970983830
350796714
29417976
8223872
1965073513
16661296
268376525
17087304
70691550
338652198
1478149944
571641273
329537220
3115678678
92515870
68928506
4049021555
522220858
805410722
55030628
2577365586
2556851904
630754002
800583926
263082297
106368415
35136889
20688492
40085649
2168699059
21304758
22624441
15353955
171116829
74695730
418725314
40234732
556931466
1630589557
2315280889
1183074854
127502264
61188869
262267515
50516203
15446126
4882743003
832176466662191109
14884486
17369110
5694822
5695032
248795646
15460048
18036441
16949344
3313878861
781444112692248577
27013292
101217099
39585367
33474655
1264468478
48289662
1004470206
244168999
2439698929
36686778
1112094439
330921583
313255854
2794424134
2789360988
429760932
2433374545
37963496
85555796
2220067358
551426814
41822696
190658847
71229689
4675515007
74688411
47331384
882081571
76674395
308429376
19282280
50069007
19834221
19255050
19719076
13201312
252995474
3459051
350772170
95943830
4012161
76044432
400117325
20329672
102138259
54169961
353779332
415602879
19813399
456710314
632758394
1469821532
1134720673
2435645353
28090773
14216778
214410176
1912617043
83685047
242104880
18918483
624609256
830443868
191829974
19639085
20683782
62816265
14289603
14362241
24799500
321864842
63094620
26576457
51040617
2421809390
957128568
59780450
979480344
2525826360
26012202
609413
17632266
620306893
271944994
19780648
487724407
2195946740
92556850
1903351644
3212458450
485776255
226190151
19404869
45577446
51730580
21866534
20582958
314479641
163514463
153420165
41167959
4839114413
3794467040
3451095865
121077908
2276283548
529451300
850853964
34924287
2819363837
731079361294696449
785853758198743041
21201942
278617398
95703081
3207424601
498771071
741258716809461760
913207880
763845977572802560
619945920
26205565
20280065
787654913358753792
53466522
20729866
314133465
331170213
222416197
67339136
4216380737
1133709415
1168267518
745601463980810240
4845693149
315160631
35452442
3088545855
32977251
989036011
193870456
2831837303
2288733492
29451787
372400526
346561786
1854657463
49278160
399487216
2243712522
3319079138
24775280
3372995529
1538319487
51492249
2799615588
2399808740
774168271033544704
854467314
1396996080
3295348317
43306320
19773392
2181864572
869766241
16010685
711916856592998400
566621310
987129330
3355031985
166512906
482046883
2365487252
24706309
19393236
2731328575
622262070
842278592
222424980
950006492
3194033337
155522617
3067661878
2359659294
65591067
2278933807
1210080782
831383954
297553747
1150689763
778357712
3292515873
1415181026
462816957
2571023713
258043724
148366206
55055540
162684694
465618018
2883786237
68960630
322601789
2842505068
794203808469581824
2556795535
255485505
4060536971
158098775
485769932
1633055840
2831789374
293079336
