855187838241038338
43020461
3813257775
2704715387
898172506191867905
3749560939
741368872779943936
887018351402385408
57060169
737470720616194049
1022525526823653376
580097412
85946086
2940848751
1067866914406440961
797655596363288576
1152048141673390082
552967220
62640489
1032940532694220800
37109075
1111642277078843393
570987507
2844569713
922654377793544192
2884862075
2200305589
3030508523
721302510804176896
17045060
106832491
1135995158384861184
804955748090478592
769624199430148096
1142533080785268736
816471540
4926409928
1149775654231011328
873886842
1019642658581565440
2148009361
1053387372975538178
3256347019
801639241
160629180
902141634154024960
1117264150546137088
21333228
14682928
1005197442
953540744
75888702
908913839378452481
1522917078
826313584187736064
3303690315
3053811408
2337286506
2491852765
20977701
53297035
20561825
78194111
270627293
1134099633548943360
636586551
16491676
203714426
1072488601768914944
1620556356
700402259398692864
1059841773160292353
994475108
94488295
71293921
2348908146
406414765
19908349
1070125463580958720
118203431
15951681
1264831338
976902344490323969
1020381044518850560
1091306721413345282
1114228005566603264
141991931
18020246
415822027
526624220
885953601067208705
985759850
98546373
34169085
2246170884
24559364
2279227387
74287341
3065924818
947779353018011649
2581353332
1680944431
1548841759
2270776861
1895019607
415075929
168508631
378259736
330055239
393505632
1100588311180165121
970015955366629376
2922302106
1058120319809011712
723887911758925824
42782011
3226111629
476343348
1095179416953675776
907325308726075393
1133435618984259584
909891288891363330
3433407383
55476487
2822005244
46769986
883164617710731264
554455202
239499378
1088109447145234432
1265076715
16486814
1066868172496740353
879928226
1122497183444537344
2280353497
2977077309
2987147081
224715866
869685230
556072277
357606935
2184142161
226222147
30354991
2574035176
948678402520698880
1092794683493883905
1109987359985143809
1196144450
765265407607439360
360088655
1029707426436710400
203152124
1047552032536743938
23544596
2721807653
1113606887012995072
988854347655139333
1091379981329068032
336284248
166532395
1229832534
44944316
2191712014
1108216801043701760
2990582254
2932738844
391095282
219364346
560428757
1037345077822140418
911230320325812224
1913890034
2841795280
2595260136
222295722
497158779
25129282
1010680017838370821
2713681855
1907540534
498542680
3269123869
10328012
240286563
750022168675688449
786047748508221440
862037690597953537
598955229
885717482576551937
3809733737
254730197
410380828
192969545
1891806212
1115803316443930626
2190081608
32752197
1045056365641781248
762461791150481413
4053802049
887648194603212800
704146597249224705
605116893
3294070811
575568280
928279560587808768
834445951397924864
800459756292882432
4923977745
90286298
1032754834460626944
971055202982907905
987337506092998659
833454990194798596
908462532787974144
252379902
257617636
19402238
4700114665
112475924
2178786786
219280374
219295651
38683025
105242077
1563444366
753053158767726592
388997298
173014114
791745970111479808
720938289
792368414727610368
894294676001501189
703064925447413761
1594555291
19876910
2875708485
3241742894
3212942333
65814226
205395591
475097128
113054322
849777118804193280
2268655708
24415922
19596228
701169857799262208
2615753071
34324846
110365072
46141188
3438606494
129665498
500042487
19879313
17844280
39364684
4860976932
1339835893
21665313
165552004
163884242
75069067
2893511188
241382835
4274372981
14499829
804407825128509440
4009593327
789203479348678656
1044022254
143381041
939091
34305774
18244358
14230524
4449934337
19397785
166739404
62513246
15485441
824139632354988033
824332206952714240
22023030
823565852922576897
835756950
822978879488933888
240420946
237845487
597607814
19344825
110798209
20829033
3359400539
22582564
15846407
1363206528
14647570
963401670
89994648
331654783
58933427
2387414858
79923701
28583197
39822897
207201973
759251
807095
2420778740
71023545
757303975
1536791610
216776631
29442313
970207298
13393052
1529636053
21242028
14085070
56564230
15154811
86626845
4620451
8005492
116994659
6705042
1215682058
14159148
17899109
161801527
813286
50393960
29872339
2862441010
2864751359
19725644
20646711
11348282
15143478
14055301
37710752
17471979
34323121
117662694
2467791
44992488
13201312
