88836132
56693003
1694781828
173394822
253685928
2377958781
2688003058
2373908520
958321164048191490
2270376266
18513101
291405463
557068003
85728309
239499378
16931273
25219709
38798614
2306896992
141328091
130834299
158451341
1020952663
35440377
415075929
349142818
1144882621
61354111
5687992
42338524
41509348
12267642
1569453656
425709441
38359576
716145348
58171977
4201110910
3948479302
198020721
2248389990
47605629
2986365749
2154127088
39935691
533116615
378259736
249329330
625070495
3519587539
2764466482
182839127
203714426
2746341887
14088984
1385861262
20904490
102417054
1096058449
407476898
322658299
13250642
234309722
152713253
1383133224
1436382126
63272186
2792340065
355053826
37149113
2192592792
14852707
271331718
2910350817
999293378
196458749
14448779
7093352
1544468570
174847568
636216638
2828796622
1155497149
337318821
1240034964
602893393
2401608757
547397219
31443503
83925672
33773592
121869155
320376718
515865890
17791015
2944953687
524501086
1478030580
53410834
1121113502310072322
1118709880401973248
1117523555959418880
234947344
16998179
325719227
59541594
1117756986056007680
1116663784385515520
41148474
368750485
289853473
2835276183
897861037
937700161761021953
931668104
836548849
720619115812151296
918341577507880960
877616433609318400
82511170
816739121251188736
17387342
1221025892
999975127071805451
4692588938
996020192
2792359799
70739029
353178677
3040072579
837152073741279232
2906781669
337337691
289724624
1952694842
404946566
525413893
874310395875295232
13399802
1035253534495662080
2461989242
2920226819
1013087575639298050
3346849744
823518894182846464
17587207
316389142
366747379
180858875
16047950
325343412
813286
2536401180
16305370
332575989
721786617342636033
16303106
107225267
5162861
857804901593735169
27782837
2316519655
1629222331
24378544
125408809
3921047667
716405725
1639467870
79923701
46704247
609548724
38026892
488026266
31451582
2729087478
18396706
888757181566386176
196481854
2981431
844995008474202112
730426560
283273730
50361365
826209765659385857
23487429
2707492825
2707437918
55419674
2335899655
917235093902643203
839621017865605120
4740657313
271504963
16347506
4206492575
3060194784
24630350
916045594459742209
1378412102
2344209337
904839413905055745
2250651036
240406404
1220791675
2983295300
723613712783908865
378726170
2360419674
541388259
855131080818479104
437210567
309366491
2254292329
782967552179859457
18028249
1209608880
383465902
4113120189
870368466359812096
1618909164
1692074576
1714462862
280788708
2952417748
3298929966
2451914988
19031819
400602331
1633194552
1183946718
851500305682505729
2481557076
2535847433
184530310
2473243064
44315416
18360370
59595077
51651042
66866138
1567359060
191201559
2908222651
277979524
1141186836
360129571
90420314
712018814972633088
237845487
1514538631
179885600
4714926265
18995373
1409082714
592192668
100865030
983312528
771780638
383943215
2984955402
4428161733
2268865098
15143478
106204123
116994659
155369046
7018222
1633099602
553559907
136134599
3191647572
568780180
863242310
257817126
1132420921
621577260
133815171
19725644
