738317510462865412
1044497798048239616
834540856765882368
1105447465904496640
818105913957634048
23602600
1040194003591942145
781207033227849728
1106577328270991365
19767193
392340796
2879642556
1600631118
2900146091
24873392
3339444682
1480146510
520242253
931714442
485673300
1379292182
779034836723986432
2687999594
879783542498217984
1016613097
520558632
2797996439
4845360784
17089636
724778945707577348
1114004012
1019178547330592769
81157768
121410572
735761675190566913
4274905636
581170726
372111982
80982210
492018263
935810770645893120
168508631
2976444713
753161312260255744
850761290
1620398702
34901538
2589476659
883263553909776386
1069907880441192448
2647306743
1680944431
921150046644600832
18020612
722242009
1548841759
3940281513
3194595113
317653374
24259734
2982533608
3121503958
19402238
16895274
21581503
14647570
15862891
870595902716510208
19658826
890096257439498240
780741695704932352
1420931899
751428299977621505
211271622
980880814748684289
4010660537
3587756483
730426560
38660771
2891063438
938158384230084608
707433649
40914713
19393236
28567809
19837528
46342393
361302333
76963627
23184591
1031491710885548033
602680982
3131597297
2174250166
198894910
2923347531
964037922
91982547
237348098
124397553
47900955
24677217
21084942
80858333
2152668890
37927189
39335445
1606338776
4926409928
708010668591599616
108566175
868006470
95856748
153726697
927945892828778497
1149775654231011328
17471979
4202414531
3070386906
1093513493712650242
39822897
378259736
737368948333776896
1030473728235323392
48799978
737628262398971905
4688428032
838014872021528577
4832769999
20482068
874368630389190656
3906792739
801722063199334400
2887010699
1006801362930237440
14332297
86065887
810979391048130561
16122563
160286320
1111642277078843393
1016622532131282944
3946114767
258847118
2486394344
868700782371233792
747733094598381573
32729442
1877372130
1327626942
1123624739774369793
1032940532694220800
497064827
905834702602461184
825809543712165888
1009429744864169984
186947827
715573452535496704
898219910836387840
1030741796308086784
701015997537501185
917713893857923073
4927917609
147632668
967051955121074178
928023855205175297
2837973047
1047066719242604545
2469865608
728326802
2397805446
2914218964
986015957440126977
2410749170
88425861
32372834
487833518
1001390960
205195655
3253256552
3837815958
2864622407
2745835322
809980906404454401
1145330779
615205006
1927804574
2351827339
2824416733
905403449470320641
14569869
868703400
36976313
899931006668591104
169471233
108895413
940996027951304709
20638283
928634790571593730
973943324108312577
845394555646160896
1526931192
4726187129
1020247382
4849873473
877164094012493824
778183695614218241
146114840
249102629
3192573188
63670329
50996858
348388285
2180348008
19541040
341975809
