46145761
14738561
35306978
2829821241
870364054044520448
4009593327
636216638
138203134
565866811
143086518
378259736
46854930
2541629593
19869657
389245420
3429972256
1082281304249561088
1059541335311556608
933409617236946944
82560556
3063115834
149000021
279418921
14973943
2776209289
82285908
51217222
3356934790
3217263326
3673079717
1672160996
18076044
80871603
1024073485402832896
14315537
89333159
3845618073
37054704
2209641480
2751671550
1851861800
1093580675561676801
317998035
1150137423566966786
2443881954
1072488601768914944
1623979224
465358033
959241895
3115760261
1291199636
581012668
283696216
270451177
60165542
2270776861
1895019607
168508631
415075929
1281868526
1140451852733046784
1019383485474246656
862302986973966337
735501870874120192
2398066106
2291667414
1077629921462181889
76062306
2708824621
40302336
2704715387
1111410555603034112
2790121175
18921549
2319089175
2957368756
484759551
466626618
786257259936436224
3271327784
325719227
131942721
21242028
779618144750936064
2177632514
2440634598
75106154
750268167734321152
4150033398
1048276180837777409
731067202212876289
1128681041277931521
4898994316
420398277
440256951
89218158
767795107
937783134
2285471886
1227885888
998407880
1097361890
570574417
575852195
493533362
1004042562154516482
960325805699104768
2873817706
944657395363479552
754781047456468992
1117452116589600768
18131961
2546168873
14448779
2232053359
273036671
1528455541
103962192
26553972
2811770483
3406540323
21237486
388345704
2980458689
768562657
380816062
1949132852
43179996
14441838
8916792
720510080806993920
2678236062
18414364
22870549
29586386
25310767
2216091343
78605405
102144469
992089594870095872
1044372245316087808
40097313
1113143442543136769
4585984993
1088897701679452160
760870811494297600
1522445748
806393046
2562724922
4846106736
635123740
1286506417
273578767
19416598
2557915058
44629346
713648564
1227373182
107445361
72855463
4010295927
21537569
2613904706
4851031763
562817107
1594540374
188478777
4777767515
1067744125980684288
58166411
2554853095
1947899756
1320124284
1715739632
65615119
558759939
14085070
987667905071538176
816745200991223808
2820777589
753971029538643968
2719341397
779468769596878852
3535296436
2407353324
810651441681629184
45373841
2433737761
787373558
46335511
244655353
2863996955
18686907
17006157
869894501904654336
17089636
41251345
759112811918290944
746084233022681088
50393960
32372834
15862891
14647570
12133382
14437914
5402612
16935292
1330457336
1339835893
970207298
13393052
282494045
24001758
3020214970
384098957
338897666
17592062
34827111
132255410
54284336
804374822176378880
259857099
115438152
509660474
13396382
95126784
42651647
487833518
16145224
17471979
19658826
19402238
22019881
14499829
