62548677
58817216
310401451
3300794127
234863811
615360211
784397947374964736
2751459681
303598509
877990567753400320
4595214799
4119799757
923974489112752128
18742667
3419696937
880448819246268417
4632333929
2458449055
189321763
300270852
863972252840116224
178815147
106446960
48409357
17095866
313054802
34923877
16230361
2865584176
216070654
573799805
91440013
249662470
378259736
791677041116602368
1460815526
2302540098
992683410664632320
2856062790
987088945535242240
4872007379
835215726231306245
2215603908
635617330
26832834
2798533525
86626845
348687368
1308357487
1371044154
745679075281408000
758062656695656448
928749741567021056
978824341969235968
143629076
2695245774
116660005
291715440
394356689
258847118
1070263277492600832
67106620
1125911729387507716
193797587
783074118082191364
2248481442
3288561903
724942134256766977
2959295439
788056193751285761
815559248
2319263827
30111861
2868140016
953041631606857728
2613560120
450708667
775109206303051777
315324959
239988349
47651044
21101992
285610190
1503230442
26728829
369635681
16711496
112457955
2786255802
2853715283
27648427
24638920
26903206
40918963
28145696
115663798
569130639
399571554
19453808
3993265277
19402723
27779882
791182738149797888
1016260217145909248
373915215
199368044
3302255476
155259112
50639001
839656076328972288
3741235217
348061274
976857776684257281
999983038871359488
1042157813227773953
324828178
583984933
747900857937596416
124152584
819673058885664768
2775264105
425879551
407610686
1550808516
39306293
763801569884311553
31811989
944087564
96604883
4921396336
988364626814435333
42988185
912586548834635776
586867644
2204867796
889373550
376570041
158206352
360054369
998251343738494976
1001142179585142784
3530246955
260685403
27596259
2994626428
1081293996079697920
1052940343656796161
830151274121175040
1012136300609236993
1122188506804174848
926373395742281728
898905684342964224
731266802664230912
105079480
108260608
1960622382
24148874
1149942961
41220928
1154375798
95967571
889304643037274112
14670825
218430860
515946434
862350131336585216
958069173590126593
578561842
439779366
2680649437
1274074662
558793908
3301949224
260181868
18179974
962997733
502767264
829690837806219264
798969507335258112
94401477
123240850
788726768769306624
3056829926
837185790685818880
892402106384175106
971112272713183233
23361275
15987188
960832222784774147
2819135742
19666958
29664315
44665549
4883483316
775754450128412673
32233122
894436060167520256
724468549427683329
156752682
52802449
996928780366041088
1004346711886716928
723327618649567235
80669684
41430242
78106844
2874275489
915220185812017154
18057077
917688868928917504
958469927849091072
30279713
1096418379815100417
19916680
1045896568166141952
771737253290835968
2466123505
48491083
49503587
31444025
718146346637791232
889186147037048833
3088827892
867852745096794112
29716569
3240126936
16498480
266302665
210784073
2217401528
98877698
25140707
20535486
54956437
277478106
397317974
840591319521202176
965325343614791680
181357100
554597648
17292623
838412919750733826
3067784176
716765247827095552
506087935
2351978220
55259925
2675165648
399332730
4103569456
33421016
73594703
3065953420
1005087744027082752
3065763760
574654527
88149506
865855607420723205
3086317109
2215874889
719037126621270016
177983304
4870751013
94604474
4009618275
1473122695
840469669551124480
986297253701804033
1052596175784865792
61841955
50088781
36355351
962727019908759553
825340509426159616
1047811585773694976
2549286702
732952291
4829838821
1040197609485422592
563920119
263484892
999689763589447680
3309806887
3050280361
2709026210
524435843
414459679
3581748374
987315371131785217
3257336870
285165232
3061255931
869967036239228928
996930309458350081
4880810369
2331174223
8539242
948167443880513536
735842688201830401
761582960462094336
994628226126303233
3178490905
1010190992643887104
68765178
899579928252829696
857393640821456896
824012442
2944363304
2382046309
702991595482832896
4310864428
899718992549601280
1003779860420911104
2766583082
3500849541
180551057
487833518
174167162
2998429991
539977167
44162011
40786192
18710600
821941410
224244250
850434373367218176
574512983
425733656
851651292120272900
122436018
120246693
718888154
392350277
260971119
278010322
32431468
55266192
21754399
257664900
202367186
978916026028101632
3376197045
848840875996307456
2296172906
1264469215
944345845
907838176299032576
831602498150465537
476450172
996065556812857344
888228629955710976
803969372314333185
865621120350683137
1927373202
967520795260895232
878785026
216896461
198496513
1669843236
114351565
726148460492128256
1031474244
19491410
294155891
75113288
918227440086016000
3084188897
223603030
223529798
786153269009670148
3218852734
2300358492
799682812513288192
725702374556327937
46980855
397912882
743161638371500032
355193676
3255814207
627841274
4876659982
4138117157
928330431958839297
107391777
19767193
1529910914
138580724
2182642586
2342769584
303488599
19267482
2761419799
823621247279894528
2154127088
613915229
285828868
3294003955
295792623
30328053
534819952
1276589670
17909053
23615586
167912446
130365207
112317404
291832017
61815583
723088639194877952
298029693
4827484242
87715935
778208387754582018
177502839
1097934120
519697310
3420493167
775350837321359360
2158449041
106676915
76239482
35361443
1344488990
15862891
852039852
3177248840
3110777490
3059523035
2882661921
2872765794
2696614112
2565249656
114276080
463909403
4193518872
1494413701
768820779261669376
45820838
748512453324070912
1098398281
3245710776
716186922452979712
416871524
763756757818540032
1465543088
1350968107
832757934
2815388353
22708797
634348587
370022040
47399897
1344951
3431625147
2363233376
2557139228
18721290
3635872333
586542197
173195708
3160129578
2178882488
2293619971
979427162
189118752
3142198312
2990459828
4873530520
3234601428
