821344364983185408
263681627
957072992432939008
808869738
724559537793953793
2945881296
903012087877832708
903864056687214592
1007076204308979712
1959171672
215408365
365473506
861301893141852160
493213859
839423767529078785
120884070
612253780
1123639140
805869132
628046813
1343954288
45995399
744029209559961600
1534561818
247667083
404943654
754662884886585344
556718975
168546835
905379128538423297
185437981
1453874412
136453638
129379484
3193096226
882320796
905425983762710528
4320298043
902562364150730752
880582645658333184
591909084
890234292374306816
900116025630269440
42769914
877653259703336960
1917419322
27847230
338317842
3866705320
262136237
745370280168660992
857949869255929856
815750087192219648
177996143
800724295945064448
114401630
799837822970687488
878797028632911874
98938305
311741990
894375340696420353
869584403739156480
281158791
907357176359825408
3577216032
899292609193095169
746518634495827968
116295404
323962595
385675858
121800343
901052697054519297
902553484641361921
551026217
22707295
2722812753
1080385951
48359117
790751239688458240
900075627453272064
970991341554618368
810810064630059008
20517973
948391038242164737
19421571
3309538600
228411537
97684697
55832374
822402492000563200
2467920806
2627878727
949736130
432014523
908367204
2573858514
4612900395
880653151006806017
758293492695171072
1683133376
899755477432586242
901373592444833792
881476963810115584
878022296241397760
902647529451466752
1868809964
202374003
895968753841786880
283617432
292300630
185591829
2739086619
275781235
897517426560163840
2437421676
64935312
873207252370563074
298213712
744584800556711936
860041363731206144
394288301
1959270391
992191381144825856
30526307
1030264382067011584
973648206105055234
2563769533
438772320
373794969
452890251
886385764153602048
883195553424736260
865707881072558080
960896265641971713
2504699319
3462302535
2404384842
950667950
119219890
7011562
895013068283006979
715850854943866881
3243751863
471211221
389847727
3625423214
40250577
442976290
702938278467641344
901627311983878144
887597261655388161
3529703592
3089872344
3310492515
102935524
40069514
868941922697707529
809245833694760964
3797079623
3220863529
3116145937
201739448
827366553091846144
833391652689440768
899077087008497664
809491042701602816
731847539067129857
2202222554
900378911556620288
890588056620851201
728110634743697408
898892510285750272
864559187182977024
22133128
712501426728009728
770686501709500416
35401039
898249701077782528
899534663328432132
26037137
1125546486
842701441781370880
897522783319674881
571207675
883443210680504320
852377888582127617
833080322979950592
898101736774258688
347166481
948314498
21718705
3395865213
260076321
440290384
825028537
466050389
4064199963
3377987176
2814326381
14152544
636550474
304660990
1155316176
325061017
19684826
2801652369
764092098203127809
220665241
127050469
571224644
791764764481490944
724522875433177088
497576314
154482836
859539020841439232
3318198959
2584329848
233576999
2191938626
595057453
732643686467571712
32823557
321269597
1532297162
2855085371
768876091276664832
4892673328
340298107
2513023153
760210372888563712
1534868305
730894221507481601
77592608
727897768824573953
748056200164552705
895229227947008004
2429211083
26057259
279236417
779680516727603200
895376930815578112
130653300
611793431
2716650047
4157807182
26962875
18844876
2459801050
19985855
232298798
719386024
559773723
73122444
783630873967075328
43862456
1600804784
341574714
92920360
3839835554
473754345
788195229262155776
487883238
3055122130
292993722
52826913
2492873816
2994951365
39743331
43444862
25178673
210877614
1345356721
873897192
54051341
93654731
539242169
344903673
720418549
850463401243533312
332022390
1708416505
137802116
774878589137383424
268009495
702294793712349185
736187340750721025
717776812403724289
1106494651
4911254153
3233369758
439174793
19672399
780722634
465951852
74506860
324910195
22275305
771643591
2380038870
1869115328
457803086
891741743661625344
3231030785
221858820
760461884160114689
894486646355316736
883379843701776384
218143598
2968246563
895037119068078080
242804983
39709597
1073589092
269384530
763269627740876800
817401961880453122
455179917
709809136192647168
14640553
955377506
16426698
4560351706
819530141114187776
1903392932
2686628156
713759539766558720
27943022
870412180914491393
893421860360249344
891981609255096322
10800932
3180407627
832356744
402663280
841520521
14749394
813096487538360320
3243015000
894349073234489344
49404759
863075599526612993
18519395
760246666741977089
124945570
740685530
817592180952834048
708668314088771584
4762596856
3096292230
274782243
13313512
2546663913
3101949927
3226354774
168851290
1070570834
2236520198
531316819
24733117
786242801663029248
338434173
3157470528
885465892787822593
819533530820734976
893080968059387904
18912896
2851643973
148726759
1855301756
314798547
218378825
2990887349
4870790044
889856592434298880
2781419645
3026951149
3271165008
43104708
96105040
71610175
2958209962
2213331032
1724039509
554735418
18453066
116689454
924768894
43843015
1601610973
4743423140
28541977
1163760667
2815864226
273793069
257712246
221077288
1946219659
1485435367
188066062
2707097522
765206378063466497
1343028216
788406625157652480
211405765
705129162781159426
1770458365
24764205
727167120
2837515931
113518999
88014291
332196749
1079142212
284749336
774776339513704449
776320042661281792
1356704839
1105118478
1725198458
2782139432
1458278131
343739228
167714399
764879952
17690377
781303212
100870105
281737150
1566751266
708332149770952704
843075703365091328
2935579594
19453673
222509228
778612705288654848
861606087774044161
2861213608
20944281
38659798
98573033
753429563821076481
816641094616236032
269582088
524307591
874631631860101120
1222961526
1566051103
501992894
807761838100348933
131909955
15695513
720323328880308224
816759058204004352
893734339460161537
888504973578862592
1852416469
1645072988
850060254402547712
103100548
43994591
822847236786843649
790678418362884096
47425988
713258929317392384
3903307033
24934378
4804456626
3296455956
252544081
49718916
1054761985
874770302525292544
313178937
267876456
313533978
53130102
978093139
875574403064406021
91979326
1365778218
23299675
85051333
174618314
817796582489853952
627627148
4892078315
844890006590291970
2808901036
745369369778262016
395626703
104944845
3060306652
123871178
888895981470834688
40813710
871796003334234112
1000473102
462864933
891480899057061889
183405356
998702201882136576
814680595074838528
381424924
206975330
67620829
231136048
247410313
3310131209
745446241752981505
935056891
893162171307368448
21229121
843629515356233728
830645708210401283
702918223
2870425605
173338925
2848167625
23038759
3191916761
124480589
219983463
726173181929627648
421355056
34155255
311545137
3274470960
4881519310
16060248
105749720
3030909573
1942373090
35767916
97699126
333790862
102990478
2968484694
3292168102
707674353564041216
262968243
2386078070
740595126
4230904648
771088952010964992
209831928
819104540310073346
742623200010338304
839626765517598720
2567416699
892748590120087552
822314286445801472
2556358842
275489540
3488072477
1625680400
110356007
1345234189
171201383
25628146
806180952011587584
2152634924
3191944942
812408815694049280
785250365814046721
2684397283
1916051580
295543564
2467794883
2728381904
747801554095316992
1350087181
446572967
742414550650195968
121046352
4918334000
38976017
88295999
62828176
994609879355678721
2254679425
998874670505103360
741305539154579457
1219673701
16734115
136320916
4785838337
707519896620552192
1950346866
68022793
713072892330774528
944727093904052225
141627220
3053132365
4734878113
820432022443327488
3394637921
3139137441
263491645
120268326
2828984503
974652218161823748
592799622
902831028477116416
982081812645036032
804328531580899328
732748319961686016
819356300303826946
61976454
767100306526183424
927502130692415488
953511096337416192
299186353
266315980
996162341682237447
835920620986712064
1477986710
995327392326569986
805076377
1341462944
1401752581
43838784
47823617
207509296
2433805362
3393939472
212892381
973032699123310592
3307571140
966732778514546689
877941131832471552
3134382748
913688314569306112
1008509845861892096
977922815822319616
450313300
893387457667792896
903980818309242880
302120176
955345689562595328
471743154
953366790972751872
33556082
1383132374
60289921
934050593378832385
2262134150
605957473
732191943233576960
1876927219
3228372947
781016386151809024
817199069940457472
877030832040538112
711769173374816257
102485573
2352756458
3330266866
4690776254
3897732881
969522286029131776
2896675593
947862084007669761
860652991849918464
966069167655931906
842972762952089600
564003030
2289859032
793188340296069120
19775550
830840717740216320
969984636775469056
816021710692564992
888482418
267668148
58902971
958097895105773569
969836766508265472
382350537
105097718
904857515501936640
753256492699095040
914141617757544448
2364834781
276781146
346007034
1915070970
430572833
3135402598
288822754
701476706
881192966995546113
5923092
2857168642
960187746995392512
158886273
2335810825
951960816344952832
942859114161561600
978461444604940288
2788495887
951092127659737094
942174124394340352
2758326575
1257645007
4700737041
918100818255056896
947005221615603712
798836455875301378
43555180
2291211846
1944297588
4448893401
933067422382379009
780455585221316608
594990243
701714131464884224
884702335552937984
712368568009158656
764576076391743488
939140734741041152
54766238
57475868
51939717
779035581066076160
966427362140282880
2260536227
1431359448
3388331092
459542356
860055529112166400
21298340
86550429
758012142117347332
346647834
711886484538839040
903023966226268160
15377434
1093119696
418579847
69851721
947211567006961664
967045133534420992
964227995006324736
929680509499670528
931866611354669059
965080694106894336
462305935
965347428919533568
965361295661793280
963459392074022912
963568873818808322
707085532044472320
4674981194
752178481023242240
414885023
923760924921442304
959811048927883265
182623343
625414589
961441827818586112
319949532
44530159
2506422357
1172673721
866965661234470912
847226814640472065
961981836913270786
853615111906500608
962422549027147777
37241068
418108397
400923094
377001711
958148647551512576
961316358351925249
230893264
735136951775440896
2884135961
821192116739198977
961455744187973632
924749849655955458
399306351
526834807
854350148
2456019144
814612208441180161
125753136
882875311624515584
959839291399655425
957610679380463618
957035972943892481
888905420059942913
3386933535
947060839487496192
995966845
4842845505
579325086
122017304
958800049986777088
3365848043
958318365747109889
936899446473756672
826749125953744896
3246049233
817295352420241408
300204830
717721560811896832
3408335811
21015550
733705814
30929588
957846492856795136
2808341176
920996452788264960
1890786241
468417203
19655568
39844895
2927076296
739027064754307072
194308682
572918424
224614714
900608796715659264
146494892
1449652310
2689023499
847868208572801024
887497628451192832
23122257
617246088
719924654215938048
1595585814
956318095252996096
952894628730167296
708285900522983424
41235911
744117689342435333
703036848
935565444399927296
957260759414681600
955157343129538561
931851266225049600
3366472919
52687497
860453558776410112
45104082
901703629
3101613139
3416153772
248424649
535803749
2942323255
904363645
935490462
948923914595504129
1451890322
539843169
757220862630199296
749696148185739264
770734739007438849
350804336
4017130475
3345759503
216491009
833338815330844672
905441907840561154
2734739682
988853156825055233
1027084724
2773820450
3097038881
526707382
3253877410
864221304857255936
835978597047271424
1610226432
2303090588
955112199982284800
463982780
190149987
596468339
772581784311640064
206756207
585831769
961680166866116608
905528713252614145
110409914
775819792964018176
369757927
975847821332037632
779306848021250048
760327373103374336
1917123181
983636319481090049
217147630
728361749116796928
2731818561
868651434375389184
895930411846701057
631427678
234052258
989823691151282182
749870604954861568
2883605588
2363209602
331942800
967059394012860417
3437033241
613088520
143458688
145184044
98763982
141682214
595827319
31215916
218246836
614186998
3408938183
964500221702168576
4908819720
2155397520
2402739455
80171284
546868223
14800131
1521622686
2343557711
150823066
2839097517
24639297
2354614351
839498363385098240
956765861536088064
3044561141
278551657
2273515344
771238265517056001
243660805
23749162
23355548
9129292
250832574
2966719499
1410789368
608387964
734303468282904576
2759876668
215119502
787749519052173312
2151733550
718899974029885441
3437171500
351915377
1273472172
814925120800223232
14671775
40192977
3079996295
204527409
446469069
4829364599
558016516
905633590842679296
904448874164756480
128241798
452494370
318132671
944658974053412866
941763527051825152
943211481063096324
941415910350483456
945783348906967040
896340322426421248
57068149
912107797910773760
1318907544
1352860375
2723090422
36364052
896436985983840256
834385363405778948
944234279155961856
24790214
2984316327
2260321707
946798894561878017
946876486199386112
548651909
726213853097414657
799387823837057024
944370459050614785
941665365385465856
806531203914498048
842444870
2724508139
703963700491780096
64729524
108734380
82141994
2716005513
765873981153050624
931925733026484225
571244007
144583592
797472348
323475660
467222553
936986281917276160
938907529102446592
474054440
837406115935711232
916327431710969856
963262460
777967624529518594
178495010
843577856286474240
2262973530
104109501
1338536928
842104510168367107
224411131
880387805012254721
243729782
935660063640956928
943640210398760960
948303760891228160
1099843922
734716891537788929
906947382553796609
904834118
789117430362738688
949593318933004289
928305948564668416
325638555
946037814776532992
615686887
1633697954
949536462193672192
949831153367896065
942625965670199296
935944977057755136
874997820239093760
912822392837361665
2748227159
948986109027008512
938019506
946925590631682050
950298260043857926
906812079989981184
461883336
1684471020
237726869
832415039252344832
148754754
2693177966
949014181268869120
950777462740299776
949617078625095685
925318692874964993
24456036
36024208
2227335866
20767206
877947892463538176
3622251449
525701749
822227596641521664
865130271586340864
1076821260
1337519508
948525403504816128
892274681520193536
804479746201489408
239664919
3301960962
943517165407178753
332056957
17532498
948813340922429445
68742856
947220923744169984
177970598
148102149
3698064496
4743222288
556118417
932311644
438004703
343629100
327839085
910832172310949888
757146188172886017
100683925
963238016457347072
795766246192992256
864439622222401536
14242585
870769769053421569
17361774
3327420822
125039797
581224010
186517527
771539605770244096
862023125705379840
218112316
968525273649082368
867240896613539841
969261359887200257
1913759978
443216455
2244939132
195387753
950901781541695488
828343811139043329
2691485114
2382375072
471066365
4799173407
836793132272467969
3369829978
749311037388648448
18453558
273159444
260199731
42199002
776430264453042176
1082762234
2310553686
335195929
2717643128
2654647778
17292287
461385172
305289934
2372518795
1565282828
36145219
1553025890
2875602532
19231681
898306340
245039561
114168165
3398285578
73952543
3234175286
3319966978
1509484514
795985275965022211
2765512121
2809090109
139498829
65542076
233213435
493480168
3380356329
268591099
369120751
16809523
527885749
919268946158739456
801891884171935745
241088393
317916069
962371651680833536
31541414
416119314
179926879
174753734
970492653904302080
2479089538
2771731690
3612930257
272739383
110456679
3227451010
629787495
624223481
3266987497
1161499141
2219809952
150765559
3959418797
3494611577
945797015480487936
30500232
958334190612877312
3288466779
64516414
553396754
487317880
1597034924
41084938
263619822
756735956447887360
1326416336
18565896
38140909
755020160
20163447
708957549853278209
580234481
794866047664947204
1173420590
2862361379
603290545
2789721929
306389175
713046276242350080
85434272
166106174
4442494815
348375038
2955481391
2876840032
249125726
1647818779
2827747267
957220875433996288
904714249968201731
2780970121
4008584489
3314644105
899225890550235136
966014332072026113
872766582816206848
939742149691703296
1635703656
2210874168
2389387147
54888223
23617416
694908306297593864
4386922654
848290453229379585
293754475
902450567393529857
332486049
722618840371372037
947129353711779840
782891392565669888
718824007139725312
800695247957151744
965366413627154432
28043453
282616082
2277959413
408573981
16069112
978966661
714544669041016832
2331044448
506007359
2193578047
930906609919852545
79073255
740019175
960472896622784515
739558109325066240
392929646
970549063832784896
948163521736458240
958685010810335232
736701397798932481
961496594683219985
294765709
146614001
763676898
736304417507577856
29421612
866760359587262464
4405071616
20649742
34255699
3379679950
728286114
414748812
730163626326298624
1464607573
3335493898
2597697199
26990725
374438999
19174497
282433517
257105141
118162598
275973935
893246835736940544
2680460527
165605221
187979797
71562732
1733169745
562419621
277416660
3080279458
2327410734
885253907777290242
1079031210
132293337
2272459596
946473565
792387299849998337
157395580
3312598023
4838613767
89522224
862766078275047424
28699628
376618077
3608836816
108324875
7888482
97282922
605822682
191385278
306135118
889626956
90286816
48579100
746236470684311552
1072783998
710287369321119744
960832142916890624
1905003583
3311139670
791679762
2411816269
2336663529
899365863920476161
132672132
2247028782
748506994202525696
12514282
942011611220504576
212086881
2786285108
2216377507
10848982
188529827
553003420
268161287
216703819
801168775
781812850859868160
2846853111
884664313465552897
516008602
735622361660018688
320948918
961069333442125824
1050787502
824479903475134465
249944444
1168616886
969008101578874880
3371503264
715110755410948100
969948312810999808
475533565
3429313264
75873468
819939478911520772
825816952656560129
570844245
1480793666
911155444151984128
957944096
1471268754
953283007
336499997
775684711939211264
865489577246470144
881328708648402944
563301375
830055147258654721
898640483400003584
1468388028
1253264389
2445565846
305334714
1391992974
68109869
936526412168736768
934126523677839364
932939504687702016
429523705
3310951723
762363985
527626907
313557683
926847848188203013
908013102960140288
2923560151
306732505
4419959296
2345787052
708818753832816641
933157299090280448
3369207424
950919543676809216
575590882
4292537592
924236459669721088
450904124
1917961052
2526384311
2935416411
14638490
2511263655
776818237736640513
434397425
424066678
142445186
455653134
928950749526155269
44959505
23922327
905003391570595841
895697202672271360
1845494486
22698156
473690268
936950595629518848
372774814
2489668380
934130594459643904
545743023
740702686962581504
20711749
168551394
1638517201
1266874316
28986608
37843808
4180780300
3409249300
29857464
405504860
151449015
111408445
19288813
4134198567
177972214
397586449
746693583328120833
2752588498
346468730
2405119118
281260988
192255151
1255475023
106469991
713123197265264640
782556137874915328
222730183
322226692
360402736
805067975380312065
2274769858
74259655
4499382678
783828447877398529
1584555998
719610400677957632
336628582
232190749
1671008018
843398486091534336
461957191
157903156
195057759
34271780
1340676012
800357989437685761
83664244
269889139
3012946329
2149107983
18873868
879917970
4152806422
451389862
1878417752
445996563
780813378172260352
953231248394211329
771809580905013248
1519438244
776441574498656256
83837868
3841175609
883065480935862272
200381071
963848037914177537
3288947242
53680403
386365833
298175098
621775117
227117422
1689456596
1324959596
482158094
840005889058832384
955832125617401857
1321273615
211904563
961661405580742657
130048793
964236800700092416
49190009
857778359484338176
3353089239
851845243125329921
2296384575
747577558812794881
961964711720910848
237634875
910942337622265857
2507774258
246428646
350653367
831128921542377472
261264229
2667741367
2971412128
794779062522834944
25569171
10733192
23827663
2543529938
500456110
27690576
74884212
2739059557
705421155021225984
35036813
452674319
725092279
807058357
920368151069646851
958729147408310272
954585934254637056
1003646461
719762563878285312
734821255
738810765528969217
195364030
595009255
4524851481
702789133635289092
353237169
162137821
772227130524479488
859705280
4786840342
774297385774219265
946070843909480448
914562025870721024
832967925078323200
117528909
22317556
1695055224
428479853
936614630964817921
620297304
3031052802
48288829
36329776
3145019777
745611048493977601
1568943824
473109100
940738874120310784
2296062121
1386191677
740645479248220160
1338752395
1351716577
22687713
1080911354
896929873775779841
1426400280
3030713530
22577314
23418551
1645933195
571052730
970160964
554835606
1694288876
208105850
906025052272918528
3152717811
149687962
937902902873554945
2149845540
302599903
4026561553
66890851
825447666544943105
1251270067
14947107
216542215
38789116
933893458904752128
143084456
188122471
1549994942
702210367842336768
719252368920035328
394121822
1654065872
959166145382240256
104520976
480700492
224033486
2770989722
298701445
1329523752
27462827
2779157890
3004133893
848787994295377920
3642163754
828176053910765568
1376975449
941026499842465792
202643969
2823618194
2224115181
61087666
867862861
1132383932
341618014
763892778069741568
921268100
1729930142
753236328360312832
199914171
410336303
871452042
511863763
1329437094
747495693309247488
886619901879832584
2196756474
808891290142306304
4622423956
2858171982
745308775964344324
49518404
953153867075768320
830722102277795843
77870972
956325473885200384
953616839413813250
3146596575
3122308136
1373620411
3005989411
3114696020
911827872
71877905
241026905
125587650
807124050
1702659487
29705764
923521177
73201526
410849196
749620754598105088
2870917845
751419012
233580282
31542148
943358903290654720
950022204497920003
2960763472
738195476357480448
2396498743
834522140
845796297433124865
2860869671
957643333165375488
794299251253723136
3806975836
35284607
3777711856
820905624133308416
869870008628891648
2640614380
50372538
2341139364
1431952093
1527598536
955088743119106054
199964045
16478389
4642889774
595267886
16454051
359253700
3717620712
101504021
19624059
885710368055623680
917395575934537730
956278853533667335
729446946633568256
765491743101972481
2970236501
226734890
4347804194
715907352147439616
1412962238
762553158
363347450
914099073069846528
2312902755
362126121
2445839868
709597993
27532043
242249997
262067363
298592330
286349282
2776064261
204997855
1046113574
2956650433
407111444
901124083764658176
3902657603
948225572005711872
4816020353
420520081
827173551430127616
720873147088506881
468014444
270312969
747817655562801152
3295642880
824946553
231530817
2743729803
845027102801973248
407962620
76427601
892842642102509568
4824038918
809337964887232516
842416490376777736
798024938925924352
47806130
1398300060
38272228
579706524
581389311
760280493870882816
22120665
3173128648
33191848
768477653544398848
542143434
24289340
316398182
844522323189346305
102063911
220738749
3589620737
555136170
742880572058439680
757203739
851255742
813088950034333696
718200706474315777
716027929512296449
1295516917
775271563402874881
798257948992618497
877615637220270080
254185468
556594044
755108584770433025
3017739450
523420200
2515089664
68724971
171584096
1564742299
2363126492
858005674915180552
50835063
943668061
877838538078908417
1445771606
584226036
2397132581
1056597756
916301089611403269
869490083874963456
16816972
808309544652771328
458665577
571697834
14130818
828071500146110464
838843146716983297
370069146
2204864342
20481139
906238695170351104
949973902599639040
596726070
793620043
912665713491550209
2990598194
27397922
1053413540
1276197295
815228695166275584
704181782921486336
80899376
19290986
309228963
887606852438990848
22877893
785809149850365952
2583350124
23851404
3801230063
767599006922924032
490864270
258977279
1747879526
494944536
507219032
2741674654
565301643
866989478459650048
1726571773
933560439228710913
877340441359728640
855166373084921865
57874555
189503920
4826866857
747112158056546305
187297734
781194709
607141036
17569612
119212353
867140444
43061572
3374137121
2231854502
124532299
2433552594
4120272562
4134343955
424737758
567978812
300916936
819599767617597441
1099985689
1243946023
498805361
466894623
49368650
192212121
733049482925985794
3303154469
942086826239713280
1191927020
2805479319
193602335
946686500
784923649472094210
226537605
3295439199
254152377
1278292225
4528696114
779428157212528640
947375471838105600
917704800334176257
47165425
873187526634336261
796394294005219328
822632272167862273
805543699471962116
758608389698097152
2660156642
12676512
45110616
808330628231995392
885214128868139008
537445959
877724984746979328
881988736770334720
896488776809291780
175074049
870113427779457024
1182451392
2999324973
830251268312403969
854330321583603712
824957997394849793
17751978
584570512
67348565
806953506493956096
193206270
317810648
408447864
773334734
4872782548
703285199522668544
3064612912
804886293926789121
22836408
261226885
748786742388404225
312705978
721621290096926720
308080051
869642987000786944
870037256538660864
233834598
154663998
512643117
1510230745
800214170
1241998693
730056968237371398
1215484250
910044637599059968
18420333
242383567
1068856742
912325041244790786
2931404345
758602202097287168
935593556831621121
780944955615408128
703401178072260609
941052062716002306
847264535161352192
615566756
760949907243098113
48067315
2170050756
216492052
354541047
890289895561990144
934729051922501632
61121967
417260827
891667803597615104
414709964
769543153829482496
904497512773324800
871784494176620545
865737751131545601
396735052
122933069
1315464986
783250854686195712
406483952
481926866
815575985835819008
764172355044188160
175326861
70829427
941355349696692224
876564825756712960
24673621
864933027587207168
2954167529
564200318
4144043908
856646311134801920
2886832201
154202913
749689593210015746
817758852351463424
358956885
267859353
177258200
763607902946856960
79813496
813067077045075968
1644775668
843135629638680576
15278293
3302912409
115842096
2624851341
172671289
808676511880511488
31310232
359759130
1453123500
822959331712831488
1210679017
785117908103987200
822577623301836800
55375197
27858104
460954959
1917283398
2891904027
1335463908
16546487
2890578107
39175416
27180324
168255346
2193060880
780028579593621504
877449794511405056
850985389590556672
261349789
481543974
1904869032
18333354
849391143985041413
920725775749443585
908839753809895424
23402755
865199776765288448
926593456973275141
3127812492
59080032
775260641808490496
595744246
18254101
1046630466
728280361667600384
804551478849503232
892369658220859392
58861344
827213930942623744
21288878
1048765417
425291963
38208912
585131783
3313658245
425268493
867391954576977920
740549483931537409
910717409127833601
351589772
715209107729330176
708346486988410885
2414874539
881799676399407104
465618939
2371988995
2747371538
103544607
2997789394
768128890371993600
796742455555145728
80331437
963740924
810605479399452672
806465530798501888
325910616
4714199929
3938214077
57690863
836247374553047040
902851051
2654665995
928621083527471104
66517388
352376804
3128548885
556017622
81072517
4776083937
169975467
2525601571
4884657635
866799740
758430481406758916
761109249602617344
2595578154
884278026191552512
540119392
238721781
4622096295
761548191959441408
918616785603108864
589400275
830870946005315584
3538034062
802617825277911040
61736731
713721447382917121
90266948
569190347
742473672368214016
154266844
869277488
355458302
727200287291768832
1079911297
1066912680
81490911
54042904
238132499
2761183520
60840932
1129530978
52527662
109441206
3247993823
14116183
18099202
970627452
906872788987924480
454079734
448974596
97541887
2596467997
1401079442
725860118097698816
862350633990590465
188741287
2189523500
38917331
2916395070
822060714080636931
1590099043
18781933
808644371235164160
2313341894
41847422
356756279
49835260
3385176093
167163374
194940707
4605113535
747094182041378816
3218868310
715177818934611968
830130885106221056
4144410436
233949365
55568873
378679965
902981610076823557
28191537
20197657
2722199248
944088806
804673695017037829
2525379424
177890263
4904714206
21666641
1015729890
966753031
1316611314
3515834782
226623912
298710778
857124590
817774571403284480
457635895
1610179501
4470633014
876745740701315072
63884692
1304220170
25353496
727469302002143232
117504361
846008288865062912
806950840493690880
338310547
539029763
902120481133916160
122475762
58943990
43374950
151160533
207556133
1033434985
143904144
626566260
882693892218531841
782877896289300481
532483442
2387947535
4892685173
222397298
2558548092
910585374640099329
974637030
976911043
1125769999
1063304850
251328294
4821603273
50383160
829739096859873280
2513450570
705190662350741504
895314638132400128
268413875
2342299374
1072858310
796834612416811009
47918752
2801255432
2539624029
2255933209
761853846758891520
724932706476412929
2167585616
460476937
1208928074
31467003
78966351
792374882654834689
314935651
733977199
103275606
382563169
25488969
830176660829806592
1068864510
740907392653746176
1407484736
2492585996
1861741392
451628333
1096400881
930346555793657856
822271686162739200
2469481970
3433444953
836613238523584517
242465772
162288310
14208253
1538898324
3230889465
779336031871070208
21703958
45161114
211220897
822444348977463296
812619192
868943916451721216
235172442
63452801
873158262241275904
282429879
41257107
587510698
3074324636
3242318146
1689420877
1342787064
465850116
901159954643431424
28086548
297794532
844136528146132992
509575214
572861324
148846020
910625668240691200
907397787465089024
36908048
793661047676821504
2766385911
4484227228
219270908
20868283
878577099816161280
827933693792702464
602406823
784142218453983232
561116111
1879578260
1426710036
4838972504
271056619
169525894
381806169
23769223
157876270
786675308032356354
4871565369
3058359926
775167229755285504
620396481
727638833773330432
927075737122820096
2355793627
3673134077
1251635623
842378744
1943546210
381413931
738366126
849938369157136384
2942723811
336637208
340977799
751479974897524737
368813227
864941792835383298
49618611
271532121
1063740204
19582133
878650598043856899
2474322452
22678003
3118227303
510387977
1858395666
4190053767
727197341065863168
2497209325
29621447
727107026
3533636957
25927028
697462613651763200
129085664
436994250
3088043054
33237447
808252019467309058
482262026
716619342448726017
378333940
4178848402
331242432
2933988802
65726219
3537575114
878046547497414656
59857464
2271590567
835202300595548161
759228052211720192
899879430
711795222842380288
27103505
28207516
62322497
79131899
575243181
2902526831
399589706
609531717
879958676
893754357447090177
49794620
789225875480809472
851403149835423744
329855375
133233709
354805177
755277420
371668553
460896927
1260183728
99270060
976568148
876674787115925504
108829833
1241074652
826403214014701571
69180348
881521390817603584
388125509
23102456
3174913892
141938077
59153215
914133450445246466
872630911677992961
59704231
519373726
132550968
3958240768
24210446
908792353661562880
110005077
61604697
20794676
3138311636
2993751669
1026536220
198297977
18432755
1921285249
901092982052532228
914821410153025536
47800280
859148766842150912
1004982630
2804542521
159626560
2938170052
781704655722119168
1215445963
700589202195484673
2527062176
3063762394
850788149634748416
68149704
211344328
2558839177
16420692
14330245
936401
4212958755
42719310
3307368537
192576405
2916915877
761315313883418624
2972979940
1325205506
631959902
614621413
735093058862190593
3000964616
3254852710
789853899616358400
2612331674
833851086809210881
3376413267
277529353
168519569
109900539
260920729
1417361731
1167211454
22377058
34139741
1076405024
855918582047395840
53674617
134581925
1254460674
4738994067
268811553
891414164991877126
804189141986578432
1556106564
893900153857421313
905530314
128015210
1106924412
266868421
23426046
3065536567
735147193154207744
457814130
820709569760546817
331120067
226271789
170004915
298747247
319948250
330990542
480309357
166119314
1917917658
155743508
832616065259614209
42721187
876403544819208192
4863017355
1138006488
801054679505440768
148522807
863291653204869120
59833562
193459739
1553122327
2716850508
2849380923
2748302366
155513089
2798916533
1055197866
4856566870
758754585007755265
401677625
911051053
803037720
2903630711
851747099570044929
321692337
3228065638
2379430261
797008374332321792
808335006519037956
3654272119
879599368260599810
308778581
498691438
3093642227
384238272
1208688576
87867337
1730032297
603903896
774413948011413504
872397504
900577772
179231938
127182774
445452143
70144895
34663425
878954832018722816
471150546
3086343870
1891927825
744608264558678017
1047444853
129530393
29689643
2875794672
17540746
1660331880
751674061
136295895
331804396
738253002
233500080
21847238
260849317
719929340
83420146
851833037553795076
2488627392
1538045305
276623056
52979010
544235469
446209679
15810688
573919591
304138449
2644269548
870769198758109184
815500337851338752
44323226
895676940
733928900573732864
60625744
865603736676311040
864980551526227968
2505462445
16025958
906588837417308160
726738027586920448
106973589
104178344
263691967
1069952203
862774661603618816
861221218816577536
170398584
438638330
633310212
2397703977
774041620559822848
61538001
717726650079817728
870252336320524288
785844610404904960
262558584
735624883
1287360558
115442816
429518085
263510773
141529750
115133890
700680024379133952
778058112
776430344841101312
2813421654
141771984
321881737
813874155523280896
823497751
636415876
214673436
818443335509671938
999889490
183334562
3294342070
831792023761981441
76919759
315142269
308684528
2736241034
758729592672653312
3311054952
721557104092274688
344745725
3098349912
3165054298
1237660087
14246913
964487905
4772036664
893117569208635392
527330521
2801970799
885336747281743872
357008489
883946452338196480
875083667349131265
407145530
887437316247179264
14485447
8393412
2427845098
854660530916773888
94338433
716597632915922944
709814798297473024
718196783000743937
2912362011
53370618
628651748
335298472
2428828968
3459045268
89680422
2257677157
3121646975
884980652
265653680
1214448264
1064411137
2219797765
1186481557
24924574
848591592
845801306
1242650311
1209684721
1540714818
353278974
3313222987
355102276
795793977073135616
816019054607613952
144805047
371322485
335639878
3003442091
1250006042
1401479592
357528742
608033428
2795520523
164573983
43897235
1229703145
3312968289
458754276
306477390
864501929103249408
111661126
3179141643
18698555
4821440349
86492546
220860932
96130767
783937220122206208
854701267771428867
787278774752649216
198166630
33170847
16369341
699638932825313280
768163347552428032
26133036
84652236
718213232
1249981434
237052428
232678279
250898158
82099158
21415760
4098972167
102592105
22288812
23739291
414010437
753990866193227777
3400361654
130898986
20550442
721263993
123877985
2236635566
560599897
350050468
2999238655
63760355
75867061
94195346
2683958487
176922885
22756089
844929213463453697
893529337437224960
3374619071
30833694
17477817
529623923
798666202511855616
49041817
87411160
800732231870226433
724175947541450752
150823766
877476901039857664
557702431
399437954
3093115852
448950233
345121911
468228629
302674924
152329468
861120158584254464
850765289641963522
752540675829338112
506295740
2189056412
61768027
1897633855
745882690495348738
703952651
740527558454849536
937019478
840369700022415362
1680710760
29285944
851507454642978818
719637459794051073
858760555607326721
48704175
1257450020
1656583890
3199125603
40643554
32475365
1962846726
548731275
257130991
1398344725
567498543
1542316734
20314473
1364870030
788369293159256064
228820312
798965268580077568
21680779
2183157342
732584706219335682
21559695
372770026
775758436638285824
58794724
620818355
112938089
391383292
1678950835
606574044
3228510977
57307729
709339174806163456
3223276734
259953414
2726367260
4871004532
1929580632
182160038
890704477346463746
612111900
2865560417
1220011465
3167508059
791307497860726784
436222021
719855202
16319097
166230161
19627782
831125175152365569
3018214791
109463821
19852125
100134125
21947445
106054068
2656108470
753505894277718020
867725442
886581135156948992
2892484043
3138486678
1538850878
75391683
351145265
592579961
21070914
152710859
452217552
16260659
495262075
818287490503233538
715621835677634560
1346350202
1098189744
2983926884
2824738975
2173828323
392183117
85629905
703046164
547955469
2631108347
1334929651
864856337007693824
538660461
34631113
2940343275
270105849
2253748658
2771564361
1115362668
27789999
349791769
75638085
80343780
600627490
610206321
15076583
729713946735824897
725232497634762752
2886596348
352668673
4348979896
380580769
148137121
717743431850676224
1244872921
707771294024994818
361345371
2530535551
297670709
848118200365613056
749635064661770240
1163218092
277814940
1246418208
838185645927456768
69852272
48834856
23067506
134070304
756168806012071936
4332913761
4858727007
2571884196
834117856266706944
1704475441
3696569182
256628571
2849446523
831459662268661760
173192702
243169127
569915255
211578215
600078140
217570670
721764949492690944
813417253219733504
405729703
85008170
190204625
802412763960123392
41466734
302475019
1669907222
44992826
1355255600
2883207484
1269200970
275342624
2196203671
411868856
802094482959269893
79063686
57307980
2846559443
22986777
61178533
17343681
28193311
289932498
4253303962
4145350697
783300195589251072
4143727053
835213468852711425
1373213456
799717341982441472
489412497
781411003997233152
337880290
729428808324005888
1090249945
880200491015262208
784410775402213377
78293556
871000801833046016
489655391
875071343573831682
2479879080
889164048725684227
3089400046
19526282
934976106
820029514164170753
77466700
833327095963086848
33840204
147037163
15874537
1332463345
877779342717276161
936323336
207353230
840439146
2228647812
83756656
2434088310
882979087714844675
703066824
1142269345
2271508668
3513552736
21353702
1493653669
835223723812728832
1022156810
2445613362
289161361
536153679
793461032362602496
233374633
4447312103
2981779588
3370860335
840977981564735488
850308555030892544
761721118986084352
31467839
1713876973
356178651
21565433
2451649196
138920849
2850717933
929321130
880750634676387840
132457068
51547721
1015029619
281475795
531307438
148902534
345566154
156913005
23531646
2424055129
379463237
351568078
256935708
256231810
351013650
1690296656
17929189
834009115072528384
220813784
131472597
53483207
3020510002
791972325700800512
216047551
867976992364167168
720033515639873542
797454342966034432
725732045985599489
706319484152369152
416954757
2726200776
22468582
101508321
2892129586
454303983
143838519
56840862
243674770
19019847
372805464
19063664
3465762317
785519736
790619103560105984
19860784
95580995
789581389
786264636396011523
2904873695
35166630
62441876
720585104821719041
604646149
333006842
4245331935
4874596585
2353071330
292601486
36892857
226575049
27424841
748259697904463873
720960302158909440
814454612270972928
2372263333
1106939419
2734163698
295368315
498725988
801377235299082240
3726935715
622039507
295790580
607413180
2245418471
234290105
24006528
611148327
253041632
1731108289
4407028720
373064710
2803733928
815677615830958080
4362722955
353903096
2894874689
2508322506
3048598943
832086687547265026
4838905005
847776833026367488
381416579
4892160363
339271775
430019208
2919811229
55764557
56359761
735749587353276417
58869220
2525853884
23751066
127801238
262155242
13805322
267942683
32566527
9231922
772755600086339584
813768679406047232
583607102
2799369430
41879260
299261194
734481109480701952
701477381
2886912825
796958126251479040
3247737177
1391452980
957412446
3977786409
2575563529
18725925
4430704582
77659974
396214595
809394873652703233
4794332488
216757092
78907618
579827183
857939379343560704
3055223735
741573492848611328
496525605
770310314
849470024
1502914604
432294867
2338024555
749542909507145728
389096411
2988155121
1216482482
77933310
318933231
298029714
243590575
1094907762
945457603
1077726026
878186357918756864
311361232
4272055046
724343958
854032289902276608
2583108223
86411563
2791788518
50571160
410650472
207733334
266505722
2429189266
700627128325267457
902035986
875663233738313728
1854836239
17692254
773340859303682049
292986815
2712737887
4853060830
4807368283
16883349
399548963
2233256256
2217544310
4452250709
631371319
542541559
787708455209476096
28781392
247510067
238254313
622255749
21280907
262208063
807604769460199424
330671747
45218255
88027226
190558607
437001042
371326461
188799739
852115035593867265
148344309
748952074138841088
578176953
127323519
26479396
2172120508
57752131
1407238416
3233925233
580207975
44130254
122897822
704329738312146945
2275775286
351995102
903953910
19831079
2905004046
3246346912
48471001
255621579
2155759051
739430105664086016
374824801
69483012
272133470
1242163406
1654057628
1602224485
746817857548345344
3422097363
252530414
801316456046665728
227229810
794183724673986560
128680191
278320774
770782345163055105
1558457893
136734371
156457354
712638875995348993
363803467
1395503150
2803867796
885379676
825403522996895744
123209449
370632676
32526677
14239441
264719240
371110135
2761463364
2677321880
568407721
47825185
271402384
379394639
334244533
330458651
4539030316
236479810
707654331982602240
2232924131
271581873
2531670653
773919303322271745
20968724
561558519
838619254530408449
535109915
102415827
743457829147795457
39070429
816368589414563840
578201537
317936494
25804115
763830071727493120
311677450
817160343675867137
753326818212581376
2546837940
486905995
876002226421981184
2567157065
593904072
46100120
53159776
526739736
4764419358
291526015
1767448542
185480874
707197958333337600
35441122
195874640
731165262834208768
739160001374212096
82561230
2792027215
486927177
14551365
373625100
36895457
33196806
33253174
3015227091
1599478428
84092587
3379156816
2766987736
170763654
3311223463
22038113
569348164
492429015
872144594800136192
788117787893911552
2233296888
956610254
20164653
3929252615
124592337
30410258
2365686348
336134499
20033722
1626325842
573042302
1702951195
179456304
820355810
499637850
19124171
767771985082478592
2434030901
575680212
20481891
265474421
21145243
4510851567
1036967461
3064435726
840965761162182658
942481518
13841812
261901970
189107137
1007034649
221718444
732584754210562048
87918018
827147650600488966
275715891
2319055141
1223074506
301850119
42995834
701576782
3302107361
3194877652
2222251922
864807212874649600
756651271210369025
62557359
2820061246
381233754
207096833
210862228
700406753654136836
45638064
2259762310
393674351
711362479
16331956
562485624
813993039219802112
712108524
21023375
3588926603
718031546
1905345254
770935822937911296
2480374538
3266138403
269902962
868375442067214336
3257953402
873208427585130496
433409513
775333062905389056
69640276
53952773
240792152
829383916738007043
128679707
3426311452
18686148
3442587746
3398538549
19018483
50604262
57282606
1904711442
2494349095
482989507
389972564
315219881
147508107
418150460
209992439
553358800
405483278
123337586
879500310
13983142
1133544980
2358454874
121167127
14449574
4077241761
2232715867
784843771
236089125
3302735151
3115349873
843889001413181441
414432378
800312861582995456
236456922
2154970795
4173657147
817151664431972352
427677094
324553433
1017963607
28180607
801141117555212288
143567506
21707108
2779621930
375814086
3360665687
958229828
2998209231
223263548
837310483245977600
706123898019049472
2464784505
457591803
2561392272
2425675627
781903563157045248
128370270
2831591
76684146
15924998
174297943
1103313828
836072814
836721050008313857
123336852
2695044294
415231233
2420791200
264934281
704784672954425344
801496513126006785
389599413
21191470
538711270
2194029233
24268426
272646434
457321980
521587657
1257158389
116676466
169670184
33220691
57923270
335463040
274600452
1713116346
381480932
330491622
61566329
469183353
61149653
68256895
122033106
119364625
274891222
330628183
821420877816463360
551392290
496090016
286888215
4864892085
830453466233462785
41083791
148305598
747884643081400324
2900421657
2846809907
167167918
71116364
326881423
1593295976
523554201
861549702327574528
471342135
2714606404
860583816909516801
117259272
51734146
912123126
469894215
18673918
160997939
99709934
3876731894
367090981
1105181126
74743684
4342659921
953217032
295320165
2440586125
840318725291147264
120163618
76444963
15800975
125674137
205776502
69519762
4082408847
35346943
1235200052
259975018
356936923
211809624
776969239
47419120
780623880
21178239
20716078
1338085675
798645129947021314
42965296
3409163409
271002403
161600345
81629030
733212700659093504
49670821
174241258
2380569092
310732129
53754378
941423916
2943798075
30899105
387593978
3236959305
2870596444
257967029
24956073
186291373
89715358
866708194512556032
515377561
777642736740622336
2560314596
2796564676
4218399309
827944764062445570
28383960
72593650
4832258992
821071798024355846
94684328
746117593539321858
3177406031
1661507528
30068057
893759190
81305154
41326943
69022693
921987152
747436971417559040
274744519
2272671541
258938789
2178754925
455696020
3341106220
2992397852
2296662734
3958513936
4496486734
315316761
24528253
2458470314
54667289
543094220
1479807128
441251850
2232607099
203412480
82463
16796078
784771562595573760
351623458
47769424
981200960
91144656
1419629526
3243502709
360488971
846398989213880322
83562045
494308899
284216755
3358459023
308723521
854341682585886720
359188534
852305933271093248
863505077037916161
73859575
1393131312
2865242560
122102181
706993895339663360
2690628133
4918010752
4326337463
770387304976375813
835517581368909825
752248946601385985
21215728
781771223407525888
2303526744
18382184
71821426
3034626213
201844748
2488384171
3302227517
2460216512
992829996
36088631
359281731
704988168
1359930176
48620626
141303134
36178158
335177549
184932308
1871240365
3245179401
2984193622
1467095312
44547110
4519101694
564713870
22911344
2989984307
714849941924003840
571698399
222437713
2794053286
71280219
53757167
48128080
838976832
315577705
85881268
240706402
229160327
20228664
14095856
943909812
16909343
853679081862426624
838284886217797632
1327701876
2584158192
148281099
3530718374
262998922
728364563951931392
2475151315
3192873328
43378897
96336762
3448003937
97049714
635804991
2518908922
704513851245473794
186200140
107827106
1013225876
437311418
582953166
295598198
424566382
824611548488466432
146565235
206395914
74869498
838064120435965953
243257226
218257109
2926824244
4047251667
710110377636265984
102665608
88698274
133473832
182003935
849980366425292800
4111845772
251637839
307679667
450015631
724733537371312128
2684663610
19426806
746632834220232704
203652187
1006343228
119679480
74219748
2772695072
1065869268
20685158
14121942
54517726
21080187
4143395536
718117017153306625
88168692
523085134
2772884435
839954263119921152
128093161
847352496783728640
3364224724
274895628
93421206
739139247047880705
55908595
95912270
2730211813
2669136758
1250485128
3081524375
2591719868
457704211
491324332
18725209
1970823062
849937598160273408
542859780
1344025826
4701373508
598771172
2978109879
1332612115
2541458987
606412878
3172652068
