448239788
422210889
755068765365149697
226963044
3099901028
156095294
1628552390
214503504
102969620
93997173
24136198
18655567
26356989
1150258542617735168
138203134
1070837134473318400
1050818930309132288
570576883
122130797
378259736
952338896
1723345232
143086518
1025166743545626625
540339382
259763847
127538861
495136032
490488965
1006419421244678144
324738407
251624795
2664970622
744046387365560320
3321895878
1116546333912047617
725023325223833600
736177986643189761
1089924569018716160
1902049526
835998221365215233
1116823603188682752
1496117827
39253470
793544844266340352
724709948052017152
3190233924
1106286932957388800
1432111404
929782735975088128
1514781926
2155215398
735491435726667777
50247710
1013502078050697216
1101484267001929730
3526582215
125181345
756256655025680384
1880725393
306487042
2418380425
16316895
2803995359
828344954455986180
752335672564916224
2525420364
799805374299664384
1686349568
50243186
703743521316995076
204577871
12133382
1115099738393567232
10816552
15925421
887159226505740289
426084578
4810870116
2316574530
2843108197
951631214556823552
1059286691301666817
1110911094049173506
1497093126
93313054
1053750908
984181588752662528
836383222342656000
756991630347935744
719134358
1025161458974437379
748922510071115776
1028427592964005888
759280033982779394
966910300669685762
1112799844580495360
4760047092
329115426
2677204352
994768535372140546
556087546
4221568514
828315186264104962
23877559
2432442523
894656054092419073
968243078254411777
2993699857
22070121
81868526
2935853289
2852956829
557483649
16137494
755066213768704000
2982055847
1677212220
826160733540884480
730426107137134592
3018644379
1108176129095958529
918082298
877405885701570560
44787918
32238490
325076723
1902020658
1029459116580851714
1581144110
1073081853999951872
1022915875727441925
884508685
960672735281143808
200932969
74323323
939730193467416577
21733692
1097689381224144897
1511862224
470350506
117777690
783792992
3734155633
19940451
1017976643174871042
923366232455200769
113038982
2646561547
245107888
2195241
357506497
16305370
866953267
4823705386
1012141971601743873
904913285782183936
808804175777792004
983829564894924800
228794007
2579133678
371440992
54292754
16557913
2655419276
991280178423844865
952567452
2280527178
922171262448779264
4493173634
605153786
730965879089823744
176574985
35505635
2230575074
82355585
819923494733574145
2986723541
2847763210
20732710
396518706
827374489067462656
383539834
23839835
2943625774
21879831
773245584358666241
14643178
39364684
29912249
633898700
895317268900585474
2674458072
191627644
87966593
204832963
20068679
613367598
2314672057
1066900977683439616
1067912222050066432
1067791727161999360
148192924
1048623795802726402
15049138
2919974000
243383591
798689171439091713
870443165852905472
2454160856
34507480
4834539004
448356663
1029243497943945217
21737425
54643262
992439570615685122
65698096
13393052
456570009
878395877773258752
987011695636758528
202775056
941560693
719998078372220929
834997369275985921
329702603
733258024387809281
1278229878
196458749
329877981
772056074299944961
1049097536030625792
22846853
3687721995
4417440863
761595877395984385
1043031391628193792
328647599
47983954
775336357728292864
4846686132
3344640587
496385648
3272156095
346746528
88673078
92726222
51606154
20622592
19912781
930317281065709570
81634303
46974565
36475106
1856999190
408666917
732309877159137280
2209505258
3215318296
24460731
30877497
942566438019231744
16753540
791077327
1861986362
191845729
70784623
1115651863
1711116182
88440926
355591226
29995782
1004138172320604160
170254080
55997506
239884649
766435743032025088
3110909501
833717432346828800
565662749
601281644
51547100
249308339
839225654172401664
960560004712534017
929399289436147713
20796969
130557513
472587261
23967554
901878287143546880
415075929
815964647950077953
2252468052
39203045
1256528269
157690631
19638752
1381853857
951553134916022272
198596758
23561980
47646735
615229079
326892184
798980545992531968
764605398636646400
2499232428
2747498391
82285908
2687831276
718162168760303617
301568723
3192573188
715573452535496704
15898172
18783501
