2836049533
1035792405352603650
1160861559838498817
1143566965610438657
809403175
1095380031487004672
962099692850044929
1121150559434756097
442864270
105234817
339096771
18336787
16332223
1455674450
926540912
1100222809899495424
3287069946
1672282754
887053248271536128
1158557759002030082
817205623582556160
149021946
1090057749537251328
847619301536182273
851249499372756993
2314898926
26506555
3241818801
1091239806
728410944624189441
951909615347871744
48206526
1097999396178935809
958924543652958208
39363715
1149872653198647296
1153841631512190976
989269178753445888
611367277
451326067
238271492
780169267467530241
2466473504
722975134823251968
1601876689
2285865936
250994618
1480552902
2389247544
2535854094
1222768651
1096383852
27776856
463394904
2436878079
2561249834
1146608212977868801
1120838907891998720
913419156
4822419575
951288319505248256
1094480678928990209
1964815896
3071467622
745356388445065216
1483784760
1005672229148024833
928186303
1150228979816771590
856189365407633409
2462962000
931364158674784257
3894492617
1023656043971141632
37691002
1285145628
980535668903424001
1348186351
827878453210779648
96065780
3081459887
47459673
3837937437
1157258747892445187
1109674706
746012368384176128
61435043
330976254
73438620
441210459
2537867839
16513277
18995389
18907371
24245649
14750983
608247072
378259736
65431632
66182591
380636797
109874571
20065936
230794971
1374799134
709796368659783680
4136135232
190736617
1016342244998176774
1152063270133665792
80116414
719337336496984064
595769142
987096566484914176
338439600
116545796
1153398482771861504
714746670
307705764
3246085488
749219646
1084273907073515520
907077714
969025224665649152
4295657832
1122990061858033664
2373703862
2987162898
19664113
68858747
2827093302
1008351677299200005
21969474
391505588
60354134
1098006063746564096
1048803504
1151693145056448513
844631769135632385
846770664
3185198602
991112780722851840
391837540
1078917982691180545
121419274
2865962096
751851198110699520
559197480
2723411914
711573649208320002
1056901060172959744
2298375566
2951428255
233369380
818470171
1638594979
1537373918
864728843373772800
823193416888684544
1138962065702477825
271649141
1151185364725522432
19303469
148424992
2948594013
1030648483085209602
957243457122263040
2617315392
842456399674187776
1150461315774918656
1237539199
1222066766
3302733201
2243057750
28995778
737657766
343691635
862243156221468672
1656124476
438594826
57270085
956183113117421568
2250806316
26226687
954597949480296449
1006802766906445825
807740548316536832
1586347800
1115737021413072896
1099267788789743616
1337442097
1132608529716662272
775049298694123520
344456212
734563567924563970
1034073822939492352
847476637096583169
981608193934708737
59811099
2351990517
830940452585107456
2561205361
1390272751
3192385861
1837636357
717899038574641152
1013438680386727937
246909870
152494780
41861163
720037386118438912
630573074
3000235992
2186426738
1120508275668213760
442409748
1016121531049660416
386366374
1064307286221438976
717209906034638849
1111778800197648385
708062972
182473391
805232055642570752
196746489
53213768
1450310538
28602301
2747254701
1079391103051280385
4150267757
1063092306667028480
732634977435668480
1050561316212084738
839523612738600961
1004728746967011328
858662706756407296
1014242813637287938
934521237648404480
923226776217767937
1141033098555138048
191308606
829500278361702400
201510513
2276631727
487577693
1129971966
1148946085244735489
236884561
2351935410
1144418962899439617
2731948874
1146933895985803266
2516069922
1616945486
1144808105089409024
885979504174301186
607324603
1142457500777766913
2726267118
45851531
753292117917655045
873689617555496961
1479976760
1643773890
2735069318
1410257005
269543772
324657330
708102616283090945
270927319
2368888980
823357173350731776
155624795
998403760937406464
797092306608394241
981172900140023809
705022615237193728
3265506786
351668860
181258025
1108826002178957312
1364199918
481369821
251207227
388124019
2455834942
2935517535
1897900076
834889124716765184
714545391459373057
354975185
451015444
8735172
525368732
1102422243420844035
18208354
1012046623
967087573
2411693763
743927452867534848
37313091
38744039
256539695
725754303722323968
1020305107676622852
359702919
1062331211522211840
989229792036732928
987850458822832128
959923015143354368
976733924683632640
1002254211747405825
959015956646416384
997548278077120512
1021475159025152001
1024887303502798849
1064159124949278721
1023668136703406080
888134339845926914
939710924461572097
929548578376339456
988755289586487297
1083083693177094145
1022689603348836352
940747252410097664
983250102222438401
872986206774153216
353922953
61355746
28665877
1140612249586995200
836859828
156384556
1136583227953430529
2329060610
71190435
236612087
898242792
1516973858
3306535805
4332576082
3323995576
965128851071426560
105709326
942739020
741226459
22649795
1022276756177342464
1134299431585615872
701788247811301376
847940165012254720
879133895404511232
455492820
215737990
809621852691820544
211877835
707788187008000000
569714177
271980842
822854896428969985
911076498
2324486401
2529863720
1138779425061969920
895321406
839891979777556480
380707276
724582350068285440
1085029451115589632
1103047385561874434
1137375413661913089
191496543
2711784419
2914728927
2326374624
127532063
959943311921328128
891740779101769729
58381272
1074790425695797249
2873596465
2207910814
1098068270
1131377107186143233
750029175235444736
1945275510
1050784591
2327322629
1042201794993160194
1249899914
813621839981330433
289050786
758090532635697152
1098406537670918145
184986122
1095890002712485890
979800699226636289
722131733693378560
4110247332
877699332216107008
231486461
739931576
295496108
404975762
1971977132
1338180872
4735570813
4735788699
2569516457
979622161
1923900660
444840433
892964702287941632
4920302855
368947422
229211198
968941541388668934
1085302166951219200
44385812
3384908567
867192420118781952
1121179361565118464
35069260
460286773
1055909676544479232
1038902936372297728
2409652531
220787660
159929226
754102953942724608
131010075
484458209
133438395
447773127
804479324740984832
351241161
854104530077851649
1057622732186308609
317534833
960878092477763584
4423007787
26805245
733075059758129153
42046332
1833782486
1114308870577455105
849261915973066757
3013215381
915393284704522240
1098647778006319106
266947261
907314493339979776
950848637696905217
996028998542127106
1499675768
817154518064492544
964162722769272832
370113329
1034553055637893120
1049414061362941956
1670966311
1948539451
1115334420
48214031
68771401
783058459960811520
1446913580
3237122286
1434762686
829831822955642880
3321437459
1060629492648022016
713915848562450433
951312341869694976
225067765
241161867
185730136
1338035120
868971627681394688
246523236
938607128964665346
249806817
1400221681
480047335
2235256008
817409864494383104
853996994242674688
2460526164
2786133073
1003703740430475264
855490909257031680
889304661081108480
2645646432
2680312069
484784970
536650093
2456550524
809862790655733760
736101306037723141
809130764063408128
3255972038
1880681581
54802060
932999641293033473
1108359498698276864
4637905763
1059409069
1107052019150454784
175592205
1225763941
296647430
1101915196371685376
145909562
591967302
977315583266979840
64211460
519636348
790346701143937024
2877353071
1105283389538619392
1618085563
967142461645770754
1537431228
1101606446209421312
103064205
182744845
3234335941
895659952492224512
1094946602555453440
404860606
834669813456846848
3285521268
1027035811773067271
747567595776253952
554567253
148929887
374649128
940705254529695749
940689415105667072
1024731653011394560
53388963
1453084567
2278155830
1089262253894000640
613386415
1088467152204718080
950051070
2575034132
1344288649
2341426020
1098723454134697984
1099075538520555520
1636973719
220854122
894499251715272704
3185134143
1093182389940031493
254084333
1078289027617513474
785507613714755584
2470741023
400845282
4211271273
2726562610
300601990
2752293908
58370548
724997868109631488
968184804557631494
562573875
1096562827282837505
765554568683937792
181346826
2511273082
1007952285165604865
1070307786553286656
522726491
494104305
3237543190
1069278427
1091423263270600704
2499613434
1040313448985321472
227818168
1092603696637186048
325692574
240810491
2267115736
237965441
981066762
762843283064168448
1089696315783692288
342909402
166751745
37443941
2546533982
379342797
4788024922
2586255978
729036189970337793
760935588329578497
697081494507032576
555406582
3312613067
506169816
763477843993059328
785134601555566593
247417646
38964289
762674457806864385
855470488541442052
763389457928257538
763480575604817920
2600523558
1077971002439729152
1085905266132959233
1092493986223321090
1094711979401531394
1084965451195666432
741828721322123264
1090409851329536000
989584322612088832
2953747421
2383895737
2303920600
14140268
492680275
879077700291489793
1332713473
810827948307582976
612772242
961972727711256577
1079553888712310784
1002924761985568769
1063475680078262272
1036704974414245888
336789810
2392757179
50840793
1319481252
1204389294
3672280453
1593122958
1850052205
958087880727023616
1090352799542661120
1086270963317121024
259755071
19207367
3257361536
173565295
521957199
420565355
828972381754507265
892307810
852166621
231818269
1088313899861057536
3223065546
420591492
3102154739
738976014
818251250307399682
22781412
1398468740
2193218202
28076003
220433932
1078628409511763968
252810907
1006970251953819648
2753884280
954564263607263232
525975035
1089229452482093056
3376303132
4576198992
834602584677695488
211004320
953807684314288131
2729289447
260474648
2873694407
1058739950852694019
3145784129
861985283067326467
251136808
46103916
815008734640541696
776049583
2279421794
996171869018607618
1086887385340825600
1258527948
827619518247759872
1033742656554364928
734541895037292544
725848477490536449
1083226809481621504
1086694438213177344
1085421346094542848
336902720
1778714448
1074683913551925249
459727492
603082064
217051617
881692717998276608
176615017
717917063587692545
1012486494454538240
1084872150807306240
63654990
1084909453806309377
2848602179
527590256
2875944141
3161087532
730784087632306177
633433451
1034828969198186498
452495312
1494724364
3424192252
304717508
369637003
610218662
439736159
30524921
956702153267085317
221472439
3942087377
2980690680
771809063101341696
1042768424
735828673
36135026
259061628
115584263
63012270
44152857
478669451
587638728
1151589919
800023033670942721
1465205046
930552552302792705
857622252342439939
1003716943373897728
325497347
1099717411
212349243
234623403
927936819378950145
1079149067941294080
1016050356281925634
29809119
1063693176823865345
956974353853251584
571463709
728500678738489344
1564031924
742073412659650560
4844244232
97588581
980208860702023680
393994446
753416690134716416
3142701540
702966313954611203
3093431
763786284
3302320059
981589460080058368
1075471439120269312
4833937299
1686476282
572977967
899063727844204544
344996717
362632724
480450521
512638950
804669823
829143163
1202085726
1240372128
1543575140
1959173222
2747340853
3031688014
3032001629
3785106200
707331066147708928
727551935276949504
1025743121014054915
1048600378273665024
1062145162128842754
1031374299737640960
433618740
1038486102598975490
470833815
1001814251345010688
822784730500190208
849185433133096960
889731212004274176
996218893134901248
3044522978
4012846695
1037502574147133440
473344591
1074382283082264577
74032175
1078136320164352000
420532762
188386280
360665062
4709286013
310468470
25727607
533695114
77904323
19156229
2392892558
1588797949
1064673962926448641
543877615
281781375
249868753
458214035
170462780
31674819
1532669701
261469864
733848820988055552
2372422759
168438803
149801809
51817295
703761958231736325
79260526
1040786790993616898
486311158
461112329
496278686
341634635
861198307330330625
272327174
3300807082
4895158458
978624262113251328
3310973766
1434334166
3003622932
3400238404
3031331307
842251254
3118854632
341649158
314962379
585975240
234115985
739633184
94580430
795664924034924544
502477261
1378290080
743715205998215169
602014039
28615963
154370723
767982048
2930671047
3303255094
505401240
956888024733945857
789435906
826964515673743360
623838632
245878846
3312054046
248896198
1033744478073495552
904404801856950272
741452940
742424123150848000
38446224
826814228958953472
4826518574
333720549
17901573
1078146266792521728
877697567085219844
823335377557721088
454520996
837275929382535168
952699588657336320
805288909
15328097
474984731
128988464
32207242
1360143662
1163355571
2352544723
1175469764
24093846
4794015264
425257369
2338625748
245603977
508940193
595164057
749262501628383232
416409639
1077641442997272577
3375939651
1728681320
319309353
42468577
160286232
61926806
25972757
3050026369
1666465633
29067674
41523863
973005932
248762223
1076751962266390528
161037621
4719495558
942800799083778048
212106778
855446070377160706
546233016
1439388397
3545260036
1072967030
733206055
256814607
1720284697
2951301080
364821469
2544668251
541905412
3366154953
82270927
51649080
850757796891156481
833520253141344256
3355190632
2431193646
105050227
817537308
889878415414886404
172904695
32382050
854709379832086528
1003691000244719616
821073880056000514
529866984
881945903367684097
764874640162422785
963817296203481093
985619616
164899237
3140592482
3316207295
1074713923390189569
1674871896
1047591739014500352
1037471498263556097
487772103
1067053473282301953
376724924
1017187221206634496
289955516
710031293
1075486973253570561
293106821
28138409
1944010872
881128226466213888
1075339830928715776
15104031
17222959
284792744
1292895211
1364930179
215790341
5768872
17266725
735880858943377409
743912544784519168
225080206
3522350238
984156922575314944
902900237932613633
271189508
338036582
2424354787
1214329735
456961966
3693511875
3100388444
4907029607
106519208
839309168133701633
3160207844
2544524828
895673736791298048
843528886956802054
3302803869
1031917240017408000
114451340
471556587
1943477232
24799989
1063978004
707600922122309632
3075419933
576732699
2508534470
761192283677089792
1693780939
941382842461782016
2478791124
289098246
3610797616
4550251033
3064229235
595209197
558960966
27137006
3226445182
4817275352
923995216318816256
2332157719
723439682
3072013166
755439134492286977
2229346969
27856803
1071973419556704262
866865816
26127175
2762892070
228073590
1451584316
2835343844
554907783
453643940
778282398639271936
1023952566
1038778775130071040
566825705
826113627530866689
3438576373
545975236
2373971757
604986076
348493766
26343210
187736301
3429243161
935336070916530176
4874325321
3247855294
59923907
2900865114
232588528
31278641
1059812515
2262212118
867762569263681536
1002264679903891456
2967222138
771002458562760704
411954176
957488726237679617
1040247510114037761
1069454562677800960
1062801173789503488
4796370771
1451773004
50115087
107172099
44134466
30258963
28184452
15165493
15519544
15473958
19802879
18194898
20060293
25565646
16580226
52758395
1067772272528814083
781140688440324096
742204625651040256
3008337986
28506308
2372903119
1027249548
14645160
771826728142602240
989292057670946818
2335767572
3414099467
626213211
3320159112
311684362
2508391362
951968745236418561
1347955010
796259438
1062312185190342656
524374955
2554005288
53509570
953682074849996800
43643279
921562705563213824
799630500738502656
1693273291
752269843294982144
1065741717708701696
998383462158688256
1028704437467078656
18850586
1053906480372494341
1067517230
493709908
961230274628587520
43931849
1037390527421800449
1000506573326835712
2510482036
2421427703
376266667
134266912
1323512251
2443943684
29777185
44468807
885366384
2914131784
199732627
868636022460080128
2254278426
1062857826878607360
259512145
444409916
36492197
126174351
827954683176116224
822206826414379009
794237010651201536
2429720312
2831105422
340260816
2737028228
2819198102
303357076
812408275484495874
822579498461921282
996467474861355008
269892767
3698753115
2877854486
2307308347
78495640
3089790728
365448828
2999038154
30365182
541112412
4038761554
2544283504
892474790069522432
172997775
2318156746
1250524981
48320325
2512792963
3254832308
1015564635766972416
2574520913
72606328
3070100298
752357237725679616
72916628
42105606
33097339
296685735
50159047
2835552102
2600319090
2249043324
159501940
725071753
2564062020
292935000
578444797
825189243656032257
857005372414054400
223278210
622631358
265169886
233562008
1014006036003545089
51213675
281593590
87281602
4160688227
4728957214
830974101309251585
389194836
722646737471582208
819673381
116089357
721734399981518850
489965345
1198721042
735459150
338399253
287428296
1620761581
946673461
435589916
2856204716
890212495
880552353459568640
251301405
1618140840
2807883998
373799297
58537535
3472559896
2736806621
617655170
2752024350
4561529725
965451658229633026
1008448323932557312
463457366
443389594
923570773498974208
1052293523356176384
3019241825
249350618
893298237528039427
63725136
491778574
168704006
1058794128501362689
396277316
729797321630863365
29098812
4463500407
338676903
1638626004
249301204
535410568
314420926
392749029
415773220
318655979
2449976924
897320512686358530
1419994963
418262277
3431292201
2420579526
2276067101
891454651954073600
1725874363
869684341722447874
966849205494042626
1416622795
902250163514646529
418637739
3948539315
4854786732
973530900641099778
742734839175098368
291116564
2361209526
1950226670
3003651825
4527111155
2271803947
61190589
1280972917
1400461368
748519963
2955596087
65816385
91208190
75296671
3030219525
114188882
182490786
1496397103
3318321430
1024095060856647680
505362427
528994436
2348977908
979535330
2443299562
518540191
718928313746595840
1011034253990289408
330645053
510611445
1017861677604208640
2901835395
987777944557969408
2735032781
855680342
903286010204880896
785810319255797760
1030209082601472003
27902825
137396575
181180906
33587536
21407253
1026138616496631809
1423718095
1027365688564961280
4644838633
287922947
855127463692775424
990029520
870346756122320896
3249071198
747157160199491584
373092076
1293451544
3195939313
1392554310
728295779069124608
2771834879
822217581184618497
350443128
4783080205
709622214
2254830131
312065232
4476669562
1013940949
1949490560
343669852
1051494818
115192654
2337146204
262447317
117445231
4728793785
3232020780
55932173
2377462741
315135991
117487141
737148368
1003656084060622848
1000369971845877760
1022595601874214912
944014477766414336
3254975725
916008643
365566457
255049823
726222955609358336
2404841034
127584931
189658688
198999077
235259296
15394289
1194909522
604785381
1436555941
345134730
895087312299806721
3290710404
714298403065315328
3065361036
271669115
4444253355
879068137
955625133649137665
1680692647
3187698081
309746545
327556473
22936597
529017390
2575013451
29319614
454310395
332026912
608906505
793840036630237184
1018914929909338118
100644141
258474423
2891678380
1016325246465519616
1012504298662572032
925624154
990117133
4321133652
1343394810
1511981539
975131809141882880
999670515169050629
3314206559
4750380267
2346335758
315593898
838213140936601601
971800493218566150
1608716215
841654472
216456934
574486318
1014497318
959084983813050368
1015283202804633600
25545388
101319166
43721497
2472576397
2696714845
246560796
220816966
612268949
566750129
81731828
2545680959
53437036
217498522
566557969
1140652280
317361672
1175376901
1205783286
19080617
1217203435
2802184770
29611205
696091976786030592
347270603
976224960241844224
1003081382141231104
4698310784
281359273
344348452
787619268213010433
347344313
21335124
378933182
246617144
757421228
1056720223
4745979146
421393556
3098464148
428737504
967123782891687936
710930401741705217
31926058
774691628032286721
505342211
180503626
19426729
896189087396360192
990218768008859649
2320026583
2272205450
2871367661
551462716
2436986350
825417877
973672252695810048
27619032
865815066200817665
484314540
833012202672119808
1011364012280483841
2908645339
1009848171898523649
1441628912
4549018003
1020646724
24478961
16262970
1292262246
1595932106
759012743697436673
2719456463
712760780328841216
856385499015065602
1499758308
965100956206751744
3251250010
271559968
4537081335
877263527114928130
42221944
203720987
993843791714045952
722605351573569536
715147482653712388
704376623529861121
68872950
3325051674
1869708140
1671765474
75427724
3792846975
985033973184319488
365038670
20921346
963429946499780608
1000859722034053120
125126928
1008013032
972914447021899776
1007520307
489987418
735337279
1901005976
788040283954958337
926137237028392965
828971556944617472
731295647035330560
39655679
706302159
3491478016
1683830424
1516648507
271988731
214327937
988080655123836928
937313633054478337
474359342
824266663675707396
879763583801982980
962506122644082688
1252724348
1122836941
1735592822
57733245
2295038388
871193256071057408
989494802189254656
995017244894691331
916741205437841410
983072753728348160
279038910
612106794
1850157182
582080450
72618381
76746335
1550963570
133394544
300661255
544866138
2326048424
707990082582609924
324581887
1910035158
735584863827300353
3312861528
373489171
456322374
279279185
804323654947454976
22998653
917106763589193728
726629265098285056
322826289
785876233
251232208
893951158842261505
321215814
843498387165122561
1281387932
3341881481
2927432362
1450253658
847658327458717697
319431433
288534468
3029166191
2581594770
25769123
2540041035
1528418432
503506659
162442523
1344765415
480959601
2273985276
1614926928
958213274
3300858665
790950244015931392
2240611075
46422648
1149722348
42159953
586082224
723244718
2417821909
442389154
371520295
399125214
602410483
720749030087610369
24026381
1158883224
487602166
384926581
52408714
19212622
27934142
33395719
195734400
714491436
36352119
782668483632910336
3013271003
747758700
4164495561
3277902673
3270755420
723501098779193344
3018709151
834539456124293120
3302932066
1706357299
968923315204059137
334679259
1201901636
431764304
189929771
101684636
60898362
33583496
60930320
540826885
34423531
3958305853
4378200014
708500329298587649
4692588938
828917404667408384
863274451239968769
15492359
1433973463
3258046597
876953006612336648
346549945
956402115701891072
124812770
1895590028
28472649
333665642
991452994951561217
883498086655512577
69888266
898667959
382682550
316708411
2385911196
314618489
2396595488
726905088
2698733227
1392681642
253242350
2330884002
3250211311
1009252837
3000202180
1686739622
3315849250
266694764
3004297817
265684325
990929703140843521
44810997
441336639
561397970
431170890
1394399438
134924754
704683618958970880
231962637
3943166122
758337090484576256
4854622978
506679880
326448502
989889828144713729
429847516
976152062852464642
989201235352932352
3115199800
2734535622
358536549
1546083362
896382534312972290
26765018
935248721423618048
270048473
23701377
757523106
34676135
855890214413373440
2785937804
1096975711
575013396
144953869
425895280
3439441643
4153018035
976816693862379520
242143073
372941797
984419286193197056
4845724173
907187654789386241
739191834669244416
903263133485162496
980944658116366336
1281930666
964556657211604993
120850988
408856490
50532092
342819198
133115088
14413529
68786791
966790240764510208
3065981667
42994048
924346374598127618
2591704398
2249004766
176813750
86970945
3050099395
4353210677
826451419154747393
2497656702
836366985919401984
1280970463
935990459935215618
49705578
707324749
308222289
297030872
1183343564
25923317
729786385494900736
37618595
538655711
53084345
763497955936444416
3521372297
712050108985122816
238206084
960655186296438784
145867900
15637375
38460734
405934590
933477559
867883387784232961
2589979520
76132385
234521957
31447081
488011724
41651800
145323019
1557403710
35018050
211672384
728943504
1173455936
37666026
188781567
3405560001
483347120
1123202544
1220296856
2887550145
976098153614233600
958698476807835649
15774871
516221794
971441980147351552
908172493
2338554559
1027807777
174801117
250301447
1079666022
3374430078
570097459
51125730
2361558942
1694343800
399759633
4874587137
957348341100285954
1915778335
462931156
4763933083
715576316
3233768794
2294894317
574988874
1080768492
1429304298
2930641366
2616097052
74047694
2904605397
27929580
44715299
3299428732
3017228739
794378137
457130386
489722354
322644738
1368210536
1074383161
1657669752
2647725030
22924181
59237642
45259104
1394477952
1072244166
45874946
1604178320
123255656
532370701
491738278
1148628416
529530470
366056993
30561781
1228101469
1452374726
2530485810
2389331913
1126846237
219516664
4867000307
3000169181
316302848
703761162467344384
202859211
24732974
59572333
1543327020
972984660
879349260713472001
1490729852
713194962083573760
360552950
1711709436
971755163118718976
2280509633
3398910213
761725094683181057
862691264524898306
180911693
885537782415982593
334344265
227342532
1344502326
4896973161
344360366
914999654
3313806000
956254431863033856
3907827852
478214153
2392138180
4513677196
54750236
2571927444
2326086518
3404613214
16674920
2740926184
3386266269
821085904697774080
4214918473
1379424312
959593623447773184
715127353664344064
341606384
1221302658
64794652
847298566657671168
3231384101
967604311550300161
843640095051792387
1413058968
163715975
265412246
308904646
1583819378
323246304
281580465
234466791
19797489
870731426
15638912
3350101361
1436935346
822477024
1042962396
530838745
1413289194
1375007264
873870092
183486994
18781422
545516260
890573225448570880
36557174
374630716
19055682
3130921307
2564275062
300658530
473506842
45840461
1236404359
3219354885
1120788092
255920828
3726712692
1611027001
862779573267824648
147084217
64309800
2360317358
742491124225413120
843846116634513408
3307852056
2362278379
2361661944
2283827833
2226069973
1438500414
1479914634
1327542258
1327732286
29992570
951715015
197962224
230815032
38267689
831621090
54688090
2433810085
1209684715
2516683916
1167061752
3167996797
238402729
66557335
2785987234
286350408
2958527255
714800396963811328
120628380
2463158389
383322470
964832593
934825410151501825
576512341
540556176
634142209
4678922636
2384287814
1902035683
3303312261
818135312564187136
955247881799086080
824772821880602624
939172418114928640
816099067436613632
942234922688712704
893984922846842880
710296355730665472
883730621369118720
949493710563303424
134308015
973612001925754880
1158192422
501362952
1408138387
71293806
340367269
775040542115762176
2160980819
560585536
2379465036
578158482
2602411465
2233933388
1454440088
2250928453
534951599
316184360
375588521
764146716
556770211
208835454
60442139
2926825062
3006020367
79754577
937881795231666177
813583117047001088
2445634938
708724092556292097
965663193509986304
4923813362
846699349535019008
14261650
958385042702655490
2610916338
314673159
3076103713
30705322
975213618399711232
141664648
42684374
52451842
1222724400
36686970
133483967
947195249067257856
60140153
2471560492
3670969998
120285758
249865076
571410853
956908345662652418
830205008436219907
4281045917
959476060525035521
454558241
944691155933040640
45253747
871196759095205888
1014121152
856244831433236481
715930650075725824
948442357367758848
709567903385780228
975328866087485440
4730565637
953329087799586821
934981545978400768
954903718486355968
933182562289307648
720429917624635392
872931794525573120
407159425
55954288
1140422970
807252601679052800
2160322816
773490446484004864
44961317
4854583528
146222153
595992475
1696487586
1332912212
3182899237
243939268
602188858
2959120107
257875484
729780218345488384
1631341830
2382561756
44290319
43028416
27811737
384158542
779411568530366464
499329709
802990417
942852278637096960
468838612
4909501274
30905063
2463314384
85926357
886997811316830209
897652231889092609
199399909
858839010814418944
219330900
917412099860697089
4345080796
3241089772
2309099216
962426713836679168
28430504
2277658939
965796519466229761
826103022438719490
106124019
2434068703
755213713
17416707
21432249
28397181
634710797
351029487
832295586695114754
2882256487
456725611
183718202
2361992034
2713692589
3644623336
837100125910609921
560471438
33031494
828301885908066304
1461107036
186838047
1015726465
4890675793
963228815672651776
344830479
708726933798801408
2555143292
929416606282866688
20535354
160078209
2955477733
144994904
4586738300
3012911136
2462644945
957707078973444096
2395524907
903638143299194880
320490885
784524510
3195995792
2165751412
939374838
28996576
712029197359648769
396114265
2227131698
285380205
953794176184877057
3087283156
1084736552
3027036237
968335175196250112
332625259
1559080050
337812163
804416674350960640
915777221964566528
734733476268806144
255631152
101641820
31441113
523873444
2245457848
1869197310
955919803369304065
2765967945
4809964694
1863510704
737803964704534529
509119491
198982225
1056562136
43118656
1450593362
3307499163
1355969202
3297114131
35193156
35640285
25239215
568516921
14934581
855544430
950043863326085125
4441526835
773950214067654656
967071486220685313
545214194
388703693
915031368580571136
941786953250373637
423885239
1573350846
2358960912
790967939860094977
69979655
1217259733
901603074283905024
811999244672442368
902574477631991808
806950864212475904
936383718016651264
786959643302039552
787757186814533632
724372503582392321
783838574458404864
721744177432817664
746380004280328192
762708679812579328
741002292917358592
710780597178900480
742476567767584768
916389257366966273
805863994439467009
743193303122862080
910489988256686081
175638077
379993058
288052764
2154892074
364089942
769545187869749248
899796988312604672
176109384
4843383262
4536347907
572207711
398346719
551423717
29566972
44024262
777116426
967520582781710336
936244285011308544
1523477786
1482948163
59840071
2574256052
2173979410
335426472
3195682626
1852002524
2650915232
408934682
215226299
1649155946
34048198
4905613632
170830612
957653433200402442
241818989
831578233300774915
3221693515
965813843040415744
948926965
894059118964682752
20014043
3012557600
405953944
876626251695259648
1877276658
96965768
136609819
77327168
18090660
365443987
793151818851246081
463001428
344322282
377168848
596942433
3306100111
733063519839490048
2919094017
947946150132404226
435473758
2778850688
956303214068060160
2420851976
4179770913
1623903098
894278027277869056
159194997
1647088273
949482750410657792
2944397101
19428300
1132235329
4157414475
4507357993
251781812
3140336891
2717761197
740395361785745409
174295497
10437382
126216062
743161165
835264536651399171
165845305
849182138
547881567
1027796474
67541801
2547027758
571367012
31011485
583696924
1558506163
913451771535687681
2620151618
950873912904216576
854544205548597249
29038256
764908670920437762
877656787075436544
2966533527
953663348050153472
2548583396
146181472
1663801380
2556761178
390764323
225682353
163895905
734524428000894977
204472082
202933669
18088051
91368544
378048427
767203920225701888
899965975092658176
471078069
4195820291
948056147889672198
1354953684
823590028756385792
867475697496801284
1710787470
359740469
4358386814
711368459322527746
757690111203110912
3378019181
732912867092094976
508941698
1609811334
2603568060
723138611588247552
739879857618878464
700889910140493824
255690790
391653587
407450579
820361099698700288
726086902982520833
27561107
3295844489
3317290275
568844653
31241403
2889251623
1654266769
847898467515195393
1706103494
36560456
36099758
2330431609
2381271487
28336115
635891563
3004205673
303361757
424588259
3065548551
981843397
132176861
3918633633
277540490
74070058
746006802278473728
709223761048801281
954537210
373374839
216713795
171020169
461646609
920418891142086656
844449323798679554
216911393
545684351
2778509356
865127665069678592
3155457399
752972667863662592
2447289564
196408995
2975653661
903413538642944000
17036693
14788764
13737
119532912
1691181
14777649
942729087147266049
946419848820678656
35188480
943560294282027014
29357067
946175882615492608
1792109641
910155687879172097
748692916181299200
941372767257137152
484146431
935890263582572544
776565866053767168
2500849642
805255318905253888
759947175375753216
702608632798547968
3212761127
4899740939
1920501511
777278718
40790105
82700921
381669960
162819742
24543045
918894029441519619
102078661
95914007
147399974
195801207
2160694559
207672098
897528010722693120
729448748
30090550
204612259
2910174810
52105412
375394061
2793285483
844369597700739073
2324920143
885887957508521984
956690346380902400
264016363
942484900971794434
1688531226
943594939161694208
827947014298206208
949151796517224448
734504638913863682
892403449022873605
951503689738530816
765212406020800512
178550406
863208213621157889
1142880978
64910823
809905823442931713
1152629095
20243067
278151626
1730342276
1580863346
96219224
363592084
4845443714
793310525593559040
705576129273311232
578490086
1208756652
286996067
774937106
836003287
172627183
363348068
224511378
1459613928
166379808
417569608
935237170876633090
2657233402
890065584
792061599100076033
3317231210
927357777353363456
168196941
1225929918
769978190
243420960
37810543
1027418077
883690271845777408
982921386
129208713
981780787
887455945
805105343583821825
735199790380810240
136351181
276239888
2697507212
2360766207
472463915
3369493438
282042457
312377781
230805896
1683915103
114564716
363895279
14575196
69454900
1159315939
443993147
575955223
1122783972
465717892
890398978126352384
54967622
408969220
1352990726
357674523
592467822
436261440
938850395367100417
61103257
637380799
1115361290
632447496
2610330932
743978065215164416
1428370848
42666106
951573297765875712
1035181388
311792094
4236193273
19993402
264532313
1276377512
950176407849664512
47454793
3272615780
861756997724778501
1589897293
764086321
4160343406
85164967
44943402
700469686883000320
875006176236367872
2829449485
531710110
2764038626
342766852
171140079
24447951
556422703
1683527576
872142233964748801
814207715996270592
747225125292933120
79617325
3108022005
841006079395975169
2612406138
290922513
951811348979159040
463114826
1717694731
2940305632
320405058
2207968476
722164608
61843224
18019978
24836039
860281766
224845471
4757906476
1115708893
2489208336
522218234
3092643274
863938043530682371
785899536061460481
950934910449127425
949372823470067713
949330736632315905
2727764110
754816097866641408
758038363018498048
3040225997
24067286
938793915330842624
39264538
456870205
3329787490
2942225146
819181376410963968
915044904862134272
284596041
621401450
278903615
1621497510
1096367414
216881214
1307737914
858738436961914881
3908046078
45006808
16435731
240842968
38490096
130997057
105211981
521321191
28324000
36969574
859215443025854465
436237812
2796582364
2598437233
4456062256
757042958
839113759864012801
420774257
833778714110468096
43176489
1425426973
432244698
713528731
552733687
4539817034
1334598841
2741920661
1656339332
3969672493
1104567475
2841590505
2954970897
2613621240
3026636968
3821119094
4299936334
817589262673727489
706281252316385280
814344864141864960
816748201843769346
4843596992
423040365
419810738
1071189925
310543684
3148054290
732957717048909824
2647786321
705727960754614272
841630308214628352
21780982
23666000
948420918216445952
705926906
241342474
3131428995
4740101058
102873168
30464534
28309881
33676766
75453432
24890994
44130711
337479130
1506904381
38661689
462035302
443857769
2822905254
229978657
63802471
402786542
465081448
211883301
1380772368
2469708859
2957779096
2762454195
40061814
14495574
25835858
250761725
403791361
65234714
31260296
235425881
401454201
78442997
421682577
285268841
385972567
1433450910
231854173
2202157178
505044587
608603969
68540316
327417777
19154824
1636981052
131204652
4317226698
4833906202
513717509
843510578211667968
798624243462324224
40963987
80904592
541973804
736038065022590977
818124959839043586
30892214
301683960
377973152
456303377
752710929045794816
808340799515725825
3120199737
188505821
2321793163
863442804055437314
721646294
881092932
1062270848
2155678549
2914998491
948289294392807424
52720558
128619151
62082506
478986782
610568604
1217269483
4237489283
704092409366519808
33945140
245330107
1307919547
2305842848
236514104
251222157
260533861
1182724892
474342425
27710012
737872560
183278043
22870549
737975347
3246305767
3127667686
27267759
3179998704
2235598025
180355094
4375988861
876209806222254080
1417801418
892929976424697856
2955311298
29742925
924728657544990720
45340742
3306013552
1594935223
351315146
523702330
271157704
342464436
3083330017
947228388288319488
347401022
814677703685263360
143859912
736327016799174656
161780049
812501750091386880
1096125360
19012368
2303364554
844628658350379008
58008825
1146777259
1287728288
270157723
761176792887549953
94405488
31548904
36863453
904844221814886401
264003077
193375296
1688805168
355886783
48730530
3316704136
821520878
434574645
404488630
142454759
776878599928438784
302948942
379983632
3087307534
326450919
1915931570
4137278740
1171929768
637033260
89473077
60569475
908450590933602305
636443556
814372257862742016
790057543791964160
60266445
768147495138521090
751591564464443392
904555011648184320
795387486
712127287404003328
588319470
941076098544267264
885712082
67916914
294987379
51601314
2263823809
41828758
58297649
178388504
242204016
448354047
489998358
529675884
823271346
1139523198
1378344182
3241850495
814614637052395522
856901952822751233
92331418
1678790450
1262776610
319441650
427023522
152426483
279336556
1255609915
1674632558
3284578760
905478219373129729
347622975
148005641
862269167591936001
1090961323
69289092
600385890
826515880381181953
170112600
298229987
1655566976
343381973
520862623
801406308
714694301834469376
421517901
289493560
361324182
4872694511
63622829
726584944944762880
2254522663
55047470
22082331
386782367
1176130854
989028602
702874564192280576
752336167098458112
370917702
326869984
3154454897
266194656
2548023830
50564310
417239915
3295454024
801620345237049344
783769489292668928
878677485885546496
2735134258
297061970
23083404
26257166
19426551
2557521
166270127
302762145
2733870028
1349574888
234791089
1663554408
2937886241
1076637782
1222425276
2864727845
2255717712
2965015122
241018729
2258718969
25299320
1650747822
808035590
900264606
2546621924
2584660330
471669621
1259746412
632483469
1563021817
631399485
4476179542
1251896466
2533518654
936079717
2934505575
1252042748
519789198
1342083151
1568504611
4885532373
2496301999
1135789668
221114237
725140572
262288001
1004448397
2461828412
284739355
32473416
581165631
859569823591923713
3020442009
461395889
2163717565
57966927
61877898
834953803686379521
738542640694583297
2876579626
1722782406
1240269955
2712510381
1575661309
743936366359126016
3053693697
906261715
752775068220944384
2147748173
269490954
306460267
331867597
503019217
63144895
2692616536
1286378064
707976496
940406607518883841
430432488
318838376
482979170
1719676039
2295297834
418980567
2444639250
1669212980
258432228
836088699834273796
474546853
384664836
475044650
2265103892
1527620732
2954251144
924519017204801536
69909247
2952718104
2957914777
1265894360
3291542604
185489169
987622584
38205369
895833641858859008
251285251
849616318718500864
48096062
2471679552
882793026443202560
290597040
2289971498
2187246200
455591513
3222365494
704135928
2571112267
4709298939
3219871847
717730015136366592
3294089842
706937333245984768
2375480161
572004818
24615806
73221280
968459347
1421675366
403010589
27551786
876020694
324749961
109478875
50291855
1710792745
340713406
390440589
431054718
451720994
309222702
407128141
4613339760
818267326155984897
56259950
2272225771
222930992
41482822
862698214339883008
26956450
490064896
617807896
1084867476
452750499
3012056549
89449230
854635957638791168
1667437255
232468857
106175450
1475564474
36113988
596821624
2728229988
723959457676406784
112029217
41871447
3012749984
2265059262
26332924
502530581
746085476990320641
61406939
3255193574
375263857
735166225798549504
827189578612219904
1149546402
936874926446927872
1641995509
2205263432
2167078423
3194422867
343439529
122886204
577318400
201958102
287527427
854886872304070660
209619102
1897552267
993679886
418047638
792924089119801344
183051179
200580123
3075841761
480522777
241700729
855987561289977856
42633592
540846271
745598839697006593
1129890895
454508774
40913727
3000878974
817407601621291008
703779892727406592
726760413849870336
4335778413
243681950
190382957
18750150
37110967
55206357
475828436
2741024304
41356551
96177853
270485282
2279328230
837118473855709184
86196726
838593673
314792975
769731052717813760
2500362326
710799177538621440
2226153508
441597547
706525592
895615921
2474802026
484031993
853074204
133875082
60732631
518094585
321454929
550525379
4709887408
1096456584
284318147
49147748
214656216
550440982
20007354
928060010
623856097
932044981589757952
1226678564
737067667182456832
373384695
153112961
17576907
38263469
2180341637
438414853
244378345
373712515
4692827556
359917741
820816582398066688
519246632
471159353
66753555
895318584
428012833
528798099
86444235
2801724903
1924317991
244638411
42536414
35249156
264576328
334674961
24608988
464334674
1112097836
90949274
270196613
442986329
432584366
349975067
1613877996
2294625133
427547275
63390699
40147931
70569641
214570213
597820671
222518270
42255009
847088390822674432
847793463718531072
2184241452
500845898
2526283381
498905535
231228829
736243696178450432
427572829
177001748
552366170
4314007578
3314374332
463921860
533864676
386153833
448452463
534888499
267286019
328220544
760270821466267648
408505466
491590306
61252647
579313987
65036105
1379675180
55782262
3230443770
929418651899514881
2998941200
290824200
936632447189610496
805200936733904897
2417719125
41248571
1912071481
46212586
383543278
4855476923
580499373
28637185
236482083
339946047
877609315594579968
880956543566348289
877339603161595905
312737543
2333991248
1308950684
350446007
818488180164816896
1055459738
144901218
34842887
230880054
719962477
730589593070772224
905931511634968576
124401978
39393975
717794741342117890
144344366
64398234
181951106
1201116433
431278823
265102752
735617697296310272
488122662
848455506
1615810458
49206142
835662807291002880
2505660932
218191973
427077240
1385839406
917764560
1095746858
478023332
459766915
314519181
700867624448688128
830341008
42930784
524600907
524559821
27254791
1122827569
1122803934
1921749980
3776171363
502830323
2619809039
2273221141
341206326
3056753841
440069915
2293588124
341673323
198933907
27600876
411946049
1183662265
1271232434
1633696098
1247352397
711660308
1041268974
454606104
920710078440923143
2218624157
485757714
1621331689
46964783
853274735827963931
1074975440
934983654819942400
1380615559
793980807694032896
529802892
816435614170173440
486919670
240430233
760507038837399552
424769836
4725392120
1149623316
162709276
2241797785
24368246
4741292053
248428090
908953381
853856556
2557702178
425509564
2321067978
1631245645
723515717773975554
924306328402657280
863040635313500168
754474316
603804780
879129842
2583084570
3365187803
44937473
18369265
201729378
285471920
181065633
2561940707
2707950050
568740556
249424895
2704118588
355285147
2463984178
512613427
15876379
18471427
97139275
104374310
1114345938
481441298
747152403548409856
2234817280
359339488
258970954
169366934
3432526218
161538747
2196163189
377541396
992069029
1727201232
499322329
480753706
37313513
922498032
322688500
172511731
3041821403
3297969734
491861738
141676517
45958621
520058630
36224102
163853320
1639350685
240025364
80036775
735409538
861779650074357765
298792340
1160956038
1399641042
341122966
921549850759647233
232785529
3077561551
329846283
3270129541
2983585085
48896248
26659703
388628860
793600599354806272
82206876
1247560992
259452435
3306039233
724085999861641216
2394569291
372277210
415975141
787971536
2999737981
67120338
174073878
129729488
267172487
102414799
2901609047
1164513552
1172264514
1924159153
18702215
169854404
3028962119
1969217023
3300415361
283363779
236237669
415511239
760900661210968064
816845483759071236
850415460
734537904945434624
4471784845
46746147
48854823
836045565804834816
2955740681
785808407487975424
2239942911
1477721996
435153495
3347796159
844292600597266435
1268841386
3193546840
351391360
272910716
60650910
103996500
774173647
1223163806
521831729
325802340
574146833
2245153596
4840859592
360783925
41720915
1160781524
412580339
342880798
326900768
412412129
3317893681
325607816
290295037
1247797430
2626604705
1548085584
879367950519676929
2212817762
288802046
522626749
717364607166386177
30022929
382669685
574908328
281648989
1559041908
721760658488844290
597001228
119454962
304627699
3305599222
1195122217
2841765816
3024564360
453623195
1197945332
22432939
2896833747
148141779
771978742675582978
392866155
855195105120190464
363309373
3037144110
2983333532
2982951519
249974958
2743976961
817069461802872832
2496714656
829769911572512769
838407516258172928
1409189352
1276598636
1283578958
1291513640
1295609708
1296585980
1303960376
1311035724
1317872088
1329364572
1344358938
1345396236
1359371095
1365385068
1380840205
1381835168
1392662226
1418220864
1441625382
1460731464
1470048540
1499612528
1510728614
1513459897
1520896842
1523631854
1528970712
1529290123
1549585387
1551259123
1577878014
1584074947
1602382976
1611611287
1613885238
1646595811
1663967862
1695540414
1708634478
1729039662
1734518095
1851978823
1862339598
1864587259
1912814214
1917912924
1945147369
1961094674
1965659430
2165333467
2170762446
2171279007
2173132256
2192846388
2195365801
2197074458
2211556827
2228650820
2235178668
2252624880
2267093132
2495251162
2274266995
2278034623
2280732132
2280989749
2286201656
2290477958
2293469016
2306764003
2314922531
2317264316
2332081239
2338083582
2342366876
2345501602
2347393483
2384084268
2386587416
2400880207
2418093541
2429715620
2430708463
2448773112
2458145333
2459188284
2476206634
2482387742
2484625808
2490299232
2504819123
2504957754
2539841527
2544513248
2548048735
2558361511
2591580176
2612833122
2614122241
2615611326
2655295690
2656522161
2660064377
2660618270
2683935774
2686630981
2690616689
2720164293
2720554813
2722445932
2723327290
2725486885
2730192963
2750426453
2806342167
2840492022
2842665981
3075720655
2865024705
2913024756
2914673920
2916205494
2923445902
2931506558
2943182532
2958083324
2959087146
2975455111
2977029919
2978278909
2986524717
2986710436
2994674352
2994893570
3000237742
3014592203
3035724358
3072138668
3100413618
3131380889
3140692536
3142510814
3160044626
3161578139
3178309419
3194831228
3195693505
3207995141
3218652924
3223631155
3235782326
3247246776
3249311006
3274772126
3280704302
3282838855
3289997830
3294681901
3299955833
3302147847
3303327879
3345995829
3354529454
3389904731
3393180254
3394545593
3396172312
3406390191
3496314197
3540986772
3621916219
3803539033
3843032055
4068069423
4123896550
4139448374
4145851457
4162847060
4330059447
4460427253
4595195953
4657500680
4670459125
4684385858
4686466885
4764021967
4770999913
4780205234
4780330292
4832603483
4865549180
4870232542
4876707904
4879952499
4891182872
4905206020
4915812657
697808869414854657
701555648324972544
701958580740743169
702692328348192770
703942330236190720
705447165590568960
706950089021915136
709514852708982784
710180625932820481
712809917673934848
713576753952731136
724616568030793728
725508922333880320
726086159609266177
727695442876739584
738833974865186816
739973776692109312
741064028479324160
745073142264111104
751213463486074880
756306386670137344
758292687565033472
758432742392553474
761329306270179328
765953747696619522
774260607084179457
786924275525685248
789945486702579712
792084179710119936
794402107872772097
798001765526466560
805594840310435840
806341923103539201
808812482445901824
817557048569237505
817818143192182784
817864781927305216
818250597677797376
820081132133748737
824656132010549248
825124916383055873
827708979518242819
828977334401236992
829012286870286338
829047519841808384
830553050112786434
830681340760559616
833736725033791490
833759143659991040
834929972045238272
836638315226906624
838078709512949760
841348603868139522
843606510651559938
845713536278020098
849269803206553602
849978540212707334
850009020236804100
850336419428028416
852151687385100289
854092096113971202
854505260953595909
859224534175633408
865310329655439364
866724269409042436
867016650608050176
873151545847762945
875172433631825920
878072073154945025
895634788098244608
898596491262132224
348078807
2352709890
3081989128
2328025458
388570832
384499344
874553419
843673921299922944
454696618
226342079
578610271
26746550
1449973134
3292443115
42529596
919332292669202432
923156695525871617
1138179841
2957214987
407208905
712897952
2948042347
621126225
844576131445653504
187327197
554531453
118439846
245401682
2716524290
563745582
3081840178
447497337
64635680
819582101175537665
824718576397459456
364964853
161803601
71612422
985442202
354572178
496430658
482140844
517825504
124107948
322949739
74474068
3033105462
4460364493
26762221
1655877529
350508156
53103297
321586997
454348100
723239605823107072
21790466
2485527848
1220254850
846010254789955584
820278944
806377412581801984
330069204
892046419888132096
718770316340625408
2598321980
792899350238224384
123640963
4878211679
829752979901161472
2920645946
803023010634596352
154346674
736034578930929665
4238422281
568895373
2322755010
717406146890432512
26169437
30268053
543862379
2717166771
481030164
53764814
272252188
90998563
1931126191
887059989977853952
69711010
3087784749
915598619482476545
2304922334
4715808313
1702228338
2309219924
351321787
192066887
436239524
2412952783
62432720
743916948879114244
458589805
3903084198
170859189
16026704
812840344186482689
4542079393
869389800213807105
244778138
3374117867
1724115655
260955127
18259394
389880635
27973318
580328342
325282537
1587345456
1250747180
156498434
3298384064
1093858506
52867562
526531926
332069145
321570286
540475771
2314782812
2671444412
2310181562
485403957
752622011583639552
2663084803
551492017
2409440058
497327307
2904193587
524047749
570893788
23202114
3109050805
854365424774991874
1149545462
843208611748810753
720005444815572993
2786569182
430349951
858014635949248512
25799566
822126802600660992
1072695858
293268869
1281820974
870030199
1624200318
743862469639102464
1973445536
713604050
225093290
106495919
3251259376
2616440160
317374442
449450162
1730832174
1379713062
26020467
2606876078
221750160
20963461
24852667
391809788
203810008
416047520
363291500
348835078
610176113
821503524
350320321
4532730622
392482850
850098920
1160473478
853042061536141316
2301973098
102117386
173256249
64603212
21347099
1566664128
21621144
865229875044642816
39518918
23665706
93129160
13298072
17842366
34743251
17471979
44196397
11348282
37710752
19725644
548853089
25355724
41640153
701232481
499173337
175767720
28870086
51263592
34701524
3006912204
563346041
22612629
555226198
347363150
24198769
34286487
608499479
701754482787389441
2249181357
182812556
43450739
263478369
869737840904720385
33662191
1493996862
762132195024728064
2750919210
180463340
442967749
479426655
21972864
3024362838
449533037
64722445
1538802996
30956809
60985971
227139883
1014245359
412740941
25987275
1705202990
868616138908995584
602226877
1547172122
2216462579
2757423326
305133386
889204068870045700
2947844386
890311295068667905
2892828262
890335534115151872
87598096
2241306259
894109601221689344
737709222541045761
1732333922
1586017398
175856075
847948032373129216
135475026
913867873
1104748225
133109659
3584590513
850174070171860992
1593749724
378002682
1380364579
36745509
350610570
2397941006
314328165
1364946240
509388983
898206836
822128677
171116456
128467197
997993410
3761869948
745232728585428992
154184283
2577204272
575759276
336412934
36669114
2691344624
871505278809784320
892419367031459840
205406285
262480037
23371521
837476910582095873
88068783
2232057115
75097628
43320660
360753397
347941229
1146876536
20121099
1349623788
2574245409
3300542345
727546431767113728
3288762417
882696960955662338
440502430
1262955474
365317638
304061164
128582019
2537992964
1388122123
1679092993
871584941724889088
871760487846948865
3026015645
44961116
1543580706
1483541496
631471207
32389428
4228951907
45241945
1359703274
210560874
1542243756
1544398459
715923814958428160
822448349349548032
2469938622
40222968
2972894815
3094602510
42774230
359048509
808717460409090048
42796727
1161761635
4900129894
1518015798
18032731
2915781887
189283271
1971261396
1209517472
709932151999823873
448391104
580259289
47650650
918016032
882252732647780353
3239135179
26413187
100402114
871963026
837336357445992449
3246956875
4710152605
2333811708
2333801196
2333790450
4377780269
820384334
1969271340
318129439
717240609560403969
430817477
20832721
860542459285254145
2996489820
763411556147290112
857061502796345344
867856253820600323
3182124607
919860637
238244631
875899513332002817
2409102720
1397517732
310600659
249904765
879772451063910400
289121427
430603873
67665489
2733054876
2683087561
42485474
4776623362
3190879032
889206383278731264
24497784
1020163158
743100434
1051811257
2989089262
67635907
391467219
800475798
3224549114
278829038
424301831
719967609928736768
378932726
16966814
559157338
857319837411848193
1869915872
1899092113
3060006995
107749462
127071464
134969903
796387033451151360
252299205
37090417
154317454
2712994922
991973726
2749392996
2374080728
2398663878
940998421
1220226979
612375936
784475860698996736
1059128514
555639568
2455516196
416011071
3547672581
261806755
113409911
100612445
355143268
2281511616
249702841
4678430935
2305773328
3320488405
1686083006
98180384
31545969
101805468
806151735110574081
1041302388
119068103
3057963627
52398708
498919801
40145715
764847454609084416
528882217
844777764670529536
1202555587
1031768876
931169244
3024530944
3318268732
3291907437
880487841926664192
4729816099
153451646
2312298260
66131557
19957808
297195923
754031805854986241
1269471438
2890959840
169615024
356872254
1653614053
1606475419
1055668826
632599327
523431436
1561953925
4897346995
860138527
453323283
336916932
724375662
3191512069
2543672304
317573488
2396871871
182664383
1353399324
65484136
199033071
24964775
418258571
1656225823
220551249
2971984865
581152688
241267052
705166412084412421
174870932
34225263
1634352505
3590670136
2477674200
43882329
232453436
2300581528
441521265
3092044959
2920549019
803670857168093185
118248519
809748095986712582
1590220094
127955077
217330171
3329839264
535627985
435406487
3061681154
59702964
41187965
14307430
262800795
3365097058
1305608773
723227143992279040
437777825
1335582858
44723490
903052616
1358141810
3881504513
858479435804180481
549849669
154710942
52398403
106748890
899998471
1161902899
4827424884
760854173265035264
2335988870
250515798
970984734
26026345
15891061
443787732
214281165
896610385
855086412609101824
868222830026006528
318184033
269999747
1343129682
701923590048976897
3158435210
349783773
78350344
557511254
713658830
262536473
2237092944
779024104464658432
371563545
4840292128
816748760084541440
777658536801304576
1706069947
566322397
752328170
405013498
179515573
38983330
58476978
198691295
1278985238
2422230218
2710392692
475611456
210959772
249304689
795822603827089408
186629464
250459385
74278146
131948686
752553563050549248
347260533
3305450341
463460684
435575906
1556064307
280213698
835181116638265347
2301708294
80345345
2339210454
504970191
171122994
2897012941
715352243952820224
4872177728
593110522
45584066
37574285
346267488
514544487
739844907985215488
738510701568921601
768166267064901632
716670118902759425
446582115
2427671857
98791994
816754542012432385
702156923634847744
529476102
817441082036326400
700528877559377920
827320294662668288
1152609643
16696889
811677126046793728
711216356557914112
125058319
704109854
76395570
119161349
443106560
3300926776
2288197200
32604236
158490470
3323090981
579424875
814319939771199488
433504834
281836502
727313748508155904
815402272108740608
738436770111463424
803240973396570112
437452849
3324790545
719696553737367552
627770558
100850305
152464412
609809235
574472750
141971258
225448411
725163475
297981646
594112814
269496256
539417194
132758841
1566508692
44555079
757320301252227072
3815378801
4406034322
1020820958
526857015
833722804575076355
1317244176
2961989753
2419651063
2462412763
3170386727
243387608
58546187
784101577128894465
632569847
42984199
876585490971070464
544088928
2213271056
408683504
168282300
622914452
67434657
603188146
549370784
294955142
790219978054119424
621352213
3163086643
2234884208
711680288
1046189958
436074126
600621263
826785167750623232
564101696
19513782
870101077814681601
2726704884
240524755
818907549810524160
3112087902
48352979
92207117
66138255
457997170
34644609
2435592427
320559633
422433154
1146291601
430936897
2343020731
1482368443
28025485
1182760226
1260115860
536917194
875554066914344960
923286416
883971534213320704
1851811562
513657102
3308751489
305413972
1686371240
260369221
784777117
465771626
2418470360
2449205503
401084495
730420589375180801
857328792
1947508729
605113387
96184213
3316412184
809202402880585734
2359884008
2982174449
711186224
281815297
2257129446
272115414
1128537728
897677809
3096652405
93952799
747605179659337728
845460608136986628
1576177597
29552276
2546829404
1227917562
1135002558
314006635
869278119206825984
4784420899
278342324
30337121
1237085004
218196779
272642860
482468935
475118414
2364803490
3939538994
1350843614
2890858569
235960160
37049505
312745095
255225779
920196271
805341811959091200
15111011
42258864
1230421692
492366423
111092144
431218695
882631440160227328
1602309656
22308009
366880078
218031500
27505973
232366137
397240375
3328516659
1880872982
929046014
348117310
349218172
44490160
3308877833
2661005151
132053514
3267422702
619899932
538520061
2849405376
571802045
160207931
9942992
1623385339
4759511014
836414729673396224
871375503478968320
46463384
2764739873
1661939390
2266520173
16105465
807808093539024896
985303718
1131068726
3287862936
54317178
1449390026
3312652179
198339266
23378849
923413254
627997177
290569938
2482705152
323188593
300104499
1711053193
33531127
3234513686
3047985284
788093664803291136
511084820
3316533364
2815128390
2438680919
776912216821903360
320994551
1490538931
2233721197
306943035
868305158945550336
205486890
50707163
962337613
2776776156
3526639396
1631407117
234891000
602820936
2429051735
257589984
967195165
860153790606974977
2331113322
3128835373
23018319
882796947190550529
40967519
2188716360
756934467764252678
2983489008
848143500105441280
67620626
920348430
3259272373
183422008
730948148693225473
238779840
2329033024
4437528493
702645961584209920
415614585
1603871840
3064495031
29617556
560583580
330900742
748684866808586242
1674634026
443272298
2778680252
836177867214045184
2814100735
867791863750811648
496564523
963036794
32081662
1609523370
1078459885
4705052276
602033670
115069822
422024398
337382030
3153782936
741840256593334272
702359475630559233
793983702158213123
518912328
2301884966
574709563
965186857
3337400925
2222167316
738018210562244608
750349539392024576
813157788281163777
282803461
631329757
576401643
318795588
38362044
879417551536742400
985569152
18194219
3016959554
790136510
71023061
57100687
823635191382110208
715864776312807425
701793955910967297
185987058
456829325
809455488
744243764
41461812
852428425549807616
265015884
1343486720
786735598803554304
817146465156009984
242939841
3239953298
26147708
233113285
244078958
201396099
2673296551
845307172649144321
565875965
42903791
124287172
40281016
2587996663
818854344237993985
2983318278
266165138
831319190501986304
840971201459675136
823709980087951360
813792838936887296
797913959319871492
1414367438
3239155805
4819846024
36375662
38184967
74305288
17815585
415260483
437073854
635342582
424516255
731263480800497665
2847777548
1660392470
711203861671911424
