862037690597953537
1088582165044948992
18924332
429531188
2950535441
278916110
795346623396253705
2764811815
786047748508221440
97824239
187763403
1133435618984259584
1620556356
32303435
63302020
410380828
730426560
187518287
20994006
108740062
206631462
79309628
2549047974
888066140710293504
2701073637
378259736
14502775
15049485
22055291
95431448
1066868172496740353
2537867839
742769911
4032367415
16491676
1054148502
3828251373
355036400
887648194603212800
221144264
750022168675688449
752499373989326849
331654783
202765841
16305370
137140350
745709741284933632
2420778740
926538936561881090
2717694091
196458749
12267642
172418264
174847568
14981648
190491822
2165131938
588770591
1170480176
1033068360022597639
1093116332
107842644
824642649067966465
4912172412
1004081144835465216
721122921004011521
991943287
3089417962
483521999
46822887
4890916041
3192894879
921764894
3120328462
97994375
813286
3564127636
357816281
254873869
13615722
15706128
219295651
2433600668
759003
903714719474868225
385485203
1184647243
717504486370099201
7670202
14865325
15446531
857032188793171969
360677057
1891806212
600029236
3266848870
126062842
749779355694313472
47216804
75600769
357606935
8953122
18741462
18715771
3167865950
3202106771
39284931
2886928240
16017475
12801532
174119814
431187044
959488268
602317143
19725644
2341337263
17175139
406014990
3115244716
30233007
16691399
3098235910
1113724028
1111063441
2610768194
575608686
228750499
2675562044
15957365
385938528
100083246
14791248
17156053
5741722
