2755126584
73552691
523433085
1175299088
958321164048191490
378259736
628698139
559614467
742769911
3266258420
158445476
10328012
45255968
385192397
1522917078
392463691
4696728842
74287341
51111863
636216638
112475924
1620556356
14981648
1325951616
2764811815
33773592
752967707277029376
16031984
118975084
986794331582365696
1480385228
16435797
1923959160
2828796622
3290762269
842550390818201600
750022168675688449
203714426
1066868172496740353
786047748508221440
1151929654208598017
763073412
272071431
792415921352478720
197270143
1951518644
800760858204770304
2448690416
1558283664
1041720271
16491676
66182591
51634102
2722594750
34030502
832621606782455809
14750983
3727723037
123624127
978671691965583361
1706307726
13074042
1199469518
94111457
66580140
784790210349502464
1073035829885456384
188444270
320316891
712707313757360128
361910269
349563888
3260972118
1103814528620326912
1064189490
973955318987210752
52730969
4265009482
282980773
761265347722932225
750892662224453632
230830050
1088965963192520704
862037690597953537
1069745340444635136
993895542475243520
758426690913566720
2815936470
999702514051072001
2347831572
824282026832367616
93723330
608509144
16252745
732755361812226048
350860087
3364286894
958530090295611392
1671167412
1537013378
3189244111
214653213
2168786658
4104322812
913825533560987648
2991422768
2321555143
3295866697
1114736355425185792
1118568996373090305
66314130
897622997082583040
910316246440173568
824265743575306243
1633496226
522848757
913100898141749248
1112080403857170432
776446521625698304
1387915232
252761153
829773470
355036400
1116663784385515520
2169660296
21774410
839095915847745538
2939577663
860988343516934144
62547887
125719207
17831464
87985449
91234403
1977187592
851292862692040705
98781291
17596622
2355477620
46173011
269685189
490203158
441560048
893084058858684418
19254781
386239885
232096667
2954017344
47360165
2726694792
23638544
2944953687
4005605284
2967402199
978994346681913344
14606079
860158302
24228154
14109167
152862026
405033226
2167059661
864269019406147584
17810254
798297731961913344
2873810602
69133574
30290980
16619709
3554721
40271144
19782176
57625403
14505838
36771809
288352566
28457822
3355393539
3327104705
14075928
1090026433
888947726519377920
745583288
210162594
277071665
40631172
211970461
1132776031
16017753
807095
5392522
110189578
13393052
76348185
255545898
27103822
19430999
