44562973
957501313369096192
2148009361
48161330
22395294
1143673459
1241880498
376845337
2847763210
1155859503872499713
1151267449775378432
88262417
27729327
21418443
842020008
56812711
783105074126024704
4261513227
1604954443
344489659
123545062
15254192
193121884
33747810
319769408
284065462
16683656
39885375
305377439
963057842
37730571
809843478
852347772779057152
142491821
824642649067966465
823207
33402081
385820552
361336287
3831463213
892479848
14514703
297406574
1115784966724435968
22591543
1065890477172494336
1462046809
427904994
618705046
482338695
2729890856
1141497072
883379429300482050
16820414
737635398
2263838310
31455711
1132823243306307584
715386782729134081
834443314367565824
885413297423437825
378259736
773980405674418177
2883861684
924065379520995329
847176335214678016
270241781
703596972
18832563
61802282
1607408977
241230333
857391454213242880
1518285222
191651923
846396121513709569
1099410265286811650
1125975202297290752
746115648
168508680
4244221
322742783
832267608
1114124784
1121612184763678721
1085797417641947136
242788397
805900894474825730
18396070
63763479
3107853156
14238795
1064632550004588544
1036779185660993536
28300550
73568630
12224082
433439383
1034262276897947648
1096091721966903296
21462274
92095451
18111280
868469821
1511360216
51462013
21280975
1458096540
2502450542
85459732
17586129
340591872
48428463
1061524208138694656
64326023
20079975
21737425
46822887
4209511
25598396
349817494
266725392
2823415030
102594136
870720741389606916
2896393101
17017064
2355808260
43300047
357606935
69475887
26008338
25178222
2153364512
2864525980
1241540293
1095187623482544130
742446048
2382724914
1050389954
213282389
11271382
24466090
34792486
8678412
15496005
16137494
4220790093
30725017
212674482
26072386
138203134
802646542779813889
165944767
1014362667077787648
977023938
21753847
11757522
753916722675986433
1582853809
864926050035400705
22942762
791065682410606592
20904490
343800462
15676413
842143333
4791138977
2360981360
619050616
4665265835
427505253
895892158418268160
11395432
594175899
15385339
809911513003630592
267856525
785461610
11131302
14981648
57385588
18278629
71876190
74087670
3420477195
165211956
47379354
2421067430
95140763
17152685
15576928
33400961
372536101
22898904
226346115
20406724
519072324
29201047
14336662
2328421
721040890995707904
554036831
15151000
299364430
296023958
39804874
1467019406
920491754
898629865317965826
119561017
1323661356
739602678
208643146
327622609
2792340065
2434051392
956163518
21212087
112017297
2783025822
845375559517569025
802875960085413888
117537175
1656244670
756655076404408320
47548777
20926233
510846846
6451032
292083207
717504486370099201
3817401
18052474
1400466500
15138822
15446531
797869498757955589
4823705386
174847568
14606079
23480093
149666064
24773713
325385270
937499232
2284029337
110326494
267370489
14348594
875029068223315968
28817640
64092459
3497941
701820085871255554
16160352
14987006
14297863
834081571493785600
14190948
322430128
2646866478
31333373
21471357
11954462
224456162
22856697
803694179079458816
480819245
49698134
871466086293794817
1337271
20998647
2167286587
1722644383
164536190
40684090
100136358
19166519
47475039
29896200
21059255
5392522
254873869
2467791
807095
14248784
6106522
151971904
1891806212
817113
6974622
19119809
17156053
36735522
2779242978
30752163
81480697
44381332
13221302
364407162
67728650
23995748
30488144
14353392
19024627
3351698086
214622133
15415604
1309522112
91593332
4653594447
31458109
14594844
13393052
847705464
858924511
24190981
65698096
59949396
16129920
22429979
289342771
15976705
19086859
162436508
29417304
634734888
4196983835
409486555
405056781
69004966
14260960
47509268
97040343
45607170
1149568800
448476934
36686040
709835222
3840640154
227010728
454099919
76093
1137700339
283129017
18018355
16298441
19568591
398088661
14106829
2382106993
49708023
1339835893
