147464456
769257263143919616
1363206528
1141387360434892800
113460088
94588684
1557362719
1146651733285752833
838464523
63741872
2463550338
104524350
2740350149
513842975
378259736
311740717
32727893
35415477
20437286
15147042
1483500349
2756378883
235364968
156989502
1085205748961947650
2974843247
789483718763241472
2731825797
2490045691
14165038
62127399
103731431
455204484
44261504
442866144
2896833906
595272403
976878775471345670
932038875127562240
1106585502822461440
1054798557201354752
370855297
3309811813
955858859284770816
3315342316
397007648
2841966669
1136791443266256897
255220185
2251623492
2516897582
258847118
1676175931
28567809
1542662550
2701073637
2387414858
2894935469
1000080509182001152
47138807
2290024064
1089619002782044160
529120779
967860374270857217
1101411374272528385
3433828276
3577912287
1111505439252836352
3145127635
900122502352982016
1052219716016648192
945366562118295553
747105046916177920
945437159221223424
1085255709040635904
2200454552
548980971
3797338456
984851028070678528
26444593
1640411761
20448698
1081294063549272064
2608928160
877771837362524161
1082091002138116096
54373162
2531023566
857955524
950481654207873026
500929487
1574470142
1059998209425068032
589640877
43462357
824190260338954240
824126001936474113
824333698728333312
825227784389804032
939091
813286
882545322
976721822853955585
1078356304123625477
904948448264204288
1595160278
1055178044002856960
837693559
110798209
786257259936436224
20038221
208104274
997254188525481984
1059932986307571712
3199079085
3281653903
466626618
68306839
1382230009
910466912
15492359
16245822
1435461
32372834
23841368
13787402
109379148
836364800267534336
1020058453
30568788
701725963
7744592
916735110
612473
16129920
161705350
428333
2161768536
2467791
807095
40914713
87416722
454313925
1344951
51241574
373373336
22674756
16027546
759251
19725644
36711678
111305843
2097571
69181624
742143
14511951
552985513
1652541
32387946
15012486
324978824
16878156
44992488
18726942
19701628
63886603
619247259
14091091
17471979
1367531
37710752
29774968
96102210
28785486
3108351
1394917244
15597739
15165493
11348282
13201312
44984439
109509801
60965680
55019447
117662694
35549780
17787705
14342564
15737554
44442099
29221344
71019945
5402612
14293310
21094745
32887168
115039678
2229052374
23068217
38516217
36771809
45854669
117874971
15143478
35589216
57625403
380648579
69052077
17831464
186154646
2426053650
