156973934
1016057094632435712
2723584891
364945587
205399126
170011830
1658511
1117659442034593792
2172150734
14930924
17496447
1141418485299499008
767184878181847040
1115710291109502976
123543103
16950711
2821257597
21631795
177745840
14802104
37586090
15012998
17077831
544953696
14966396
872104439024373760
933276481496629249
20200170
445329098
1017637447
4699964858
3619421
295
5252591
324
17259619
92547778
781586151379378177
2749841163
1066624824988983297
61259513
247785677
89778688
12416352
500280656
905156025656979457
781231971649277952
3026917877
333111972
4466581
9413702
147435311
1917718849
794148640017281024
91215601
37289216
3227338044
2211138776
1616927780
10261072
74935721
15647668
24338581
15521957
691703
15487494
746336518680248320
270982936
1541641
577929900
168478460
146223640
2549112632
7386292
718141069
1729746116
9127702
403380006
216857985
15075394
156121800
10644
5166091
3852971
6304322
9393542
659933
24484383
1368895981
1013810623426322432
703453658
1932221766
33848238
21987286
85645271
252231865
1661493066
1964883696
734637019306033152
15228353
18713552
1068
2174967073
1884923748
701267857045192705
1389784086
256666479
12042692
122151657
388584480
1084637408
3245161850
24160604
14301411
36686876
15524875
172849826
964202120361709569
249198697
3774573381
21321275
316358335
572979764
5958122
768632
4188111
774642558853009408
874501477
593785378
249259135
252450467
11922492
990367487978975232
163462865
3283901
15161012
1137778804141592576
1116759067391868928
1120498378624909313
1080428738679107586
22616266
428058083
121223836
4180280415
117882437
13930412
1104079435786006528
74931097
10940832
371958863
315617667
306272519
16616534
1135615747806310402
14357572
1325979997
937844432
1121771789401632769
941001529871552512
14057736
132739561
291009942
373824221
1140456423622610944
24055300
19097990
1128320837164183554
1087881226994647040
766387483999408130
173382923
98976495
870317699720785921
389606376
147618542
2363015089
1128614469532377088
252433365
1104316577791594496
3957527794
985311539396857856
1139934592595636225
139936998
588883306
1135196917963599872
734773487462649857
982631223343403014
928949262
875356180134207490
16947043
923128813126651904
83886883
122450306
1097573755524734976
3398687794
518288922
758099918766518272
1129555507998367744
1090251919690526726
53180074
12524622
737218381665964032
835681447428116480
1280951100
909807979477815296
45662622
434487831
17257377
840264548984610816
1138492538220929026
4542932414
858850947438706689
378259736
143086518
963057938586882049
13293162
897640034773475329
1011421008283275264
279153686
1398837054
1140794680164196353
7951172
1525693284
4495072287
570091046
892547472953704449
1308440821
14363555
2196931189
16952897
1044152702169747456
1112750812181217286
937552249777143808
12605082
759023573168189441
91478624
152928795
2190840564
50198915
16619151
4910135266
1751151
163735378
13209352
10069172
104286459
66705231
396803949
56049147
1853371
166138615
798641778983399425
248124298
474430410
1116546524358561793
1064221726110826496
1123763765051260929
3959977216
89218298
1455499676
1135848330347593728
1928841
16452121
172254076
23645988
2573589480
16265742
21733692
290549888
108698830
2493137191
619314325
18533219
1039940551121035265
94756309
951954473626120192
15897653
719472337
495547426
66402190
1060171915774644224
3013116086
820714575091748864
41325029
997627367765041152
25370368
339433834
20924687
19357927
4796832195
65827383
3096933139
1053510363654680576
573918122
13332232
1401443653
14946149
34589579
226982587
10974382
20803047
708444718498234368
3001519795
51634588
911262145198874624
52985746
805681126056595456
14378846
37799209
14670825
201875030
35751378
16740348
631741925
211100214
668563
16663709
20052487
80113430
950478910466113536
13693042
788056965284978692
756870420528259073
1343158562
780335150
6646542
1626158071
19331262
37701575
81637722
235314284
14278978
997047870653165569
803254556561997824
3405911530
245032445
51426896
34042047
1060679452684771328
14717877
3253629143
3247203126
708915428454576128
850052842853236736
22638361
171178161
2364690900
1101238619744944129
2321438257
1094719935320854529
1201686368
12819682
1480248247
57580220
1009860034816282624
240896969
1082353646845612032
829452828225572866
384106939
119457251
1093694846
890943691556311040
235396193
17994509
18994034
2800254248
45914046
14216902
994268548745781248
2290616214
185970111
1100870140889989121
2367629328
17611446
902374038
1244786665
1105185112751333376
1033072683167174656
210238655
48132954
1045034741345464320
1085419967548477440
815718470826475520
1104349499860926465
496173108
16788716
1042970652393791488
1062212645351129088
2486505557
15735952
3322792861
1071074428249874432
2300426996
2955791073
386059274
987069059731636225
3249871370
708155383148204032
13019862
1074416796353093632
20438121
1304641663
47418865
1864142144
2179816672
929977500607717377
26780889
744302714226544640
2281044080
902920930371837952
49663422
1066158738728501248
46690823
1025136693014347776
600070852
895251688902098944
8009172
249550279
22708585
1060629435488047104
7541902
3932219567
996952155163508737
6114752
21709823
904848568342552576
11029372
326821147
1363834932
735655337697509376
967211114680299521
846817474121228288
8528772
4795431
1084142502427459589
1124349811
3196620554
29658264
29658846
3118566253
379879747
171328780
112880396
1074880691807109121
974554494
3181020308
1098365028
1080328026242506752
61617119
14410994
1870044535
1077985066075283456
1145917813
29960758
845024864033398784
15567042
3131469581
2770917768
3118810453
626691391
1030656907038609408
1055139097902231553
3439173316
56843134
830101164737847296
4154619809
472449404
75079616
27530178
19253334
2790304543
159315527
1062100049071468544
554422431
390167291
16247553
309528017
993566124095647745
3441747682
76678600
711729626482081792
816188191
312168293
823282490
107930490
109689756
993911779662204930
877257377627623425
989235901690777601
30128168
20645016
190804532
1347273811
15759583
1032453328746237952
912650518731923457
883079500954652673
740608243941179393
360826862
2195115175
40922269
233750808
728347697246142464
2470251536
19133098
985472847207370753
95334510
142116606
801768260349952000
17194346
1010955962000297984
138203134
17802092
2500573645
1061281827493724160
971846516
934562938861641728
102293733
15818397
59651261
16222737
1895616696
55964332
1426645165
174891119
30776771
1324992859
3043597406
14465898
194479949
14764546
234157846
32849469
181647126
10429722
15996416
2316612703
901207234167877633
897861037
2805763629
3496371972
2262202430
1042883834243702785
1020032730334212096
981309937
491821358
320971398
4519905737
23683091
487807693
4295622433
16523713
16578138
626803
388513351
21332200
711367366756720640
1056589105394601988
1038553998209368065
68220013
1036363219231621120
1394742469
23836792
1004237707608973313
61898432
27930755
504606610
9018932
44647713
2904588957
978688716360310784
22499859
22757103
893043905616379904
45139007
720544068
1483781059
908715933794889730
292935837
1056221232822022144
986251333903749120
140117156
3270353828
22058375
50671683
816838187389632512
14414484
3041859590
122030189
424320811
244187775
150118498
92080081
462232932
159300154
1164104964
14178312
10336
722227301014978560
2484705984
562593554
1039118770156003329
723202254832984064
6603532
817918525960548352
955443128282034176
3167345284
15549032
3553501694
17816420
18695891
2345679440
264867500
910641446717333505
2195999623
257978325
10875712
2483944040
857061942405365760
948778147822145536
26326409
18439997
286967790
761452437546733568
16008441
842993375125037056
29511306
15040500
9340332
894976511803109377
1009648152348151808
1480462988
94377217
803691372762890240
6377902
15225375
19685700
44859671
150248263
2616390415
2506322185
997921622198714368
2999902774
33094047
2715248766
318486708
310523004
2557825400
15996668
302419247
5391882
18784113
3366411023
143137598
1514255300
1021893718083682304
193749426
1422311
14649701
1373339172
1377416503
827251824210096128
26963395
7631932
283556571
780522962394853376
123474380
3092774382
292699428
621849488
1005891576713924608
1910848832
828520732384645120
55879703
482228602
888755269823582208
17487668
23726172
516769926
776911887481077760
1042228858836140032
25784003
848271025334890497
23785338
942710126
448453328
10682202
12973272
1856980754
17245378
251758827
518547219
1032245801668538368
3091570785
1002318827474989058
3031892218
11736872
3936316754
3540499034
1533654390
1633514028
2288849510
906175383153721345
944561127362519040
857117095
34413691
115252199
20571756
733722018596687872
16100861
3129095718
3271497031
2902204255
2871116500
1851534139
1647650990
1034797652964253697
1662976207
16001206
4851740420
551208828
50985221
736350743632969728
137399218
5962752
26589987
917120410319278080
32171592
307991976
16310803
4017485472
20076584
366289783
665873
16424680
2792071
2226061
87771924
31336759
109162028
977728308115902470
977925919
3424473052
59173803
2828817653
4904804217
575968611
712757740238667777
306620083
56510427
189271022
8207832
9130722
163297163
426001230
195284921
41198329
987453284
389468822
124274151
2648105024
56050543
820828
1014912349344600064
970414925188292608
461548143
4270517172
2464660596
835512688016936960
110051399
113920638
28118977
16005828
255347490
17977144
153998882
1024113177007611904
921398240
3107099695
2430508064
3385978571
14115641
124561647
76852610
15300655
35646714
5411002
990005920594710528
15629121
900449800512000002
987897548047310848
1014257718138318849
841784643812642816
22113813
795949211132887040
22118300
17444309
422330666
2810412138
615425503
41655652
3214095393
357211620
138848810
1346953290
919624309
14749988
794310006485061633
18708804
35760335
302885922
762735030171033604
35951576
4136478912
1380721694
906533072241168384
931311728930910209
12087242
948974179881226245
3105439632
64260984
3233248969
464901588
4920546454
126772032
462336970
26677623
1016773751059382273
870887784
66394710
569145781
73307386
402098711
48000794
15808817
873025664
1351933962
259171305
14644051
3391975707
2914968846
859805902051958785
109755843
2287056948
15240227
236548159
15990055
3146103893
821881494
90911370
14159138
15932178
1000830979
996624420495077377
64587340
107943189
130481747
155273652
15104451
1425842304
981952243321769984
37982748
303407651
1017182766625148929
488161640
89714561
3101448949
872044639674609665
2310788605
522892441
1465173126
3013828828
1012699933386764290
17190493
195952455
17545071
12448992
789588763085266949
32526822
751378903818723328
21134853
2562816206
14600008
4832149212
172278350
976494030
829673923
74543
64482503
700473712055754752
5796972
4305326172
14509580
18058796
14372508
7857212
987374871402418178
426402720
5749642
910570936641794049
2606130132
17636390
738390978638323713
16692997
188376547
85320841
199675318
866365803926622209
4649546308
171006834
2375560770
1595809370
968509991538737152
9828762
811035430296625152
153261000
981920121030610944
754385935098191872
17004626
117955980
14117561
9544202
29313885
22023176
3190726843
792535435457073152
782769663965036545
99170663
756326958946922496
1710429019
3249041383
18003431
629846753
2911272965
15651700
6527972
747909890916626432
19188590
510588394
1100877248
176742934
910877061161541632
96423759
935540366752620544
28111184
14902698
30409200
20979101
870165894663503873
958275033633189888
1643142301
88098535
17202870
353123498
971842262308139008
1001635710426861568
16635584
71139119
23232640
85008547
905137321
2750973108
269543582
751483363354083328
1364236158
715381612796637184
1006227385467973633
113684544
3128970779
14155782
378311464
7745472
979742120
339505294
49222377
15944493
871069856136708096
892501418925596672
1193335861
46706765
1909311757
2977849811
855083320975216640
916013383014641664
926954756882534406
33283877
905786336732438529
909313495
331177324
899350210064687105
67282398
424008884
4791138977
165998422
22194915
258891583
836374574921039873
78499416
853151395351937024
803059087609053184
59045388
123372770
7985892
46063
1002553626403827712
27075212
25129226
779416446
974393736737124353
309823586
987932774009991168
836323112
1216300549
4872542115
936490722911490048
79275814
732031958859964416
830714928222785539
3122868355
2373889742
975158247488290816
117185145
219972434
15011623
416340548
3195467395
957586461074886656
12388512
977213675646758914
16940515
3320821304
28001649
22354434
14541402
1413197372
58802066
2433609804
56772224
827614283362082817
996807541001777152
987422830424977410
4768942424
309951355
16785742
16817883
16957321
3018829063
6082492
377375688
28672709
2777935205
535805361
579949413
81910970
992127795483553792
17237472
17839117
16468446
2437225532
15790639
931128751
16742912
269919739
16335738
795499172031905792
16553452
157848278
67385138
64863875
15612015
2169658623
155686316
3760178354
8839632
46599779
3842777735
301927437
1164253440
15959220
8476962
2271105002
2318176188
785216448
929736543148892160
846268166
26342464
47703804
13106942
322326100
986253349954650116
102586600
1705544724
911050758191063041
847689003876859907
520672793
529410901
249826596
22035385
16938558
738803172991373312
5520332
43161871
11768582
986662509716353025
18840827
1602976376
424833428
747444984710823936
21137338
1104571
95357035
880486701403172865
257294500
136332031
1452616772
27064536
982074401834328065
920402855747563520
600716597
76033569
80849755
1890261416
329816616
746576367026790400
3934094607
850392504
19917581
23477299
18396302
705233971853004800
908072747548340224
16443512
976127188402454529
79218275
21374399
266858183
363168367
902735101280313344
90730744
544440304
14390268
703950662
388257707
3600712215
14833847
200263557
385245365
51894060
13081242
1094814511
2882658928
2400261
274701644
729720868637528064
1114876050
195277383
853437137194278913
742746004047400960
798558035832700928
16459994
33832981
107244885
17601515
951488317647765504
622208611
130559155
7068442
361447279
628625113
3044606145
330516426
2871485014
6752232
2344110229
1255110902
3517996707
824835573068214272
202230373
14804195
720001622189948928
329957714
91985735
2337371605
3318125499
190292949
609171258
754059770173202433
3099949011
115789749
613940409
18689607
18638800
82077124
495436105
2932403986
22878216
2515463327
309229302
228772684
3462056608
21883399
46812288
2363571
122766458
32555046
3241529779
959233109647613952
2233869104
2294931014
892027808
279070872
246488971
3246519929
974759285312794624
2493744372
28997852
2290449420
2240073373
1239065731
848468649442775040
701037780831371265
726874650135900160
112359744
1229815968
352590647
2646929432
3253026835
18297090
15592877
46725423
18092350
283644065
305105143
17427993
850370975363284992
3329847106
844248841071316992
20026114
589214050
848296987728465920
3195771095
117855200
142384709
867840241180131330
14562935
14239785
9815842
49722441
45960211
3264749503
42553099
121619992
15772856
19564839
1621271
42746209
1522927399
36728196
25688498
2740906447
855508443599433728
16490293
25493985
884439871711887360
17966292
1132583654
1134701
3431519775
1534195303
163456477
603268288
16431844
148619576
752673
5676102
36000212
15568945
2440258777
3398473213
19164547
2157550843
1316470938
429192131
439572110
14878596
18943847
2391970748
107890282
202496836
2351468094
24437227
221838349
4406
321738111
418837047
104274951
811287044546760704
175422684
15160529
9571702
316938163
2363011566
2427148740
16302225
30965902
14142379
14698489
831752084
2188923402
759424995923603456
721898984
1729919850
1621587554
47407124
831219832695701504
780510986985889792
18937279
14263259
4139458092
151311338
4374339376
3100757203
56033065
38013210
207232274
257167731
14067452
32282905
55088926
8367662
819028964
1511794608
745751808
5479802
2646492804
751701212035067904
241170301
17749145
931984267399266305
87810665
15307727
14319557
28419706
60714928
972627307
835675580
1104425420
19978805
2321379974
8847052
3279034698
116988614
62708664
20117790
756497327259578369
295229382
887875195058257924
18496432
39100425
774192
950097884
13640312
90703340
3364890118
970302535885049858
1868489947
20211026
794880560
1307675725
35761106
1078600664
966927114036420609
12806102
167047233
35739495
72406810
271248939
285204535
132961448
227384097
11503282
38422658
403930194
369801061
50280181
46446956
42165042
38088253
416083809
36921144
14187383
769375158381318144
1066151600
4351184175
2198080974
25998505
17503180
181705140
31200987
17573928
367119191
934681
713668331883077632
798968989187772416
1961287532
748631875
9455172
604063392
15954702
28614059
3235815057
2878047962
1536576362
138327019
65899294
3145441021
3092104835
342250577
201400938
133416740
169636172
486921588
2687868084
1432339399
346966870
2531232261
62860939
955438676393291776
506458865
42445799
2543842626
274025441
15349818
2255384916
3215237493
818299249364520964
961995412646322176
910545444819947520
3803349454
117843654
2307762422
814624638504464385
43122620
2556993637
1022595128
1939766486
815246
953761263624097795
32908741
8556552
848160597678194689
869078592772124674
2468134676
885603211
602975811
2615919654
20262516
3235308547
736043426152517632
3032067641
93265817
818933023760646148
3009720301
52747265
42150405
18546796
368060919
16689804
352053266
567360618
326912209
70266297
171613435
88035013
3329942253
19239702
15027136
15498159
154007338
94310848
3348693154
4739818533
92511040
14752818
2730791
825054089532813313
5810742
63656508
956980260045762566
136200118
287603814
197062099
779143018481872896
56836837
1887014298
23584962
819231713482178561
2704581690
73736367
1187889182
2452168205
606762689
939473530839883776
29547552
168742965
21165566
20913928
437698597
573198679
40544415
2800780073
14232465
409486555
938193549178408960
1209642619
2389297970
3237272430
3307414453
439642116
906601453
1546909009
916289983094382594
1067576874
291826436
952733000906653697
360159578
19681135
15444061
117914254
627801443
3302324735
333568112
824430116281450496
2369053453
14776757
42508332
2806057257
696082319447302144
290890104
16026783
47191293
74130577
98588767
263960049
48182269
736769504
3254687159
206952218
834530468724883456
765854
18168924
713488939559071744
34143760
3058637731
2309990754
72403
310330192
3344016353
250376568
16505786
24032451
2293946120
34838259
758066072251731968
29360999
16975731
28617179
18835081
140473916
97263897
1101438660
16095572
27281534
113744441
621224597
429966490
463158389
4149887473
18647209
31297910
2411379336
941000748418129921
1963064820
41879356
46715077
45717569
880829815208767493
3240518502
2573880420
6624252
259716070
144400453
135904937
400246375
83850551
68773955
47191725
3032931995
736650145245372416
599602890
946926984332042240
20090496
12881
169757806
834609484781723648
21620265
168105062
4746925827
98688648
2972577160
3355326352
86359305
3232748665
928698372223053824
648
15027086
1260044826
960768468
43560706
883014843124637697
875441182721007616
18231343
267380757
1961108102
138934415
2733421294
15856563
16520314
43459423
293298125
949368731259596801
22701745
909134041059803137
754139218595631104
47354592
557228721
4468619952
96969694
822842343636271104
366142405
14216937
2290178473
629185301
851167058528174080
957249526686986240
2175327559
19312845
191922595
311340284
946821240274202624
285439517
215861683
775669572527656960
540366687
1038800461
738128158831042560
349853919
22021097
108184095
456162545
18141787
237424247
29464833
14755090
27538577
80628196
1636757636
1100802614
22261364
555284569
83941972
127139400
23111010
55103097
277102871
16696563
109937844
845298875300626433
1444512068
16249110
3713811
4488
5702
115718232
10167932
118958605
8381682
22836244
30026404
16910977
21708314
3165915876
2911413075
348200451
43847029
904601450
4361517258
19784247
105682955
844614157320142848
4875487440
14946614
21888718
2913839277
14398781
252286169
408272342
49150227
281426689
16512708
3389243817
2558094919
225096034
15568857
473311723
126364703
1191621103
884139694229004289
27339898
808356090287161344
73936597
16303389
2327959238
187000751
844929540791173120
925747540410105859
53664986
29588794
445150241
34705277
27127101
394428012
457803086
166143821
20187433
834914978197041155
38237581
811322651658649600
316211171
813867600962879492
196745496
38875771
100809595
1476252601
5493662
18648537
31427734
19305937
797557661797597184
17160788
17497382
14538681
14517411
42126617
836303251913998339
142954090
1434164370
19936803
743106741152407552
15220064
53945559
64515860
31869934
48054535
188145934
2973890630
94220386
4297722395
25124582
15577164
253744863
787037494693036032
14270545
59104830
4913097494
784304
33612317
346367004
19407053
104712573
2886001281
2319681066
1242608100
321027249
1117714615
46347505
161003201
2533289262
371156597
18989384
133823871
786704398659493889
14443030
6484132
186529934
943079514225160197
783974577697394692
865581818438967296
34836147
40149572
494642974
17503069
940632018370662400
32002507
39275966
939241215597400069
551349726
872257033
170023430
36823
16483747
292958173
1206036668
2177723239
152680420
731357478890438656
2333891222
3252743741
68058537
2980295572
1328237184
951485682375151616
5392522
24254084
17198072
40119556
1629020384
4637714537
64420777
1635703381
773585392721399808
13276162
14213097
25220659
117037258
785461610
2467791
887165782907596801
25852667
3146564720
767805950464057344
1723662264
295434849
189273917
55136477
15076390
236209129
29104777
20712970
31898295
882388850655592448
7140722
5699
11417802
12901712
19129770
1057910066
941118970798604289
517059146
24750956
2870932446
19046425
688483
700784500658208768
14305479
882325277845704704
55666556
781310625574227969
2845905705
14517958
13662722
462205954
1228360334
17053281
2652982094
3319296028
16222904
3240364801
256013232
425908804
890267965
3390867729
15937405
198613910
243665363
16831066
15464024
714854564009148416
4801055240
2305387562
57629490
15347729
2850181816
96052443
735339228
331874498
18463895
20511171
18557253
260254196
487964492
2368847497
830155314599178242
33746266
168907446
3222871711
858537147648880640
793152419161001984
2981669879
18498459
18154954
907404836135731200
19624836
2084361
15282783
33528381
285197303
330754524
795738998069194754
16607648
184857087
101881064
755051136
3956741
75297175
41634148
1131823837
15532089
1051112288
155685122
905120949862850560
267915933
201185000
307762186
90079704
50032582
13493142
2431106934
111681063
15813086
190408726
409371254
809685
1214681232
1139914525
892870617564762114
2195392129
15718150
2948281978
1433730475
529140270
943570612932538368
3084799407
2725467266
19270217
63477763
1567118994
897768462
18818598
26119731
628765360
918545092583002112
244627772
43412697
3439656635
137397373
770295598381690880
572434497
2332752337
256498570
900349754516832257
4860770319
795717775989833729
3233084487
943666721843429376
22953121
3909245415
1157717750
3612763815
386338347
933055533174743042
376451835
489218573
142104730
975691
117604061
45266558
95530663
854473237404696576
406694021
116534349
381264102
382179747
860324108688654336
54343507
362697099
253486570
716348353915686912
130364282
3439736573
72722761
985708068
3229089299
2858947443
942592495682072576
3188117449
18343578
86993064
280353209
15831455
1143095815
253167239
428443427
1257838105
919604988606930945
1608591
39539178
3241650117
2321397242
2892290399
762851762092937218
17937264
865537890423406600
1821151
403851238
1355260789
44384302
821070438516330496
147816355
2733123630
1589272524
16196317
879696238953865217
16491676
251881752
302564720
3434168595
2980368600
2541873636
22578655
52306538
14827652
777116732402040832
887912305
1004917260
14143419
852226073534373888
766751480946700288
22300668
4907924963
490734424
141771323
172895919
775374000868495360
2417442408
16473150
537574480
927727303895011328
3939077596
1195271618
4167440355
844748648663605248
897484759823208449
707000760853258241
544016831
791360008088944641
2404777558
246939630
4795544535
2900085170
753268620088573953
2537867839
16134792
3932191647
2304756668
822538346190819328
4825656855
2696147354
259501309
402946685
3353343856
16225240
853229852673150976
14803154
23473442
193344049
783245920741851136
485278587
904177400837050369
925113904199536640
857937320233881600
722269047673458688
720946653730074625
105918870
2189445460
8681152
4222508423
741693079900430336
824713183
166415915
55406933
273373533
44762243
10444422
70994441
14127541
14677919
47312435
1415987882
15276654
15407187
19080399
213280469
949851962
1967690522
2759769840
851290936562786308
172155543
15883042
3622951582
872568261690503168
1297143704
898609633652113408
191867457
18129606
42045549
148086529
910790200598650885
793171789
94464331
3003228617
726517073015398400
83434285
25148490
38685459
35851944
711740756419948544
4831834221
848946570687074304
933798575334506496
838491840126971904
796176393465798656
255784266
804749
709184197
540523242
906906830529495040
23545289
896927394652725248
2546732684
4754330834
94117229
4562280803
226583487
3742676539
2508920106
256791827
65160637
390054363
30035205
402792703
2341127299
15743181
764988738539655168
3433121291
60500886
581165411
292726248
155762930
809054748016054272
2871362594
3259424784
833479608
1735040743
20817148
43590278
201428473
85802530
26637792
849718668187516928
1525591651
758370024
919314764765040640
43698860
304661173
1172846096
6356272
63129184
285271920
435038217
15088579
206017634
462119058
2085091
3512757083
11947432
31656198
3034892963
828025928
70065826
24889076
14215609
602151902
800061140
12092012
45964207
705850200473010178
844728765288624128
926433148249964544
14475737
801847027
373252007
2274190507
874300935954214914
18509098
930080372943212544
3221807533
3129281
26123979
17760965
47566275
23962261
7727152
434246500
8315002
544788809
47974499
91458830
824275420296187904
4152759027
3237644546
26019961
2188588033
1085991
63526140
356662239
384639095
211753541
4675887770
109117316
1411337210
809468351185436672
14689894
122739870
739069624029958144
18490699
774729949
261440018
1244345905
933364536333209600
3412678617
4863187106
47114494
339842584
3677201776
835147727948361728
14137772
51529520
4886753121
710328520262569984
733784822074724352
129698385
712856069287096322
915264349
18710797
768126902787796996
161720492
3408105887
152840391
16597389
176463583
15909478
17223098
2329477363
901185169373237248
854859921933783040
20339060
82954292
411804037
14569701
7469772
867972322463961089
124981741
4331709628
152174463
21960291
1286265114
221379061
4864937467
3730111043
712511894876266497
166221719
20064449
2434051392
2462631013
846738630664212481
20784122
59166185
584016512
1442522654
42212356
712858115985825793
19050559
28335326
9128522
239292989
1895397547
67038356
2527576100
25033698
16250744
73310717
123517489
872966336967835648
50560458
373619567
709481974948171780
6322022
2877260236
3839924539
15676413
817527073090605056
367130566
24031166
733784201971929088
14645531
21278966
16492009
16581734
20678895
17086831
20955168
17625560
14868699
3138404849
1584532315
6188152
7661842
15170486
1179839210
13168562
32373798
2794616074
563680045
2544533125
2590317356
888123840265560064
151186476
1963698224
44374416
68696010
1479797983
40218238
1547331290
4295190435
4091328874
1176401
766347
722288888891502593
31530396
2931664437
3728814819
2157116108
3749178015
14739913
22843337
499774912
240312134
818371646
220870083
9332442
39595345
799332678881443840
715689061965365248
731847589
402502573
856012178532450305
1079987492
103019186
2209677878
15312200
34285732
4142734101
2842350699
3315566310
4872011843
15749983
289677404
74991835
989452274
2307675307
3509865434
109636473
993953312
2343198944
4205134275
13367792
2903966182
2472628525
1912110366
24028758
14159257
16340593
299881562
2685720700
3290390892
219686978
188595402
344514301
4886330115
3169501775
269366229
1688323243
3824431215
770290019659415552
85629911
52048370
2230683193
1133971
1973042528
119169398
14925956
168835727
67239103
12373242
796169341
28386584
2430804422
20824677
3407839581
90001842
167503327
357663339
699741543238750208
2841244444
111627089
151297615
15209380
14871640
68618282
760572046170611712
1697083147
3014347775
716975402955227136
3038355570
29552491
3316794605
5120691
17322690
579829663
87036287
23455524
2328947809
9554942
51859739
42034114
246299653
115862525
905630143141429248
870906754934030336
887614568
16813261
60394070
806253966107574272
775741809729347584
2891514845
118796524
26548315
191938692
542993733
561906900
23798842
2476280508
19470008
233626705
913198856619175936
19744978
22239898
17238110
963121
15789903
22301442
13666
3799821
1586501
791300
15827269
15734027
2132641
29811021
15823784
14074418
788673
8727082
103735084
28831220
9526722
777617540151250944
14791516
281842547
1582800888
2733474152
567760343
427424201
45550693
728082436882468864
2879176155
2735591
17088996
3312475482
716116860446441473
842405159841931264
20548213
898624737298882561
480843442
42663004
763893
829112997435944960
922466987917262848
757995217
893554029850017792
774510134
17669521
927008814133645312
23138178
3596889737
866196075664769024
3945530657
882485105029246977
314334986
17512276
771525061
247389608
251637280
413195692
14763501
260867841
294229409
772102812
85592093
287833734
506830441
24589305
38758829
2448082848
381671484
18170847
1621062337
3091309297
380473593
2463654482
2725634174
29387819
147825287
476213099
14881510
29143332
1059733332
1952229812
2158889324
809089639
2344060088
991722878
44525333
1009748622
895744718981615616
1714812146
764297167456436224
77200898
1106130354
19182456
15369494
176463800
868587852136951808
119378319
17541046
8859592
7458572
7039722
76699391
19285503
2147575780
199893073
188754103
436958593
385968661
17137628
40062796
8994242
2326105124
14417215
10697882
16461706
5418912
5968272
4939401
756129
1289133432
61465849
55498554
69048086
2544003962
16716129
710531405005135872
1969172834
141863391
17022653
17007671
1881722796
27105223
1849482031
741022183
263814814
312237271
346003564
22773313
2903417167
16863340
1355914842
15453
1042318686
793830
1602475602
342252352
2820896048
13604352
14747821
18152244
19549035
423217838
823873596
26709327
137921693
16277999
720814104
19045503
831760711
14756283
21149327
34495407
297254650
380664281
32754780
1318968096
169944507
27429139
12576482
17600613
37150913
336800539
336799343
1562119782
42992633
28017255
95127404
730394690424582144
752540784
1197823010
512138234
21316433
26831481
14750454
168300248
62287003
6959952
1920641928
1963403180
21729471
16115264
14105807
14063149
7233742
27018210
19193331
175892032
14120115
3180824953
825062557975080961
27052903
14709979
376123022
74838550
403207731
9720922
2808577839
67237690
14270895
243002920
69393485
872756281148407808
293567500
906361729776582656
50778320
2786047951
801164563567804417
18464631
2584587086
950933180
33640905
126676660
254222101
94204779
255360233
59796633
822722
273201162
23357426
162170294
168322502
355480759
17464996
3840
1000591
811350
722663234118033408
793482071268265984
1467571538
823636515804876804
2595103580
353920624
34276508
360331713
27289174
221132415
19181488
4213943962
159892440
278370793
14058831
893567467255103488
701448749164449792
823334831509618689
19477758
82162784
29209404
386704889
702145976203665409
3932617455
884496564454084610
4158499572
872809945577738240
995319086
851061394107760640
57086805
507744564
65240774
1137228224
15823594
436383009
16350505
197505545
15939396
3496641
32314853
691353
121539516
1173281
92577188
3366187695
22594211
148196736
1567125824
1337806934
1191219085
915227021592158208
177626729
16888702
1159251
1979921
14159158
158135219
339261041
848721867623890945
30152160
17843682
313383818
3022062663
209677849
763178203389112320
710618096805879808
901706942057390080
538453562
6032102
412447571
188489221
818215501084102657
715340222880489474
1226460426
369091077
3389896582
17258309
16365839
746341481951068164
189302944
181571346
20731304
166670451
976796340
729053052993343488
2829002996
8517312
22545732
1656086844
776921225134088193
163999320
2690427390
2577585397
229973872
751163485304664064
155125025
258888006
859845341843083264
50986270
4639656854
93701891
53986968
870281522208686081
199946383
61936336
310074998
249704264
14651539
53988745
80608033
102556907
18567605
18748794
2928081190
2790687473
813479067152420864
32478929
16284661
269128500
237376748
910919769355837440
21430574
708891112338038784
733318062754004992
540478977
2479003688
18959885
158612828
14681449
468823637
11547582
1219429268
709317259290869760
154145174
757445569732280320
2734930578
41661723
215005665
2350548318
2966188481
74912571
15304004
3022120990
2577677449
46452080
3528808935
3095607838
793558300600078336
3293373473
82865529
887073681897279488
16500734
908715830
899071680789852164
3659158516
534222686
1568310157
2753006348
2166409221
73954918
5739512
2445761198
14532479
1583980482
3825251362
90992943
516145687
68119671
17433918
19965455
16883402
236305811
170411858
130745589
1302443005
37605443
116369052
2932738834
23356719
743545678471790592
2358191826
41865517
13267622
737142216183799809
877046059
2835284204
69198064
424534094
3956781
6549332
1875634988
2364709225
30927731
111133238
2155722938
68874956
6606572
837360972461285376
23553053
1068627530
798629578185080832
224090915
95688168
46566696
875016422170251264
16573218
455250710
2815282544
2535808746
17075780
12512312
706169215108026371
31685247
13058772
220868602
389853429
381001316
83390273
1743571
567162844
15828408
7386982
2967216531
11306852
426785112
285428413
343801639
133018001
309978842
1408142352
824026321294528513
2241334020
817104657356992513
256903419
32860282
5520952
2463085783
24257941
447148973
17145300
2402548327
15933910
19923638
141598384
994705358
718154655268794369
122565951
86436775
1747321
2911115841
32330308
520838178
4776322937
3066542901
28412286
141220659
18172219
75017032
1053992436
3942184453
8567882
6387362
3298042987
307929072
852871441
1289830784
2225878315
2178541402
3294156216
3318147427
590428782
31129405
890300541649260544
204928850
41003633
11070742
3797618959
13837292
36135340
67702343
193031163
17735909
5518842
61377830
57607741
624989919
35801506
893024394234253312
731870949356752897
1316922948
15531930
37256799
875473474172727296
885971532781993984
19297058
17524567
24264051
6484412
2731760858
14203895
30654110
26616341
81855846
3246343334
783762874627829760
22596015
62046445
165385234
1673963419
16324230
14419089
1084350582
507134601
14097951
479686569
63833580
787721792555188225
776682573401501696
844541166
749676318
864534270701916160
167834639
78968940
999095640
128565636
862498490974208000
549352636
403627863
2910501362
853435847705743361
2657475073
2327560616
15306658
2669145265
4770633740
16120265
16261707
16246929
204499603
284871579
1305940272
3039534033
712854712907862016
14773014
13027572
30068744
211961158
272161437
2349952005
778670262694862848
900225469202747392
782763827104391169
1619106600
14787758
12606
1967264881
415819875
2998834391
3938181
727165860956131329
3471901
2411505859
2315499348
271826358
17367429
931508449
41713906
1711626121
3228345065
2401990266
347201605
14947499
446672326
25343559
1332891260
871858047861354496
831952825831845892
89708018
4800423616
469501630
443542496
22824309
22499102
21266194
2792490000
460628422
14749606
170393291
20559178
2962418806
23358423
1179825758
161771070
28172926
24421464
14434070
1769191
93069110
989
10454572
2195241
1634629316
18816166
13146722
33333620
31178767
2233022917
19714507
828678969813766145
1583742961
18114290
253207175
854863740554153984
178851214
61263478
471647344
31532738
407440890
235385000
18688930
25146248
19608995
350501794
341342503
618732132
13256532
1102977272
12865172
22309612
18431396
408804239
78556910
773056
1451974999
657863
862681
10350
326750374
60101131
3505663873
1403919698
14090915
3126516147
78020609
36511031
14093707
326888763
788507302051536896
15172283
6476742
610533
14749486
7426632
1486462735
3092542660
1531669496
52407272
1953329712
1408254420
4294112893
1618438968
1015031
15870573
958252256
381658362
977199270
3291985923
3294487061
117278501
14369905
6581522
97037519
15101900
28153141
17998101
14367669
18327902
21662638
7982802
2314441351
683113
14269152
25792770
277237003
18355153
2912980532
533539874
60184825
26895943
24485420
8216702
466961923
198300476
14683041
76746966
2888936610
21687414
14073641
158806099
318611323
27491049
398269756
312977141
22072608
491350825
1375423884
43184163
211281628
785925743595225088
331349577
2899328754
459097322
715105319
22711266
28174677
412871076
108659071
574032254
2759645959
39403756
902773402146091008
26154411
1643313673
14472613
2181054746
2942651049
1538794694
18858270
37185680
41986240
706582695481118721
297102985
43633629
722882664303177728
7384442
712853498719821825
1665421351
1159256941
17663776
9481992
537805181
881530736
19081010
373176407
20113618
2995044205
3362897812
615680152
30113009
1648782912
53788396
16797616
22705078
113665945
733680785539096576
1013708346
16896400
468423167
331912537
2334251
14515205
14173930
15661871
15334617
15368890
7460562
2466899838
3428933729
819367564442824705
742799266255605760
1228325660
239975482
702388239479525378
14711172
2272228512
50328442
2347067912
16318114
3325138161
495408179
3253218895
86862001
979445288
20830203
3096590594
19506790
24792670
2328002822
4832392146
14372143
253796705
3066086723
185898176
171313785
322655387
50199247
829232874272464897
28423435
29998366
482348318
36851436
1931108910
314703677
278840998
27986061
1444149732
2239670226
399742659
42864649
61705400
2883394528
3025778247
12011422
15642229
21766367
895551763834470401
854502954178670592
16643569
161365852
2188613346
19478356
480819245
9463842
288393288
812091731286118400
25511057
263711472
636639736
2574036979
23974217
1528052304
1584731208
14118444
3829151
64508047
3256560261
4331753963
3154429509
319775721
8343832
17217561
3107695766
8108472
2317336215
8201652
31033856
44713390
8418492
92210962
607932402
43353712
858178236538384384
323263586
11253262
844964687875780608
57489274
37723353
47526275
18205531
15865042
288890759
522834247
19946588
38485431
303346902
503527604
135663682
17093068
161565832
2190898868
39364684
53760832
41375456
9142842
163154809
3936064157
1297100576
275400473
28906567
17226451
819947624
26090847
4886662091
45707695
1683397802
874394695
27639444
428772579
1965629473
2465400607
202672044
16117955
23009949
14451870
107238136
18826160
19263972
213709073
223868022
887376482582056960
1063084105
193798879
146495056
1381540122
3416825374
564721501
76469358
2553031166
2790190677
23271911
461338090
26829176
704889312781983745
26491028
60642052
29059734
893440476111654912
1544277398
3392755149
74012438
407344517
24522405
947721
101186457
289342771
323938092
18006802
893894433502109699
31863087
6655612
14146300
201589912
15533517
415507521
1650350804
3754891
817209
361515783
152847396
162479412
33098821
1170216452
19372582
14164724
9768582
5753882
22132157
552078286
12193342
3187123552
3648805337
623523
2696640572
599678221
889659788107415552
1932201470
12420802
43532023
16714347
1854373320
25786620
15629200
1050869006
32357492
776151728
893625392556331008
859130509326254081
725472053223108608
120267021
1413317168
43991517
16664681
400199567
37713290
117478253
45930843
524692780
380715458
105275494
3313290639
1138103090
17392424
1337936826
2617830474
126608005
2331044564
39147863
320898935
805863123185991680
21780652
20269833
2402336407
830943784267575298
27814665
168857946
113130846
27046692
123666417
15823646
245697392
69426451
19563366
7380362
109968678
15246449
3652277836
16372225
14277276
37440989
285078527
2372254448
376332532
753566470102069249
14929587
413774837
571202103
172476341
2208027565
641633
212711552
2502008454
1350172296
271195889
247481582
12380072
1976174503
4341500734
2421237956
4330479193
715298010025082884
15750943
253199464
378513932
115990489
34688577
3023317182
2164284511
34277354
414936952
18322202
18937660
16845563
14385329
14176514
2704932312
7097602
10426572
356136568
92334229
1764801
1377060878
2357142559
303393857
826903668419014656
14135001
2354833657
1795301323
4570700596
3912833482
121569653
821116603442098177
209397605
14133162
156354422
476180255
2472145231
515034648
731222365
1549493052
716438766743916545
763440236701417473
173619092
549194825
2855392635
160650253
65907787
193979920
223043675
1566793256
781101199
156667930
14381906
44171263
330918031
590538011
501510163
110855072
335895422
874
1173459337
887702212633403397
408658816
29711295
183471438
51967007
14784586
864369849467715584
102540140
811187861785575424
2784053126
18206161
481647429
12454882
837672081240240129
974948976
16354450
3107986683
10078
11740902
1904898258
17826835
925616599
63547673
125769771
557261881
41132128
3315758285
247881512
2244290719
310429679
113560280
54203238
42703075
212702867
489662796
18350619
44503856
17600564
460841546
68153922
7389732
275789773
4329262997
18055540
1835252743
25763
818848928783278084
72673544
2841672863
4265731
14061830
12
17264476
2869663966
725572755559608320
3139486897
3416997931
100811526
369250489
237330000
262297934
2402943289
4362243135
220226736
14484374
2893332909
12389962
14693318
114538142
23092340
9078772
61530307
522901844
283710953
18573995
804692901183811585
497025059
3129294153
4067781980
93036431
1112934668
2557446343
288007078
127074666
25581439
710614261374918656
109617683
18805612
18842214
25734165
313638919
602869845
3311603498
55330075
2451250195
3201989213
199095219
18946208
239932306
4304304014
22273667
29018269
3060239773
31422711
804536405577695232
16224224
2566010412
3766048715
2366124493
188943093
216620323
34671152
865231756533932032
14458280
118454894
19057893
816214
28586924
312338767
4531660574
30354991
214622133
372910226
168345547
633195191
28219278
7017692
876288433
1104518731
1514112072
189118361
277050257
1649126892
2389724533
14202246
20153725
15129069
14060869
12475182
116870004
8622212
15832797
864288132056981509
2305378238
3665517616
47628229
20875874
260728074
310897418
198562005
18816605
745449041794727940
4719519395
2617425901
3530338342
384490498
36232059
69938206
743585142
341643950
21822169
566967995
23278248
3310067741
2858434608
3320466517
15616564
703849725
16017475
2303751216
47475039
51943744
825459154525360128
90711442
761734
750400577675235328
3214786035
14101900
96686547
809465943076130816
14495879
3980
17547646
6246292
8095292
819999
20565064
39191312
39104647
458758663
3236017445
1220176105
2457141158
755760648
165113012
263986335
135359350
15497928
2185400623
5949972
15723013
1227158130
250026736
844906556001005571
281866577
961861063
22355229
9446832
2429872063
44897207
817083
22278303
158007643
14597239
2244340904
164452061
82713557
61340154
497456097
842129952485040135
81965252
5668942
2753407309
4358642832
70306824
46787681
15717794
274994281
703708137434574848
803548405
400286802
16302665
189618679
2964519455
7905122
621583
14885549
112243365
73147282
14511951
2907419046
18446787
84422136
2651941460
191217730
725837462040383489
73194395
11591662
3347185905
15738965
2288419956
108381581
2433948804
39523386
1074585932
1025138522
724442450
1549007083
121244593
2924483556
16814691
14136972
16638708
94682674
1114766132
2272083925
124808418
14696890
242839959
1018330020
588716514
15113740
108559862
242913895
2316158822
26387006
15293504
14910629
911112092
17493187
829555516284162048
799263781138419712
319930565
15230696
255835245
149741779
87219942
14202920
380955102
102813039
1487846678
14423690
2475777992
22734807
3274121605
97530015
760954730612797440
5867132
777963505815289857
24756462
390421832
17232597
248961588
16072150
124810572
454544820
14763
161419043
633041618
105434112
3167662450
2826864042
45377110
919201008
719944671259013122
1530096708
9510922
3254573096
29559443
19090238
739602678
19556080
5763262
2848355199
216900952
1198020949
962856698
2165941351
56384410
391575895
118797858
3388337555
2732513640
605701283
871635620233347072
875118893118967810
4736579846
2482548158
811281669168787456
815308128
139276171
18410898
47509268
481655487
158065720
14928483
56609381
18308064
18637442
87579461
238738242
15520496
21720201
3227312479
123655512
2976197609
3102571858
6608082
709267872
835323665852030977
16688818
3405869686
2735246778
717654410
22199970
2451223458
1478433775
849271037678243842
3100310318
757954349985214464
1084335590
60510014
4625037762
200913899
251496825
58466292
25365536
110827653
102278356
1924364738
340635228
87239242
285282053
33041426
92367751
89503894
53297035
2361572064
169217294
2523034868
216345539
257188439
84365021
546197083
814113856612159488
44130610
393536810
112897419
797589474129612800
420313267
84163148
1049478067
836092648238825472
1416546728
2848219653
796106613681553408
3167734591
497131295
37201113
3368707252
351980279
121291606
224868813
6834002
994394408
429581538
1941897590
3298787050
218697713
813333008
8567542
995318138
3307790826
2250620269
776234022313734144
25053299
4894388456
816349042699603968
303891436
82854029
8536722
12129252
43485200
296572558
16029971
555962057
4822900408
1566276692
305827662
27646007
18131988
6177822
16877448
877579092639592450
786920123206688768
14130784
1239696828
60813091
15660796
751435953433092097
78053835
18218330
36145857
930888978
509727686
99571194
939888091
22997862
353737617
15442779
444240428
38720479
338395294
2826680778
391139444
2812796033
2438835848
1429148504
995989309
135618846
15469911
3073285900
877210351590178817
807124
1930599044
844871092208586753
45693195
6820932
2362618909
59611400
102899720
3313410843
49144047
840243872
876199615049150464
873991253205147649
38480814
35962650
702354494
409369753
803707333943689216
557991850
177763510
23215456
1422481
82173287
100495443
324994206
478933096
14130366
331344525
14130408
27077522
314006768
3000119566
14768651
3108794035
3240420332
203160855
15484076
997285801
5511422
2709436183
25549451
18171916
605921055
3018928639
18128806
847985198
275860589
568646506
576343470
2364441660
833778335486468096
1646238252
13334762
517021184
1632193579
40515777
7902612
1668100142
3294344247
2544208537
1488980960
2314793970
359185312
632844795
22049729
65103450
273646213
3330641590
1099444388
123984620
3033012873
4120037385
165262228
18726749
194688433
14255877
172229755
73231837
1726195866
605087470
20067115
259574548
23541684
17371435
17543584
711976170045227008
787617907278802944
168774634
171510153
14920611
243782167
810873066473590784
12039312
71398061
130985182
2321394288
4871861050
117756731
8526022
322036307
24247996
15279622
540307849
1151531784
1359582644
1137885486
146503047
2250997562
3342153239
2897248347
3333339190
21418744
2986326827
2872496253
831207075309039617
258189711
418228820
21817105
16228398
586
5768872
14293310
7144422
2890961
21807536
2822060485
2815285896
99858720
284739139
2398551432
521101637
472251920
2474532349
507709379
19092567
38231370
2221695594
98905235
14075836
410537231
3752473114
221635888
18582812
566727500
742414550650195968
156124269
113439399
370963163
4191232272
3728505614
785221407802294272
15148349
81689348
15330022
256599781
24800281
1339128306
14194833
20162581
431063688
2473963118
1742942462
2299828074
180103878
2485690568
2360222786
722795684496158720
473077061
3374240173
1265254698
523948087
3001958319
159537885
2862979643
3430684959
3804646814
1140876432
783305511751921664
745712218637926400
714873218280984576
375022391
14711282
384239522
2981803053
1311781
345673106
79365337
291814511
567551419
197987694
44491851
16014840
22756947
299081229
14410280
563455650
84120727
3313581174
15442781
15145177
26269523
15349708
543062941
14394958
14843763
322933840
354847710
57172253
166315104
850107536
430995737
3476
563957624
334984155
709468324103454720
835608513330180096
90570778
1344951
58560480
1636590253
22330739
15168829
19426729
224221596
8161232
183749519
15906474
11348282
113963
44196397
50393960
745273
1605
1394399438
161801527
972651
37947138
50532092
816653
394826630
21982720
20613068
93957809
66209470
20536157
15020865
914061
