1093156402749681665
930539847856553985
866426699193491459
111605282
808905783668801536
912848821595521025
1059777105649639424
378259736
204832963
822496892756049920
1156286648122056704
1447181720
886282926484312065
843125767559135232
1006419421244678144
2905440476
1013578454
824720523904978944
389529702
1070507810813865985
915303469895913472
384643959
1049359682337497088
2811503196
1062874223566249984
349563888
3260972118
893084058858684418
1103814528620326912
1064189490
958321164048191490
1006191127270129665
1951518644
166022406
746107609741131780
823939969
40411094
874292555411795968
2553075912
883608709
309993061
737470720616194049
772163304651313152
102271974
800760858204770304
784790210349502464
3301860092
484034786
17596622
209745713
141991931
3568586475
1031228295646519297
1096058449
2701073637
3170411091
164345736
3761788217
1576493460
78208471
2974862175
448476934
848946771342635008
572719083
877667395778732032
480618253
2432088217
1071189719436931073
478208405
636216638
148518970
581012668
37710752
19725644
3353501242
3387604695
3295866697
2420858653
453501256
3020640045
19518147
766647415076229120
2478729888
975756029999886336
1736490572
1057703224084320257
581798418
1037710593485144065
60862771
1041493806569279488
1050809121275039746
1377268357
16526606
2688531696
48522369
358338367
704933158064693248
2565556659
992980506693189642
257617636
2977605953
838806427468763140
81233428
4230839662
789203479348678656
994619533062270976
1340619120
2790706862
2149644266
229836348
86176601
4824963021
496588321
2613545972
741368872779943936
95318326
4009593327
26287962
913413651238973442
4002414802
787402572562849793
3281210928
2497282117
820458829938905092
1106241373
1388496048
706869144772186112
3141271209
960884006987468802
922927647830740993
2189319798
3193556054
954502504389234688
2422431306
4906259687
1131711230
923475010567720961
594607835
930552795505102848
619454958
969659617205739521
953102197365137408
888950904568893440
956981466906243072
1148562499
935178300208578561
573791752
704258769392422912
2187000672
958489395027423233
899459529716453378
906372532827295744
856904907143737345
935597659192283137
1517035471
776046474165706788
750892662224453632
3291621854
864534270701916160
2580507532
4894139990
302412035
2839430431
4896752633
3278590639
811913062752129024
82247170
16779600
148297916
1873706053
1732472689
747647379583680512
3250828722
882036168694448128
28840059
4777767515
3304913886
746758072333283330
244313721
49042836
1363206528
453892183
3324037438
742798658
330055239
597924995
2588591737
342490435
826536797228396544
946248152
838887334410092546
1378590138
974243856
813286
3025477949
495084070
635123740
252161813
901622635
26019961
2420991696
277106740
1952896542
906740160
59298125
617187200
1886676410
4862273771
173195708
57625403
3030236116
220675687
414252108
3434525705
16153562
14353392
193815092
1684572763
282980773
1606726657
33898911
1399071
30209813
1610917086
1173623155
30855079
6519522
2305146115
2327417043
4265009482
173936774
15862891
189253902
22167056
1655286596
1855383258
18676177
85289376
93284774
15066760
16318973
799848565677977600
592912724
16211434
57156475
3350490011
36184220
55592530
493613221
17219108
1704035064
63185570
1965121700
452820225
364059631
3364246263
2252850199
