1963519538
1021763998600122374
170254080
546632976
6974622
37014494
2948848456
1009201116561788930
3294142917
899763626755604480
817510395829223426
1408142352
763153355669594113
270281497
732131396794372096
15906950
15377617
2341069039
4808396661
1156704365266329606
2909691652
948601869865242624
204054046
3404241393
42914038
407160443
850888387
1331528174
78322326
38453582
564853309
40028364
968976061462732805
1023565361545981953
984464498705580032
982091412475928578
468112602
313360148
3303031570
2270776861
1895019607
168508631
14729597
766474631389863937
437479436
49129289
25864331
122111410
2361414407
129612637
725191969408995328
378259736
415075929
1074708625
754781047456468992
18456821
5913582
1599351
78092953
3234764627
3913827975
96049182
2185095184
2707052628
239410139
25014406
66226341
705850200473010178
14335052
758094541
30816874
13920172
21676596
897861844701896704
196481854
264144306
16729917
1164327127
323257073
280234356
821205552201990144
736184665732751360
2182862052
175292337
29987775
2579686013
17896057
60747383
2331130392
311976016
3597907941
47301280
49695355
6858242
2377496266
415017868
919310282
22757392
111218031
995715920
720951847
98576802
1024578432498376704
1006490087985696773
17157069
384953560
747356267035922432
1108872089405214720
1106680151360917504
881381711606538241
517902068
960560004712534017
1093232667452194819
1030915976131477506
357916553
22952866
270683258
3564127636
941829517273944064
2494206019
2493
316505966
947905636037210112
567259538
134216444
538285083
17374940
988643130118307840
973362958976929792
14982804
17974481
909650026959269889
2236640820
6556432
843650557340499968
216453098
19934096
11062822
185383
2801571
4509825366
47687859
50129204
35077198
70429496
20567040
870675896
27824630
1921724671
1452432878
299197402
2987377673
28348802
1564780184
12962962
24560506
22512085
15843898
81783051
65525881
