38246445
976135253789159424
2460618019
98036293
298540869
165339188
1157376008884051969
1151905953568165888
1143194547792384000
1119647936835661824
62927253
780845952504442880
1051942035668721664
1097183214181933056
15416816
968666074978938880
258069365
793779120
1143607600682033153
1355703662
1067283606488473601
1263078757
1053425018862858241
1716195145
3220973940
763862778276941824
817104580383272960
829403994866982912
83003531
86065887
40081511
525785424
996049861
1489093009
1114544326162489349
759379794349793280
595206056
1022525526823653376
118534280
20038221
581940244
27768247
28872567
2900146091
3253256552
378259736
781896805441163264
104475938
2950961005
1016003856482750464
31443503
1009074544353607686
371705146
423433891
408544193
2932762351
1130475279720308737
2777494785
1141424828794249216
1131741652513636352
1062726061958545408
26247698
1109591706
1015225332956266497
1118684520545488897
2908452205
3062401109
33055690
15131310
146569971
17781673
2318890404
707433649
3404241393
1031918044354736130
972511715945533441
1598216353
3230323753
27823036
137115737
612897846
928264122415927296
448106026
950453013612843008
314875675
851066895201652736
1228276086
2842245526
2176166298
2584251577
3903966978
3794644214
1104550795289100288
1036578618615455744
744399119565762560
2276465518
337183206
2841795280
161838894
2555804478
2614362996
1057806421750960130
39348006
3398624303
871869837315686400
138203134
2844569713
2687999594
972327576
1088917744890847233
1021809792082358272
819275236831088661
985759850
754754385092026369
887018224839081984
1025045701649223680
2319519980
706800925394997249
885953601067208705
491333323
55401122
854840560749826049
1027223437108891649
1084173670556196865
737303525168930816
30354991
30233007
66660156
728326802
14615871
3105515123
18100201
136514464
35598529
21753847
704815079674478596
539444250
1069774416
47643651
832682391323832322
1033111082284605444
880850093548687360
2853478324
847921285065842690
3314247009
767821356830494720
65743442
849666375920603137
27726303
19078387
459294549
788877517566386179
2518922958
471504594
16045268
332967893
1018962877
139156709
940640510858973184
225921757
1134292500
2214208128
338545569
789619448848146432
868703400
175925990
2364656262
3824905336
719486754139586561
1038997735087726593
1074708625
2926461369
559029116
246090815
1006557078549233667
1736490572
557624470
2342737842
1511938453
3016779889
487833518
264399952
107391777
206255645
32372834
184931891
12819112
258847118
1055907624
342863309
275357706
14717311
95085689
1507617380
2424567110
67647597
15492359
392984820
32959253
744046387365560320
787604309693304832
732204882858520576
115039678
2423983836
3518864172
96102210
778720904
570260961
46129699
904696873310707713
2334193741
50216928
22674756
14529929
409486555
107225267
39364684
611932553
987323492415746050
926400629853040645
3331768199
23662155
3416864292
1144882621
937050321951580160
701534212
15764644
40081196
39822897
1615876674
14448779
2717694091
771273787618762752
801722063199334400
534037507
3837815958
715573452535496704
813860534
2273295432
3000068840
908226487928594432
391934111
2727371792
3232811052
301568723
3192573188
3351698086
604416116
2645602164
15521075
1891806212
3243492486
2647306743
748207924686708736
290582982
3699591385
529561107
216776631
29442313
3244724835
357606935
62513246
116994659
15143478
37710752
19725644
16245822
45266183
218325695
836052262510280704
18227519
50310311
17011177
813286
1339835893
800942537083068416
17006036
402957663
22162854
34554134
14647570
21581503
41441873
742747086
216739977
216881337
14293310
16129920
25330246
164748570
16011832
28184452
7744592
33898911
87416722
594666501
1652541
428333
16153562
153784150
126302054
14086764
3108351
33773592
7587032
65647594
186154646
378204367
2097571
14511951
759251
14055301
701725963
252791434
6519522
30258963
43166813
17471979
15808765
85289376
467739426
20714308
251222157
69181624
807095
76348185
2467791
9300262
742143
18622869
89820928
8963722
20646711
287725570
14463848
14173315
23962323
23575322
28785486
14159148
23095991
16017475
16648790
114506204
5402612
17239997
19802879
14412533
16817883
970207298
1157027197
185691305
24925573
66369181
11348282
15862891
44196397
15099133
16580226
17006157
13850422
21619519
217900600
