3846148359
67401644
592201973
491492085
25029495
742798658
581012668
415075929
283696216
2270776861
1895019607
378259736
168508631
14729597
3265372914
2570490729
926409020
1136244933587800064
14079113
34888595
2329391649
983009532350779393
135522601
34115195
18034498
2228448258
14066024
1102768001819000832
62648354
2450873046
459390022
26356989
20600055
491719838
16929600
18622869
313979251
1105204810192773121
798547004477599744
139162440
1948095715
887468509021732865
1151267449775378432
116471216
373617611
17642747
76070738
801549353227841536
499073990
586749256
97040343
821387408
246939630
24785557
122136187
18510860
257796122
2444335140
397651933
397655438
3235437439
182839127
127739478
112475924
125767077
122130797
3223426134
586657636
817460680748044288
24752038
14085040
20844048
79945197
2382569942
705512846923325440
257643747
231510077
818876014390603776
42698622
18917572
18961745
310662144
87063281
1085776532260380672
4797361833
1116901132289363968
1019974187975430144
20702626
2190495657
221051476
998962318062112774
552400521
287993271
15740776
195409453
80944550
834205583637147652
108094234
51547100
222622640
3332015273
40474997
386900982
912278708349698048
112724522
381289719
571083342
164741559
1094992905414930432
632652795
1685849892
189321763
14824849
109312438
602191952
80855730
1092974230088511488
122484684
410412278
26374751
14177942
15935383
63262233
17789578
65698096
13393052
800942537083068416
17011177
402957663
22162854
17006036
16967845
19719380
2932344645
706375255376293888
26551204
150662638
880018682
15866188
30395567
780228372248965120
363307219
1028532780
2666790169
296283890
2901721655
285282053
928775251168657408
826590763878281216
1097220034131304448
1013291026755317760
845151650033512448
15492359
3340128898
4337463987
18774826
74287341
260440779
151722554
469678641
15588657
15846407
18464266
4900058284
94586657
206255645
14717311
389974502
14067467
2354013972
1071545951414820865
22709207
17031634
264264597
80857088
15907183
2461891074
14229804
850425860800692225
800983787945357312
851985789072408576
113536102
14185317
20479873
602317143
941000686275387392
3671138595
25649826
29501253
246560945
738225045663715328
822215679726100480
14652182
855007514621911040
892275857779118080
1071817859414806528
15464697
2795342280
1006419421244678144
755057897583804416
782018153207431168
337808606
182503471
33152005
2404969004
119752377
759264794083991552
44667379
2546509501
79905932
4918060063
557395600
45598972
1498659234
264851886
1579323631
158007643
226222147
292250240
934995432660520960
1080584229510172678
575905433
340613443
1080539438508400642
7824172
561516853
1184647243
797229459803926528
1081222837459996672
25203361
1072198122657538048
1016415942148947968
79749258
3060489838
15804746
5392522
25728193
30204610
189376144
216065430
31239408
409486555
11134252
1090780668739637248
7786612
216776631
1009577803304656896
1249982359
43963249
73238146
30354991
1921067790
26642006
15764644
246103
2806253912
19397785
15760637
986956174301032449
39364684
21522338
602252520
133880286
278072240
37965160
1046758942909566977
471677441
435331179
2828796622
411178789
30648626
767454232060502020
818910970567344128
22203756
19086859
43532023
724368007
138203134
761167885720956929
258209845
14700316
7019512
547920151
580097412
19186003
14335880
100802089
26548315
89887215
16684243
25598396
6974622
182545611
155547641
158426909
738080573365702657
853146734293286913
637338906
1339835893
36711022
1915033663
2908170952
124003770
2509461094
80135530
69181624
856727566123716609
2549031829
62513246
166739404
255747911
139823781
36169080
2893511188
50374439
2233154425
26053643
16303106
547837199
36686040
949934436
20479813
82144613
933402560827920384
21786618
15143478
37710752
19725644
11348282
15620255
34512788
783792992
334217161
500704345
44196397
1563088640
47724293
25073877
75032255
153457953
725672827806838784
709095032
813286
16129920
52551600
7334402
29442313
970207298
14135426
33537967
