824116562768621568
824338843327361024
825169722538852352
824343328837791744
824126001936474113
824270573203292160
824494641890394114
825153022653128704
25203361
139823781
31013444
1080584229510172678
815733290955112448
435331179
1079769536730140672
1082334352711790593
783792992
138203134
501705472
1062061675396837376
784397947374964736
944345845
1149942961
378259736
2466123505
3016632889
2217401528
750344739430555648
3057309262
27729216
399072194
101856523
2455933854
112317404
3960654267
55259925
807095
2347049341
46335511
17781673
23618466
1319555294
110617178
193172825
612680101
2970233345
826210210549211137
1024378375962415104
23074577
21683873
279277338
2422182746
2369245333
85603861
165505956
1006228225482199040
62513246
842498030830084099
17494010
15764644
78401061
181055513
40293516
105177172
300228259
302055329
17620527
34002780
118744775
860334187
774090876
30614676
19165963
487718304
847154816593752064
17220817
19936078
2191323205
40304874
4837061674
3171224682
42507892
346678579
3119318116
34929441
231540924
30364057
16129920
125768973
91705426
60764010
809810303064150016
988760921886642178
793333624829415424
3787903994
38481817
1691908549
840979724457394178
824473943931293697
828669676288954369
2246223644
750459516085473280
31170582
823565852922576897
824190260338954240
824326864407822336
824315778866417664
824264707641057281
824332206952714240
824320219866923018
3240143771
14072395
533371414
761713461063581702
88976515
2296017252
29199894
230207608
1724244086
1337291258
268414482
763490045978374144
361342588
707100978130976768
740701685887193088
763547754757054465
769711131757862917
57107167
459932105
40100270
15007149
325830217
818910970567344128
357606935
216776631
970207298
29442313
591416071
31194508
1244325504
2651924702
343694145
2282671736
3926435413
2176093390
3344543115
26609940
279663734
216444984
14920785
28208983
58528137
268439864
23004135
733436630791421952
17471979
31685653
3295813592
16300281
3188035248
27908189
166739404
476907667
2863488598
79923701
704855192517386240
202416362
15987296
708466648643031040
28145061
1330457336
1339835893
16303106
19697415
316389142
3033441051
18375327
1394875741
217510835
18025557
24807616
20012204
3332723773
1301840640
4810424847
4730647461
380768484
15233132
44438342
2190080402
61672669
417745172
1630711165
18667907
776049583
3433077923
3600392115
4016895195
23583405
50426041
62965429
15347020
15650816
25525507
34381878
35764757
15606542
48613218
227117671
436311360
141052723
123639602
82142715
439779366
36639482
224244250
552747499
39613736
16860787
500704345
776854747
818876014390603776
322777883
1093090866
15485441
1078443955
2869011137
100595657
34786935
1550565379
2223443503
1289518418
608666037
224234419
581795045
71385717
455185201
16435365
3348068663
362608497
3079929383
822215679726100480
1536791610
492742094
25888262
64245804
2810389901
374312811
30412891
94215989
268586749
49110693
32985158
30104231
50515656
31641658
16008484
257796122
145907006
3290533065
3299055161
838358912
2712579625
3168918377
263777793
14437161
15295015
14980820
67452581
250915400
17450578
32455890
59949396
82653001
2913878415
28496589
18136341
19564772
23615586
1430837990
15066760
22150308
152576912
107856854
115772421
176584869
2827394891
18710600
54289147
40786192
22836244
147696582
29146105
29407249
27993589
92856696
395460336
202367186
593348974
2887668315
25633162
76797721
236022435
152004262
2922013096
25062806
133923486
77761761
99040953
18352261
97061421
544473754
80669684
1534845168
17906632
36375662
407431167
15704731
29287545
14238142
18479513
41792423
90098451
110189297
2748101916
36137810
119281732
774366205
18395721
2756208132
304651137
505352449
17975768
24540361
22975873
2610060030
2757748205
326407546
35471591
2654259266
247468779
2695363191
2712440108
46212896
2543842350
307558782
33041426
90420314
53297035
1493678719
594822781
18144140
81699733
2248330424
94919897
2406956401
1260854586
78536753
103525938
436765303
158630551
281550000
216150271
15467654
35238224
258071898
194425811
1140266432
270717810
377413346
114373661
111722909
47539882
318785481
254903523
371883374
116352767
113553451
491487555
287743139
35109114
235295054
404471952
605665094
169062063
106863403
34301958
1016154763
97698929
2427585397
14537303
906368809
15843240
214230922
962761555
372074987
625195834
20787033
18747993
297939269
1753950410
62594907
23626062
74045398
514646075
942801348
21120759
428333
79011625
23834147
14345759
22169931
20998647
19781206
51917652
16645680
160674548
35907858
30231097
822215673812119553
30313925
506649444
264226741
410905961
517942340
265085341
117759812
175078803
636240108
27866269
1055460746
313317949
15463671
19117383
29194419
20948546
150668676
34922138
21357741
409383848
231739367
949868012
167103070
830970632
200172640
418973966
347819919
364948880
274188963
23811788
20121030
21235844
552641033
472378614
331175795
130317831
296872202
902536392
71696991
368460486
32544111
14856665
401659534
15212909
18938912
16426177
17974012
14062180
14848798
8760102
16017475
134207471
233483279
14511951
36169080
225634187
11206432
833867641
37303140
19652575
148064587
71292414
14056708
167912446
33116659
44953111
113560280
14604048
69531318
23688478
22459342
190371305
37982863
409486555
130759152
294180303
63262233
58584692
320401364
16614348
15436789
95950268
17191231
78599720
13234462
165912018
16012783
14957193
20813775
94005100
355091229
479704356
402824596
271480981
453377489
243716106
77755922
43767034
611262428
87761250
216764874
52404889
100632928
19695231
32486097
19494371
189171091
15986653
28624839
271952759
16601084
19292477
20655304
8706902
16196381
94687040
19622050
35002008
6482532
108431326
14498453
215054567
386805275
14190321
34729853
278691582
102402674
300583743
496604711
50975413
21207220
272978408
256578800
234453221
40523049
158414847
634684057
12133382
813286
119171995
66561957
18622869
15309804
39419180
121473537
2467791
109369991
91052116
16171413
33891291
9256422
17641992
106292387
121241495
111388532
18708066
236696328
125194639
132598528
380156183
239921349
299255470
78336215
94611982
316328833
363250586
60657244
112188598
154369698
308869555
25589776
116517922
63631280
18682876
237845487
17841279
240363801
337515248
14456946
20793816
66482863
26315762
23465125
102483878
143434482
18543419
22699770
62712513
539085305
837860910
390945696
602927376
120116239
15725693
349732036
16263938
569208726
369880657
329858824
294032229
15826592
275077874
317995563
314351291
20567996
145687815
18933958
47436923
23648826
15790423
37042705
574732162
37016762
126027909
626843952
19608297
495260217
126492276
217076597
255525881
479811368
289893434
23774249
99044509
14565193
22723326
19226567
14376806
708913
318721553
