2830089313
2775546781
793919903472480256
1108302258511532032
1131178472234074112
22666356
726693979572559872
181532763
89486038
210492064
4636090048
189321763
863972252840116224
112317404
48491083
501705472
784397947374964736
944345845
1149942961
378259736
3016632889
55259925
750344739430555648
912660928860229633
873736014967255040
417447478
44915406
30364057
20098015
284575197
2268731271
718888154
1183907521
2762800593
43963184
955157661212987392
1031364102906695681
847484522115375105
93222172
1073606435580325889
431765325
493360083
787709936
27825390
17350250
91390383
43289545
1103578658550226945
138203134
3290744768
280574046
252569527
23051259
344634424
297380894
982105080353574912
79293791
2217099931
934281246435405824
825594852
1357689846
1140916632983879680
276868661
3014541130
3030111953
2932558313
135812289
208643146
1325563478
3168463452
847763378621775872
23375688
16998020
3000261466
30033471
226902679
473644405
281641624
430651654
936954452
1447183220
25984418
1121750922
19291952
42890254
234694571
94197243
19394186
22474599
35264967
13748562
20481697
1043756120261763072
20667161
200514238
66327572
2563656001
4882743003
4274372981
209512953
2582894378
331672974
621242535
441779125
19702547
2583270112
329300680
4804810180
103079188
24737621
118691097
204832963
1254494551
3046288273
441192582
1905386448
2572186335
1712122585
2391668609
3315137943
29739553
986297253701804033
852915390573420544
2578310220
4880810369
246153431
3784214363
399571554
3993265277
1105195733748195329
71019945
29221344
19344825
22029553
1376502500
299719794
20674227
2904913023
131282783
24069453
21125405
2433403248
2890576295
769336614
714768623764697088
1062775113622454278
17781488
39584392
33018114
28978705
406842374
25203361
139823781
551433993
24852465
19588385
20427223
28680544
202367186
18710600
164350781
34097876
232147294
988182817615073281
865119624
1006956313
540812894
613469003
16153562
18213483
69231187
14700316
33933259
14159148
3459051
15584187
24679473
1035014870230618112
20106985
1019974187975430144
1006419421244678144
904741383730327553
2565904484
121394428
148326081
221387627
92248726
4111939343
93742186
176796349
1108400618572562435
1130102132
19453808
1729929350
569130639
515946434
193237254
2217401528
53110793
1612588411
1282915350
433371001
3190249186
247912274
2887077099
112412087
742637196
1079443740
748813858538610688
33823446
401212191
939570735059783682
1049365727705288704
502281810
19570960
925440025331929089
84632850
31388819
3129345501
292903154
66648201
35270579
65497475
176486829
990317363915579392
72831048
76351820
16681111
140981163
59949396
568825492
14123683
196951190
727039916
32184345
23217907
7786612
19878121
284602545
125481462
248917209
1722259627
90420314
234428224
3769514241
24291858
29611918
787699593907765248
19397785
818876014390603776
409486555
822215673812119553
1339835893
822215679726100480
813286
25073877
4028680572
3405967474
2279602572
3302783815
3220881440
2377837022
785739140
2309770436
370290486
2252642910
19248106
79312312
23759767
24468619
19910414
318337530
152785310
259750572
3574875675
255747911
1226145782
43328711
765540584
1094233866
82097756
309930790
2786275090
2854851337
255507259
747255998491009024
26003792
98422090
66561957
1039044256768421888
414082800
520382617
2339240085
14790966
22084427
35206553
182542653
49585215
2921775425
44553457
109841324
1888149452
571012972
18131961
23311608
754356989715677185
2750435892
919988767318003714
4897555540
4811523707
3164621212
1022190009053523968
1029773294134804481
815566510303440896
146470197
268439864
44409004
31239408
111690277
109713729
1037053771161980934
21753847
758484549408088064
188647212
94360081
95515846
93935921
28638191
493695467
88749392
4878236248
1604444052
843112550
342863309
586136477
108392679
739784130
154101116
339755472
202331807
18866102
443215941
703964780206358528
189088175
3624643156
2893511188
3058602759
49573828
65744985
630924119
1249969596
1249896876
2180198975
1617461347
3266848870
166985114
15175368
146530159
67371889
22151193
69560047
123015364
99610531
20605259
2779243826
475166280
61569136
47287431
3386165063
287874817
26020351
277595625
1022422398
124003770
125370749
14709355
4430502617
430589023
79367880
52087269
2423478840
21356261
1246200438
2466552420
2474570573
2814828010
355815721
3025274176
35759880
342770193
474286103
243098820
2916934019
300565032
3315766473
36262503
44101412
17386885
19598680
34303468
2870653293
47756582
80127034
2162374808
310960217
542778288
91798218
19637934
52551600
50374439
17844280
500042487
2616072097
539189253
1303804369
850860144
26518595
17948810
44874400
3313360990
93219986
56845731
59593218
251706984
202495093
168552582
74773211
216348190
74773917
733479783783337984
2391359107
245947377
3745798636
37916167
46328741
121562670
2173215501
15558882
1239401102
20542170
543478362
309555617
46650770
441854978
114709222
199009284
134492423
31173665
21325066
25087909
19111767
18887526
28995328
19644356
16557472
23433692
15687507
39364684
15846407
742143
128216887
20710809
20201726
15253147
20244875
19869102
936280156716634112
313381112
539985479
17919972
526254701
367284950
20015311
19760151
5695632
84616813
17336372
215394809
16416978
20132853
160952087
5402612
2367911
35749264
14569869
215952307
23544596
428333
19877186
173195708
1367531
17471979
2883841
