2174983748
2163577164
970939705629069312
256492864
2308189771
1139842497679679488
809532994444591104
46644099
57268394
28546583
957921264248684544
108370814
468295856
1092910070
607698782
41117012
70995061
141545751
971503022575628289
378259736
927013390534328320
4878391234
815575005861969921
301431062
703729812
781467359571763200
18020081
1116803622342467584
934399189
19064538
4620451
74560879
75430270
389032360
831449370105049088
532901217
2647212188
507356334
776836155841052672
36395693
6164682
1439159640
237929438
738313715875991552
1030981663
53646267
382712338
372515011
266074805
31377116
836549166310518784
612989413
14773226
476110720
20618482
837239020950286336
753726530
16714443
287395298
146230076
507454698
84598469
799301
296909088
369822815
240634472
156657418
4872636172
17994509
14353355
460317070
207572668
17930108
234694571
85936195
270565536
52796949
1385451
44576436
278035184
220999568
1064208207894274054
100025340
356388915
2816947358
1939767962
1078143224
209729860
1162891212
181205838
1104591720
916340652627189760
427018473
20506424
804824941715718144
47695132
19698391
60657605
846429305219506177
2493112992
951417047707279360
1026109609877143552
412627022
109370007
161625456
104574581
115646409
30438454
1005608424099532800
1546043996
1577188994
34909314
1189205972
2459356933
71238010
1005909678340141057
990973730703794177
44399117
116876375
143104647
1249836458
1854580777
840502412842541056
27530178
1201051748
252006988
17568079
806111454076305408
170254080
36269229
23003978
365748349
330737661
2358350640
2946476236
368032559
487382618
86324295
743062965797199872
30754682
165216522
3302989984
2751434132
3844337056
828645313
20668549
3130650250
126281343
1477197620
1227149700
27444772
1474998937
61756322
2820709207
587741124
54172201
351860420
313253468
20770396
614472855
958280529182380033
19907840
3816567737
1598870389
26534200
248741839
2254061156
3308279662
465565322
18940884
1228337330
785461610
352292179
491631309
777566208820379652
21213990
17843373
30699754
43745177
2800026549
16897352
560635764
2562441611
111095563
959173934766837761
323809300
983637003454566400
51823412
989452274
26008338
865432140
4054296381
863088902
57047586
71093106
3077310809
3032719534
17063693
66408565
309408721
46875124
39414597
106936218
207762600
925196502
347464925
135839250
145671928
3220090938
16170860
928028344536502274
3431728931
40465467
2163374389
56164952
73855571
20058280
617369455
144180351
84364416
2835117016
22279296
80376411
18392906
262182185
19086859
46090073
588993683
61019076
22992026
137648408
265902729
20182650
342309995
171555138
794455338724577280
426643223
2962817295
52487416
39159473
4882743003
439968830
3250793217
837376895561904128
823518894182846464
3335341330
6655612
461941362
19530898
204827740
391320739
1586370378
23187207
22706835
2205788333
297323634
777533225715503104
20000725
239861892
4076648128
317787080
151876540
36926305
1058994655
421782852
119384544
17836273
2829383458
314043932
21443029
855933025695256576
24908105
3165927365
117777690
14700258
806445542607884289
21406504
21316693
237555023
1563088640
124188255
118409104
1357073072
316132288
20718622
560080906
92301315
21513939
21884140
224625671
574739149
26534576
335346199
791569489
91224484
16468176
91151543
2534823542
158074546
20322425
193839017
582724108
135622731
12096202
21661543
64159836
2479224200
2482477633
289342771
159783715
16805695
21412042
526425773
433963327
4795046390
154492031
19438505
19737646
4823705386
24190981
19728966
17006157
314754247
20505346
17310934
1657089757
783544503663747072
55578718
87818409
31910618
522519631
807095
576490218
3353210422
455257302
803148212
1240605858
3240420332
15373538
718698798
13566872
48428463
52756059
26582748
2903979971
724925925067001857
31386980
169503658
25273394
104769865
1074387378
735127166103474176
25275453
1243943036
19397942
244086046
402785307
134610558
17010413
2160621835
486799450
268396932
3431707774
32844743
15392295
132514069
20588997
41228441
330929746
2976625727
20228975
1068121346
15700308
4861178722
806977969
15344145
19000029
126278518
19566945
172699712
2207499559
229224677
1919806370
18145945
2565576048
59627487
461513506
483955555
40844008
289888171
571234070
21200819
14216415
1317255308
629241313
253211837
467301463
20673816
3349576462
61155321
19045873
43644872
3956963357
8984102
358566293
41627051
2433788803
33949591
351153154
234827927
20556429
14684740
225199075
19923638
1404000662
3261894490
61183568
92988038
258069835
1084411052
133767020
191026664
78400475
35241468
38147626
3215759967
27212264
41786449
17464817
230909070
15579697
15747827
181981867
200162728
308379387
58546726
8525402
2885435225
1628127072
112037009
55257327
19066345
200541130
402768668
100273399
137811467
1436601709
16017475
20651511
8532092
239885144
2805308640
186008368
906782468
876349579
2543914418
209512953
47969874
1510880474
1128376722
31192483
15028361
46384050
20248414
19527229
216912174
188039706
22252038
2405021173
1973354066
23054669
146401381
2369914145
1676824670
17088536
917166918
25201275
52344237
21251300
28161405
23894619
36705883
2412253765
110520327
15077051
19033551
133237752
1726176110
2192615545
20463255
304909941
1933756920
2422322292
90629919
79765805
565472354
59939634
17544803
83329439
298477750
379371328
20767246
43318165
25141503
18147109
17340546
1649875777
40851965
77577036
162000969
20312513
19706585
15898172
1316390684
35934858
437235053
1566663636
32423136
120153772
122751552
40252336
1316809927
62046169
755098256
1921208576
158394720
21393
1628279510
136359464
207569348
262603748
1003173584
1107212125
610675752
118816141
20472995
56733951
1513981392
7040842
1515947936
19462533
130875490
22916810
620228416
125684014
1384636117
1360064106
350908093
843294444
280614802
87198750
1263782898
305575049
1185277130
29274008
18055737
338231117
28079313
8936082
26745004
133729433
20908109
426044697
611585332
19528313
22479215
11317392
873311238
203949897
957528097
14810827
13213122
44327282
442077401
103554348
136380785
506192856
27699224
283014521
240843026
42736170
205224707
20433196
1039719625
49114382
105912131
15251613
191768822
21156414
425729190
414319816
15860531
230025585
31238992
19722699
130557513
845743333
417419122
45332531
18667799
131632349
2182641
23614921
313246000
403075133
570676314
541101047
31080039
628765360
609110799
39573484
5934312
18668407
88363368
25892831
27204108
16970321
169831022
324546384
341743736
701177484
22623278
15181734
543818043
7589572
15645093
179707847
149618147
130817753
107091625
20430043
85562303
229108038
9207632
308149055
22021978
140394847
30980778
316327930
79024978
19767193
96092282
20784548
125669429
270459817
191820244
189376144
210860913
18982572
15604078
172675350
378092271
42937492
19541522
27676108
20912252
28196433
35433497
16347112
11178902
19335687
14962212
69870201
6574482
5105001
72831048
5355722
17369005
14677919
15985960
63295971
25690886
15019821
71256932
1434251
22001973
50125820
