982097900363829248
115461540
3145245071
263567726
124535294
1135137967528456193
925112851894865920
1909401391
1119089826953719810
933613870756892673
1006333920730894337
78446833
49848356
1661668172
250429757
2609999816
935553097665040385
971034488494022657
34317032
18012093
467576758
46335511
267856525
16303106
271725689
1517751006
1884853772
870477290
1613870376
1205977536
1327865594
2327909557
14981648
2327612520
143364391
4835399064
1113439933
102291451
3098161804
1295542381
262904120
842327754301423616
1713448830
3276651860
2804266549
336791330
786318770444783620
3363796625
2874846788
709479366946754560
55257327
4842763637
988831338236121097
976173244750364677
853304606
457082745
879026787833053187
115115096
190053833
890336353
870443165852905472
1149462026311221248
1439744946
2188658744
3286628262
2563906058
2188144670
2263084748
860865919014363136
2252571438
1301944724
2578087549
126389115
399507431
1143677130363957248
1083034527616819200
1073035829885456384
3892269394
125465007
334802268
20451903
339435210
1116128151623667712
4831715623
1051770919
273046335
33053658
1891806212
792923336
824291721374732289
120353949
989935363
3273178261
198019455
822927408244236288
600447892
23521469
3237986926
2551933238
266755718
1688285468
1319395507
2599796774
768523824866349056
1184168492
946243291204304896
1514018473
3601779132
862037690597953537
158445476
239040718
599733645
169909729
30762891
193424490
976492213
15809934
14239043
35634979
415773647
770596266267013120
147618542
1377470269
4872332409
1101508230289805313
883549345
950453931099881472
1275578299
907213357576589315
301449342
1437669745
255489796
871759147905286145
856418099884642306
292141642
1179265111
71229689
438473627
487812528
2474498822
3000205905
562391051
759627201788731392
765518949295525888
1686637982
283197319
1413681440
2644902171
111615811
31802395
66496796
252227726
2805782793
891357773065224192
4793659523
808635778138050560
231734978
867471317188194305
2888012881
959144324645687298
410746831
2609541695
570237910
22994071
1588836613
2252728598
1009489969432281089
90943312
75430270
2960096413
2359751060
360267959
932381612058308610
496046792
845717242935308288
3066299783
358559650
2730517457
1648901436
390257716
3318123872
1128293513215430656
3288095792
161939929
191174455
311847586
238261568
18414364
1733154127
2987147081
242760728
1587231854
1551091062
346838562
1110285831032504320
4726043660
818486699227488257
89129702
2185710876
880533784872984576
499245851
1096867646707023874
976647697670303744
2471327180
553396754
72198806
33537967
1347539545
14415240
23709654
14635444
29757407
358396169
6564362
1513905530
2853689872
396803830
22027975
2818138742
287658082
893512369091039232
190942366
110764938
1173830599
897639667
33911406
574739149
331991500
2447612839
950608818
2887790891
1743978480
357606935
16900536
516735853
216065430
3420477195
39668527
465938326
25414229
4020687434
16027546
19637934
255747911
39159473
23544596
21891305
22280292
29856059
84251789
128353178
29782295
250560251
3054794856
39097715
2835276183
71082732
1134492758532599808
282080570
1134281411047886849
4193751449
1124059466918498304
2898412768
921060428054220800
1097921606419124224
1134078644391952385
554720288
412686804
985460033210212352
700432586720595969
2740918412
1228588171
69386327
18924332
1003500066
16823424
2957040805
963523560
1123942487129841664
17467721
309298363
2323044187
609265351
21235304
30172596
493552756
1135550633346576384
2677841226
842753988852436996
382968137
575779402
2521175930
22553032
774634993758904321
32325618
354966818
740950189951877120
1157340062
3969130162
2868109363
49114382
2989662502
274028325
37115912
19050314
860525113552384000
54976483
3304913886
415806868
489221867
186384496
452080450
323754242
16005250
389492817
742548444774965248
86422542
323417384
850107536
3942597494
1711289862
458994979
496767120
720523873
612582614
1679932428
18056707
20470335
61568141
763038800402538496
10191
739602678
263469029
717760732713127936
1104557682
817536112046604298
4877243555
71574143
2462125184
840278264576798720
3596428274
1134541483871281153
33341472
1451570449
15676413
220772621
329867707
19667986
872179654140076032
24006596
45573257
62320740
4468782269
20857273
25613925
96825691
330021174
519548904
2982715018
43216380
237331618
19702547
430645155
15316815
1006618500
2176209187
166739404
139162440
78194111
81480697
44381332
1014717698549350401
752967707277029376
2291938591
8595542
38462552
1083767603846397952
2865760400
879775951260921857
442866144
15837620
1121519184305766401
859420273828798464
1006419421244678144
31920768
40041432
64468104
20104760
327016546
1525517556
21379081
24444891
36707110
2411189928
1333746511
732611818951151616
719176812
242050181
2578894508
838813212422340609
61638283
2483070960
458953211
613714658
59842124
2820250640
836310676998078464
142973143
1037262350
35671038
948104532
1002203254065950720
14069365
1112938748197531649
16165767
36232805
27093057
378259736
3222330838
541637104
24301442
21645216
4838787017
912988142
8736882
6433472
28370071
23295813
17446160
290019083
39308951
423609815
20493179
710121759912161280
3281210928
1280841565
573446755
2789315116
703648327322247168
234841694
826854440367845376
2655262412
216979622
122085859
30343566
881767180148264960
2273162878
307505133
2535951200
2301641438
1106282567999856641
2282487067
147063759
358845507
1038916282173845505
1055604538022023168
375795599
3295466058
282414691
1040846460
16043620
866013050758934528
1853944322
24796319
366120571
871993041506246656
410380828
3158695989
322742783
19767193
80928712
824642649067966465
304427736
2167572314
87232820
113439399
481647908
22854436
20248058
625070495
17451841
306861760
2839675535
33628559
957549421826396160
2764811815
2308358966
786047748508221440
16031984
904869467238174720
1454921172
9549022
114813714
510045300
845129568331612161
829881163472916481
131632273
18914511
17502528
46667543
36756646
41185960
240902541
36072989
262784814
8312862
347652068
538397988
167384955
46179418
174402176
17790667
594634732
301131717
73425660
9359222
24721806
188003921
747102943
146866859
457630481
174664616
326545657
46672658
51300818
106077189
70028587
24087450
393614741
22201735
1916901
43728700
429271191
118897783
272570081
37119747
19548915
95236904
297982637
957863484
17714006
531600122
21701912
29546899
1038028986
19927627
194805322
812014602
11178902
2562401124
589426245
1401019165
97239322
19632073
58545637
1548514814
593267738
892072741
259834092
150448088
211865746
138509723
316389142
2317351705
15846407
19397785
970207298
8687332
35928600
2223722588
15921659
19770014
214576775
30354991
36766192
166475879
600839607
2597571613
1098864420
30296623
885622822034427904
21534561
308124090
432655333
432007024
101798589
233906161
2784252812
73820064
1482973454
317871841
78366205
205179646
16844844
541983752
143761668
47459590
1330343029
963197267841814529
65415372
93248494
31770138
467774585
469413339
3299163787
2561407350
1062368414541508608
904963939292901376
1144882621
17998609
1027611328360239104
102807848
15192309
12844002
589100603
19021386
280753260
55318479
2232845389
590068644
32081226
1222538822
124275070
3031906020
468754868
62873179
962841369420140544
331120729
911673619381489664
292737255
908842044784857088
2378965232
3188193712
2725838186
816770089588404224
970111608855949313
955564411707580416
96062550
574843410
372465373
2920715566
125762343
28703658
17504945
2950535441
97607537
384643959
237985521
484796656
2763264732
739855488
1010436099951521792
93953552
1023434783945183233
1460016181
339722887
385522168
21869922
2236528734
4787135535
42165042
809274708348829696
1961356742
26396117
49658746
1037829989469581312
4096884855
727968082908483584
28651337
153880855
215232929
917511276036853765
3226182926
294784306
95244506
1093577732015874048
1242525277
55910998
243863
148497319
23181999
30144744
43652285
502049945
1012684395579363328
986314137423794176
17782234
746107609741131780
513292778
948655275396886528
37047399
945791880943476736
223582966
18734010
277046614
621514018
20180346
148070687
132655244
102811251
42496144
20576099
15737554
14786217
37727287
22984215
82208992
8514712
137924400
502023916
314056736
227093032
22163238
260433967
34970521
2528251976
21425517
40036732
236509450
2764227095
146541576
418027420
305148620
2642080494
3310913551
2424532226
616740659
972322855240179712
85193539
966817141633757184
883851504704081920
22286712
138203134
3156633703
972495894733049860
9698942
840958667155472384
2740350149
760572051438514176
738750664508067845
50560474
1146926238
703853478
18730612
90023383
819753018820280321
20272536
383828513
726780851678265347
3238996348
1686538597
110724955
3092482546
3243321731
2898005293
151098290
18773005
2784148506
821836242
4259424439
2523369962
729953607550906368
919560795436052480
234808371
2415221870
252328538
135172279
22413902
40000254
256747615
206409536
19650634
25601045
205644739
4861701511
1570608750
1388496048
293715700
710535630652973057
18646726
93069110
29203397
247426491
23306308
137286931
817845968
3108033410
953690355970519043
1013850857631289344
181687606
28044471
340580193
3330211216
15184929
91470449
32922235
2715466601
202960368
18001634
32956000
5548212
87853386
2839162228
48428463
2573176408
180433202
1035255201471582208
172959279
3234327887
925075416699822080
266807228
115713136
1042235884710584320
3061816134
114562472
2480878592
1120186334
863182315685629953
3613826297
1656681763
2964814335
2264855112
27311204
15726648
602261454
894615314490683399
987824028072194048
260002643
994630385328906241
1018321884113297408
885532656695488513
84704680
90304648
907906137286172672
3377266029
344763297
844890708
185910976
194745938
711912332
2153082643
105973401
395352425
3038372658
492492626
104524350
735130230252146689
2707247138
1631489377
900831123781169160
774622689201786880
239315647
21462963
1160622672
1416634974
1732551763
72348473
197196311
455338181
114013772
96438935
172743125
73457688
28497657
2956481580
934145886694903808
10371692
1192335060
626207100
3192490927
107432435
823990552312086528
708110316475969537
929544088730394624
810412625238564864
852695352956334083
4448844105
3289402195
928429955683414018
703302494982688768
904118048709369856
135800994
932338021755695105
1533766339
979411416103796737
172863320
951442388509061120
897793949473153024
2266237147
929048198001364997
241177118
598555375
119434486
2616050647
720301616058859521
792415921352478720
1849806541
20414353
841024875422703616
50640785
307571500
25203758
1148228490
972040878440271872
3160055300
91001087
877869822683623424
70725281
84163242
73436079
2810122602
2813156863
136986438
3174640367
2252583674
1008574411052593153
538713803
577159151
3328362383
818255290315444224
743439804
2896449238
1439092664
724712969645359104
816748379787116549
137989806
271078159
1445020782
286703
979262096
2977466998
2441288900
921805876201185280
33345091
326536387
3285528240
821821269339357185
15210670
21360280
22512037
2303436732
14645160
4765236444
945876215033880576
2261960829
1320141588
59119747
1653677617
2354597778
1400741599
498172598
132015712
24998433
769352437463384064
859062296
1570737536
961638333016346624
151650579
2530679275
2699500634
2794339938
51874304
2523566911
2906928442
1319353902
444044848
2739395456
40119796
20659929
16597324
1510817082
38139057
366540815
749388232429740032
22515099
59218193
421262939
209197352
1670771922
408148776
884694750577741824
2433526788
30235089
3218937505
2231683618
46110762
34020001
2866551789
859003723305152514
2556150230
564750373
799334533287923712
41990462
149038850
22591480
2713366994
840578453380423680
973121053428977666
56538889
30956116
77883853
1266243258
19068720
750343322
517202961
73968519
18453535
24743408
155675350
30591798
236924462
77514733
415472140
30833343
26664065
2424178550
2660695076
4924269914
2161171076
70422835
16818541
27862742
767473740301082624
2842649325
63242060
260398295
18214930
2546996054
21355225
747134533
6904792
2439539917
16155647
23872673
885000283
2543626539
211073619
479688911
2381904828
269958757
872961284920291328
832975477195157504
152276996
2355808260
923281979986063362
4518218529
3939210977
3216340810
2574437191
968100087334227968
896707282876194817
37940072
2189057396
916526480355745792
927503403948920832
2255587105
245402039
197160382
32804510
18930727
840741957890580480
799775658058596352
3396671
360692755
706173880797306880
50325701
4074166943
213831700
3293614568
557203469
35070914
572299734
957321109262790658
3056106328
359037337
876848948
604114212
206340892
18811788
22704882
3982142232
20970054
584783949
1370512346
1013578454
15170871
328112301
896158685533220864
862167372
838232557
15681817
1604485038
1131711230
3328324804
1551101437
821066103120084993
320316891
957017293531336706
1377622369
2798873679
294949930
3018564527
18314271
62245103
771106468355514372
409783515
36475348
42607738
783544503663747072
2495351720
71432576
2214226670
541319730
118345168
241747976
15441450
3003504244
392987060
80305700
890831
68199528
214135633
94891659
2827340517
738587018192556035
726926326947434497
826069333050789888
23483816
249346453
896480352331587584
890267965
3588503781
16491676
206943799
18310261
467507215
397161112
3839459952
2595936618
723448124
418224530
363017941
863831414617362433
158396623
1483611858
169148858
891629013936025600
3215759967
29274008
19430780
76966092
911771305795604480
830923800
3091540320
905899959865688064
80143193
853748271302402050
357643462
961237580829286401
484963255
3315693572
17376740
958364908592271360
760567957894402048
19657120
30945652
2740555623
112744643
99004358
75116880
954660951067828224
457862839
21380227
319869135
885361
1536844603
460398275
23745690
1859992039
296886908
272802770
20040245
942754965528895488
1063242876
3431949670
637139993
125049625
510397055
2165590886
154795638
15949522
832096638235602944
937517940227870721
621899531
403450037
37781634
74853246
22461621
14604658
42754740
126789549
27823555
543799267
3218229703
3003700724
213831646
574023889
150634638
20470433
952897671915810816
23231179
21917716
710023802273472513
2469857334
838564595933589504
958321164048191490
235588855
66182591
2345877890
2906420316
200623225
2891816931
302731548
169858328
1519503410
4051415232
2345841325
25434811
30181014
2335342795
951632477692485632
883044858386108416
745339135
848295746
66071131
497087155
947338880
900970848
953711315092058112
14447059
15292416
372524794
3542651057
825314196
3069063382
781587634447458304
445163026
2889490863
19409943
109928640
1851757946
133458763
916132146351284224
16151835
2753824650
2154035760
47530136
273514824
1011863071
761940349
1109224880
52079889
17028306
1175089682
25965976
93487595
26723027
472226568
23971787
342954820
197621973
2579120484
75648823
552731613
15119187
27632675
1247668801
1845027288
16630098
268593031
1575982987
3428862149
17377020
262795092
839149051253784579
790212812480143360
2810507289
23730438
1136411791
21242306
3030452571
1955655506
904299192901931009
40830754
46089092
3010660028
18339361
995715920
228697497
3292801549
718123682413961216
35955071
2967402199
3011427844
294036676
1651216886
1299694484
24698647
3176846045
19126871
459559620
1972359169
284192485
195109993
4696728842
560594870
276272963
113197465
1144182920
734171284557467649
2189319798
935332760
18330729
510459414
2815796291
1345426651
15567729
24810051
253868267
1380361633
133288229
22417382
80886555
14051989
532824281
842436645068521472
846480356
25461874
3246261780
703559772675510272
103019546
742769911
4127095643
88574966
3111053451
449849732
36117855
710952105792528384
1176718992
767782052494241793
902272454730625024
568289331
779129330093785089
766996768743579648
767778655028154368
16031679
3173845605
1340658163
766795097526587393
722377681711411202
705121675554136064
456002943
3327741171
3304374780
3406283445
3246256224
767575327182848000
903688514197495808
3327602608
3293571445
3226551510
3293689411
820023139342159873
3013510755
829231700412620800
790928286087909376
3303084125
763298411135242245
3246297728
757959967349571584
3307199103
2287115144
3506957067
739634588557803520
976857223
3290815113
3291688246
3297449200
112475924
1003974132
338007458
3720191712
1194174638
17116809
18082527
2563945526
847159052077613058
200162045
1624447537
845249346
724618365717872640
107807853
2328834820
34800396
3283821224
950436068
27750575
406894029
1593241626
1916148578
56784369
178932440
620761847
3119112595
819758534091018241
611117356
3386417418
1608497112
15912999
3436931315
1635358782
3100272811
144976901
109476302
431718323
363362698
2944953687
36809340
72148905
815240565788905472
1358484180
871949049884286976
2396963676
510617026
2221958850
2391377479
1351941434
740939241602060288
839599581004345344
120207753
15249394
923401058994360322
11553582
2830022213
3491336487
2462629959
191685932
26573372
711675885678682113
67044514
619859044
78041602
21348758
559614467
141317273
77969460
914825676
1149568800
794364212185300992
360517203
2646490616
2790949826
33574447
2457404178
357742001
351153154
1724204797
2328019159
623854000
3316666507
26131543
88621782
482108339
182037512
470478353
4496967314
628698139
63076720
30568788
19344825
71019945
1060545835
18019555
281530541
277302744
1591879718
3137189595
70784139
373526339
2892168202
2925142498
837772283615789056
776542693
15822969
3545104997
625924840
65419678
710200229711118337
784548556141125638
65431632
191221920
24890206
1577727068
53161703
829137204752502785
4824879453
2316383071
49698134
910552113050251272
2169534606
1885090663
15907183
194209267
617223655
722994552534011905
28393815
167932497
19940791
16418849
3230049254
4925387278
803148212
127655609
746455259288002560
4757743473
785246425529454592
19587728
581038006
305012548
302926399
1345744160
409495840
2902705837
19234329
70307729
117102031
253097945
16327747
47536608
2315734417
1132125488
4475884458
1710166867
19703081
613491958
875791392659963905
120362099
309764903
806954845
48254999
15837189
2433733866
259425141
2547576627
25031584
713697544744865793
766707771714568192
1559753162
20078986
3011037227
33037652
976534590
2439032786
3099613624
26011148
910036299515617280
743468827376128000
36202186
2848799280
414360257
816070120015544320
706928926401142784
1553327664
97329341
503279480
778062382832742400
753288187351629825
346353711
38194200
767225875058216960
27231107
1297383397
2365377655
123986885
16126957
787239
16528258
16549571
387503970
36298940
978908012
256162796
846137120209190912
2785057398
261250118
20745130
444751413
199894500
706872014942953472
806147340167954432
258847118
15502749
516983196
3110190151
18025985
897083094913753088
15862891
390763341
3305791
50659173
17013258
3303025153
130355165
51143815
935201540767236097
896162791568101376
30205922
280774646
18655883
113163271
1911422834
16378093
14414761
65453869
290228762
17436060
323927421
612023134
11757522
18030192
15220505
999293378
4625108429
259037052
2261924930
755279675450986500
2537867839
2829428812
277114545
23715059
284198732
784825303038324736
224408198
39575580
869685230
355036400
2478729888
1522917078
279663381
233278341
19563103
381664774
32467425
15621359
28174699
165349546
885898210711044098
26047408
19466757
619309810
939861887113744384
44949890
317187060
35270579
3320842808
304679484
483192121
30317113
4912172412
694886010061066240
18926099
28642017
302769804
106381684
588182032
2548574311
2745034418
51558846
511402689
2466298370
237845487
320446202
811377
1073408192
2279747414
2903979971
2849583227
28373693
3932191647
20950137
780104972
4159571
86650732
2165131938
1363206528
95894506
612920538
1087282735
40432691
326572008
15853073
224483033
943193698090840070
841747914384932864
1491342872
42695012
3022341988
21231663
106158894
390223935
2231972780
133360411
1427306744
35307491
89287997
604149669
121872852
19684959
259501233
2480173724
392009371
15776891
2193396625
980525742
3948479302
1269411020
18019105
712238248106598400
74287341
636216638
3194584159
1044022254
4009593327
933084565895286786
15279698
108740062
250831586
16305370
746050974
360014749
30738922
2865563666
2533098810
16685535
2187493447
3022087953
35818609
54730258
1726231291
2205477335
593359412
215741558
2330922198
17679977
2437502443
382693214
295222532
2983385379
30364057
82772964
2824455402
17565514
69714614
3302783815
1735442838
860552796
243802415
3297920494
36823
25877105
390039185
2319258540
65942747
177446118
166684135
85830354
16709280
37950548
17913583
171693183
107134048
16808905
45918501
180556797
184872972
26313206
71064711
211259087
91680590
21924428
92335270
78117048
163549557
193079739
20542096
102434580
68305606
161815710
15173192
24210993
20557335
145400342
204463722
78964850
25070342
15112314
339031815
16040934
116550662
537888194
28525596
74591556
40079154
91969637
803453875709767680
267512876
1689338184
2869103344
824626790530514944
35749264
69331791
3074230573
3189896490
9955872
1360528344
2333869482
4159483634
208643146
17974481
15321447
366110326
2770652140
97074150
1458828290
722476710474686465
1020952663
14367333
12630042
1217650849
2192956929
909330605019627520
3041120559
796798320622665728
1225103576
786242801663029248
339687349
14220538
651343
74237774
775502148838633473
282670028
37999722
29625407
446619360
2912975164
253791701
53511807
1589046180
1953612884
1693499504
15444168
15678388
3233783262
38947266
16783988
314075429
72916019
703300899108687872
63648277
157086750
2988453029
856584021358280704
85703352
15368948
3014624162
2775748274
18841413
18950394
276461100
18980055
416096090
317831340
564655522
587447369
38619478
21917614
230731916
54987206
245124260
469823755
2201891935
3192851461
12122702
746217199
3294551957
848059550
139510761
126592212
606842333
372405423
245459842
2388385597
697545837774311431
798839901986820096
844670610219438080
1924128582
482338695
20319226
150392256
255136663
8131452
478260604
621835887
96752940
3350556934
32587890
16440797
119159738
366839316
112935000
485285668
18292571
83413206
3550175720
2588273911
4277382197
193607351
36988080
738432583336398850
778582297020919810
822377768042172417
282971560
556678814
842716660024967168
98001677
2221868874
766394119191195648
17055683
787119864531914752
74472244
35990673
424551381
17544803
355321621
9340912
19816859
49620292
189033329
593942759
589450548
229301990
456241131
115084110
283775784
1861176451
594967815
157837557
586190009
18219314
89320410
3331319391
169119089
102174041
379875798
23470033
1245124422
16347112
546685670
486124479
4919309414
14750983
8985762
2923976626
96012070
732218562090274816
744656063958519808
29787052
925492247981903875
156305583
20243510
2830750724
3026727812
3326047683
717078713825775616
748718887315709952
773234793496457216
817552325124485120
835078622666960896
854490021662949377
858094368611213312
859889521340665857
867197285037359104
930566954519207936
61357953
174972753
10529262
299820130
2619950906
303804147
214622133
2374044948
426795736
15250756
351725464
58674107
14895495
1632876169
172292200
2369838901
353850691
426389299
837484263880548352
2206128223
918749414478565377
305603397
129821690
4883831584
2690437716
59662275
812264784456318976
19508909
568183836
299042277
2297342046
835054064664616960
3304050692
57076770
414639314
64994896
22549616
15394448
1959601249
217168147
291176615
18000189
18271851
298127000
26828904
453347031
804860863
279185593
32655236
2897942725
819202531851116545
551990683
71322151
2694226950
328287799
760887046076497920
101678304
36370102
60259811
357816281
168643972
462588263
39469575
199831776
863450888354004992
1388932334
363527650
1426706779
27806579
38348095
934693663137062912
15232801
39948092
18055737
18819324
199431184
18905534
102763178
2544449725
826190338800840707
815867692691226624
3293051695
794273714212737024
1441526113
477924242
82796294
2657008826
2319814776
923793998766006273
65300079
6498112
739667991495729152
1651179199
1390126680
364097086
15315255
111517044
388273208
400235539
858150875444822016
26947766
3071040496
761211013110702080
17395444
1616121930
71150938
589254022
16356796
1343823578
15409985
280158384
57047586
24127413
42035012
509962767
249712710
20600137
2693618689
24550000
143655326
942655830
2557042302
44629131
1335391
24185197
14218443
2779050266
3569029217
2704755727
740992116
25740290
73406588
123354064
3459381734
15949042
2253890418
185504488
26259576
904448874164756480
105272930
636553726
511056699
48388501
10475892
1849671637
1202055853
487833518
48842195
518121774
908053176648994816
787225733278134272
2426188424
718414187777499136
144200677
90976096
143895066
42936819
16906104
3296424283
956163518
84745693
329495717
250344763
745598402503680000
27834920
111359139
3168247662
2872961599
188444270
2726694792
57043553
19711765
19255050
2442719932
309743396
837693559
28567809
1261637024
618392964
80759530
1677949992
2363263796
129612637
4762806990
370106091
403518315
841362891785789441
1428618188
4037530863
589003950
375339211
12400612
1381015116
1002037376
17467600
24743513
748582423705718785
2970373378
397367198
599444146
19568283
4158256813
44937737
230909881
15738974
30683393
1556681000
384299780
177234754
18117449
4739434577
899798594357784576
2369274672
32134646
849556278
14772568
14202972
954241188
31069618
704681016095608832
1408134236
100136358
44552918
83957328
3020041143
17304367
872832449054507008
354570003
834600615439327232
16545548
195036846
15319555
832492591
3408096543
26952616
413355878
743856512
20690720
1145330779
260211154
16499597
858835366496698369
163760424
34948074
876608824534224896
1170711
1132483052
600423701
180724978
247777020
17773037
459622558
595861403
30409200
16504257
2992597092
829006542267510784
204891696
549894602
88185191
636909690
418851709
315796524
23071153
628941989
1114471634
32929008
15418994
238954742
150515615
889997798
16929566
204496162
493889332
16779600
22098556
812733341749297152
2545495181
923637173835923456
3240114729
97486299
16033618
35471038
50014721
99201315
763453788409724928
502302525
23234073
89337404
398146813
140157926
3402909411
852135812
771324147305775104
895579003204976640
19867072
30980778
18213904
3997936454
858549320
1090262725
1656244670
42665626
251434927
1054951436
907298115367170050
18804910
6267972
16721125
81188114
773558680474226690
1312360938
3228485689
865722750312173568
22760824
760983343605223424
2550074857
261431332
45383905
414480614
82582783
2302062630
22351758
3701125272
19451565
1312003076
758254157329526788
634819989
117652722
306715336
22252038
27707938
22592364
17549729
77343775
25812377
842021562
216356419
6974622
3171876310
55277626
18743187
717903211231842305
3365839280
933051384676651008
87265827
26763420
378758498
120175536
1044971748
478823758
334434306
308708926
19837468
767821356830494720
191915993
174443129
3826724481
1436388242
1117656128
59969008
152113602
4723957344
263183472
2233154425
15230746
3816405016
114546595
25341604
14982804
3554721
22477940
549313619
15102697
271871279
98357151
316310811
202679584
2829615362
1060213328
1208767519
174697966
16561486
20539937
32652567
7130402
552231174
2957967167
15231995
173187524
636586551
15119140
4725354803
211236045
14414706
15624805
89737170
50778684
24490456
321523435
90510113
223499743
35916009
38367188
1009392919
96855732
16656908
34661286
2292811320
16526776
22444542
4769614484
2292944390
29142656
46949652
2710436845
68877836
30969240
19799732
24591898
28696850
114229286
24751263
175134868
23700532
16158639
37063771
1645073660
244585620
2289920610
14531930
2329252147
2838954280
2203440847
75726671
510847089
1177319551
1511360216
269926724
61474528
2434352924
110649395
378786090
87343277
29995782
553648785
294897270
527410981
3710469926
22380809
14788929
211582387
79309628
36393410
235741299
4823705386
40563
205840429
21489352
174690228
604222048
23128314
3050220046
164380141
28625808
41582030
2413216260
47269639
63354271
335239374
351566257
15639839
3948302729
134581425
21684886
62513246
707198707352018944
308831987
275223536
124084625
1609469136
811822338
16867101
15223444
33705556
989675911
17781739
229509740
14140714
16065917
2393913596
62336405
393585402
20568890
487952805
362489678
16581228
148516309
21780708
1287411145
495218400
2275883743
18082219
26029878
20994006
16619709
2197365898
19031819
30290980
381633083
302412035
7115872
296587406
10016152
589605418
3898598357
3068745199
372075123
1410410712
437654685
30303613
335744385
173518079
507259477
4415239119
2872159805
835252426265481216
2583032838
188010474
110798209
35549780
65987618
15575625
32515106
14858856
19868934
17758502
25560255
252233089
33248363
44442099
119521385
453876996
22029553
108425079
217183011
202669763
250108685
262603748
507454698
97652578
2942825673
756086233
496282514
218999096
3403505385
68793151
724224361
91830343
297555584
32954376
11949032
1363772713
45112527
4873954813
139823781
301133460
35784483
19375018
312678330
157058976
722532296
866603455
1112644122
175204026
14217286
86613184
20022872
19240505
588426324
31819445
248492133
380304765
23702391
29013876
47430404
17441447
13433612
3152608156
160605575
2409430585
1579613347
55024445
23578176
296023958
95610041
20106852
15687962
1183041
15666380
394216985
733335202185895937
362477975
164418122
15740502
90467401
824762622524391424
2815736467
769188695312330753
2833742555
24764773
169120402
843928644221390850
253099207
746407079695384576
3687721995
34227860
50414338
49338635
2892383268
876742333194272769
23038043
791715505
106529338
919947757
796353061610549248
276991489
19722699
2800121770
708903163
14360757
18964696
17967925
1434251
15898172
22001973
24886025
16547325
15633626
13784642
17161138
59147433
14342018
203172397
80331801
20536103
16336440
7586362
625817974
2495072576
872570005
896484703179374592
520767292
34117310
3012832506
107663858
24748130
36722950
24692082
613670493
562572918
991056289
135262876
61639856
2445607898
2332340708
101657044
381675460
165055415
43083412
29785300
21238793
43398776
3080530102
127033376
2363290530
16387225
24690085
128002733
18393773
16987571
29221344
2178344408
103777947
901819052200534018
4235533180
55561365
16550480
2851562422
538489875
364667351
222140985
180356823
36452048
11348282
117662694
17842366
17471979
34030502
2313787711
19725644
44196397
247071686
189376144
16220555
14079041
19175209
214596972
25878303
2173030009
613981407
970977548
107152433
1613648400
21441186
20674479
1973354066
883761
35989673
19314850
17138582
20711586
16313405
20184582
15860542
45577446
20582958
12089642
16211434
4849494053
69678362
18064626
47331384
16721621
36184220
38146999
102448827
17596622
19918353
85433682
18244358
15066760
456354916
