2837832028
605773533
1419177516
235173092
14677919
2287243070
3232784430
546881773
1092857269384081409
1150419013
3010490556
319481982
311638604
774324362
3232011343
915574128979185665
1085951319712694272
1153017148383682565
897058816226844672
310596714
836561612471472128
321094958
1000087089885646848
55076987
19754786
17874544
85426644
88723966
15095537
904506355
153686381
15648827
102840899
267110606
2851561095
2483889350
2964973462
3011661582
99808622
34566245
3318865704
23224517
2899983257
19685595
18327745
432794513
308123145
48611860
36154412
16727094
30921087
20460499
313593491
1962259790
2471739785
1117766105441894402
926130018136281089
95803724
998231890044899328
49830019
866488546479271936
378259736
20736511
96187825
45989187
1345140409
414412016
30588362
127968593
26883683
51241574
242448965
43773732
170936231
197121568
1067775675887689728
837695700108472320
2728371312
1029951764408225792
195595140
427798770
18621943
85925828
18710706
106769684
151652109
2968250416
343760428
79842309
256561076
21417090
1126326057785856000
2657083165
146917092
54239819
3598705636
296355431
299631546
151878976
905305986071748608
2388087716
1100938979833192449
930429977295769600
1027651851414581249
2771964204
3257381137
479723119
963575064947056641
2462023195
748354822592598016
299947468
926161602788945920
909122513304801281
816039002579107844
834038353578299392
1126892442832257025
3229391847
1106315715597008898
497519111
1075059077686980608
3709304241
907249886453813248
1074134873437282304
43612423
930842051746377728
22467376
337382578
3408652632
59009910
1370578844
783155738680107008
611650462
747577174668939264
821031717867835392
22548307
457986453
17305888
18144123
18200400
815696675738189824
912273305926807552
579331994
377570215
15231102
991101737275674626
1895649458
363986602
1200843907
721238259
19307460
101554705
801763330755063808
375617388
518859240
144919223
2712328382
188077169
4388354909
2383964536
68747543
86187792
1020052326
1377314690
1370553422
75030135
888129024
2409632017
746065986181337089
168177323
247900353
1073266763410956288
18956146
340364507
29063480
111037335
54598980
1591845355
1100782664146190340
4903669022
3185269056
974825380229066752
864940077402660866
306309021
274154870
1292952992
28355554
88496644
202541347
16589206
2916305152
34275875
1006173880568942593
109712748
69656162
372812630
524571803
89075537
1080283310
69155031
705509635466211331
583404110
3229108646
2743110374
1270539649
1080662833
111901100
3177370015
58339940
1886563098
704500833610674177
125142094
10228272
20536157
783214
311721564
846195404685348866
33567908
60616370
2654842206
2267959753
819185036
312148854
895419694198534148
2688218485
1081686514864656384
883036888562638849
764442978
2756747977
1499031979
2841200763
3030555498
63040055
65168177
602340474
16692158
1102862499525902336
32454672
201867844
185090316
131086755
150832830
456685777
26593274
266076965
55861746
137461897
118857826
2432188903
1058879552246693888
895102930247987201
350411337
98335217
247657177
70730131
1042883970453655552
18168779
84709916
135360101
959880793421164544
2907774137
3323584788
1340183718
3070162204
2279540512
33440163
27998758
2980244278
2307581810
470750919
36184017
827283479758991360
961132851503738880
87223093
3618622094
19989379
50711060
67382989
700683999715328000
921639565722562560
33935460
924504274863828992
709371834085588992
47923477
197347213
984400222867554304
1543411219
2723128728
1034530613091606528
1042122808858435586
1027778312704335872
392902160
323420289
1050857057790976000
320929897
72881926
208760874
2963716598
278345793
373490841
260265966
722950850
253020963
851108442
761469053181370369
2975678883
100731315
6135622
961925545809281024
852380698132566017
31638969
50365828
71138728
19682117
2293709803
3499796719
91829615
17121881
67359917
72393847
80490861
390394018
46527223
15334109
44762907
86902907
20632796
503554266
361580228
1090303602
78241717
97282663
197211360
518836253
910585823623606272
210906859
2648254538
20019621
17994139
54068615
2766893331
1679535338
383928971
506132052
734803375716487168
281078307
743595037
20278640
1182969685
67749479
1061010794
51758881
813286
1330457336
1339835893
818876014390603776
52544275
510300310
564680577
24600639
224052721
349235902
17880597
969683157187522561
119836183
351046494
3309365253
231267523
18804414
83957611
2485784347
322972283
158990483
39627392
104819609
485197212
66765259
48852130
110063852
249235694
853356116037775360
3262700413
812375168257552384
996869810419052544
2755231003
821396486881689601
907280545641623552
170111642
592839532
2176486997
155996819
3094711033
19511010
986247877851836417
1263003234
170503422
245385980
364505128
301076841
168705127
369228971
383883257
1689673904
871787401
1048903939
1373852257
834166446741680132
134153954
48132382
799302687821021184
120118918
4646032834
157235490
332511612
984660345888411648
268360074
112308845
18825416
240017238
155704821
54916763
3155430815
851256348021055488
1327803558
957616573
1155258974
768633063693660160
55265410
17561506
41819378
112554048
149736750
21824060
26303492
627770503
483143853
1485495319
823245705439547394
3166417549
28650123
18587559
18788170
29654746
198052004
252174687
305147694
95993576
48398847
711619054151327744
18742900
1376075690
165007500
1115008826
872491967141347328
262811191
479913771
300516081
838815434
2951754346
2911117978
16895274
17842366
1091567965
1097842705
2877029987
803687229386170369
69962890
145303905
221183361
52507999
104538011
3399603620
142126563
138994878
468367694
16575488
70724835
124165440
124684269
194108478
227328943
63127949
43073357
57278994
17624967
97672763
21313816
21316293
306938642
48746818
68813601
148799853
148083654
17684248
45444320
15027663
822215679726100480
461305527
10012122
33884545
153148753
501858240
262253301
1536739130
3326119007
708095457164005376
727015962591924224
1740253544
2547050112
291489784
1553891436
126697381
276941324
21079277
176539574
24886570
901108766
466821307
1349849582
91919358
2818020670
2875977065
142420252
51960232
73749198
69428120
75365061
66867000
17514805
20271935
50475393
472176404
572938159
145767636
124329729
53088321
37372338
144875363
61058216
142433093
48123951
115097171
268874242
15308535
24440571
18906662
72313888
93713485
1876708794
792727152
376378883
327585857
1305574021
740336334
219683269
794785812
266336410
58528137
76499017
157140968
330446733
2726872069
622063417
1964571728
