890345160650801152
880787958378496001
1550879382
916228473458429952
2640535825
1960885460
1864276813
313116670
706297852268515329
833402240241065984
876528542275842050
378259736
2478729888
355036400
1066350497232228353
1066868172496740353
3278203982
750022168675688449
862037690597953537
16491676
986794331582365696
74287341
270246051
741368872779943936
852193210218799104
4737660315
571522524
19711765
1024492165
65071020
188444270
751468326925197313
744049936392683520
790607377196167168
4096161133
309740877
83856032
104985029
21480266
337778202
943356330273845248
210381010
1106204253931139072
2209590955
427479005
999293378
855597486496337920
30404308
43303934
334798072
1623979224
80636218
1226458368
138025237
1176718992
2772334326
31272641
2173030009
613981407
41823188
25878303
37451862
556278383
972510432484356097
439872127
16345878
155889035
59222022
499571150
875955122462961664
432925095
72678264
21186298
26419078
159226345
1932157496
2191078282
761353123696812032
1073656113835446272
101594119
2278050163
2357935406
2154461958
785479651795828736
1100588311180165121
158923729
18064626
88425861
497870019
32515106
14858856
44442099
30568788
19868934
110798209
71019945
19344825
25560255
17758502
22029553
798547015063977985
3401747363
33248363
1019639768810999813
775259334984937472
106375637
57043553
17835445
201783046
79313210
245804339
334048260
338407260
2584680678
992483570236252161
381612546
41606204
981480771801231360
1122622792959234048
136441843
52852957
34305774
20644059
124143307
68443341
138079076
24127413
14949475
18359352
1120355660066062339
765180987147943936
225858328
1066968053395656704
8320432
2983897735
607207100
747751022454575104
1398324674
841293352305860608
1330195915
988428291441938433
3030508523
2498309222
2785042380
904623444
291329261
1329750818
737368948333776896
301087604
2687999594
809980906404454401
1145330779
19719004
15769327
24762051
22217610
16031909
14955908
52134029
73210123
224722164
1184030094
2474163859
2491762838
824816599
1101096786318499840
1091530376504320001
199882999
882255086281523202
4749400140
1116400025624387584
99592283
3771843862
1058537965599645697
1104595067673681920
26949529
1031585687118794754
121410572
60017053
431772161
1095516065944104960
91824032
412764134
967921228185878528
2257558088
1328622408
87021740
24230913
19940791
24026751
40081196
29561202
280221246
338286425
63671461
897317095
27271828
843839143
24132507
347666787
927642225768624129
1110498223247032321
1063732778997555200
195905499
83366359
139050340
934440992413011968
192946179
192168640
18651671
821940546449108992
786098502015315968
769157650575687680
70379707
294131309
2226625104
3342665458
2203680112
2447534246
1853625366
1891850136
942153119147978752
1107989276770226177
2952964304
1166357665
1623743726
1071532736
989646434801565697
3126758879
129580730
2281544531
1071415302934675456
1016038350480961536
975762413399126016
1087725535759908867
1064197258697154560
936725166595411968
2477223752
2965907746
841671175
2918023842
2833952793
2830174960
216674501
316523623
573791752
894636735010938880
115466984
22482435
224293127
333465893
20604228
127984917
971525090
1038868115172610048
1013183579684126721
43935737
14634791
2994006199
2192008818
1501944355
24796199
346227164
525297733
2226694310
112429865
1036038162823430145
338829299
1044205712367407105
37599351
1052085470790918144
1042352603584184320
43294292
786415946235678720
1051888683987554304
1063219081283870721
1043186324025630723
808376495102009344
472422812
1264807440
993945936521920513
970029788546117633
764235887777423360
956402287
3234423846
809886458001571840
937451676797038593
1018546081326510080
164773428
874006278
322375173
1961368910
1013541858377490432
911771305795604480
1017382290530422791
835193528317792256
992125739058302976
512390709
994660767348678656
963626828249387008
979922239695958016
1009031133726588928
1015135113980628992
869959916
747813556108701698
565670806
834815731363618816
711972316150890496
153966123
998413003174400006
894942579267174400
402745698
3416406448
1006916946951106560
318383192
580487993
845652533603418115
2615886366
22350159
2517714338
962622118960795648
926421441926586369
929551701425532928
894659342011691013
933624149804589057
995012095396732929
852104943188287489
980411854328512512
17596622
78009791
398053601
19550849
43483787
815025806
36784739
741947935420776448
877441496307429376
960129166468435969
729727243178532865
2973020702
358349260
2731565281
959709444551528448
950551910947442688
963725446763483137
982539866096447488
4055439989
979870779037888512
961930285280612353
251634768
992063249683243010
21429369
969584715199074304
960642012541308928
993212438190460931
325763827
15210670
799775658058596352
936803933477068800
927206794056757248
950954503653744641
213831700
981578933425623042
172863320
28029590
892757083455729668
17597658
914348241612824576
352232582
1551395450
917819989398315008
827099009575710720
268102576
820247156191850496
963107352789491712
3100531582
768115718525227008
2794339938
978470547108519936
976879668094799872
1143553644
240981695
916468240599064576
804343934726144000
746431353843941378
970263905112023040
866264816264126465
409768177
987047249220808704
878808964250480640
162102030
49576731
35010503
135126817
3244134583
2902244930
907824941281804288
2723593915
2898580749
735369824
970268943536373760
4856959717
96933116
58569413
931727472034398208
1949017610
18149467
981001467665485824
939545059283947520
325289844
940236589
3176996603
2748541087
810177238645800960
905208697156239361
281554298
769188695312330753
221135697
966007244721713155
101756062
2342387252
3188752406
981948174326624257
508078401
43976957
920244026
3327914553
4203110169
4850465272
98131140
947450958824558592
911680856053477376
886849084358787072
183356975
48617325
961716109820006402
981022367794081792
941339461006364675
107311570
2847048374
831186893349990401
814300376375521282
3186176178
80982210
168660177
340602009
1007210042
41602172
28237946
28097924
36328963
20136728
896340984971358209
26664495
1276928106
701698322378129408
335298472
398201923
974379190735826944
567915703
1248060552
829800600988688388
292371004
3426754587
935152825205538818
832609340393713665
3261916052
75742264
4071252737
135351332
910052347761516544
2394462967
952553073012068354
800285348261556224
1111887074
2577407773
406962818
715296500645924865
927749371822669824
189762684
817055394606387201
975635861428518912
2998798603
870040090906591233
917523307997614080
126098589
957771626
2253244260
326665662
2511603704
970439597829345281
927009692026417152
2984934368
733366621
23638544
16926572
317187060
285049799
103887642
761537743
994730755
903000329217859586
26794596
15526913
19679341
331969399
48063540
257242329
67415935
177761707
560426950
730103838796095488
214924095
189671070
2712308720
931932688969293830
2180238504
871666474758307840
826302140964446209
1281866558
951598547132088320
960736454388453376
3372862311
960464292066848771
52153079
948686151220539393
879475016726740992
2595182522
726984190915305472
20341961
954710154301206529
839700368351186946
813679215195410432
2853478020
923041028063379456
971102727827808256
942079952035262464
2763998261
2793227972
915225145588932608
2345621578
837170413486673920
971226120833118208
939733307217940481
960472984451338240
973519773483986944
3221425172
959024912957628416
321366934
966647101596848128
415881663
3048933599
159104498
919249841259245568
792656187800088577
889575064571695104
16655296
901010610493706241
3589843512
1252233571
97469609
37418324
364430276
532997278
935407083985309696
918211986164346880
933156880972738561
3685705637
2801338189
816826720951107584
885214846756716545
224408198
2579602903
947354134528663552
46330400
815731123904909312
3316204793
949706962350100480
941344768579330049
2778419830
4787135535
788673869427204096
37755920
2650070068
926514548609306625
941727937874739200
920219616365789184
739132224700854272
2404172494
23435324
782522553327874048
2243927750
247017255
305229660
179271924
736317595872333824
2336495406
942053942741094401
721373072046059525
824181435305230336
1595941052
14719207
491559879
18637442
3197308859
776542693
2537867839
428897380
37914958
3542651057
41630954
3072844870
758277237036556289
935521675902320640
58129899
805240252843425793
811021482432270336
385570110
938991504214732801
207370780
4641629053
231547812
3765479422
1184068585
934258849711767555
914513140238471168
920944043718164480
913118929278705664
3066060251
1194174638
2998806627
707749005166391296
936453409317691392
2165241247
943470701759090693
2594303360
19985127
891532531
788149609411469313
825737868601536513
869979752098091010
930423110649577473
3018572687
922541796856606720
942447870371758080
913086456540758016
22283190
914252226759155712
824713183
940965100227366912
867392162169630720
2273471929
816037615183003648
935553199515222016
937253881137971201
858414150
1886108436
940808342037057537
19287677
860856010206052352
3815721795
935323576336396288
3244340699
938216856149741572
936933905701076992
44839198
19158934
726064921130209280
849115935223013376
830212697044037632
837766793687085057
1573537122
2260288040
834637373115887616
936453221391917056
2243333192
939187526719430658
2803624842
933321509921312768
2369687670
2855620430
704415338939678721
938779237544333312
898038026042880000
3015836417
916350008819142656
887381610978566149
83873414
18832486
373869837
700790479
1255296583
84590159
143105261
3666503536
724496056814161920
166501881
1579421508
60382670
873218269922177024
15455253
845041012917579777
111376298
932942229148192768
2476483074
3251777470
892526744242094080
21192826
2531845046
259545616
932954010214166528
2257889272
3072073589
935365776713719808
738910031333072896
914460803977408512
704727061
52944689
16741321
863864442
806525083028045824
935259397856493574
847482698360696833
753586953199640576
363332454
801816283620720640
817305723717570560
3181293380
761217346019078146
549586100
767613865
799184731
795759595817930752
908950924562857984
860193429778595842
816711163
1148395548
934388522173259776
508758438
901353550655172609
16779600
121156279
4159201575
18135377
48692950
1304935700
250566056
602345105
1572667410
937809733
1420594885
2239963690
153882877
854333420683624449
1485681182
829276866955591680
718223505800695810
772399976483807232
745494367528333312
90204909
2929517096
55735887
892084652755738624
925952359636729857
15701519
827258161841135623
4198736295
928261694203117570
930515833767460870
91328184
906570324308844544
712268280862531584
3309778272
450068953
858389103171301376
4348089554
928279540287275013
36032320
18063719
1611528361
4361066494
1324407744
4196356281
883353132121575424
3025666680
904238371966337025
1345782433
138430850
721747283717566468
915248493840740353
926299019290251265
4880950025
3302218424
2804365052
402800682
3576685761
1663152649
832360828057899008
4827884494
2563117902
27604338
2969407396
4632640816
2473789096
4182394335
607762776
3217672235
1416336542
2882831024
4061865197
2955588703
3370581465
930290866475765760
833701008027041792
925417004940525571
3286269715
1514238432
1598386328
796706664963592192
4384604483
756505257501401089
748244432730882048
806941510663045120
2748645121
2157375670
2813596652
3195858006
396764205
4594626737
814360872604880896
89826229
4860353884
4690732465
837166429761908736
893896425226022912
2627791640
828476138
3995282981
3100655558
773205686478049280
785940103688486913
776308443535831040
2923048147
1280699292
740028372265238528
3219735878
774123226884546560
569684062
1979169104
1883868450
3246495265
2632124585
1634908045
1474981033
731820038345392128
4661291429
718982381311500288
775765804054970368
2260332727
716575457
830061646634766336
1338903380
3015906260
364694541
3032727923
101906886
626945923
931248580576399360
35031708
913096322537816064
922675633716527104
2992052258
907870420954517504
427766820
3868720272
885905641302368261
1356468775
800270966035099648
443767373
1623145514
821485591275667457
861613630751727616
2912629165
2974473766
930027867345387521
19530948
813781570775613440
46830355
227977025
2306299043
2974478301
1010326561
2646844122
2934398172
922771527950417921
917260065135923200
3271347780
73862568
849806128154255360
1182225012
214479694
2861223577
2876277699
2983323628
4438498469
469291246
2389824606
898012436
4178371273
762478056636198916
721245434354745344
2473485079
3405714857
747006732
344424708
2413006537
786572766925369344
338911190
3359814853
855283019459870724
722054280027508738
927144253247053824
804733742577254400
847098913530236933
903919830054535168
2904931027
927045299943514113
843184318088282112
901845414927769604
14942612
14942684
14942701
19652551
54708637
764850002682343424
897463313986183168
302412035
2794584335
312809426
901845929929490433
902907371655069697
930568674259300352
863200363092078593
2329255640
863205381018984448
818734190531383296
863081607867113472
324890188
40696686
890213491394703360
881809561941794816
879264597731008512
2711039001
812020442491998208
349962530
721252763263328256
2853531287
976439634
870677067473596416
3030452571
852774554543849473
712999729265713152
44196397
300583736
901556790180986880
1125148051
914755659291414528
917949511036575744
928256814998622209
386038955
893484335470321664
781742717621637120
893861486551945216
802512058692595716
846040766086598656
262155242
816098525364633600
878650598043856899
90452704
29131870
920332091228901377
794804180674347008
2464818128
858695797793271808
730528537950588928
704259908334583808
156215443
906116402549022720
767893568962920448
2673976280
3459785908
4640764695
26971528
85651556
251015075
2275224643
3247519928
832966020931395585
2225092939
925311499521986561
43053466
784145225132322816
845097583458447360
244877137
351198392
927441245647003648
927083019915030529
4417084942
869757045636907008
920697603116892160
3544118957
1686048835
228518281
896851527863816194
511279191
18964798
751428299977621505
2705845232
2944749812
926044269625753600
836872405880557570
926142538272124928
919273345098616832
3013129685
714503328
923348725900152834
978358255
1582877509
797366578220244992
888503257831800832
482133423
131123638
1171865516
925997596174270464
39822897
2708033720
912633193534287874
923652982633250816
2347213075
580056390
918292403529728000
25407108
3262855290
2767239779
249412212
363189270
3099772484
114258396
430405228
867398023671934976
827047932616699904
850088106141339649
804076842827268097
861988105343180800
837713770835243008
846011680568041476
842297899505582080
909820076261601281
3119633526
37509828
897181759217049600
811212357942779906
1466132360
2939007541
462102364
850494821047324676
191107447
848628708613267457
895004146205687810
3444832572
1417405922
370531404
2231939125
127004293
860448270732201985
153468846
306109562
811638347521200129
2406161539
867114668384329728
773558265389150208
880776191799697412
505401571
20611084
2920686840
713918549526351872
922883447462481920
866045888132767747
894854054614118400
899519583106850817
874619860436779008
3125465939
912418217460559872
281580405
2307327902
911014224008114176
3131144855
3391699133
699970558205763585
276862051
3609229036
308025298
1277747576
1167094812
26183714
757859082082582528
798087444
803068517247381504
901736615483240448
23000405
39521474
438569813
327458025
1613586074
828045203147784192
855007338469748736
854881153635020801
705835378503057408
2332255570
263301882
920000989112958976
410215674
371606005
1455097663
348843207
27741836
1175406306
710931795517313030
915167784316923905
1600477226
115486341
771293898
159203186
3565950800
7454952
2218494330
2207554242
744703360058589184
312817442
2463451704
171504349
3020428315
437405651
3052875313
3207903992
110905821
732907524576382976
898279003701825538
909462628401020929
2627650517
434706775
17525249
857889751491371008
887145516705775618
195751237
164987709
39293271
453335595
34022837
839423623655997440
963087282
916746933821198336
32953785
718479353789722626
755644472
905265514762694656
18413914
400117999
450951052
104234025
21535166
811935358481027074
2813530168
909074196008919040
897115235986927620
4219576353
2922282572
133880286
50374439
418321606
1260674960
312326409
30583657
926620369
55933202
3148059585
740879722763169793
740871593744683008
767731508153053184
771877364
95188073
848914354556874753
870018898904711168
702116401675378688
108468506
873897192
891305331468390404
16956012
845577013603815425
317083947
4461257848
916081854070980608
898766213739761664
896270487797608448
921295112273104896
744050219814379520
894911182355795969
3290267487
740483159079460864
3198320235
2380187032
1883404771
868383603507560448
891298482803417088
916794640623214593
115604864
2285357360
253295087
819633698144452608
97860083
786498222554550272
1028922240
772418344569962522
2825025490
2735272801
1328380518
83355282
1271331631
1453160766
884541429456007168
822250182658195456
836866375830368257
918127310628323328
3152442726
50733021
29862576
2934275751
2304679840
4008326859
847793031470346240
861978654586228737
869254241986125826
18424799
890012183333146624
750501601052389376
261659958
905202885394354180
771767835366395904
3670012395
727956007
900050926127513600
2777053950
891427484809539584
803272150727598081
914360594492461056
899911452433276930
756884920920788992
792820980435587072
891323343869267969
2815027962
870734763484741632
879127511120003072
846728637193879553
26027468
900309182968201216
754428545267408896
845761942736289792
449389201
901080368584982529
843440298315448320
900499432562733056
870448091802947584
3341208897
878956021577797632
4861279572
870954133225971713
903772802326695937
892373767279722496
3360498771
904859994411159553
901608644210544640
453133522
912464659978047488
900091042074169344
822274074332295169
908001372645273600
2978591746
908765107915755521
166573638
919681892844228609
1370971824
33529092
1395923928
2429957516
544469926
916712117717389312
712629777
3242957087
725239353283362816
563886278
915667077058453505
2474477038
912818334751760384
194259430
2301048247
4130355586
2324202086
74740716
910610285588774912
891667803597615104
224423396
3420529828
911551446432194560
895174735692222466
30705936
2306168089
550274407
33175918
247744426
1407358873
836883992
249047991
493941986
989456820
1942363285
1145969250
2847489683
804995727969505280
1287168115
1257200078
1013504090
900719828935245825
111385149
41087893
1383296672
8726072
1442616859
114778683
836724871707181056
22866687
26096983
113834253
464237781
36724871
188774441
136658558
224314313
22188774
33907531
1583626530
8357192
176647175
36231740
129017224
1925388164
46017944
274873920
250828588
2827540963
305577879
732951288
22192440
18993328
33426860
1268237648
537720234
63427025
33514869
34139306
79807791
2153475926
140875192
42672470
17780809
1927698344
348467845
316580588
15641893
2799918536
1448489431
51212815
19816088
169612620
17338078
292929561
115430599
36490075
56223278
16116288
911262350900121607
908894695543074816
907560700846866432
909762364827947009
905489582707310592
878591924592140289
910495825180098561
914239689103691776
913999003112456194
867491702654816256
913067450383716352
858761522285346818
736526513328250880
768187484782026753
2251136630
842868358051778560
835924691583893506
849619844228055040
815222446198521861
743149485895860226
830161693627936768
797139851036467200
761557702208356352
818499020071063555
781511003506872320
329190047
847740569497485312
2342003021
1306992120
2898666911
413590655
3145265781
150765257
857628690548641792
2914259757
3187985080
2465656149
3043688018
2236416063
2935453127
2763786177
2248894694
1583798365
2687243682
1489795590
1963095853
1433941970
502732311
634217901
350593129
2732848786
164604281
23304078
275793550
35862271
2985955438
3430566412
908425287859265537
852239080549232640
1391992974
735464623768375296
2754313008
20768781
3306317520
226662318
876495929628667904
832737790353772544
168466201
168313148
903411529898270721
307726482
722546304593870848
2475685826
753333101485498368
94853367
766547893209616384
916128586691735552
748128766044495872
1126976456
872251839302868993
809778270048833537
143377881
1092188078
873239790518325248
779102069890351105
769799220673077248
2679029504
824010204312457216
824928211431723009
766658374842851328
816725721779470337
1883179609
790854988465602560
348399963
792028915325931520
734003876072951808
742455979942543360
752103013796421632
846396754933284864
829795907617054720
821721207783440387
855506547157463040
855997397117349889
855504346435506178
742770870817415168
3326899000
811133588687167488
800414338515251201
785099695895015424
2325704833
705539763349164032
115991458
824868122016436224
793424222584352768
2332446943
780628979468206081
4861640893
1710851520
815265799002869762
386896337
2666722836
1928841116
897485003495534592
1196289186
243551137
48935222
740867694036189184
755580094576336896
146607991
196884703
828005654954651652
239555475
908091984384020480
884518250826092544
478092012
1629678848
2187002213
212302405
2729322442
532285060
2266427762
913582060555694081
2200730581
14297098
41115798
38784416
916930271357820928
891757709393113089
432585778
789836982360891392
2148608528
237768009
2964171741
464989762
63514682
4878327592
718610220008648704
908373186277978112
2374525610
122917473
101208247
4039823519
908267525594591232
891907614082088960
887282836771749888
829419448176148481
893858557594017792
50022269
816721487382061062
863657424200151040
854802851159093248
907191509291806720
893491850048176130
3365278150
793872409002553344
914951463440334848
896187959929647106
818184908938117120
90683735
1297294309
98517911
93114777
277536386
283187096
71452502
25522043
890693242647306240
900068907792257024
915246217818509314
705776709681991681
391579569
3247696354
75051887
850737961884721152
2593719068
233355474
200487616
393359954
450847696
52173866
326021441
274081469
534619382
209581350
21436527
610255022
1159664755
21157298
31388819
818247844532461568
3237862006
79293791
21447363
19397785
10810102
15846407
15439395
19562228
382976020
2739160442
20015311
29069042
1429657572
56742026
2452128163
256351435
489054924
576154968
88309460
829513982
24108753
2685813816
380902803
1376149068
53261921
1639628455
568805309
103944734
27098689
427926615
65773523
205929062
126206511
34538415
108661863
210794033
296087612
294974946
246388853
228388110
57481616
140981163
703284374779895810
87239242
245166398
21477903
3275101728
1177606800
1116083461
33634331
17043262
309568460
69052905
1511486328
364717194
26483774
23971402
470009330
34420319
130677007
41545005
57883736
987383070
16508263
20510324
730181298
417815864
525023013
2157278858
112397327
44686477
406033635
27809054
3251305220
145363546
452261373
183384130
35771819
113758288
38481817
108660954
188523042
395787463
102257928
137213871
2148280334
928326006
375837200
119199038
15571715
63696710
804942871
1878504738
229907994
201923339
23510504
1957398577
36382095
79482931
894462299976548352
856007046285729792
855503561962205186
914739838481346560
886620459973787648
894091600497963009
866959961074675712
869970439669506049
1321545912
883219391940358144
4601906254
3810871337
2201766241
844344699985039361
881928452739411969
2205961518
384156757
843817886552653826
627827611
894290988436422657
902273333575774208
3226228884
3312881851
2445382880
910885341824999424
910202314174078976
845317984340103169
705246103990616064
895200619
430290610
456320752
700115833
1195835474
772779818
173501166
572328750
582953369
195763003
791116468779782145
215736272
462522406
18038837
59779637
3086683996
81596673
259958548
2250794556
489070066
38130127
231820645
864645740
25553559
405103571
303219706
226691555
357584312
545416888
93299749
559030759
35776635
405162051
2296446374
896917728723738624
632491571
1886402096
832268838402138112
1930845782
14737778
741915132410757121
535946769
520207915
896475467104092160
759644033811558400
2425986211
3091373190
1020688710
234123777
588182032
3886528580
302180062
2763264732
609429247
2544067343
5548212
734770293907042305
2667953532
2600758872
20347408
2267891154
4576683013
1213271389
704462033467613184
765913587890196480
1107703122
21373257
732317216897683456
2176595912
769211085224308736
4070708661
784141680610045952
162679757
275712732
788650719649927168
729244337180127232
247552110
262831233
2184934963
714174208117321728
770235401109987328
2398579650
2590018560
3291556102
88621782
2906175750
1420948698
557993059
774763804244709377
734721840
4109454133
1144068860
29247612
549817044
804701108778237952
703066169205510144
2240029488
787031169980301316
771099670084890624
823893907
360488971
818533186720280576
228006849
4309955661
3404479811
596268186
829549512062427136
827393415771926531
3214647640
819369340713762816
1512098756
3205454474
744368156865617920
399644549
834383083176656904
791440926707253248
3292484092
369513601
112871892
151688952
949993477
1105536276
844587593488568322
523625761
732084026
192693558
4838613767
2940899207
718423592577429504
2863436603
4435016254
1902034867
863515177055956992
867488916
469074334
3064016363
870322862632185857
209530687
189193348
1156152529
2269538321
752276612968742912
2748879134
1551101437
515944133
817083332391534592
779416366197579776
3975504934
226301036
14956673
70851663
530030136
18298910
3017945040
747118766274772992
191462287
319346106
351279514
3093746706
209404581
2707350223
846738623647158272
780299650951680000
3236333414
903213081714675713
1046927292
2333451541
901947645807218688
3294432022
807949898494590978
388983706
356711158
896383696466530304
881089650026303489
484352039
24955695
4156558678
839273725556031488
889461873002729476
899866196652306432
412783774
219770065
516586981
22997834
882538913398652930
737996633619714049
178941681
146592524
488738722
212751075
898556900
24968293
400128084
25349697
439533357
409982100
2406145385
839174154553262084
2391269245
1260481946
856597866378391557
379637157
2860898992
823926222790926337
1251189620
1148439294
17821530
3100613023
1324455864
851861838
1275241345
576582570
1075659258
1062000234
1305986786
1416660559
2358507217
1657922330
1320895058
315489324
189348994
92649841
610171507
507438626
26260033
2437359612
1933209308
2240063386
3008470103
4861600271
44705659
3171333884
819504448615616513
123608215
154574460
1218992611
27895201
1367531
18948541
50769180
17174309
159121042
71294756
529540495
560545385
2356314438
537725764
750091381134225408
1158269520
884050326264967168
2564149767
40803349
910733494166237184
865731680862162946
771843299745333248
27288480
877580545814822913
34663615
914529644698898437
4689627498
862743893795885059
23563916
828742454
502281810
79708561
2561500643
134901643
39190245
1612786482
2440518988
122533830
486985644
104969057
61507091
27716419
110827653
65992743
22962407
549131602
125447508
906782027743199232
904819895879294977
444597968
316561923
438828609
884003005619552263
1532591052
545336345
973460234
85839993
16908562
1704950851
2561394523
2850977643
24236494
3336719950
874037091629498368
884419885161263104
3583054996
872277095594041344
1700159078
180886333
1498978650
892703484855951360
911756721969860613
902579472100204545
23375688
779333609341775873
128472974
166739404
183367899
40869714
1939278510
2371644853
3187205476
1403311812
753342697579110400
4047885233
246247684
2734347136
3226448459
2434642165
116455498
2533291157
847743479602073602
2789059283
506413851
41692369
335855306
2846725360
368375246
89893567
40242858
38460691
316031716
21102440
17066119
51611077
1036634683
339583307
164975534
300526875
246527226
3364356785
873216824409763841
735920531741016064
85289376
20646711
35496239
159577421
309810744
309834754
309862704
130261854
130251666
134320851
911182381637304320
759021797429968896
775366504166686720
910835446728527872
885087078433918976
281561707
41294832
743308232
800774172188151808
4554565693
4870712639
814615126942908416
2724396436
2325003625
4773556882
3317560245
3398395197
2970473662
2974791419
2324119063
1331572801
1493592415
2168904276
1480467894
1428034472
1278855584
114836724
134067341
566688127
814010880
206275396
34568634
472152637
76524007
40702755
890186234458517505
872561341093072900
817511656444096512
847213819868954624
864518077932875776
2582180114
165498315
864121856869228544
1308455894
807095
14361155
16153562
18213483
518761675
14499829
69231187
30238204
1075927117
911894361448878080
50194961
129801213
1026831458
1390112984
756498822868664320
15608362
768749595602059268
17471979
552731613
906936720200835072
541559955
21781706
177108698
42813812
2811284886
84613584
30143348
38016096
78987307
482474788
615205006
78977078
15769048
22035674
8283082
57625403
34724341
1148951203
372111982
51136224
35003814
93601153
20672100
22819917
88907248
60421402
18766296
1652460752
24692082
26287962
21684040
21844990
509456528
15309072
3554721
191479479
1252122278
908378308244590592
4180448375
905064082734231552
20149444
893984319802408960
825314196
855380603130269696
625924840
65431632
731026364225204224
908757086602919937
1456140842
1338926419
605471191
849961738481086464
2891899191
883455306034012160
1128626822
4049331443
837230664902660096
480564709
2194728303
760226329694507010
893468458586910721
37222058
701871702398124033
579176613
4049190797
892094548763172864
4730477131
889279854788714497
704794051497873408
4332153556
3652577115
3108511696
787759330896539648
781192709088378880
885193153434845185
871784915989389312
388708143
714876021745586176
824237010672111618
2413765476
762687690588426241
911605771972030464
48662259
1713583140
1262776610
95220493
745941851140657152
409806706
94462063
1732694659
402527568
44648896
53965499
439170705
376708849
25031584
58752106
41572208
39811348
87278028
327262735
20508779
726399901
63076720
40079154
29738127
2863850391
876782661158699008
809961106412359680
1407277784
900005957895421952
1139323542
20604674
29169161
3058602759
2371548367
1467085814
2371587764
18592187
46384399
911607015293816832
846665437534289920
24572862
241648776
1236898284
3033289377
32356800
211465556
908496206845882368
879786216794853376
2688562927
857117095
24173809
32507664
175204121
46637251
430124690
27114278
84087313
77710660
143932405
4337798413
2341864742
17805672
26198059
14503126
866994053681881088
32683532
805095009783517184
3263058840
1649214164
16763
459757248
20229810
4079102062
94018931
276566082
98525264
59482312
2781051361
125680888
18895607
3032113824
85266677
288701281
896824340
132977441
2688531696
774145904353828864
93411439
125406066
3342446147
726758167
30138031
185066639
222799975
20788157
844281800281260032
303804147
132148992
1905358782
489807838
91429636
9366272
67941063
74110421
190635850
885819466445185024
909553868173844480
102397497
1876164132
377298812
1343970234
37595712
29355352
908944630389133313
905051659465785344
346021990
2901263467
556297194
378746121
228034810
17156000
1202793056
58081428
852705052644999172
1281504344
718582416378576896
715259313657241601
905338542200684544
412392263
755454438353973248
794876036584390656
1126827066
3699136762
2781900274
216503453
42432278
31559960
134803077
299000897
335926856
38144082
1373243528
91413569
167066757
2775728494
89417083
173106869
290637755
833233698
428756285
41096901
76983369
31394380
407190046
32340937
33494411
544745519
23376482
232824234
295001736
48654239
2271282054
724004701352693761
2569246668
2286132776
301525512
729456910915637248
119554759
3569857224
14384317
330005521
68092194
3881853916
42936819
729457466962944000
3246256224
3246297728
3293571445
3293689411
3246261780
3406283445
3327741171
3304374780
705121675554136064
882293272516808704
3323314602
803065593444311040
820023139342159873
790928286087909376
782257830703214593
784548556141125638
710200229711118337
766795097526587393
766996768743579648
779129330093785089
767575327182848000
763298411135242245
767782052494241793
767778655028154368
3150343247
769395292043153408
739634588557803520
757959967349571584
793476872097107968
827162883125547009
829231700412620800
416341221
756543752861351936
903113302653276160
908693608068472832
4430143163
874407873471803392
751148971163316224
727808039257047040
734808907084894208
222802991
371813111
791740504346128384
773148076672507904
717091599608586240
1323552181
29632330
155385137
320352416
25336629
14911245
17651958
2512586557
2364427952
3025206614
28293222
16191846
2292188253
20252454
205504194
298501517
3178467536
421044945
143853654
27112844
198543863
249226273
309553000
801317527
1539644984
2802929025
2212378597
151007628
895097439467778049
854691094424162304
1849296343
829011854013898754
136417378
845686850664779776
609374074
908885169041534977
23224710
38995700
25225575
22847045
28888723
48931687
17261593
78144445
223583259
804766204799942656
902735732527247363
3661745605
803043848066920449
909399266694778881
838974762160439298
903031551927169024
900055744619450372
1630719246
571202103
4017367696
323216653
333935142
1629810506
1379223859
178272441
730380149254963200
609413
16597998
878246303779749888
250024481
58154652
580717092
903183845746495488
198584761
2466598598
18895192
777201764223168512
843494755145306112
876191430439559168
864924329435430914
891787599530127365
895047197393383424
885260008853831680
905688688557924352
14700316
14159148
33933259
3459051
13201312
16029780
537582370
43194755
9855132
794844787
1517036131
14192000
529271444
41687953
125306809
263945079
127781795
124167519
79837964
416584415
726142498700054529
760591901099749382
267616818
83922884
2557637766
4118415796
3812756661
700779527220260864
15176642
78408666
41629666
3305653917
2781056675
25757664
20970967
2445617514
4710646513
545643631
176855417
72034620
63257712
1569278629
2355074372
15664314
938992645
16931092
127619653
1134018307
22831336
69040402
84163035
89769613
140170718
273849797
23783446
36954788
620471154
30628722
14861994
72587187
31459586
59785776
21286993
41419404
70744113
169920541
35044686
26295434
2343851918
815125917777465344
3184745598
726067260469571589
1613604739
38405291
880098377891028993
248487472
29442313
1330457336
1339835893
818021008724500480
216881337
113047940
23022687
15745368
50055701
18916432
4830680068
733751245
546788339
722520135748202496
4128266236
2909046215
3298022601
4926712449
770669743376175104
2453963726
726904740211245058
394563873
765057830
706036213283758080
902914051650469889
139263450
2899133017
4167264013
2182078072
768693042878541824
273587069
714139580530724864
3195473198
714054071058096129
371468565
189487215
366793872
885779736357720064
894101271686369281
854639635020042241
3366398597
2990350700
877554985101406211
1087601558
1097059578
85666146
4856828476
782233265948295168
817926624
2904649414
519683539
1540529606
16343958
1073837954
19719076
493889332
714044394551291908
1343427037
846359692209274880
1322257022
821736629316395009
902595059933208576
2170226364
892293528956452865
8523822
819585893845651460
910025303442980864
213570786
802418029187436544
852810880194564096
17632266
74688411
19396413
59060699
70725281
171881218
71229689
368274525
78905469
17560522
596468339
1881107846
78579314
853592702
929413796
2293530026
2345236831
863054959
211279942
2362479642
406994034
277042932
503159438
2354861725
503445363
422153211
2350563744
295210530
389414784
2799866844
3387883587
2329402710
602689501
216325424
202710871
18239725
264973284
132139684
35307491
257396212
255489796
21208560
60862771
85818687
859207737669976064
801304662955753472
786453456303321088
782125102150410240
801489957630181381
4025195105
880803651534696449
2250552849
838818195465256962
332094894
909083657603710978
873676549484146688
1183947482
784080247029374976
465809975
4277654121
384571348
490638911
260996844
124912809
544410892
275305046
77079077
61638411
64818227
16566439
18905764
22812156
3207482951
16191312
69921617
82974830
57445686
244717381
309898430
4828823284
849272933457461248
577044339
696033719698776065
127655609
390239514
2877037815
1092786494
1320582673
181998932
2791666390
840434420
899306254274879490
3060449330
625644142
905905829483773953
3917634449
1576463233
2934036153
79100471
892631842154795008
2298076087
4418322617
2298043189
538272082
531336948
239171363
140416819
104626279
89837927
1921052144
153802121
872816743
14102882
515623271
250326581
349158111
223020169
385124314
3239192244
372516539
2592929514
53427397
461351207
1031530278
15545122
470548083
112886847
1325229535
1120158990
832700878935068673
630039574
2983470753
2342752717
2534585173
233815606
3292597556
741295273062830080
4705196303
3323309554
22195891
16744078
753241153286340608
101690219
22213454
715192564509458434
1163652378
51599225
1213375434
35076918
27125999
249937550
32276622
42727868
1072563068
25083205
24432490
47679578
14504859
168292739
511735390
100969392
263166082
18922904
41445610
6209252
31079265
860533948774002688
414398362
113324594
753363009116844032
15772318
62643037
24912145
2938886084
24368544
758678
18405034
738949521380626432
816672485584371712
3518447116
3547056377
884807203202453505
884804179516162052
762217512008355840
2371513807
887276631664066560
729781035744038912
3011048032
4041241317
3324110314
722183220205330433
907323853273227264
3196259375
2335478730
968641213
19945978
23238527
829472600069804033
564002379
873264027723595778
865253080341905410
1504601990
228459424
608192553
850075176691802112
880182299010191360
910003895811715072
1948733600
905950101511614464
904334225305780224
236778380
862012321530605573
4060418232
281884604
4291547357
4285813119
575697736
4039670837
4268230143
352667631
4240133173
3546719472
4044566123
4021875612
4614540021
3290429290
4181888483
277029749
4364280015
3407134329
2476438680
2842173394
3332714849
3919232441
3942226334
3060730217
2889591675
3714309735
3077935725
3935830707
3434450043
887760592316100609
3299994073
2414720881
3225743160
4121909625
832032992197537795
3298397713
1016245351
4850308727
4861404537
479965018
767674884419911680
2674370532
3180465732
2870597409
734526581348143107
787033098231750656
4816312581
831273842991591424
748608993837277184
49663696
784098485477990400
708999941226684416
812755263631527936
849276984106467328
33261014
2282435984
1069128198
2238223297
904851755061653504
754674209452724224
896024977488719873
903709919567900673
863550287746809856
903061116195966977
902585671105351680
902940879744147457
898624003065212929
902450010398134272
735830650884759552
700753996147879936
1380838579
165607585
3430558924
893395220473278465
863802326666096640
890758271556104192
881692238610169857
4747005501
791611870687981568
894201222332379140
817713065802301441
766612998928658432
771543212079001600
818199994750603264
4238563457
4871147754
4877952796
825790732275441664
824269291365273604
749713537224679425
790589195324624900
828793180011257856
2906321924
831684269785378816
4267150168
738185764878622724
787408779390451717
52216320
825178185948078081
1273271490
3295811886
814556185948884992
627555992
31094727
57319680
19255050
298992506
2291196909
43073955
35355935
708826764
131942161
270064609
800803620
506007359
2292488509
2997177270
1604444052
2210710508
821855134066114562
2997283178
853622753425076225
863034763556274176
818583320464343040
903784558524604416
907411109862408192
2998248416
12834372
240786005
2207090796
174775047
2828696488
585736482
2782695330
270398412
2659850119
2301657560
196595847
826311073
178555145
1434553285
880559887671062528
4033849713
858728449032290304
177362867
24475611
619606910
19924104
900597498523287552
1027352012
842378237988765696
3390802061
2155691665
883941174641164289
23330493
153592573
483454893
14546039
74383709
3343124447
782782981609971712
907734092598231040
771529705312792576
797253606147756032
908778460608417792
903280477196386304
4377459681
879670161153949696
495423959
3127193801
3239480443
897544404189294593
909308919268261888
897035277591617537
905975521472684033
909836446386835456
866998147926683648
2390356838
2475603090
777170826114269185
29971773
4801817700
1385225760
493157574
4861981291
759522038486736900
907861045515091968
799548636883468288
2963688369
879344073529856000
872929319030595585
854097302104846336
875381452703137792
875083929639890944
582906932
885874152183406592
878254970885328896
874598876120051713
876878869533532161
872336404151447552
873951777426636800
863064882098425856
768053109541244929
2314077301
754738438008602624
749571183847305216
749563672968790016
737045251903361025
890435988010422272
2761954085
750843751778521089
702974576309964801
4821835011
900138503790612480
730015735192391680
887740875157233664
471714125
985572746
879782848072429568
713431746
855384485571026946
870681842537512960
739514696953257984
893882486320713730
900154897185755136
733657372305031168
886688236487290880
868910450800570372
886344068699230208
887970893015773184
892243789992951808
883082018841645056
359676245
879758601237155840
865384479380131840
876829202787520514
884546354458054656
889194346775531520
832609710901714944
73039079
3460817489
703320545807486976
4707182445
778107018322309120
3063841013
711141928310599680
221365626
788213832384548864
850221816681447425
808635647783239680
776533163510231040
1571631331
3092194948
25767670
251131699
829434414094508032
495509842
1183541408
2269130208
2850398477
3020517927
1938585510
59257792
1915534530
3366493624
897297781324492804
26077875
3187797690
896158685533220864
4824001545
879346642331222016
586460918
804341566173220864
822529767639490561
879392174890258432
891948751455232004
818038235058368512
901136530483421184
889595569978691584
904201396135772160
882982569171591168
895590335526522881
1958816220
887492486117167104
136233342
3908996909
2291428702
3982026323
953278568
568825492
3421992305
4895409741
3875545275
903688514197495808
905503303844470784
3160181820
878241590451597312
1677631027
476211747
66331083
835083097
46848931
39573397
744847903273914368
2357252378
84383725
19533123
2357198672
2899006032
354133033
122019106
21805400
40207557
4816565640
866465690735083520
856405404137529344
1956984410
2319201307
363967123
356102319
747416353
1457422825
910978789
107416377
141185220
359892300
789583597
1511397470
4333602681
1163326892
2285712000
2756512605
3347008871
1563307026
2649466473
829090278262898689
2556686844
3226983705
4169460730
2950043145
1696471212
2831947152
1299871748
2411171225
2514158001
118362522
1527183276
2510071115
383426801
2737315791
307616625
475902899
615190328
263378708
1020620468
880768424
1092992143
1061714240
442234669
1111270416
1091596568
389588523
569194479
389521986
496997021
527568021
440050355
1122225607
463216773
44392293
434737737
705480754
634870270
386088599
1317190664
535359296
726455452981153793
2413144274
3017606862
2382597146
1962523118
3323698403
2481191502
1523725987
2836868813
148779958
3087555868
776197623908823040
710393181960019968
888799848845250561
904009490906927104
905347758541955073
2249407778
704869089345466368
903695709890859012
3186730212
904877942563581952
137174610
885956929012596736
35449633
770564996438888448
894667374049320962
365722468
2894937039
1636412850
759765814148997120
907898104623587330
798241088494587904
3423800116
753986808615014400
3034108924
3279923221
4758494731
808381461329911808
808367546277642240
809892012732186624
808374390706487297
808391681057820673
809890845138636800
844404719359590407
834313519982006273
835433459451572224
778998246442147841
874273504002269185
747335869594406913
893646079903903749
876850545142759424
889546058786680832
819860677393321984
873595741062803456
856448991369867264
848105206927818752
897473587635929088
888949101479555072
890986586883715072
893190483471630340
960199496
906604317922250754
840780614395604992
370198164
842440894812962820
877928248847609857
877640569794777090
830528518660452353
789580499643752449
744774011557556225
876223728006254592
879177193179537408
1220193529
800306181969350657
3336692572
887202072633851904
866250208505733120
3058016756
900355146860957701
2896462078
885493497805099016
894565528861376512
3607221436
372852742
3299383872
3373827916
22517956
3317421679
3120654213
4747054500
3110811832
2899728999
3031361767
4159052476
2857026640
2671002073
868150539028004864
715949550742032384
4060942572
701866299
745374619788541952
710268785861664768
3787423456
2394296959
3196041166
3908226254
708214575259361280
4794501796
699892925292027904
3432114867
706540639668805632
3234303979
3852739229
2484362033
3014972620
760782925872914432
726110544336437248
622464977
364891034
356396164
4776083937
3064993099
1242282061
2896099018
155919333
19546081
768942994560909312
777300254932828160
882184106121064449
482681767
450274530
879032653076463616
1083314617
16016698
4904519657
1633827037
164327493
19145653
16334372
712768304214097920
902865928161021952
3092181899
876867197179760640
274026510
35705767
176113129
38417350
732205465380245504
630670254
189971987
512125466
19588385
2363940288
635359857
740121632702930944
2919755051
3077928739
142585230
38213887
4462700352
606475476
2218614180
883769943040249856
160294607
1351258142
303199694
475752666
4823523605
1284037616
830782979714772992
1468161152
1049677634
3374653287
3354632037
4321299442
740274423811440640
2350782148
2914494827
4920645447
709266433180618752
4853372837
793571979806797824
3434057428
153864102
77969685
504268246
4835558686
502183271
272421753
2713021607
391229857
3003840117
859894160031072257
948154771
838809248503050240
721770242008096769
2757924945
859694628
4884352665
534396663
734582166
1597714699
459154457
564413109
403532829
915116610
700856340
2611916368
730741020
194358362
2964107275
1486875068
2607720411
4244517197
788406625157652480
845780136251310080
865822297868955648
606608557
2982583245
880965999692009473
815034108677980161
836676709491556352
3390616899
121887978
712060772306780160
36412963
3947290827
907810074244079616
725449235886399488
734051152367603713
4881927484
341110720
2457284587
703996955605790720
704776480266579968
4838110336
4785920264
4417270998
2289453168
204771629
2922207048
264860633
1265028986
2994839102
1313166902
636375395
622881563
2158580924
2908436178
2560168129
1978911787
1160813960
2566651617
2290090794
284326862
739487655826710528
697105138079686657
707044748
775351352931323904
904342843
36092738
1104668407
3000792213
1034634990
705822866
319938901
2994394937
565750870
2781838240
3422389925
772456870967521281
811747375614046208
800082937622319104
4810345112
2940571853
772460408221294592
4754005163
763125780297711616
4545399340
794948674920935424
4764995203
747870326319570944
789929719059849216
770994102808829952
293597568
902891957118263296
288911825
913598558
786229429
986916877
2951193987
832428147761115136
2973203391
2443519359
709259461
2167212443
552392480
2413322160
446522475
385529149
170096700
61257539
3508602974
917570370
22063594
3245443337
2438086104
249485320
30578360
824958804
222387479
241646895
35216973
44792942
372846007
113713545
516159246
77231024
418669767
2285237934
101596930
25217108
63034005
4060463355
7519472
620278578
553888494
117242448
1954992228
36737879
23396020
177448921
17684469
250247851
24567968
134507697
194346014
22190483
343564216
2910149688
793815827539759104
27228348
422276672
425937551
18414262
15294641
3472582894
22415365
14361671
155060936
159027317
363038617
16062247
340515930
81362489
352794694
39682012
339866958
333446614
49320905
34177658
16146478
161690693
742083150596177920
908005480735285248
95699882
20369767
58060034
79375930
901971709422686208
55953666
13924042
2203328304
2242982898
46298029
8987592
2274819156
3002282161
20217887
58393297
23635327
18917522
571768437
902638287596142592
864036463398330368
855661272980959232
703343587359072256
344939909
3092443319
3731710032
4138211777
701431606922375169
701434053824749568
899606921598173184
1227095412
712386342538313730
3835337419
837809180002115584
900430951670525952
834926563967762432
848195933011660801
813795337416613888
3311848307
2370627199
897487167362134017
902783163147010048
823089573597249536
759724802785423360
3253945261
869340260714643456
884813485200338945
840244645804269568
34720029
3271784659
895439498020093952
805392824355221504
91673645
856808518694952960
3000633645
272175633
2430564295
3325051647
2194224601
3001113407
901110600708886530
106827762
877406401114537989
3277130598
711687042787315712
3182885280
4691996460
2295100129
732328220171833344
160158529
733659926279643137
753404767871832065
1620037477
2237008327
829875259159384066
883752556329086976
868538464429592576
71080496
19240249
20711586
316653115
26049108
69678362
774879500
749543658
481725930
75152386
330625562
261750851
506357990
39807313
282184118
56758774
814916058159190016
33549978
852690589887758336
4015097354
859112191303315456
105921589
44157084
48249102
822111827194769408
184847925
1183108200
275151435
2770984646
3012157421
270489177
596226229
4081665615
1049111
2348805157
22565066
473449301
1599375019
61331958
16330879
97708927
1264562724
788089375754162176
763028622181535744
972683594
758656907691364352
15222083
2228814581
1215659857
771382663735283712
3295429295
2754671798
2727020089
1645072988
345574879
167146354
351770521
219628624
760106255570591744
14996887
3991920095
16228699
41992925
40460342
4196983835
3980508917
236426544
139592800
22396336
4518910163
123591071
2407386494
55011262
430279965
56185879
23372297
479997925
3005561
323478636
141605195
183854047
3101542833
15416647
231637184
1798186166
480015309
2319229836
53112502
20281808
14779228
1103399640
3039526869
862950942559408128
851033518725636096
866477450208976896
710063373329653760
866475882764009472
832048117822296065
4142637973
755068917949882368
759571824430710784
790268423011958785
840934650486878208
38723891
14464980
328141134
2660065111
1526617850
1348226054
273475059
819027796785823745
2431400729
1014155899
465799960
1338849042
1871461951
913084609
1856732311
2196848152
1390102615
558582909
1575924254
2201745119
2170727826
2688015749
2411152886
184156310
450951519
896764712305569792
825382713217650689
2400603745
1449108085
1575140886
2541299902
2336934080
1134811710
1889761692
2882067129
2251421492
1040807520
336101037
260482463
3428854823
4205364013
198798735
2312392622
127850748
2303513724
2256021501
1715678262
3666252209
706984869189066752
2151592346
33151453
4076170768
3418044153
1027023332
3808894877
2639132121
2889452232
4894065654
712303890486525952
712432329717784576
760493989292347392
757670695769812992
3344921932
4828487914
823915269466836998
4693885933
790064494168961024
762856562343882752
84970815
838919053888602116
861707206105989120
851799106515324928
289955516
829679830694240256
820785768452984832
840170857897041921
586828646
912284778
745347900
2853713478
1706666298
2834221130
4855400578
756702371980439553
872086210914775040
903898167388852225
3428035578
756595373234393092
4438473376
887211554457956353
870273063090311168
3312519328
770327400265748480
1969566128
784027829717590016
772078236381679616
765645529544032256
43928023
793058339680845826
40061224
849331605147660289
1489209312
2590876424
822385553349824514
765206378063466497
797913254987173888
906865988221718528
819725401224310784
888916591886426112
854071160505606144
3514341988
827533016868220928
2700989929
3436677353
395977768
343588219
400189533
219273242
579149793
296415801
155032515
354085125
96455698
155999087
141283057
28161773
44269476
42419616
21487434
45297071
19820083
35838237
298622072
40652856
41144097
899798734548205568
41142711
545501973
57334744
1595692662
14630442
250371474
242795620
357568963
907336883981766656
894878527450951680
3393344949
871070113
1017990985
868390854
832089209007636480
434738846
3177044683
865879081283448833
1269662683
77966065
3124664090
116525822
1087395890
1436469277
1456136305
769681806
528065897
596912223
1041346340
430313116
860237030
3226711764
15490471
963558535
17227837
1035065172
340956024
786810785158668288
783487779762081792
793455789944037376
753622604880031745
2277042132
760933862960689152
782241904821997568
781831679434493953
3309207436
781910335385178112
781675406223110144
754305090396225537
748945048545492992
4918275073
765637730273464320
1619359734
803770240819609601
874293536610537472
904272048544874497
3313776119
870507582170972160
759821868643725314
817010405054746624
735633506
741332978954014720
404820260
705444856685064192
766582508272181248
779759723243601920
822623094762307586
816290631681183744
794196329018916865
798239262613315585
247940268
1587975504
805571826755760128
787722946873856002
803910901308997633
814972170615013377
802306577302597632
800846058142085120
818868670642483201
905119856290394112
2298080283
817792087873753089
849413550229639172
819599894088388608
784325317527613440
809973496784764928
827878345132085249
891869046366494720
141649967
358912001
588105745
358934286
981335467
780627978
860060310
17132943
1464453092
493510849
59746903
54908994
408326084
188673517
3350831380
817027269696880640
736378143007735808
847040208470233088
36370536
718339243572113408
20307037
614536075
15251781
525725211
38208178
175042250
7867072
127703249
20275128
33787936
151105010
19245504
74209188
14912751
43368985
17396566
299931468
47601499
1957002554
3409102906
3201092801
3302086431
22503847
15563076
31514136
228209696
28778627
784042124094349312
833046972462346240
2578190932
839263444666740737
197150369
21626863
812753104621944832
20297872
892043192995991553
3010704545
2970062517
172063449
3300695939
777745543611101184
3097932707
2857293255
803002579655544832
899367509706633217
87000881
834590386739884032
3402789388
862405843811131392
704760184715874305
2610504775
377940503
2238542549
252521025
719865369532481538
761096055207317506
3030859844
1311291638
786926307565309952
877942198486142976
750071842690494464
3590312358
904534568748818433
903362043604029441
734753685356564482
4195798809
806197017798123520
895596713414492160
27239007
15981549
47429294
15324184
23052659
84964848
25190487
16691399
19012467
855373327120179200
854296130452172800
232647747
84193426
14968194
36441330
865708510461534208
967046713
2857146674
602039655
872725987326406656
959164093
358391821
40507239
21257283
847374308
1148309652
37724979
381661777
615544929
26034181
18849579
57691360
57647041
836502026712305664
1954367611
533721423
2220039703
2589474289
2151575189
889644884050808832
63524410
217489534
893877815396900865
812328825329778692
902066634226974720
777970975019237376
583791139
1311989257
1686315991
37614971
2922644241
326940990
885468100191289344
126094618
2611473217
2345239729
1136754673
868732025540366336
898926885056466944
1219647216
800383662340468736
3275531664
57405331
2441489816
62888518
4727148435
710879450548838400
96176158
2973169275
36393225
111986793
388519094
3082023760
707582818931621889
42727444
96430204
4216886361
851709518195150848
706593308110229504
806095823272640512
1588255028
716143098
373611624
999015600
907070428409094146
193853874
949419596
41093332
154120337
905013561210142720
905672180150579201
906664175405019138
4860930933
78540461
269454234
1381338746
898198553188855810
870478038697361410
4322096560
4875504916
3044691447
892273696995495936
905517517866749953
901397285929725952
244647486
16067908
1569044646
2762185329
3313986664
1890111776
1525569536
2729740255
2823232981
93048330
2826013122
890636517458235393
2876446983
3159291502
4360492816
714565938897686528
789989962032615424
872468994
1058806753
1897233078
758851147478163461
4788427467
744292859969314816
901062580734709760
1553820776
894522778052898817
852399362361757696
1257645378
732745502534553600
845778598191554560
857922397449723905
840984004555882497
885212563063091200
841549985405530112
868488658072031232
837495733494378496
869780695576707073
871089066267348993
867615495020662784
895425363718934537
832215371562246144
775969932051877889
866309009862787072
1391579966
2413228713
380502876
1974823152
2354249986
1386606842
1641353462
388937980
1631737117
2226701918
1020050376
2364568038
2194535720
1676941554
1611949034
1656825655
1066298798
2202607844
2489060538
722123333488287745
3244735781
3222072558
3129247180
4160383401
2953538331
15802330
189417293
3158155011
3371009867
79267427
2603999225
4879181007
608016846
3274752506
2952782589
3989499243
1667675803
2908626560
2973718198
3311303367
366823791
335332314
2848694757
34286317
898600291578372096
876185359289163776
81998705
885863054818381825
1970939802
3438131158
26526677
2348350405
837478237706072065
106804211
3243765342
4256894241
3043004315
866889806348812289
847064821275250688
3875563414
2214620707
130557518
138757175
88744772
822127086194348032
215784828
21522163
99170971
53340779
39224882
25490995
20503762
80571413
788283343120891904
14332297
407986582
18942450
19715065
741652150481235969
26545339
84283427
16595626
27089875
778535650416922628
235855676
15288851
33517218
15612245
271906929
891124372622135296
3696771795
900190167117340672
848684858478137347
801803633822035969
4893504178
1340851609
3108278336
906178784969334784
870638628451569665
906010439955259393
572575322
2933443153
1624977745
989453196
3305895909
1347947466
836579844632809473
795660671413260289
214614191
806807307350745088
3316330337
4358748920
153492935
809730615432118273
36800048
2396874588
2979800985
418390111
3166668422
1041060812
360959995
781435297783570432
773224405317062656
874305829423460352
4174416909
2966255571
809833429105774592
1273396333
2207161278
860608114042826752
799270858737012737
865428296225349633
4701959496
142361144
39622184
900813128450973696
222509228
726102547174449153
892041881722507265
2386570407
1119971875
703339256446631940
856952755046449152
874098183202193408
879812467412664324
871593469688631297
252767227
2838339189
