751498517651349504
35575942
2846832269
2385568712
2237846250
2584043826
1671457128
1577730512
392350277
974054830762266627
14416459
965205633485164546
576552548
17241148
1055471083204292612
758284880
87981964
1118018785204588544
136083057
216813269
256301157
226779929
245479289
415070526
333020843
231684285
24224542
19453808
100632928
70224416
269935803
15394037
191667663
170514314
19433228
258780861
122436018
346114962
42073554
910909718
1633551242
1647050095
984853441
325874909
245420957
503169387
531929106
532689016
100503107
213337079
257988144
975743546
578100688
277222843
718888154
2160226238
470361918
472208591
186251243
243625967
49403579
68472726
1339776601
272549702
2281307263
1365612205
22739764
327160378
30000912
1149361105
2162437015
256203071
515946434
2310010477
17051380
32431468
2370921800
88961864
27729216
378259736
3301908875
2492589402
45953666
20763957
974627786
17929934
1899532314
3041801227
2455933854
3026553741
2217401528
3993265277
193237254
246153431
4880295083
30494074
75207722
3070450330
1439769049
2466123505
20581002
946036297
117873637
333001177
300270852
189321763
3096865030
741134623
468467774
569130639
3784214363
1597183752
750344739430555648
2208950868
589501228
1025410505211564032
388338399
1098034553388621824
2839524145
2730615273
1125513143520776202
1247062454
14114068
3074031576
1057286349139644417
64715082
761432416112222208
2359377606
146569971
64941438
100376432
284287181
24236494
836531154
560565468
112317404
979559162
3960654267
113234048
182910273
101856523
178815147
41571200
439779366
116983434
116313988
68713673
82142715
821941410
224244250
130365207
167912446
23615586
40786192
18710600
202367186
257664900
120246693
55259925
913895731
217684514
