1255768784
1159173764824723457
918636606717698048
168404618
168508631
1487106288
3100765345
784397947374964736
378259736
3016632889
750344739430555648
1143021051422490624
16029156
715673653828935680
1021327371364913152
1045896568166141952
847826199044861953
824225864250314752
119660612
825569108649340928
76997832
1148729469881896962
1067492407367876608
26728221
1703978058
2701073637
744557034222325760
2656533409
15639858
1137819907209326592
3151906254
614411063
17867748
857338975090085891
2286027433
1448367385
114535688
19843630
1398327727
3457359022
35315865
1703856740
2512813557
153324320
964435831724355584
2835602701
39203945
3372864734
940227500
1139166258405040128
1139250736888520704
278767501
1335366913
1213283748
2804419597
1713836828
756625804151230464
2593926836
409486555
813286
724942134256766977
333333116
1129528653791023104
52311651
24740039
75937326
851531388448722945
847715866724622336
3562894993
28023025
1048381876338135040
175454415
4067947427
4217502034
788898706586275840
3234378170
1042157813227773953
170386103
173249324
479575950
2296203386
317216139
1006559385357778944
237260418
1347597626
757045665641869312
15492359
758062656695656448
15279958
628674171
59061494
1078502959955103745
992683410664632320
2248481442
1069396531227222016
1116663784385515520
1116715679795818496
1072571304690122752
905207232769384448
1389776964
1061581881840414721
51708486
23214268
1089378524757057536
856118183824109569
335879714
3241746469
246493632
956915253303914496
30064358
52858561
950761505561219073
41325780
884735704781258753
514493295
3544791135
961685866258272260
986357686961889280
362109540
323757765
2285182808
107225267
3352925529
829881163472916481
1092197855916445696
18753846
37703511
775350837321359360
15154811
285165232
2154127088
848329833805266944
79783264
1679260675
1071059584821927937
38748776
20675960
1082132685651410944
22648402
2203330990
1173572886
15277413
794458165987438592
1001511262545592320
4119799757
2437549657
3133647120
3186124933
2708242688
1226686429
14075928
61008134
264138087
1088395773279113216
223529798
3231970290
978075688707248129
17248121
1362639276
747538445699059712
3620455520
69133574
235261861
144592995
170793415
711407910752878592
607381741
4446941713
239153508
999684098
822466700167749632
851651292120272900
855568289040183297
4261695254
854904322584330240
1026366228330422277
706914997675294720
880173990412771328
218446185
14062610
22131151
15145732
216862217
20362778
108082820
14462439
13388532
387112097
923498979270291456
205195655
1097934120
147295417
188245869
312932672
1128468090
898563136092897281
2547700101
745528422764445701
51473040
1023984716
907412446951829504
3110777490
17494146
260169089
277040181
2910350817
113062227
1027996737900830720
1119939240
14260960
554597648
140864061
377285546
50393960
912690363587903489
2199966514
380270590
1705781160
545169885
260286156
340056764
1299885030
1480476380
12819112
128700677
876768522164162560
996065556812857344
4002598402
19725644
11348282
17939037
127830995
1538936353
86626845
4119951689
220322834
703211686912729088
49658746
41081945
2596795626
17784996
108382988
110509537
156305583
937308190538117120
817048270719582208
511402689
15737968
3221124069
19767193
18700629
1379662802
33885551
467551928
180719197
157981564
152889033
20478716
72932070
823621247279894528
44196397
484796656
36109143
206255645
258847118
87715935
1149942961
835019764279959552
3061255931
164761409
3242048587
246348124
2893477011
487833518
32372834
827423448762839040
833786080059027456
3234601428
3240126936
574654527
418175465
519697310
114276080
31290877
2449134570
