108617810
93069110
39155029
22129280
30354991
357606935
939091
292927415
19038934
917201597247012864
981259709356404737
288309667
17890396
304658938
346878074
26577824
82151660
151444950
47848003
21104257
187838951
16442379
301750247
15201979
485083111
18018355
100802089
34169085
21447363
822691259823206400
89771497
3763059253
828123373507067904
1118160625039896576
71668639
33601080
171828882
900771134060113920
168818469
584937062
340999482
2747498391
1615876674
341929740
3243492486
29259869
3070386906
14729597
1895019607
168508631
415075929
378259736
2884657695
933563761
595206056
423433891
760341961
405124299
1290000733
3656836876
33856936
27823036
2318890404
707433649
1109591706
290582982
1131590885236281344
965998206956929024
100322679
27314947
333161106
165303357
16032900
1088181029284671488
3699591385
2168818056
984546762051514370
1013932204135596032
2898355198
33442941
341871198
4803705924
818927131883356161
368196789
52551600
875029068223315968
2334193741
113787733
168319988
1478794850
4196983835
846137120209190912
2916980754
39250316
16895274
493175789
3244724835
27028248
563357030
748207924686708736
20038221
27726303
18776987
42914038
16753151
78322326
24548977
16809396
133040246
564853309
3806343072
613660457
4147972692
23238471
40268530
115710058
875580120
15483390
20474813
14293310
2467791
3108351
5402612
15458694
9300262
5741722
5392522
14515799
71294756
20109439
69480815
49204865
15224867
34310801
22771961
361342191
57751453
16051471
227837742
18170896
131497030
1176994477
547860279
31565351
19568591
299790272
282695074
2376389412
2415053456
41814169
113120733
2327617441
55369810
126722715
43934296
15134240
825153022653128704
18777302
67673600
18741631
16408759
26886095
39522848
16313592
18743568
14634449
24058116
20440823
18777618
8731312
37072633
19759749
59256282
3755263512
3312664351
228538657
822215679726100480
822215673812119553
224285242
28599820
18228898
39364684
14353392
930223086
807095
25073877
14260960
2347049341
17394793
15691595
17112878
14529929
26053643
15358759
38456605
110445334
13850422
15846407
216776631
813286
3145735852
21021326
15012486
2151830580
1330457336
1339835893
428333
759251
26303146
122174004
816282029276938240
970207298
76348185
36792270
14091091
15143478
11348282
15808765
1344951
13201312
19093936
18734310
231175831
117662694
29442313
309823307
19725644
159143990
8216772
19802879
378204367
19032473
18741652
18916432
17939037
15165493
65647594
818910970567344128
15234407
216881337
2359926157
