44356976
196458749
981050955436347392
27085026
1921421754
283073839
378259736
1042962499488772097
298684315
125394601
2571848635
4856959717
502544023
2858295689
4803705924
341871198
2898355198
18396070
754006735468261376
966880543915753472
1113565378079150080
45486234
104564452
827006188944396289
571235746
29952857
19486963
851978979695366144
3288091105
1147124906
516735853
927204517539655680
23475081
755953153
15171664
1041125545671442434
830510093020102661
135272779
8363752
949375652234395648
102054746
2230047990
24312293
2560807245
60972923
607788559
1087133569
306548074
2351633710
2563223954
19394188
1419567997
23458520
913289174689619968
180258628
1216131636
158219079
372971561
924600840
1322690317
529652205
599618705
112540334
171172698
3164315022
307082703
97082147
857427030320701440
2733007498
27928090
771306942
15934076
596201874
140203553
21258337
14175375
15383116
23831682
134206307
104299103
20536157
786293766
14416124
32780218
28172701
2540752350
2831531811
484548546
475199073
27081049
138896974
69089266
125803347
188347047
28061932
39205693
25454311
20018057
128753684
78366205
101566422
35586563
15940523
78525538
36421481
19791490
1206398228
41940274
66699013
252857045
202394623
37000209
2987833233
269000293
25000307
30152403
207130858
197193121
476907667
40058779
128259197
120295284
29061705
602993818
14757934
223047786
130734452
128741639
260114837
21838634
37442859
42562446
2895654808
3035280552
2329691988
89239579
39633585
51530353
22866117
567939321
3877376772
2943947922
21036769
30892248
23148645
18924291
2437299343
866953267
15099384
300844271
59949396
23544268
103209708
14230524
62432717
17391089
314175840
155282717
82026555
30782495
4259367652
24332709
25074318
2586506401
2828340207
1094922224
119795696
216495540
378325163
28897926
27877866
39364684
23544596
2269418327
19363044
58945187
374194981
33549858
2974327733
46564873
21247989
2864877442
584239638
364578013
310865055
506952322
14282672
2715112275
247834848
52871620
18278629
2315684790
63112528
213478296
801311472
34328590
256881576
43145136
19031922
169370837
44040762
5920532
1323505778
136102085
353029369
2467243243
865530446
30076698
9051482
412022338
148561700
50090294
197480971
321799886
25571932
117639375
1925494219
17392110
1398234726
354964492
821021724
288559000
407994738
23717390
319424291
463337508
1143987440
17451272
29389261
201671003
78185520
31232875
285170759
748008024
506266709
68082652
59682648
346178814
752361152
87403396
1681867315
12266442
57216146
1152262999
1856063028
31355401
57760544
24967668
34906343
1661209398
340168986
26516984
398387448
1413971334
239335902
219437444
75867240
18005141
24740625
112921153
334210881
15930906
139930250
25777189
56854084
17788194
71070749
53153263
38007103
18395177
540859151
400116095
375982063
18501422
368425730
346875860
1078445004
499336680
45628053
956123856
500651859
288304848
205302299
29910549
891509167
22123525
