767892066
6330492
16010685
67339136
140195803
12713352
492754888
1465842356
594114153
160238233
6265692
317996661
289412131
1526430224
48457183
21311540
612019015
80811754
14335586
52903621
39302059
189376144
23529233
19649620
38421062
378228848
41386506
234909760
39403756
212058001
217751484
2962943326
286933100
22871406
246958875
185774581
81955135
2184635737
26487100
47645083
159504553
3098286734
624774427
65128297
55002270
229210038
2664791324
2504998717
4833129346
493594946
39348006
915299296198692864
24296208
305135655
1938608077
634112471
147295417
91377850
95092020
614413608
469949387
19498721
15944663
93618872
15489945
39800314
1024327085379280896
273984004
2611502351
95740980
87699418
1534167900
14246515
17449828
1324940646
137480257
274033120
187993109
3949209076
1027606494769029121
174223715
15432179
2749396290
2741510451
60312060
875601915744145408
470065061
716232630874673152
4839586389
434585175
67100149
44425241
1166088260
160525094
354281439
155484098
1113782559194984448
862046225155203074
250024481
237189703
207219068
18895192
19034656
2996189376
23545095
15659909
383799402
27892177
17086475
43393110
16399949
708292294735036417
309289228
455256867
619524081
20562637
863360834
39530187
28585356
34317032
15738935
606838476
18713552
18694861
1708969033
18147873
73060532
1124202491719983104
46744791
26519462
32012825
19639085
62816265
26012202
70736359
22058679
882845845
238317768
3814046727
54549239
2443051
1071059584821927937
14062221
577132453
461099519
24437704
370907274
309153127
533567165
30198750
23032536
751885664283602944
14849816
2241715465
609062883
526520383
17781692
2583004932
162022030
762262506
1561302134
588271226
342335459
3124092129
41470096
28567809
1045880340
4568484861
16404688
115335396
187909268
228310520
16013614
1574470142
2341135592
2701673372
108094234
1113813322170863616
717778308
22814030
224252626
43963184
2231311406
36743910
2832620324
2855536962
1489776218
19837528
1596860174
15700308
609333375
267958924
33773592
21611239
14089595
1520407441
2897875280
14419031
82313794
1407780158
3319985550
31418161
2431762782
72629025
78385211
498123757
247610675
14207863
33152005
705261876
153535819
23393669
1050027845534314496
1955771269
94362703
2424151074
13399802
753910937770418176
178785518
871766546
102969620
198018302
1053236226
98015030
130684893
4047436335
11912962
15701596
254036748
46671396
65905779
1076418974
226195230
369160625
2883191891
901821378
28085004
2223680714
1074268387
1470373110
116466644
36152240
78576733
3100017086
4076656275
891374642308534272
418659057
20504013
175569642
20904490
1221377785
217005773
1280081930
562956516
47734183
595495147
147278016
10886522
1394944982
2259983746
119344630
1940581
26816594
1663180867
143629076
117423359
176235525
2858030280
20478716
15196135
248299958
1112676404540391428
93880122
97682466
2168780239
2708951526
1379021948
984856676875382784
334147483
33951171
414459679
22330739
1226076372
1334664505
1941774000
8423152
53789862
852269288
52838996
18681934
14216123
252763592
2962689830
26993136
873399943
34222024
3130815094
441052871
879065758076026880
1225915808
245107888
97218207
22341950
19167465
2834477170
382810104
39283583
823403557
289420613
73857275
780876863493185536
1084785192106119168
215935472
761373512
755844681125072896
2831946942
821226872
16805695
313680714
3330758063
573583132
1087466036452970496
777940302
132703700
16076032
14762799
335912598
301427990
520445177
72745782
23799441
65691824
16597921
142146697
22938914
41859177
102811630
252531143
719555092911931392
16031927
21768343
1080915021402521600
1223134141
2690525215
122514150
867854196
234859616
14291896
25679031
25624708
135441822
5688072
64498695
60308942
381187236
19336166
17152067
107176159
4047721
25110374
18080708
16228398
19309926
3169087699
79956335
39396057
122353321
2987583095
14750388
201654004
2741690319
50195142
17385685
710239830035210241
44126833
573918122
491898280
43924249
92281665
156855358
148272937
89211580
312544868
14780915
29739553
817268
3482381
307325128
2783877014
850365897520934912
17623957
133295555
31610084
1886202002
2548753278
54972010
177698142
47348884
453892183
3883416257
16339870
15676413
257284273
802652823603163136
728326802
105850039
349221525
146074435
102749394
175419546
2314464974
16488560
634011027
16434823
160948785
14049061
908326273042321408
74042304
494374494
149891841
2252286655
8963722
975350930941009920
17155587
33230870
971835356
2533800542
2935593050
477973670
868700782371233792
149096802
844953243931291648
202573676
1482581556
14175873
76133
9677372
28413
4275177621
84339577
46078438
62491775
298785229
391534562
21201175
1852580744
822894547
66590132
893437019472379909
775455714
798297731961913344
309126590
778208542952005633
216939636
164254434
1006636231273385984
35931526
212026133
23818689
76637096
197008121
975523485027102721
900628052828356610
1665362250
101778101
1076511185795772417
2372019222
17632266
2744105637
2188749134
261975799
600311012
713078336780693504
1087335804245078017
15987295
76044432
828680239
1044905090862239751
80414286
1888631988
1631608512
279738791
2277029450
79275123
729631950856720384
1376893698
2602147586
15862891
1861580875
296326630
436318012
140293259
1532061
13638052
581951057
510155398
334560646
1104003642
16833168
876468469
76332033
140348598
227682918
2735301402
3166060478
2154127088
20733975
1279376011
16855888
16383142
791702110416936960
64239188
919949688287084545
45564482
60971138
88498742
26947239
1140773778
2416209656
20295779
56277041
751644712570847236
116768508
3466472113
40273
15241557
3300784985
289548939
1428659995
14342564
2711909377
311112967
784078
2172
7773732
17880989
10670192
1425179976
186667011
80944765
25728193
23789628
34492062
1247549077
1096096571509428224
826109223239032832
369746571
293429132
2885042988
9920032
28792595
792728574
23899377
131926473
3292821803
15195539
84957890
22196902
248252551
899265353007587331
28178127
1421082818
378259736
231519109
43074937
1018569721
78702900
261345801
105733450
24706309
85331068
311891675
19780648
3115678678
468249929
21744554
415494767
4826878305
247476364
421923426
1713022934
55502994
16684243
2322119796
2376840078
19533817
1166449238
25796143
113831577
12804862
1626294277
14707266
600512258
57047586
26953478
26292671
2306403086
128292609
136450598
404175955
429969969
304587968
33856936
854840560749826049
3656836876
402888514
58504135
2382943572
48511236
97019544
17240190
14848157
1241258612
405124125
41774992
16683666
234163619
346294679
2263945346
295827501
23760311
158396623
19596074
23059499
2849770550
17363597
16629477
3515201656
3292276008
22307765
933360488
20105978
39155029
722091743110410242
156019120
17060020
2510696688
680373
4625037762
799452120
397306055
323599188
2835451658
84087313
788932404022943744
117366399
89266393
26205565
20280065
916661183561764866
2315512764
2519044628
3803228357
49753604
255589281
220624198
134953741
19534873
3662000961
141135344
144656266
34003766
108691306
838051974
388426142
3816062073
609383112
124030492
560408490
200764721
459634454
28917111
974776387130273792
2937632239
2891371158
569423891
102737967
86767644
25613925
22737278
1003972539050283009
3384669755
292557264
176905010
4068347835
2431547652
237669589
25170188
458363097
65739179
59156862
1081967208505454593
3996669913
513381041
24050278
874833012474523648
21424637
9840002
764478359300632577
184066227
480196886
373457750
384280052
2370991351
38047391
1560875191
14378113
6820932
715158054
1289263501
47034524
29607664
77802639
27245742
1266209922
343063239
42995067
50446226
1475708924
375662595
571297251
201892111
1088842781081128960
782325
140668859
62340455
816307330698584064
1639748756
40303245
191479990
334767152
166143203
801188210
433319279
206040832
765290266601324544
575424586
239771680
1375583112
3246691221
333760306
16378093
372483103
175731113
5990172
26460811
114318007
828880422
27182288
28562317
116471216
295218901
424403879
443350004
2564878505
2885450927
2491793630
18393773
221185711
14589511
845743333
20967005
3880855523
26727655
2953450971
1905250434
80250475
144529492
62931880
742379544309567489
6338922
246677519
802301495781691392
327760265
15318717
22752860
317998035
921392660
46959037
33977598
1166029573
121597316
16035317
19402238
598904227
55277015
604880882
48799978
15684633
18393196
2650933676
455363015
21251300
349295277
397507908
1377559010
610922415
14287094
23962323
17825891
14122652
334921581
4193705954
883088223584628736
82683644
318053222
200514238
380956211
2218461564
271508349
561635737
1355208187
878255002640429057
2959304469
26576457
14717311
632091340
209309794
834063761363329024
1410832886
970800091
46400289
87410067
16929600
60959527
6580122
2509504696
524168099
38259453
1524781
864560037821370369
19843630
2904264497
732787392722182144
123922509
986185758
421226741
18089292
14267832
23330343
38372813
292354083
33500024
35306978
67003972
39537053
155987003
386942293
465698190
297483079
1548489476
20684913
20707070
4560874282
2232352123
764256085192667136
117537175
613712440
386218654
3622711992
2292527444
18198832
588508591
579299426
3010731441
117944986
46213956
253963277
628079321
399156475
165590642
254979468
725765791
2876243771
39727062
124513277
748113602163380224
83005442
716402523544879105
1416414104
2750780156
825519149669609472
718128132985782272
2214252499
550702200
464076088
31030273
143484138
124824708
3181877731
554545635
201826636
3435652594
46530078
2746763725
2559244141
14055283
122111410
15358348
136756365
23103351
88735534
977310295
433953967
94391895
82519954
1415695681
1731805261
603734466
161754197
175595938
87359651
262422365
302769804
14700258
2244306120
1732829419
15154811
3309217392
205195655
16817883
4200249681
19657120
1513221576
351401071
467551928
46473066
9534522
803621742
43199901
1074344485
255797635
905889045653458945
154358443
781526964414849024
233930147
25598396
1507338108
933342822
294500046
315552553
140140903
3435009867
922248718102953984
237994344
168323802
16626603
4207731253
1219892096
1542136230
3816182422
544331188
463207079
900185521837793281
611406897
207619323
1947301
365818058
55336059
3604985243
4794418649
958435057
237840690
229441348
4025943378
246416643
1434164370
800707492346925056
110171914
1699604941
2250624042
111019435
159051764
5225991
18244358
1282121312
3145127635
360792567
15776837
94355006
292261462
779137891
20048111
110481819
561466417
96643564
19729115
70100659
89465917
175436190
24751910
7593322
23756134
21867042
805191715
161715155
40375110
17875905
79797834
847705466
224785430
41358714
98877698
537123150
340197957
425774660
68466260
453124512
260211154
22419487
273375532
84185133
16296332
2416228476
16589206
61249886
83958559
467507215
242023991
278296250
20570290
56380971
51040617
1491965726
1059273780
48645494
476823564
772290350
330105456
701757350143795201
372348843
9255292
480527912
29336407
266866166
31925790
348197129
847491049173823489
470427907
291888539
849797646038556672
1108746946695622658
14817511
17995040
111691454
235592999
16753151
18840795
18403447
727951102822486016
2546258378
107526760
70342553
636897310
77686656
282494045
2252627132
17355563
143909021
994377510
30133564
66680000
2769935964
329605581
196966462
60584150
1645133150
708873112968945665
1019670308
811662026779066369
1498529684
104786280
95401304
1291199636
14923196
20430764
183764115
1617791581
52368160
858604567398932480
3096900785
1098516162
822204226097004545
77822208
1001229541585686534
1483316238
88315048
2815072335
55213542
2168691703
91126624
11417502
13053492
794535782
1215748447
43300047
85764133
235573486
102625641
15714547
7597362
5971922
2890961
2228878592
32036992
22027300
14465640
1542228578
5953552
352515718
15970050
6200842
72520597
23443908
35749264
16630098
1047207312841166848
586841695
36294224
413553379
1398479138
3775360879
333430733
2926140600
2491445959
3017932241
42716477
2879642556
198677612
787388190
3232811052
2364445033
32729442
977826642
3389685965
1610502511
3306100769
1376401838
14794913
3253256552
1488525614
726420629319213057
2184375260
17298852
23265246
807365647
7748752
135998621
900748379831099393
78683448
1887336738
604840570
105268415
23496866
3097166903
1020247382
27722647
192589318
36918513
16997512
389024573
290582982
15427106
1109591706
162014851
15677536
605012771
370879693
861565153
385611620
1242788624
87271106
996405428
19722699
35474809
79919001
41821987
939884089
776192268420075520
222118628
624026372
35870506
592897914
465618018
65587200
22602800
3130659910
2955057478
847110914323177472
988884663262330880
279036722
16536215
1431658008
168805134
123664603
290890104
23390688
52409821
18944403
2350461168
1485231470
707983212169940993
767144354
36356858
768948493
101264566
199766003
6931262
53154231
768756228570906624
918487203235483649
24974960
2396353909
394862363
19031819
464952385
281877818
14565991
869486116788985856
382129509
3288413315
23187207
3845453723
46974565
242423151
18086993
68380944
189126439
65399201
1468548817
20596281
34570810
19915362
11274452
15125585
203132018
28130246
170254080
27571535
31720614
17960461
20147730
229246832
34713362
253167239
18294197
102754598
3460109487
754430965737488384
306588107
2236444566
106411207
19599643
85555796
3013660490
871064599
1851103482
3021668333
3706581861
3344045633
616425142
4381628476
14898990
318797277
15897424
803888254093234176
3227261037
708882365460910080
2919604913
2963763687
2495965764
18807671
3070273855
3438153526
893010294552842240
4113647331
526534338
2178038732
2903979971
47387039
18294275
291528379
21696279
459872442
2900773153
705079072733437953
415771436
636354519
1344603788
3069292650
15825547
18947956
151595062
17469492
3512101
1623034315
32410914
18066665
29881875
46145761
309728693
50753411
46460771
16742053
177429814
39922594
84289702
324700178
37477788
735122173
28532370
134412727
211948211
7613072
50339158
86364947
595890990
162581795
17434219
48952056
16300314
7768402
3092427779
1927411670
42914038
3075485296
19816859
95431448
1528742274
19863164
14882554
9397732
2461075736
19338715
1631245987
14123751
174758524
252166714
27830610
19649135
30844417
264449046
246939630
571202103
44177201
289461078
80859044
147650011
891812815
20148973
391317778
2301855846
798321825109286912
964449347168546816
183334236
21014078
312862050
49507898
312741166
268376525
233885363
15317676
15808647
12804422
11348282
14199378
17998609
265933099
20187065
23084261
2486394344
18499709
5520332
808627
23289019
3439831
116988614
44771048
2529971
10078
49736166
1605
44196397
5943622
12
64844802
16242081
1000591
41814169
19232649
304909941
116332567
69671186
85615231
584198802
19086456
22001973
277295633
1099761448962715649
41476705
816438390862282752
1037929226
82689705
963427447684370433
54664757
27013292
38489678
1526321732
20429156
409903803
505985020
273354091
134573771
3383159573
954526350
16947313
16947009
44098174
14450818
6705042
21581503
1484961512
20954915
2768801809
14362404
395674143
15738599
248941406
171753658
246883573
321097916
378643551
202831369
1155522630
493678717
16326882
436925910
252250951
2149643983
44135322
34255829
75503
20668314
948104532
1006709624576229377
22382110
3001450367
36184220
1005172813
579494920
92713062
32608975
237637694
19427681
17808151
23965121
2909713155
14050550
2431598700
33180018
299835456
776844140009185281
137645230
2189042016
978295048440897536
8912232
416990099
4891767710
18237848
37238862
3363584909
485109912
19335747
150817706
312296368
133236916
536540206
2881186647
14289835
20177436
123273554
8500962
56341402
1469101279
2568108282
745273
38385999
8496762
287309941
14777649
975277964
17773446
57098350
2163823903
852116413
226428094
14313332
193724488
3764301
352673744
89043072
33104659
47685065
2173288309
60937837
24674124
133385126
145637907
473863406
316646439
49484498
34534972
786307776
258847118
232201624
17842366
21968928
149197471
743836563302420480
15492359
208417986
14293310
14800270
14831475
231540246
295159776
23922797
908602357163876353
16973333
16343974
4834665639
52146755
17912982
1344951
37677496
2735591
55859816
11740902
192942213
26004282
125547081
1963312058
271452947
35810531
242389080
72680406
431344214
743354608181874688
16929470
2834511
844625427356422146
885899106660614144
947321780
370575135
349347318
42918338
85314300
170379490
873328778
2825591395
44983234
1031403523
2519946100
91114436
538021652
18028431
56687115
2329066872
613469003
57992535
23253862
372837129
262635859
1058431974
3129968261
461421839
155634643
278263517
15655247
1360077600
2562724922
4861422891
19599446
1028063001755103233
1871789076
257010511
41380057
385642004
7749102
36839463
96159764
337535026
30623732
472777204
14514804
17997789
17953440
23970102
77519603
18803923
25330246
146548246
204564308
326405840
84653850
607613327
80663193
472283555
463765807
7381772
437019753
453553264
850763376263299078
2366113867
353706037
36974428
14190948
18791763
85252011
941709973943455744
158414847
2317351705
316389142
3420477195
915726438
2875485611
21417687
104943598
351299373
28872567
15164565
1306199515
20479873
114857580
1726086157
378102107
2497242884
45439810
546225984
4842640840
567523972
225143960
24859963
23128654
1031969761
1165686757
137289300
101802390
14422439
1027912538376294402
55190298
3092694711
705948518
532809533
229436014
902204510
2922697185
514455160
15279451
19066345
227429355
3095875863
239885144
2434058604
14512716
269911034
16106825
161973640
1452534786
3237813179
774337933893636096
453319164
158426909
95518830
294258287
262978681
2255182597
115941509
2270248956
1440641
775439642107731968
433566338
1004251652
9300262
20972371
1206264686
41576217
2513169510
403634233
1426557763
26944976
20536103
23975060
1434251
29775212
853223888
166644402
1289506316
53579052
1410466843
19881200
732663243831922688
2320540429
773140629878628352
751876918497177600
91187941
1976566830
12299932
569519754
1054125162063380480
3395827078
800330994
3299773075
330919067
754714
23139805
342027176
244017585
388729100
403075133
18936661
107198918
14698565
1480745756
112037009
255903064
583038984
3344263179
217439544
720108722
49973923
420299845
49626235
160864441
16681111
19562228
19199288
21285557
773765741011173376
76347918
22074836
77314692
2449514328
1231805600
78905469
59060699
14097392
486799450
823518894182846464
94438457
1968962180
59557446
20651511
814245511
408319794
862081680864968705
84786801
17877122
133040246
757243555
2351374033
17241403
158494157
947043018
22851763
1071861801955061760
174110843
105534413
45290188
80655195
418934617
42703163
359568042
86454370
1927482656
28258330
20776190
32078497
252794509
13171622
15859033
320959649
588554500
15537007
268815203
28838219
1098381492
15022464
15865878
16149614
346605991
253650867
767808215329406977
320134516
18774246
465680140
916647574597177346
15090650
3461651361
925021059564240897
118062152
248492744
125893168
45947527
161813561
15766082
15848824
5709522
145711769
2844510786
4750866546
886406174324686848
94352635
115478596
17393219
13893712
23085502
137836269
26372103
1038841076
407409115
3175764741
973909968
337808606
454098126
76383589
13524182
14275562
58031243
31443503
21626287
19902877
798854833
40544293
2254061156
10933732
49170981
2704857546
2740108585
2707409988
2216041938
3841454841
2427003246
235199486
425339936
82074137
38887808
17057271
194868525
28978705
157466475
15730467
3256190911
3063756631
594221669
20236206
911505830
69048123
2220183580
482092630
3243500510
284410889
25984418
13670232
216478332
214337395
39660841
1458440143
1056402966
1400425381
3064976818
370696063
41430206
17004618
2925595632
351906466
1450594406
263264823
3632690835
20680850
2439177534
20800328
611333810
48269483
183749519
21373560
58218991
69666789
207484822
375817647
216495966
262937086
7152572
189658688
618222919
1666272271
16955991
1769551
2303751216
14619527
17071048
14155907
633980404
79923701
551477631
928219752
952354898
164070785
111954709
15173291
234328327
27540099
960487802
960436586
2359702885
460187847
2834905306
56723973
75174254
4432431
97219875
19020290
2775202518
97650875
210319337
2160675565
871485739120439296
409193824
102094857
44438256
15586341
22739318
146099195
557322820
76780096
292691834
95225426
106637099
1935231600
1301107910
76351820
120071591
40982362
22685200
193330599
372372537
21023681
120679946
2412553969
17853046
28882275
835494236
299273962
17941459
19727255
37970553
336218991
1972512668
2779267099
1551810452
407395156
378272434
17573273
34115195
93764696
140078461
59518694
3111129022
13740292
314797639
87818409
22534107
18262382
19130800
54131391
117244757
899242226429173760
3291171027
2705490055
724575366
1118203632
28751728
285003303
794888669140226048
964363105663795203
973627211747151873
5988062
1878264721
2169144109
354125622
18818731
3204731
74418756
1684002608
16568227
40297195
286339472
59157393
6708952
34719119
10666172
110441210
1917731
22642788
15450996
21114659
22545453
102177669
10168082
36047098
27860681
25098482
26579339
21332200
272019676
151106990
186755547
33792634
20714246
10273462
88975905
59159771
37917164
12376942
24773177
14515799
117460060
1969426021
755886754180243456
373437924
27729889
49793
5746452
17854600
3223426134
738538436
21982720
19983050
14511951
3108351
807095
59145948
309937733
182839127
16227629
22931893
24431892
20198534
190886946
19417492
5660532
1969097227
370113964
21634627
2350805298
64591392
314374117
16949344
17006157
467924781
20729667
245490072
39416218
16220088
13783772
55570400
18481646
69642330
217139439
2496925550
16012783
164419659
15717596
94741751
1323214644
3060489838
25950355
3290364847
324508782
9963832
23410776
101534369
480883946
85318529
257048400
152722527
15279429
1586501
17058103
589308885
15282064
14062554
27295244
1268038951
2263378177
15234407
13479902
120181732
235650048
2821330426
795105790835179520
309656371
1965420800
443041161
49279876
286867442
64948776
29328876
102234123
2891453996
2569574719
327373018
14327715
2227333411
2169114588
3180520585
369101147
30699754
14668111
19734832
18250336
3365960592
472587261
16807520
2825592367
1585515300
19530289
2685071
813417452
357606935
21592033
122795357
24167314
713369978
51112072
757975895835545600
483232240
133470944
435571397
19086859
4207961
15418628
430250670
217304598
43289988
45808079
212454830
375133806
53441953
451869617
94108215
85804357
23200125
454099919
2585426846
221858588
16892009
14837962
1861986362
15934978
39581173
182545611
17809607
2904169317
714540346617761792
1699776726
1075123801
18949452
28639448
1226652530
36019437
522282462
24705126
900942314
467966784
14188985
72213700
41569365
16170253
7900962
17579312
545439593
38271276
27288119
26203847
27585310
243801041
632341632
31323375
48110818
18025106
15639774
20742461
63463974
2189387236
62603893
19408955
58681382
9342312
1254412448
37860248
47475039
22463885
152322439
3162521825
379368747
691353
45332531
32493647
111456333
236526490
16017475
6141832
610659001
47548777
4435227552
11107172
28049003
1707427058
2195241
283149384
14636374
153860327
15085196
9207632
340441440
990009265
4091551984
2182641
2779389582
24889586
230025585
16211073
19754886
380814299
3036544664
47936893
70547127
186317110
14834340
78400475
6655612
2906820023
171697811
37104983
368930508
6974622
77815209
17905977
50769180
411697025
21318226
16188864
127872680
16170860
2238578048
22104276
47415772
27922157
243716075
47539882
112177253
267350106
634618385
4970411
93703815
18604355
53039176
14615871
15173859
1726074810
23022687
788375613673447424
197423425
15003446
236953420
857995940673851393
880412538625810432
27949506
1849482031
807025762708688898
1344978492
337753465
16021618
15787371
519136473
2286056016
90258002
3449673255
2704467561
3180033032
17604378
4265816633
455897717
3293218804
2544703982
20729766
781251776
234947344
1653477433
817177922192736258
487833518
1435461
32372834
21218554
47433923
1413686600
106204123
145097709
525785424
2467791
18686907
34868965
360746350
16955870
481943972
2894084200
16892481
29193463
991745802
1355181415
76967116
217471383
1194962714
395515096
816256267194867712
365145609
1057127906
358566293
25393674
74323323
18622869
2218124766
277191527
2347049341
26138276
14095644
52584039
35304791
127305588
814824506
93069110
633
45511355
86626845
14085070
292931596
65461494
377766775
323902085
214653213
116630713
429393561
65375759
21265797
14426806
359602169
594565064
16895951
788363167
74051281
3072098509
75797367
3006340025
868358876
787321544
943592780403634176
141340085
557962283
74223425
382806470
56772461
14592723
25928253
18170896
233364902
1371044154
147490611
245039644
3092760197
741150848
15950681
759786534
53964666
20551303
19966557
44849238
2544548707
52488565
563479361
93579404
594666501
90169053
885976759002439682
15796148
2329316496
381289719
17939037
19725644
85605334
14633871
262856460
107225267
5854882
288890759
378223565
59268383
23100755
2247611738
42708936
16686144
349199931
31291389
136385823
27315560
76355615
116994659
2882022965
17899109
119049214
37926315
968449570240741376
771076568114425856
278704483
174010189
24054721
359843113
37213193
38673058
29354944
38530021
14282672
46444445
102448827
36375825
56799371
44970026
106895787
130197701
53025463
15571983
2327971734
26129571
21341094
61766785
146569971
92537795
23794763
15134240
38393473
854505078
275471220
101570542
73224714
15397978
38048560
37251642
20778387
18217008
17126629
1080627480
18911898
18027434
268282057
394101898
487204477
189618679
2230684309
2423289337
612928147
176434844
178422534
113509194
42959221
24223641
24212723
45820838
49992191
1345185876
1071767384
272522396
1405479948
124237063
39346859
2705236788
263185048
114870265
34643610
38737553
51892045
33781711
2278053312
16288136
833100331
924995525362855936
928390660616540165
4372027299
941121267834421248
148529707
3388905376
2476794959
110409396
128982663
109275829
124087958
466096296
810474
149180925
364391235
15359205
2795566930
380524610
32423136
2280883056
3244305970
39030654
35823273
3232393554
99989453
2837810138
26792275
11178902
232294292
68217466
73062993
50393960
13956662
19767193
19383099
20184945
857471436
71256932
605426336
39778096
900988772
132130976
84944278
216371682
4245547949
8953122
387531939
330400536
14742251
205870273
22054220
35059712
1228526078
141279172
76799754
40455732
1135613557
177707651
297100174
249758564
14606079
168295477
340613443
338608917
997629601
91069414
22278303
1316811403
558148770
45579282
21397054
19658826
17471979
14647570
72842277
19766166
556151596
17889970
119625403
273480819
816291044325261312
418780384
23483324
170877963
561516853
80617430
23030211
35773039
599644807
2999162132
6374912
15143478
17406144
29942836
11388132
18266033
14919542
749995927
579792548
3101732505
42651647
22708797
428019591
135931289
2604551610
924998288
3674888421
186177715
2892425056
2798353166
145248561
1410398054
2654196924
1390140696
2508264828
2508075840
401596864
794660150263037953
2414076054
14677919
281627394
14190057
885777178914299904
736136237874958336
156249906
880454683797495809
2845909596
872791741417390081
