1161180018124480513
33604444
880873768310030336
4903297843
760341961
737286416372207616
999878083921428481
1026757980488966145
72103016
1043440968652021760
2570422152
378259736
2340958081
3312185841
762912824637001729
47482910
1135877574981246976
997629601
1136931327184396289
18846821
356407124
2435499030
899763626755604480
889084732641878017
2879399915
908226487928594432
126730771
46473066
1005329815547805696
840002166
260355830
2956808113
2176705920
337183206
2828550908
1124327618151686145
3066077921
1304259158
176453047
247224642
1125778529902313473
15143478
3813580887
434940690
1002243380783566850
172024244
2834879453
423433891
1123624739774369793
44629346
2330034014
930874470327312384
2893154484
406414765
1345024105
325536586
917948211779768320
85891324
1692614756
491333323
2168691703
1051942035668721664
95085689
4721680454
511684589
49610064
3239583325
431681699
457699995
976135253789159424
1135668642
4395172583
4899350893
753942585798819841
1376401838
3017093141
100255844
786257259936436224
773066761574965248
1175299088
1569057342
1320475297
970129891147632641
824422377442439168
407160443
424461303
3242496212
1026812279868862464
1082042958688542720
932966889948700672
1111642277078843393
1656774264
3104336348
1083680419709632512
831821306819706881
1448304912
1110146189196955648
2763990767
2793929291
1538872291
66312892
794633225347940352
73626367
1964442451
132930582
1197945979
1098419912823861248
44585286
2798758587
3199079085
109379148
21099301
3837324801
571508003
466626618
701409294240116737
759379794349793280
3289032909
27768247
2900442400
149361220
760865234991153152
959074805113749505
1568891582
14647570
1087321546602020864
1290000733
957016840533872640
798545194954223617
440256951
609604203
82867773
2901021333
1038820880069976064
1067928688992243712
1010628765150478336
806836563745325056
851015894998405120
2294271366
1069907880441192448
206255645
1018065401840852992
1430107801
1025045701649223680
330693444
3420264034
2379152288
1047316218653396992
2752268657
109928640
404946566
1047951888635899904
796479090790436864
213704450
810979391048130561
2169930518
456951748
39203045
62461437
777242044628688896
1735608703
515050576
405121767
466600034
2862632471
497290210
2824566985
4397553225
1049627047457431552
241278137
1414183850
856986132357238784
862905969180688384
1015225332956266497
2935800729
4570836436
813860534
4011052043
86720486
351257621
3147571579
388827986
455666880
1721738612
801968388562186240
2572926517
982173674206773248
1032377656950452224
1042985300501250048
1041643205815545858
737368948333776896
4005605284
714093312
229598367
2648873598
4754893993
1193020022
2174441535
33474655
60584150
883805871029055489
781636148338782208
700684631381643265
1004867071841325056
890788588597661696
1035209693172559872
17270684
814324949368401921
2318890404
3997250602
276559815
28238278
1413390474
2259019392
1019240913170845701
173477125
1031918044354736130
379368747
415808347
380620617
78578223
90314314
117051544
4120752795
2924865128
198738534
112696327
112720863
467551928
57047586
4895031256
35369165
408544193
961563414815485952
3683976916
4745159532
3279805903
1093788314
53769577
966413871857598464
850139483454533634
919596829565751297
392340796
2690854752
2409231301
4040879837
33230870
953275130
17156481
2377328995
831429203212005377
845407595233992707
780782067571306496
334208589
18477428
329762114
918503475679518720
1524366572
104475938
1019670308
25080613
33962106
220108741
726420629319213057
2810806723
252131430
270880724
227860710
86292908
4843226308
391934111
1595392003
150592308
4200249681
978905192136572929
20038221
48799978
817255616
2301917744
1291199636
990973575892033536
107391777
989828759699193856
3393693303
914061558254329856
808355323643731968
301568723
34305774
191143493
108932245
3631668252
707433649
2720806088
635150645
70784623
3232811052
1545249709
242785581
881202566
1242788624
385611620
602680982
2451635222
1615876674
2432291642
3647039354
42914038
133040246
3404241393
2486394344
595206056
2932762351
255201194
1507617380
4055244851
20507623
28567809
754781047456468992
215707523
776745430839390208
4089959487
775681629541007361
808986090048724992
334611814
175021639
982343161895882755
3367784062
4427049741
3940281513
541618094
212382437
370879693
211902632
249112212
2531712131
872731755924664320
838051974
368367210
19658826
1101515659
791963546229755904
3210578472
1137506924
949059797701230592
2842030067
905834702602461184
606565424
15838361
64680623
1262137098
2900146091
956621386746814464
1116670086
48822802
224495471
976475852
837693559
1241258612
71678953
922885601493504000
3389685965
130927428
937795139711401984
798607230945947648
775323950020714498
728299781991337984
3302664171
423441661
405124299
728326802
2992052541
290582982
26247698
2652064118
253499949
3165934425
242796587
922783415690252289
27457159
26357731
753506894963171328
1371189727
153079285
2786420049
2843843588
52889950
6809022
87657446
817838811463974913
87706747
894604058400522240
4873826663
1020247382
778177103942545409
311052101
4200716788
14677919
3131430161
3731027969
4847396384
312582444
3192573188
2879642556
258069365
868700782371233792
28537098
2794679375
601049039
344953178
15677536
126707328
415162347
372812630
913416603559235584
76351820
872395041859411968
884328535
3253256552
3837815958
890569645446529025
870569218730860544
103490228
104943598
107225267
742143
87818409
743079415077347328
14191265
351484606
384213142
2589476659
205195655
1904583252
349310666
901023593504673793
1109591706
120029735
2288138575
11904592
268470229
603884167
93443399
325658409
2598450223
16718438
2558232205
32372834
19402238
771273787618762752
761567284750147584
3244724835
748207924686708736
735813566691954688
119802483
241496045
22906929
13426312
338899906
16080129
927973879
3459051
706800925394997249
258847118
17471979
487833518
