1130247260305010688
1134827309666578433
18212164
312102273
2770010706
19245562
1710096061
25021769
35660547
989162031562547200
930977036021121024
46155861
22417382
23390516
33732344
220276530
4884591892
483516354
1078487131222269952
1046223196226289664
3198089018
1667108473
771066512241065984
24618825
838207951391326208
14933370
16113693
26644023
246939630
871033495895801857
2535559362
238036153
1096990074753867777
731537303601053697
2570490729
1006419421244678144
2840796586
21314153
1155717022220783616
476254128
20959178
948601869865242624
3044388058
834767448
1364441462
9098632
556087546
437699515
78315807
573346594
1131045429880082432
3164594415
756674
12294382
26952616
16823424
1656303450
896126557
1147517784282132480
977343182026432512
3317539911
730849228734468097
1137390454532726784
252965572
244585620
224366663
326625501
170607354
36906151
48353398
39442788
857057451119591424
952216875928358912
521763741
359595335
2371339452
20191895
599536606
2659978688
877837955733311488
27645523
930061
8985762
70159241
177507393
4113154870
517276373
33535530
13304662
16625266
105893335
877981025921638401
305650666
223764959
2847763210
1029942223134248960
534720794
1019665795989889025
1240170475
2579359027
3449275407
15214135
243334040
271091885
2366774678
89623584
4898843075
215007822
202738593
58099152
429179209
5663802
498392326
1096589212906704896
3399243074
726973939709186048
28744947
300670811
807108154815287296
4551798614
1014348966
60772866
821668846826356736
333600274
35601269
1430957773
22910230
1015347256805883904
3425969350
173968705
2442015493
969713480897937408
108137031
892060639526395904
938239886
284720390
163468834
1133054380695990272
2251009748
282513130
101585007
340297637
113831577
262373765
834909706841817089
22027975
329279939
884814900060602369
122130797
17410863
255554825
38344723
42551712
15201990
2812203713
1140041097139359746
18083531
936017682
2499823814
43633246
2573832608
733739411020505088
1449296004
613491958
11131302
378259736
3248963739
16310951
46042269
1004621441009004544
24190981
894090576
3377817119
1005465778693419009
1094612972
102187929
249393823
317945403
1122878095663321088
356520154
16199982
15268492
323120520
152133339
401775393
16798382
45722802
2864381561
252201329
22957921
762069860235014144
1231936753
1020476070
40426722
19997751
107018082
2516620040
15054584
2563981926
3683322854
958638906
14260960
3087881119
28339489
59811175
734411522898812928
27371671
2782429566
539615389
23381262
4882247081
271512825
17773037
259330135
18435784
2902308481
2968635633
2158922443
1576276220
77832188
41183143
16219502
758107882739081216
285428413
23621827
959297857059631104
16556796
24709718
65235102
78615705
869486116788985856
195851663
237840690
266271764
3288413315
21771755
564099543
31013444
783792992
1323214644
985749294
17159397
290875975
34838433
2397785310
41036429
51274015
260629728
983668416
248484157
30401150
24803071
170384986
143052179
67693826
197958177
287333780
24480703
3364112714
23203307
827983601811611648
20028418
977566940062470144
12418482
1910210712
28700831
244611159
3017845595
471581974
1014378914175565825
15785309
21634442
373683618
1085677323888734208
15938053
1096251117745332226
2358617670
389127684
275668248
49528715
19849186
409602966
25449821
2364305736
2998001545
23985504
927404652164923392
221519496
1085767099182710784
233343317
116858823
43988109
22997830
16690770
16302657
22537043
3164751252
333573416
531373959
18329176
19810584
448461621
18732993
320990339
304833001
2319768642
108407360
132274162
1045722165503385600
990829559523115008
319063068
955988804116078592
112780173
19021386
919949859444097027
56612604
7001342
23314049
40755964
78059532
15024635
1009561897962786816
813979346
49021763
2294005152
32145249
56205342
86650800
460689630
1417651057
371975760
316245912
802930517330903040
1075095087724486656
850817012821483520
17892687
1107932847678066688
201524587
82932549
2821390417
602083976
145785172
2495649042
255067647
18652307
756662883153510404
1088262090119434240
16901805
1121046024846491650
718597300675866624
2332614032
1263508290
2203377566
971553740825165824
1005192034330669056
837536275871588354
907135504587546624
88107619
66820511
16803131
892912047700156419
753096680745107456
3270102222
2823722803
301766333
216787361
255780065
4852199232
112624038
213032859
4054050856
26127640
3518251463
2798894037
18159755
932779154084417537
718955788702601216
110821443
54643600
43316756
493376771
18566615
1138318975
1075233852
106497891
908443153329299456
3111945030
2416667292
632557890
133001507
378298356
47371589
18177392
412861569
202292981
1201261
172652106
5736462
14857997
48844661
33812686
725426518747287552
2967231508
2843108197
37552089
20925919
4076297296
853331360
1102341678785064960
825373525091446788
2423104368
550720334
760119733
233786111
1069719153098002432
2384724806
519080112
728682933259665408
4175168135
373468496
15171664
1533844754
49897286
1954348754
927379798611042304
468862325
796025029121089536
7465622
143631813
29430392
1901805571
967776114700677125
793849843248615424
2222403780
2781288060
990288854
614170898
22798224
786087060
18430705
1094446796
414164102
3162459391
956295793857744898
262902287
19050314
778264222501396480
1241619372
16288455
764204616
1862589097
2986723546
32405267
378800745
1145686112
750412861789265921
62595772
1067049205
822597000583593985
865711238189338625
61016265
64092459
1544113249
18149152
1888044565
1486790232
1067544397930213376
999054718818312192
1695206947
1410099223
384108301
1027625414
1076549758016241665
369901017
594936857
1164435818
275185937
81706289
586350471
172421058
37019113
739698688713334784
946126124
18536997
524611509
1082797103032745986
823003399390015488
867581624078049280
18489148
3154209059
330255546
102755096
788606451333865472
3131930742
1070704396575498240
790459248157294593
88706146
70010241
470534505
32546593
27068599
183915239
752174732376547328
1380030650
2901324041
479583653
63943339
354162864
997244772719902720
1160029908
21409436
207357244
2416540328
595861403
17884583
14503
79548935
4865452936
164380141
18883587
88978688
180014124
62698661
2165760843
19278046
817817396987777024
3180825560
28300550
886190145598361600
134057228
386991485
1106810261875449856
13507702
716424092392382464
755731149410996224
2279517979
1021892427349671936
415753643
298293085
2201715204
16206265
2939007435
65551087
1097062970213883906
1063255228311633920
2271638589
107773189
8007552
79252289
896148988046573568
100868651
19762342
420076685
744200018
237810343
19322602
737783514486079488
155651779
14287105
120045754
22115542
19808805
76949162
772554582
3098490841
938591535603617792
129612637
2237868823
37609730
29090322
210238655
102594136
1000812499455758336
982000107393400834
735649069733928961
3393359565
299418023
14873900
1894231
19093535
3195908813
18124249
3581171
3364200915
265777213
14237618
1001226745519915008
1592053836
959942837986119681
913405184297988096
220870083
897942927644782592
943585819448639488
2895267929
190012537
19509761
852662653
1849613586
2209778173
137494324
2807792942
87853386
522628601
377705246
930149658
938501027892023296
8528652
52818466
21785527
19650270
321355076
439645217
217378100
20463255
3135191410
77917237
14125005
964361836467339265
1098417865542094849
766326031259230212
2670545744
3586375092
1202232890
526921828
1294467032
92942147
839549618224443392
904290278
846857690110464002
254283142
869586044093476869
1904891208
14514703
1063950714
14292370
7824172
14619354
323417384
94741751
922466987917262848
3988770081
2791688792
305468597
2353654050
4536844403
2468096389
22415419
2676680548
84966500
1298847451
1095333092
4455336314
1731805261
718217502
1049647407112380416
6235752
335060282
15878034
13758152
252751942
96495592
283035531
17026589
99371628
780577972998672386
13958282
33326872
373940903
126214494
4852995585
3487196473
214411666
85492845
611955888
240107216
829129957381074944
17471636
309119004
212486373
62727441
36252186
493813467
268809577
2825635073
2616657662
4349708549
1065037846912868352
2586047300
24592694
86057256
246667561
727564295353999360
30108677
17058103
237842283
309747946
551583496
317348822
17246506
742166854752342016
1241607318
809790474374365184
864016739851423744
184478379
65828922
720660006
3486843912
295913670
37526504
720986166959280128
19919750
314225463
157233116
1038096516727099393
490542955
266801665
1048577837161099264
16045547
576270319
4529666835
375454386
3078017446
16350668
16269197
771982519625318400
3013688211
31547591
69048123
560635764
2677970287
2786655250
510716562
763909675775627265
963467932025024512
220514483
2246433339
134876979
353556344
30489954
72180302
28744083
76398445
767473740301082624
45036469
950756505439043591
738572221933703168
20581923
35281085
3044817765
31030663
780569482158673920
21030510
21015148
2289454939
246682858
31252613
46262637
750022168675688449
239499378
4612856479
112445679
989633635
110897882
13136162
3719889197
263829939
15195539
485244258
768627104783015936
24889586
26149716
1630709755
15461733
103652294
953777835017060352
11864172
134207722
159530940
2270231251
17195382
86748866
867082143968575488
21156033
394245906
723570389281058818
254264547
18832563
238446507
4040360795
325199966
15726720
114562472
16352605
2289211082
55323056
2480097044
529126022
3181676683
14254444
817408597617418247
1621101422
2949131574
120329535
16214545
1033007024227766273
160687830
78194111
21609538
14630564
169033588
14912485
72720837
2796965504
48347681
2933808771
3483919032
17917714
2352784309
1524107100
753090559464599553
81220455
969375148108275712
98077302
16299301
31142666
38611183
117537175
375498146
783828805664120832
21733692
300548556
250819660
620263051
7758132
6974622
17848143
578779146
1357716146
21216178
903100790
879598289783472128
386056280
157073086
16397147
1084199791280586753
382339279
717363
2850595645
706699908053491713
566931882
25179560
3094363567
3343409839
1638292357
911394854
562088671
1616722914
16721061
2509512870
788024411286896641
11347122
21789463
27384718
176119964
2825077411
258073400
921087802955018240
1014985143465934848
35391132
1070758787613487104
19847709
905539072621518850
25018338
1046102472
331120729
1118495070
254610836
30181014
20904490
14707266
862483279
239885144
857457557966901248
104517739
268025425
986635104184303617
1254412448
382788364
15903455
15398150
216912174
3433187174
16608630
989619366504284160
1065253849953435650
312956611
13971862
282392576
35551733
226691626
591920938
248565689
75486196
15008777
19040751
249758564
235664740
13670232
376762928
1455273656
2408794954
24919888
246937311
21713274
1034483406636232705
3302755333
19985641
6498112
594967815
2707881469
830041287550177280
938662503738900480
391296327
229924530
460005853
191221920
30235089
212283838
212621119
17455195
120813008
11342242
15464697
773920394310975489
18824442
1643665106
245521460
915006055331110912
871112455371407360
363529473
827290094235164674
2902482482
55707420
472987747
14264732
2802039590
1007792174
6337452
1115031265
1072484382
19007577
1100792964
16654243
445041298
2768830619
1039643462273052672
85413907
998363056940793858
3686556854
920491446448226304
2795025135
181572311
41361079
282337501
19189000
18817547
250492272
319287839
7334062
374731705
595189003
556329153
905647280417411072
21261865
15085498
177101260
69444800
953691495361662976
290659181
46775436
51096501
234121917
163436555
2439304796
115585867
855916729926639617
18994034
318112667
958178759219318784
963135659262271488
73179368
2591783366
3291395778
789292674
255903064
384009624
21411216
1050745955996364800
193483797
3905712318
2827299613
6342682
35012437
594620134
4730688797
20747881
443529647
753371314631639044
38138597
1607352380
2288605368
172418264
174847568
573688563
2252468052
6858242
8715542
22961751
50337169
830926960457031682
72679584
720951847
151879250
1199287207
2541744619
252791434
314202511
201567792
148689857
2754227116
3268189712
3037710255
35762240
141545751
83237964
814824506
747043567936352261
1024585169225895936
830108138980388866
1101222204
454989010
227530730
257048770
23908154
4257571
40598499
3055480064
400479746
11954462
930174438
836639649615400965
1043509378878332928
15276654
3224430175
510455186
1053046430087110656
43140855
726782316
527769538
2148831553
964318923901501440
956358436882546688
124829059
1005090338
256099309
52961107
115941509
15471002
617572337
210056653
15691197
112512167
1658180250
1077017899
1458096540
16566808
35407832
2305188457
3120236769
90556968
25613925
45671898
22371039
702809071557148673
185390750
16210710
15489291
751290541707390976
15682352
205397375
834148394385956865
2217197474
253110118
2367638953
18272296
16084728
584797578
43371505
819260315309404161
757289339298648064
241290146
457778883
123422038
16753540
15854730
936781617892339712
35136406
602721749
854940454575419392
18156817
2532028403
727312866
1724025811
121881752
15321447
43532023
475306547
2786149299
612523319
40375110
6931262
25115847
72290565
74584032
52015220
82532813
3312830622
29644499
177745111
14742251
878720478
21662059
96243841
3344587259
4167440355
9003112
30395567
460676144
115584020
169948034
41591401
212657985
112790584
23038280
45934467
2433526788
271756523
411958406
221547775
63242060
837058345
817173527770046465
340511174
861408991
4083421809
68172913
1547142614
52959400
822927408244236288
284861149
1035122024320983040
262865667
137857547
385979846
45672815
1262116632
2156392695
423548238
2397010364
952101181
360290859
37597963
22704882
251434927
20452161
803061715
879136691906240512
717722083216719872
40353407
747310861522395136
42707337
2448077035
2759769840
1629732672
33031294
958743894
2902283694
14780086
18076440
2212905492
3239769415
16317267
37010871
31089553
2904108790
45582904
1619492971
446452821
907084885772382208
20931480
18698454
20652930
297608951
743836563302420480
16411851
351621695
85178891
22842415
1236465925
936870669664555008
138705329
737473746
21619606
993738031
14794913
191716305
786168247301185536
800713486229614597
2830837346
365838520
417204218
487138047
36261242
903376050679418881
277409333
44124390
17768559
893588568311873536
3816688513
15610183
16288136
2745274901
549030107
22032817
250603308
2783125839
35075304
709534326292140034
365687890
15875898
863320472641044481
89856037
53832029
242491181
2962529755
384923143
402978872
946551
111218031
20792012
266696379
2152127694
569191189
25844846
81478236
14316190
288755234
28487492
2932712729
19407033
480883946
436850820
14103834
2242115516
134003433
2371069948
3312254547
133976473
1026736256
18753280
175378976
1090026433
169909729
1496761946
2946773202
18839937
90025920
14235078
103317437
3297241
549674197
1376088264
16200596
21265639
110727296
903059252331368452
7549772
2434051392
167024520
2170266448
1309784233
17060020
3107789363
2480786970
420831231
819364722034151424
984635318954586113
17638529
775142
136476722
258871271
39159473
1641217356
866437263986638848
95177505
267470228
1022870082718982144
704122685794750464
251258707
15022464
822591807821381635
909862589567512579
826719284197879808
34317032
516735853
224494638
193288540
2978240314
38940215
567557821
874936644658507776
3137231
762843142949249024
26858764
60699857
95126596
24500118
2849583227
542729893
22803302
374726395
574020783
910933562500796416
49656209
985782002
1167130962
3427449202
718595376
1008292480041799680
244787462
1735442838
725424811154018306
969631206
3488471
950541697
34233626
2790693822
44141752
14235543
49986034
191074329
4711933514
1314192937
797516676652793856
4205331314
1454729862
537555179
17395444
174627919
815181218
54442102
20117490
67799200
905200362
242923569
148134864
1350410232
27577576
389810409
1130042420
82188320
14051243
34745812
2337491022
379875798
1265041178
35315865
247866409
3816567737
2861010145
512554477
109155876
835209278600450054
866739142704611328
41713603
19878972
8071902
54819194
414869332
297632458
958506480
3033157197
756903193901162496
212962017
19910041
179716045
2465192299
928713397402730498
17901366
65180410
1292322726
384031846
14367333
205873490
20778999
321788327
26630225
32124032
172389358
284602545
2935974027
5800582
312213922
1518206305
19773719
29770501
454071012
586665566
2254014308
63384057
1108711399
439732044
27938182
766863587088273408
444120026
1354598324
47379354
58163674
810955710594973696
357273788
939622147
1633858764
3339521
15376348
1000854178204438531
764330113286758400
3116129043
17651653
43193532
360788591
844520976759111683
13502732
4746927908
20178419
26902304
110648922
138203134
928481
920449444843261960
27823555
458796368
1167735445
16956265
509063524
820378690920058880
15374714
190532498
1616412366
734196640626540544
1487898889
225970038
21867341
18000189
75430270
90711442
2859448331
420100653
755504
956163518
31376251
432019050
883425723511209984
2719962073
16863340
67402357
15872716
3142557644
63013144
497258655
20784367
14700316
3069292650
19086859
301689799
331854460
20548283
834467075632615424
262799542
285369968
17894224
903037667767492608
2869700442
40152883
561608343
2783231383
216065430
591474704
10041062
929399289436147713
564000560
123220773
19879231
36823
1684349250
23005650
3548209762
213193688
41939243
4059931
733488168918360066
34605187
63485530
183334236
65404941
2685071
461697741
8315692
16738904
31069618
49187815
1056741949
595043566
179255183
827915221436137473
15574998
715503166993874944
853040165295706112
1472062075
821143158981533696
65356121
825857997746221056
14526135
2532991242
16718799
2946713780
22856697
362790820
23578176
3223736635
2922896176
2835276183
425792634
787020024099766272
813534323743883264
296060678
4482971956
313584309
857248362
435571397
24105706
2181488972
15726648
291690583
885824718
267856525
14369768
19119809
3060806934
37109075
14298769
16879412
498542680
852640557528735744
240569603
132015712
478806662
2453921850
98898788
195129672
14268957
15466282
39364684
1629143468
35586563
2216668447
948358354052747265
2316151861
16524534
209725071
52269655
34100293
482702454
26307306
794660027504136192
755024353708892160
872102340639281153
857663868298027008
196379217
2177032561
358165174
25198779
70784139
942400326359019520
3432679547
146332990
117548990
532762949
15714107
2744829304
3265041
3317028224
10278592
946823630431932417
125614825
1321626721
59357960
740433571651932161
19515424
2743970058
66724394
708478223588306944
14750983
1492998685
3368337477
729928578
808806102
566000240
979815970414977027
2314464974
149149150
630876343
980191232226922496
959082387907981312
2315512764
14679156
17910014
7834282
595245502
15639774
125190667
855228117119631361
511273965
174873393
117294809
1392559128
23986042
2193296227
57555058
86288711
2202424680
44177383
965266179836252161
824570987114962944
27000222
26490474
1071841692
16422629
727599735511490560
18325005
708872800052719617
3305742715
16433236
7858302
3220794800
402912645
39551364
272191896
2490565657
1711734799
330105456
61306578
51781119
147135706
91656941
32303435
23427407
24815916
18112954
1015846940
2789857374
17224208
27804980
370514608
4599374210
824643186496851968
51529520
12973272
254753463
145711769
2872874669
57706523
312635492
38282454
119276504
15218940
59642301
16017866
2840038263
19555200
14367669
48904796
2569219368
780557492673662977
9254512
226301883
14139584
15331408
57268394
62712313
25466022
1368967027
82238519
26270971
3320188886
3097272456
18496432
15383021
16956955
316057426
1953612884
309901460
119972954
16286782
794939381287153665
4727899720
18703369
176690037
134714743
105247315
94154691
242883110
17672825
578278123
74297967
3082986275
21786618
82991118
21753847
110326494
3189435458
902670504409960448
1184153826
14328609
117187899
165944767
18006802
44787918
5706532
140252240
250316894
973078272
384953560
4613555663
2185519721
259652555
630722427
2321669628
860158302
145784826
3064423209
592004121
2482071294
319840678
2888091584
564138146
2813530168
452545583
108446116
3743544192
774398661425889281
110189578
4420388614
60186661
28882275
14203895
595774618
841537412
98588767
3082990345
302272860
29979814
3095341545
15273968
583998380
14314214
602317143
2784520128
76564891
3282960224
784877780508999681
56538889
944278416190193664
16005250
52267693
1132591987
135905236
13893712
15676960
3106495690
1381015116
32322515
21724904
23939768
27978241
33654011
3226765068
3076111561
4727321601
14982804
971396222
1679864365
3337235254
871068500671971329
865424502917799936
23094875
244627772
2478705061
3329722033
629700043
786277983451357188
228255146
878001940017414146
258492594
32652567
14973634
384678464
3586555212
23402659
16353467
924911789225123840
2588482844
20953682
20772763
755835576
473261214
26495424
2723029219
337694536
12516722
25219709
738796494
2569406168
627949093
22352061
15099133
742821492153454593
61705400
400135872
316229447
64960410
188227110
22708783
191388631
235764167
45881767
256481034
488950429
14864604
1535050579
3089132883
17177482
278083839
65374366
1038803970
1274472116
877656472041160704
3001253601
192893879
564879522
4945551
2372162978
909119358806437889
72988808
453902727
141019494
186133722
4899554616
58216304
31443503
22328926
2612333707
17893011
15107638
740749171976773633
13557972
17302588
845262334155198466
143264018
31339831
145138664
28763613
101317077
2216775702
625070495
1139349042
574782207
1413698887
30861631
576359027
71349845
49186707
923804210
163154809
86442557
2273410434
21540543
726251077532684288
3073871212
25825815
32232539
1878264721
1684625450
9444372
7695942
748207868
24896412
1182807762
16871117
424383740
17580326
124248049
496239334
619050616
264853455
44529872
772397689
1392818958
29819203
14783070
173740053
14266396
520042628
292931596
457082745
861116848686809088
995715920
23357795
552856222
202987999
614411063
113250460
555984374
16170860
524801498
375327733
82453323
2200679306
4672214294
218629665
827141120689860608
35097545
227919023
351260120
51253779
202778796
900510354127687680
1537344882
2411716278
315796524
907382738
41742794
322742783
861179354616868864
491742198
177433166
22669088
754350279387189248
3524746460
2898735862
819183637631406081
798565807059935232
115666612
33194282
748628647771156480
17794636
41582030
16861627
167426475
63234179
26981447
15690771
55863592
546972802
3274785146
192284236
2804526373
162140032
13496142
3289027731
2439032786
27792033
64069241
29769998
285611478
1576529215
3165817215
304679484
168508680
6473302
308131195
253608265
351153154
804494140826386432
19758302
73458875
21825670
267915933
341871198
2296030249
108441652
14338378
613088225
194553939
292083207
1360176650
143390584
884943354831798272
21613977
159015598
326536387
894172301905625088
874913006
2366215401
3430226445
148391933
146894920
163624291
15907183
21383821
561955921
241201438
18343578
15893116
478823758
17167572
14606436
404493462
18111280
433439383
20844341
18420808
58945187
14205646
1411065529
13857342
1072048508
2247061334
182236262
67934814
561722062
2777258905
1584997952
17175139
25780999
63400872
416588341
621341939
14336173
30975290
390592484
19314850
14604658
12089642
19853774
805973508736094208
755859261876416512
937517940227870721
158026337
14085096
26538419
852742895006121986
22057279
433034888
305818748
263020024
19444865
13176022
814304
15178265
50085192
827374489067462656
535493621
1297573854
897810514243354630
12702822
15026391
917796365396144128
396518706
133407633
186560551
39092860
2269351154
214622133
2155641480
282849116
898629865317965826
110439693
544718692
238298074
2661341220
23465125
169586297
12610772
870780544090599424
2828796622
19029137
18396070
16326882
46264095
303535030
2359194145
896447174967517185
2334505918
848712995740028928
22826779
2613399908
718180495205535750
82483817
141330887
184931171
239949176
2359777682
42501152
1297069423
23564980
1654578762
536418049
37062669
4857702829
14751849
23995748
61849198
287830593
18382184
295475446
14188275
3335040713
146967921
46435756
790609
291553947
40823128
855129890277949440
625022363
706173880797306880
2615789766
189259899
14790966
33150951
2343994460
842550390818201600
438125534
30699754
74318663
115485051
75974281
2209742392
109415593
50855021
14511321
16805695
3292023770
940832767
817835220
8883212
375326524
148593548
49848356
1855857361
2212879538
723739147425304577
15344145
505888450
20802697
11348282
234014087
2790763692
23180642
3021745777
178812809
77926504
1703529409
591662118
1452029316
20100349
2915038903
2423836432
93465778
39879246
195036846
470581326
382860160
31624328
50540215
97474887
36743910
182659337
2431419187
16493593
22942762
7458262
16528258
888049925560295432
849119923918053380
870017037736792065
864269934792237056
2294733114
4120693642
11133442
13785542
40684090
728756978
786293766
76923433
13073662
234082525
4609573992
14519841
3276567848
12562402
1176067598
35206553
23635527
3315658770
22737278
596392410
568433846
786379119810392064
18651145
2992473321
4517565515
16298441
1668143209
277341967
20675211
258127708
21879831
3157736703
41800301
2758988514
755348512653672448
15727317
195953392
1411972092
594387801
467924781
1634248890
15837659
17271646
1862910164
798372097085108228
388474241
889696530604539905
900487450887299072
593737613
79923701
206541722
66213051
15453
725809051725094912
81382453
14852199
4919309414
15857462
951697933
112581391
16261707
36712233
54845467
851467530581549056
21122957
28023330
18491038
340157714
5780032
2735569132
19519071
15951681
129050151
259763847
4207731253
3497941
211523586
38496530
808774010716700672
318844899
87359651
1904874330
735419667569905664
2845100129
1484011428
6044272
18052474
3036404074
726197352264949760
2782673644
304539767
2932916383
491876943
575905433
8946192
33773592
198020721
546246702
174784947
290405689
807968504
847311241030717440
14981648
491928940
731301147026292736
24455480
2332044398
18936809
4726534534
3317511829
22857171
21059255
47747074
31455711
47126140
7842902
375751746
46536898
3099901028
23715059
27711685
16745361
458962565
15684633
9955872
1304727950
15624805
27862742
3425940958
2493609715
223528746
46822887
797686111
629195351
85037636
485011504
29467188
3074034213
2236640820
88357443
3751734138
26880484
14216617
14869615
426309821
149249831
225265639
50109331
124230640
33911406
165836121
23295813
165453873
196758611
41005174
9340912
16545548
1212614923
89062879
783329160
25406930
78417631
112764405
512468744
800454156938919937
343800462
1451773004
256250528
255487684
21669123
31583882
137703483
744046387365560320
133756907
16138167
3331732306
8255002
3471831521
27869564
3562121415
583440774
17768442
247077802
250976575
1565908723
19530289
2745596272
245551982
209699254
14222566
3307155360
27890403
937499232
14053116
2707961760
2952696327
809210750984077312
2323157846
861525044
1461529940
990368971
62574019
111767172
1867039164
18359687
15914906
38044745
472587261
14534896
46272810
171753658
15832088
14248784
2905936264
99401353
2382724914
7384342
182500191
585817510
411194625
607788559
144075305
39804874
3173673018
420694593
293850289
97858519
293552084
761234166985945088
19166519
279253565
2905993875
120995738
35990109
16227629
42797629
193570988
21934122
1270758145
164273824
16931588
14801863
2586997621
862715799366238211
18190887
716813053
1024971830
1692563598
967052449
299206560
3111268847
73797299
31887872
345567714
1694040764
62515016
37710752
81480697
44381332
1144882621
2237948528
117971004
17634365
165601635
828160430
4385491
233447919
388503265
30488144
16638708
298942872
16692120
15642209
3160942796
1976143068
65375759
15673997
11161852
1850738815
307577710
1323187164
309282144
44562973
14084887
183380545
859142548811546626
80953021
2303670331
189658688
34792486
834081571493785600
85583894
17368405
310107406
4376851
98247788
19245863
14106829
274415185
88826456
357816281
18303259
2319062221
293904230
118339938
808524596181921793
260560686
119201880
427505253
33412856
46059944
3666286154
437716891
126519405
4970411
23147411
43640640
48254999
1471021
1130662165
157981564
1675284572
2597571661
1034088145
16422961
1286168509
737860015676100608
15576928
254873869
87490820
2188961911
23619805
561754773
33026152
2993418177
149680442
61617150
308204895
135634594
49525328
17974481
18430758
20886292
187518287
891185162
16891595
19273919
1941941826
14381110
22162059
847705464
4760769506
398557821
18798768
1027451054
735263545
821782476515409920
94963829
189895397
103213895
318580253
183300976
23121664
582563196
15300016
4421977275
710353738989494272
30409200
369219105
162436508
14164724
25274516
634233440
161507331
35629382
1557297152
481655487
17938103
145412197
11640472
29450962
24650660
25127782
1650588223
17830657
15876686
487833518
3006012128
2511955764
18582515
408996868
47459590
92620070
580114637
3482816954
14519984
378176867
472250012
188462952
35442311
63302020
133454567
16024323
319168948
18644734
833143566985752576
25728193
144408677
398490298
824467746436120576
20269254
173677727
808210322175627264
1483064670
166669818
4669412971
20919626
609688553
22320210
2479224200
26559241
145353450
198118653
731232741078007809
90638343
4823705386
1665095208
80112313
19135516
1049946295
2594546979
227010728
12096202
610994783
1628552390
20558389
100136358
22461621
108756352
16048796
532779460
77883853
598540507
128602403
1544468570
824139632354988033
824315778866417664
824137712286441472
824332206952714240
824326864407822336
824190260338954240
824264707641057281
824320219866923018
1483744693
30354991
19418459
3240143771
102595595
72198806
35197742
4209511
1586804930
271103297
143350695
11757522
5971922
809665519192330240
97040343
14720466
15415604
1339835893
1403561845
547294860
112475924
33057171
409486555
813286
1536791610
92464299
2239776558
366220777
522938743
700262653
76786462
51285915
3193114013
773637021441163264
575999970
395142185
1766240527
69617529
176658883
837771440
85364226
71876190
2874535041
14180105
600679694
81623503
761263128197926912
67545995
739602678
130051975
17078914
14714760
24292190
237845487
759003
309874143
129316618
64274719
44573070
27784905
78946500
634734888
57979327
8017472
41165337
1706101310
7385452
20783929
18427820
40807518
35472060
1616031284
35369214
28874345
3184759329
29417823
343600277
14478751
86975611
1492509144
36206861
91205350
767
129221241
165607168
128117587
102788198
24881388
289342771
265056090
43117170
432134884
1377433130
522519631
12599562
805120587072815104
215207998
4099171
487370477
722972322
603805849
203843920
171742027
452564832
604940737
15837189
717313
18499677
19165963
10798802
68080192
28406270
97774574
87818409
318697688
213169226
2189626087
15588104
18978610
280820777
49698134
13393052
73956013
83410488
124003770
20643592
2176091419
228915951
186860459
48027925
16274339
19724858
387050961
28161405
263292498
146712559
213103357
21224587
60972923
55996918
2869224535
15961191
376267732
16582131
14155907
43984700
175136406
709835222
339994942
752612592275693568
15335955
449588356
230952167
462229611
9006272
47216804
14188985
563903972
25161285
247114704
16681111
575269517
577544966
870884648
1376608884
3265372914
15808765
35488045
165511377
3981637641
633538764
177681327
264627362
37605913
522289313
14455321
22720093
91231229
15676413
29912873
239509917
630902268
24793165
155620016
402235656
376927648
47363263
3079986094
4787331950
2444591250
463797581
480819245
2792340065
20776190
94438457
4144443129
14807898
43654274
19877186
3316145145
5988062
20823880
1380142698
25375836
7555262
17264476
226346115
1505427703
84816752
543143031
15644999
302204453
2189150724
1008205225
21362105
4202752043
72915722
196313802
48211495
3325342813
24466090
30364057
55048587
29995782
532824281
16305330
916031611
3257162537
224519779
2330922198
50549602
43537280
100301510
143480327
2479069580
23685907
1517980501
54730258
65684042
90776954
15706128
35773039
24164203
2667665676
46220856
2324352721
18130749
756475
173964050
7081402
16356796
16984623
36735522
15330591
26518795
8858632
7670202
5402612
15846407
13833942
390039185
44903491
9549022
1947072912
1262702082
1855239506
14075928
391891226
912570883
1000262514
19767193
421944319
1569454068
56768257
194347664
620693
1184647243
18023523
23731430
17143528
15661871
18252740
186154646
28521141
15473958
15500649
19725644
29797333
19722029
201936948
133841172
34743251
90420314
7861312
28049003
