2583147821
1110417939323183105
1551091062
824779476160638977
4726043660
380585091
1019223907532984327
836370398
4851104545
885953601067208705
2254399340
2798873679
1066868172496740353
986794331582365696
2327909557
175091719
189658688
992523275291918336
211222600
20706405
121542666
174010189
210532341
16017753
198584761
1133435618984259584
602164406
3376304224
2182785228
1703978058
1923985604
893881965564248064
95153920
786047748508221440
750022168675688449
776446521625698304
2944953687
1064559518984495104
1037709849923145729
19711765
264356595
467924781
835252426265481216
28049003
9340912
18393773
915899697692160000
391583989
1245217712
1551017384
14095644
102417054
1363920673
384654420
180050582
745487371
2740728222
3339923230
1093732670473793537
40898052
1115004565554855939
747812459973611520
299883816
14665235
18252261
2252571438
2799348263
759334217339772928
1040897713523646465
591104006
4417466061
2382793933
896869799959068672
756242571303739392
801492317085368320
903904045
613491958
516769926
124673539
68451113
22380947
2701073637
958070347504300033
28951845
891022735597600769
2581353332
3314247009
4906175656
51918255
3300873709
63908266
61306578
253883302
547617482
62127399
909876082517712896
3232583381
495181977
3149655699
1155497149
121306161
184299398
69274431
374297940
187518287
626111072
420100653
2388484242
15411112
203714426
16031984
824433274483314689
1122230516642713604
17502224
2377958781
15149899
954535351837638656
4898843075
1093207693546930176
4203986848
903280388
923643522
253339566
728072063336878080
995323105571680256
147399759
2350395900
914493538712383488
2980189013
951572702346825728
1108068854574600194
914601168327897088
955431447246049280
829881163472916481
591321337
801087787
14201924
910621028212203521
3433407383
15127834
384009624
25728193
110772878
1221377785
752967707277029376
817152932022026240
141376289
1363914534
529126022
19788990
3969130162
726204226620116994
167906583
591474704
191309879
35440377
2476353410
3290762269
57127466
885146651001794560
280354655
298927581
25219709
3065924818
2764811815
204890149
2786463316
42840584
1060545835
162493907
1096058449
2478729888
800760858204770304
1736490572
1073035829885456384
1081000693845106688
14981648
378259736
112475924
320316891
1923959160
70784139
66182591
2366634859
575905433
809884930415230976
1015425508916383744
2853227160
197147355
95715569
40328726
348388285
3319184192
742425368183721985
19907840
788727472506408960
1480385228
16491676
2561407350
1029907493789544449
216979622
636216638
904869467238174720
16867101
866628698
3194584159
303804147
1963206578
484415967
885906710958886912
1125794925201776640
20193529
13787402
1128528071156305921
892525308292628481
356016672
23521469
2967402199
26396117
74287341
1044022254
355036400
19767193
33773592
4620451
2537867839
407395156
7093352
14807898
625070495
1253405990
1055097348563578882
1066361009877733380
847948221699821568
927727303895011328
2435789185
4250558987
1144882621
1636683380
22205944
3186124933
935333953
451765670
1113439933
220917012
18019105
2239631
2834640158
472497235
1047966576236847104
1325951616
18656604
18926455
982223918223130624
190337035
14219174
1128416832342376454
187763403
233721185
776682573401501696
855529246332116992
1865158964
873569508048457728
10328012
299674777
1001511262545592320
827415489471250432
1705984340
10076782
993249055
991884560517431296
427505253
923370245829681152
1620556356
2336821141
74367223
14239043
30082420
3101015701
14957366
24173809
862037690597953537
3064431863
144592995
235261861
1109544374956773376
899018572579586048
835147587279798272
846193664044994561
919605488790134784
3410801596
1070923826731479041
936446911422320640
976231168369598464
844593099753963520
1016305082
136705708
464076878
308997528
90053458
479816451
326380256
1564434674
779513646313459714
2976520545
2851033972
564085054
1363411873
510873449
356185142
44128516
567368754
584162442
823245705439547394
2788935180
31044703
1252618880
5392522
2353552344
2240296584
378653740
14647570
40001204
14615871
138203134
3329954812
2176200271
2438411396
140137815
20068053
15862891
3528986723
26374751
1062472582924910592
34113439
3554721
13201312
2788464770
17596622
31792400
16029780
385393358
82367745
993992114
14145626
4741011290
4452993318
4540590264
4698115310
1083550680890122240
1939767962
4158767453
1013820581542707200
4774389538
3380852615
2291175889
189376144
737753101311082496
1049069302358401029
17175139
1017843857088708609
2509461094
80135530
2826995461
380580136
45466412
879783542498217984
958115468522352640
4870058593
951933305296859136
832352245282897922
2357230213
183300976
783329160
387186414
759467437226098688
375235135
322658873
16245822
806271169
277320871
1467586027
43230633
1912459310
2505849288
2919366020
998710544231120896
15292416
249724351
14750983
15737554
38146999
924409988520349696
838207103852396544
807095
770362425124139009
17463923
23638544
39085195
292141642
504803544
788223997494169600
196284621
146356800
224991073
87657446
2179791505
87656389
2281259504
959984980238782464
3328555857
947835395676491776
1722799598
18049298
760911614
2881001499
545216345
3310074164
2445453643
96657398
1648400743
3018968748
20252548
1400371938
1945688402
487833518
3121176387
744046387365560320
109379148
839095915847745538
1964785482
898297024784859136
1047886864768614400
1860881852
214365171
3345943457
748200699444420608
993297249303220224
3166318866
404160019
19722325
597009469
1106958878
192942213
1912712233
18036441
610952363
1227513414
180147957
475113603
861761209779064832
894720855237898241
1340897252
110161704
19658826
1606102952
39822897
423698607
50219768
32372834
800459756292882432
19402238
18696996
18713552
734736738611036160
95315665
243236419
872327090305200129
258847118
606549267
220542468
16017521
169853095
17086094
932495264
2239981848
3826737269
4226522812
2962063198
250595272
22971125
14606079
3834939257
17905977
33933259
710446296205807616
99243286
872444955213656064
526015179
813286
232268199
17494010
216881337
86336234
73303753
970207298
172858784
76348185
171598736
72198806
2359926157
37666984
150078976
16056306
29201047
19725644
30354991
1249982359
247334603
7429102
11348282
293131808
16160352
17471979
278124059
476256944
29442313
