3395889285
1514537366
2190618660
1116467623
54540743
702781882
756577830
1130916765834330114
4918680765
997772438313226241
1123267549939011585
894172746229452800
3035060044
895904999359655936
930215342969942016
1138329398929756160
744115501715099648
801359409133846530
1050777755749666816
756318457961021440
2842749873
968532566415499264
899315020584165376
885273170659463169
973255924117921792
1023678077346430978
1058152448030859265
1003000300838539264
1125381613599297540
1110881183494295552
1110803693388075008
716022288
703627556
1099213111830216704
760762821051289600
1154544883824242689
1097794088387178496
1121940511726686208
895041933395054593
973253709319811075
1107982632003035138
3304804287
936559238398300160
113091297
1048181305672916992
832889382763917312
1966930483
2761813939
621236055
1101605661723512832
1132017500156289024
721046262036963328
3366100539
829090868430782465
778488790205825024
719543228886814720
851383886
1116099547577638912
1138146053243494400
1137442267688574982
768928761689636864
773019072
586662291
962283635041763328
1003801037491392512
1003361672185171968
1110266884371505152
787512119910469632
966342150320517120
17469289
2832131134
1086368775484723200
1147644113556295680
1148658475049934849
2384377477
1107593728699629568
942138937061109760
1000719492111060992
974597891078676481
1048916322179059717
734694398
872380898494361603
908554855
893465351358435329
839948645508198400
1150116089029902337
980485069268758528
3477631815
976569734601768966
1087051273571053568
922078808957751296
963823411762954240
1123727413970657281
822578044233781248
1026762293500108800
1184210198
1739904762
2577607131
2509344413
851452821622984705
3856377503
1098999226187563011
1111203072024461312
993035834755600389
896319730348433408
1127339312905891840
627949753
1127345357896257536
1119757627414732800
359570073
1120644120438091777
803871399177814018
3485623034
4452051014
900064309933469696
1146320265489649665
1131631486124404736
46850831
1082675347261456385
1969473673
1056178237259370497
2308746487
1490844313
746366562
827401448979730436
1144672126215032833
758054407158325248
2520301870
347326309
1145256320
966176594
1048968122332585984
2684714563
869338761167065088
1079138845843771392
1153453120585789440
1153649906718060544
1153816421966602240
1153844583966470145
1154072336733286400
843512182520401923
992487690439397376
995059854694866944
995391130974945280
62521345
2797574696
1093183570762440704
1158155558203142145
18213483
188363529
33933259
14159148
16153562
23125257
14700316
12609292
396086694
312230865
148760908
123757534
136123870
738037177901277187
1218745633
4821275891
425171581
265354364
1156901680438534144
968746701312987140
514211847
1129417896050941952
833921469646196736
517439557
1003827485216210945
4250078085
1498823010
2722131809
914568198594449408
1080230804217913344
1070391193870176256
1070754727678353408
1087347400577085441
1093155762682191873
1070789487138091008
2644895591
1069170611933474816
582504698
717867056
924492205405990912
1043490503591960576
1069327861184647171
1008035487817363457
988295414972633088
635608145
2500364327
800564981804564481
1016086139009159168
2960283318
1024601185368596480
1062708519189835776
1040464485012647936
4794946339
806815880533438464
753285205889343488
1350048186
1151797738373373952
1138391743370579968
2760433217
485973422
940157479496896514
1158089100706111488
1081147924187365376
1028228788306542592
1035222302617755648
1141474495166918657
1101776560686796800
1139426468998635520
1115835731107356673
1151805680006959104
1142857191155785728
1121213289957154817
1116048882906144768
1097291077399261184
1114171474351411200
758702197270056960
888151941636702208
818104515136253953
777106126647140352
952279715603189761
354885806
504805806
1048291878305710085
721259258113835008
993511290067808257
1121344788366790656
794541986753691648
3371924356
2492926868
3368899037
722575014436937728
734779162993557504
712207181697978368
1132806739018096642
927075852
1043236332900941826
1152265979700883457
1056079521152163840
1048237004373348359
1123242200693915654
616394280
265243481
1022544758365986818
1120577975269904386
911305446157377536
899416613304377344
1156588180893831169
1118952551544705025
1024403176814993408
1087662905401794560
2595053863
1111993976624689157
1105305961743425536
743612987399938048
3055893297
1052546651389353985
716672550940590081
860391971038408704
983635748774703105
1428219012
1127984090538442752
2207120761
761502390201835520
229967233
1535166392
1128405874584821763
1071775137228304384
1118076656391004160
1106886211174576128
1127643274360119297
1130777433572073472
898870073724743681
2462023067
817048615533367296
257074102
811776774774333440
989921835784507392
312843723
1208581010
1082859542319427585
527494714
880365974
2886072873
2949891116
770343589947768834
1911759871
864755378961166336
863404329469976576
860147013396168704
510200269
1102619927150821382
1088538736407781378
1104056280153550849
1087330837211820033
1105573236354494464
1076940864780259328
1122308661764866048
722321577422024704
3098396255
771636089043890176
2251393418
1547077434
1368136616
2466981114
913206476
1046186798555095040
3224837771
547964074
473461093
1131697913913106432
753131376308785152
2300924094
3429982845
349412561
2240169560
2740308707
758974417279995907
3145080763
2922268330
894253578
92631130
605443788
1582336512
342271447
453739019
3295333113
2453275338
2878616371
838831764500013059
1075996428353327104
474305598
927767845131489280
2967544477
1131476738821767169
990732353915052033
3333341229
773817045691559938
955763712748437505
720264433797373953
985404797200293888
968797588152635392
1003097290779832323
58826685
1043484952367632389
306096814
621087970
590731412
1046922335155101698
2650849237
508862388
800712339162996736
1052571194392793089
225466061
974181846463516672
823606898
1051809059345711104
1010220074697920512
933423398155423744
218323074
40870350
1644708979
800543543030726656
1101757781743452160
1077964454556512257
1136218029522599946
806541746612109312
977519331100778497
218111799
1860901626
1019168169737576449
700950868493991936
863872449598951424
3027278530
2467408472
915269517936414720
314814956
732471881987563521
739042814755901440
1160675580
1084229815648034816
3113193912
929458619049041927
3355323232
1864971116
784440815351455744
1647225642
2456946994
800779287317987328
4040734497
3741576688
717362410974216192
1120263794679341056
968186435676319744
396059177
822079333217013761
223219278
1147489722853404673
1041778088777080833
1153256165725429760
334832651
1070453472129179649
307343789
711395922975055872
829457285135097865
2867066869
1055198999400144907
823488651472596992
1034640393114210304
1088505558225874944
2977492384
757804235815723008
783509274
1138117282838827009
1132242968788832263
1077529005769871361
3062232787
4900489913
3243027355
739925996606984192
3165257046
1083439483293519882
15012486
51241574
742143
1059415001621057537
3386146558
953295967712923649
3641956401
716216138
1078271650393612288
1051828623865466881
853726735908691969
842585365894447104
834210387490897920
882395351180857344
846539917530484736
2361832243
884202089747955712
970975499769073665
819765496937529344
910259538527440897
1129493305132290058
1128047879342444547
1128287964038074368
1125119627082776577
792134594
748527635379200002
3096664922
520817405
1126193863159369728
1105749325647351808
1045376072886497280
1066390877910773761
1131170547101052929
1143504712282583041
2790502600
1320646490
733819430505971712
1049558408175788032
1101503574746587137
1078437912524525569
1049627596177199106
1053336002125840385
1062009262140997634
1061571117868089344
1100118622343700480
1012103641472425984
275441764
1096790565897846784
1095085845202243584
1336099946
815140243720589312
1085489402070134784
978604243958583296
1088765009583394817
3956136863
1110241485436477440
771573291433594881
1060594669833334785
244927881
1084523020310450176
1138193865373093889
2379045602
172373546
3169059194
944265136507883520
929147478011731974
1131257722580733952
2474294442
3567318082
2303149878
1077715059923656705
1263856669
1044698925515644928
1019906653452423168
1063061807642886146
1100450169601048576
1090514406176366592
1012400350656114689
1026173558471487488
1323288367
1104811595975282691
2912175756
374456496
1126303223411879936
1119036092337012736
26735469
1949323334
1072431917142867968
1111755297356423168
939434846690082816
816938638407823361
1280351552
1554280172
110228223
1897133172
388614299
4583902413
982218549836967936
360197058
14173315
2467791
1045826160297480192
252751061
1088517469097082881
706262028021862400
796304471303352320
739937139346014209
3046531615
387818269
3100178161
893029992400994304
305043748
1034470744380661760
397399326
1053969994214715392
740568532371558404
1068354702671265793
1150119508528521216
568962347
1631303462
4203141340
3192022804
1339809038
903184452184141824
713294914
737355405974773760
703214433129144320
1037327498
817536438510223360
719451791532953600
797851190792978432
276159555
3422999087
798744109276168192
801002386005299201
727685085399486464
4810797435
3467134401
813848643707039748
4756615096
1854723300
3278967362
423747037
1014289623261024256
3177972039
1672119512
570718966
238506977
701297928
89464805
331816074
601145768
916330164828680195
1107140743603339264
56649558
1107042608822579200
336959498
949627378564784128
930957377960103936
1025323656
1141241405274304512
934156738537902080
3141781482
936094495271215104
3341206721
2589165761
2430499562
3040968044
1024051739836731393
915924475174166529
2368859454
170620083
1091382873419120640
802860564812877825
607330816
1587221798
140324159
1002419614645739520
973343448
2955720373
986336514828365824
1056970026568347651
986870946467368960
111918490
1134583119431000065
1132593545532121088
1125270458499252224
716532210166317056
723015514507845632
719910490068107266
953396671
395868779
578096480
441650981
1098487382817550337
1094758430982721537
1067357316834574341
1101457730366263296
1080428432201261056
1099824127433756674
1101259253703237632
1099257795910815747
1070406018486669312
1101948169506770944
1102131355515797504
462273306
252989945
1143746969371848704
2243527633
3630776543
3947095468
4343306543
2578733354
917530953169489920
3129545781
423365208
1100903560882069510
1043799387191808000
1089988065114890240
2765819137
398817986
2507576646
806900303379447809
800746178463744000
970053199141965826
1078374840845955073
292085763
19910041
253197582
243217268
2838233438
754101056
795522192
605336193
378259736
7215512
145362928
35943
259507666
264507131
42112641
219974147
252992766
240000044
237123198
376856683
1077887031676751877
1131138273454284800
2982753772
853374791054761984
3884476761
1128654485037957120
720577219
3105530533
2956739477
706713480
737355960663040000
1115874631
792103402507530240
2826707694
1033696142729601024
458301345
3121035093
420854284
2818004532
422417814
728905759778611200
546751866
526065625
162385414
1846262448
142264595
1024419739479760896
991582127211806721
1012703024245075968
833667609107132419
719840899577081856
2399311781
2708224441
267926241
1078946730878660608
4363419075
2262780070
2248893916
2814790460
521315894
47466015
71711746
54249366
1068458993427906560
1077899417326419968
1015373006389039104
958509420903915521
1564232575
905590350982647808
1049601656181149696
3847000515
1354628316
3038054357
903791930882088960
415640429
1383132374
3448047803
3158618225
1084443686157602816
1005010256416649219
1094577990019792896
959199982980124674
1132969810478940160
1126928482657865730
3148213475
964993470606860288
976969609675988992
1044723286733721600
3180955928
701765847270957056
165167691
556389862
1624011948
992952441820794880
280444762
432941577
1001837242774470657
937600865086595072
262480159
1084792028465164288
1917824005
988787523488043008
15392413
31188656
2468119218
849140712956456960
1042727415183810560
897017482560638978
2698305988
962048481379565570
132614371
974257508058632193
3139109418
1483030213
3268408124
2181350039
999946337042030594
937328270302941185
499975216
1100730476292128768
842790279627325440
892176179628830720
1033819394261110785
539222262
907017479179919360
883645082364203009
1877323837
1064168267747610624
908513688784658432
2300172051
3296843306
578984790
260228654
429249300
761643552434745345
786472607654830080
892738883003326465
1506249024
779239802717802496
947259548498317313
967862736062504962
959735019274227712
1722734190
1033518416924225536
1051478220355321857
747080180875726848
3071132614
1718821321
812298024860995584
1057561829839380480
1021725831515852800
833325736576561152
1142447837969616899
815279377567059968
909877932801314816
3338652434
926616839295307776
925489645080674304
981409349934505984
1071580842856771584
280453682
300966147
392530177
3368486907
297380094
2239944062
1042097996941471745
1631805253
942693873851162624
737336294779543552
952064177379540992
3143804373
1639209692
874549297936822272
967408734195666945
785918893089054720
887692790569861120
831944023606755331
906474840420438016
939779584492490752
921126284939407367
931189319594897409
860093926363078657
974365005222219776
888102463290716160
873360612289589248
3209715987
914496576726462465
742676984040456192
3308171608
3294023650
3785667748
775020694354685952
747878589450887168
882513110552150016
897403391005126656
823200452745502720
946165489373450242
951808122234040320
929342817570234368
990075195007303680
1012158253239881729
1036692541725396993
1027344834409979904
1030844749115273216
1043380507092942850
1041485634706268160
1042745201930973184
1037585954146537477
259758878
252037672
1237851326
1897416823
745366435635945472
265894440
130415613
1140593434211880965
244719353
207130862
62513246
269368903
47283664
753227791085236224
769826410303225856
1034254767105687552
918636148058148864
930583509944754176
1034289625102262272
903222030866063360
1050904049640513536
900414491812298753
764975776794079232
812431941307924480
2428674510
784128593198772224
104146721
1075726934955474944
703735093483978752
744352033755570176
4886677589
709124479914549250
1547208530
4652517077
720522412
1373353496
3069200381
2155320493
3052812492
3001204046
3003127280
3003124394
3003158695
2341423733
761454313239670784
3991736123
748947245932900356
4576741702
2906683119
742050511340380161
954848912111734785
121748359
615669942
918987522621001729
1063360968
899313843184205824
298269344
706876241123680256
2548241072
3343579332
794258991627042818
756096567287902208
758599002673803264
892695369716465665
733656410337202177
4763163069
319631845
230468491
3146715184
2409616393
2772457291
2716511341
800331383071600640
393856081
801110859556786177
793647633671852032
803649679519006720
3491142194
614935337
2393226664
2929317940
1132196455
2696159946
801892737477971969
730191314260758532
2957320004
3394792065
2394104180
1024219535228981249
2879458951
1933557038
25049177
540319086
1121121231326121984
731800251741437952
1435896914
742374808957165568
2733147186
729080229315158017
744532604842541056
750722959053127680
721228440020586497
975816704818233345
834350050276950017
967728413246181376
952478751614521345
1021410007164899328
994959982805241857
985922718527885313
1035422562145239040
3892490469
1067442078303555584
256920152
253812442
66085544
1148871674
1104778369676263424
259680702
2368926187
593295015
604524203
1420315776
1083701377946316800
1005362366551351297
831376627250630656
969730389739700224
912650850555846656
962593674029920256
907056112138145793
932933632582475777
979066431273930753
953249327509622790
870815306880516096
938720126240808960
979299824062423040
793600601523363840
701873379096338432
714954550889877507
825255222
777669683990364160
1001928752950140933
1090650427559948289
815240875597004800
1008547969614995456
851047541651189760
871011072362328064
1123165583359578112
1109384181119967232
807930297123819520
189760810
2763013519
1730252886
3946238553
736698680259006464
757324393894776832
4640408721
2435688875
1549302672
753529127135744000
753085334750130176
734865178110656512
4889873903
706877953897062401
756040055144214529
2883097794
1868252420
1018784941289672705
839898044254535680
1012691665289482240
1029071940475080705
863042667785199616
1015464670550020096
730272226826719232
751392045026213888
759445471832207361
788298309563740160
785533827628273664
789564954550603777
721634345447002112
702100006749216768
949701739015524352
2962652293
2732395197
1125381165224026116
546628651
2895846350
4212042219
1127241280231215104
874405013371727873
418855478
2850664136
734981643786702848
937379439352143878
1036822910
929573054103130112
3357581111
3297076031
1544457511
2231385108
739087401734262784
611767243
708802059303305216
769595918
774184277864910848
609310862
847738237988741120
847799197126598657
558888627
245306028
171545721
4199309523
3651606503
554393142
240855265
943802038852489216
994700978
1119953071830966283
255434406
410159952
254053181
800803350044295169
800456928157573120
1028637431342542849
948307252267704320
805441196067799040
823789090306826240
811564240263725057
990341342361473025
304350679
1107721626504843264
990328932330295297
296757735
431124603
714605438
371820436
988345892
828353021956472832
104789165
1043158995861729282
925146750800793601
252163587
256405755
706382973936013312
848607518725165056
872136953625444353
959439013873618944
1077554040538624000
3372434093
356781457
2938925194
776398568307458048
841720771
961693804758732800
588130122
2952544480
995270929801531392
1077242485875843072
1616328973
1012180107585257472
2418136322
855550757357187072
2171007021
1076548064473534464
125720530
1339329812
915492130444910592
700215227
867431640162856960
357629606
363203899
126894355
1734445244
285152155
1179561702
812319556702208000
3055070903
967696477
851385064332120064
870825809749168128
499606475
1311193405
820609564055846912
615117243
804713125433970688
1071880382092623872
3238907841
3012738795
256930894
1050313897922695175
892277512138633216
953922533245452288
920092810925236224
983315193634705408
930467325517713408
3990408106
857279247999795201
937080600078450688
783205239507849216
881547671516975104
865786489027907584
840705251091087361
707159200862969856
752866664069357568
3221873491
719648274672664576
4139301533
749839310455762945
731162145828675584
770605623767658496
719934113977909249
799092821995245568
860995498370641926
1702885286
901979058145296388
983194125657886723
1049717890235211777
894466690028797953
2736665476
1615982684
2743821015
1289512244
1405497086
3136177991
3070108106
2953884645
2765181965
3136574549
1045216185875345409
1664373476
942458253803425792
1051222244586868736
931606841984995328
1050615427154378754
901170127055589377
898468672901140480
999578334374707200
1613555466
719714941280890881
1019542423721127936
886007662026031105
932202965846446080
1610280103
877233278654320640
944667908176777221
1033455815938723840
2657997605
2865264094
886759490837729280
852356172489293825
1274553054
788721259
554534767
572227707
311969732
373493041
827488482721402884
727935997
292228323
576241232
565752397
553572500
1693045904
494509197
803117246
401352649
2160266662
719549819
583923405
866465790
2164187444
3072307880
17562457
548265486
1044340900829298688
963946492770832386
419107960
968946785799548928
720644907174641664
4079240896
4320936869
2904806956
1033836460116504576
890705828776464385
843136884813561856
3286071057
862395145882349569
1003768839358898176
900080045204680707
769854372998184960
933434051393998848
968250671563706368
565850975
382569293
179979667
276632062
67637494
432727164
232697339
84386409
256158353
277572112
294858126
420395084
332191728
283302973
312916692
1969713792
295957772
161394087
39953073
191038210
258921288
818043830523965440
176927327
268020193
798843023375245312
88954879
28636376
820927777759252480
132518473
103865891
809178767704944640
23227689
85951959
139819022
293412667
234341765
175379563
216356669
200439874
582184427
261651522
41328048
255175234
784769136
263641987
253155083
178001102
303082084
276891481
159885587
278934052
305708964
2841705396
68363107
561082701
258089548
92975320
317773504
143207852
297691213
291010817
356423052
307348045
385098777
234582718
2792923667
282193087
539993916
433241716
232177881
117613179
273197855
224357038
320653804
728298535
492223131
165797760
1048956245540065280
2753108875
792688333310812160
1310659423
1051568564346507264
1052679472388792321
1507397389
1033356415069560832
4890228663
1026742858882138112
452406588
937374852754890757
971082097178955777
885161039561621506
883317661228298240
1046714647167070208
1046194021071310850
1046768834873643010
1046120596130729985
1046515970263719936
4407555267
1032881626517307394
1000733303207550977
984068233090273280
1003249775536431105
942483973170712577
874470914448121856
1005858375215796224
947955735131979777
1000279594908438529
969277739428610048
864827967951777792
984781278502379520
540951436
1647497708
184625060
852315080326774786
2493494917
929109061416734721
1471918206
911578022398038016
286288308
149102515
885562476
875635596
3137712918
1499356316
894242322006904832
3667567217
868375914618474497
3043720329
2791702714
925743664516739072
3031710642
2939673761
2990722260
849739602625744896
782184028698996736
488802955
65848262
721125353851326464
1935505796
244880084
292456706
1003453538
2230002335
522071052
2974843637
1243693243
1871304528
81605166
720674281001263104
381653031
2195389481
548520383
2182552089
356136409
945924973566349312
506029223
444524782
874024708819349504
463715020
548429962
2490028941
170163782
3167043212
903951272
1031160094984216577
700714440
722810628
1254060673
1256013686
1445384840
402333879
754200170364014592
786438295
867040138546868224
3358310513
734003092669235200
860259892543856640
794930422606077952
402766877
2418505399
993216696981868544
963823493971349509
871861065860222978
1008713577925095424
857785597569716224
1029255860516790272
951434162
819157447260700673
840140689413296129
1034704319336120320
979019310843813893
89635411
921721277123088384
733797009577136129
1036708347511287808
243231481
793529964876496896
262384400
510910585
944335493222805504
743289651633389569
1604576545
2849756705
28632611
151681682
3790699873
788801268399607808
955003090243084288
351507152
913137843454844929
1269289376
464654350
364791490
880324141114691584
303276313
570226344
627673190
112764971
423384542
725581819
14727959
4180015396
4473390681
2994034907
763674365296775168
334227613
2741563191
801573859073855493
265902729
138387125
46403451
2219897472
16902662
20689749
822225946916884480
633705263
881821981397704704
1628861958
1372071936
493020839
875086927
4869369579
1365832993
1215031920
898606374
1244602586
52032722
148711787
784385850599612416
763545599232933888
851233083424727040
1529992068
786191340174540800
1103457517
813674594066427905
801162938174279681
3309435096
847339776164282368
2311015545
236599635
923573235828084738
800313343479189504
309565810
83839801
731917228619268096
3231276089
746328583807827969
781218003706847232
696671357728395264
701763331074486272
4212312311
2356868024
845923648632471552
2282961504
704978853878480896
847893848605040641
848122692771426304
141817380
84291857
888846793
294065487
3974053847
1708585782
2161159903
210805399
48487400
93064137
554282902
900770167407423489
703628844
1328227483
940384398939172864
363113268
275437113
976251648
2819343746
740757104051531777
831942853244964891
919861623736606720
772292264
860663794183413760
755214937664913408
816641036672004098
711843829519933440
753714965165604864
546261888
626935977
375481345
25073877
129845242
759251
807095
1333309370
914271203757522946
793909700291092480
296196644
802952408435400704
815129189661741056
824353598926622722
813437864981757952
765248531317817344
3064260584
1367531
4020652216
921827117838594050
4699271119
4449876145
3315735285
3024856533
134424805
24859104
34655603
3170283600
822566533847281667
3253624612
3482198420
910122743135383552
902129356729929728
79293791
60327493
252153070
1268362650
695335271550754816
60576219
36412963
314547227
259464217
275546719
1487056766
3958112253
155659213
15819208
182230678
376113319
278893600
334685484
3235871559
96951800
702390497298554880
3234356274
2338087586
219255067
952343059
242245578
66959303
227944601
1390269906
2761843375
762266037601566720
624518282
1309546218
627537504
298139450
2934466357
79942437
3254093934
1192682438
251115680
474886468
316053407
332566057
336652775
296663621
116677505
1576407902
826836605403029506
118629205
2194494191
1112341748
28631535
461481428
858305493785337861
328553539
23375688
429812470
382245758
