75249298
21361485
250908761
2388392782
32719028
2917736960
966891504529649670
918204028248559618
18966291
15745955
30859805
879751182696230912
746079643153891328
856307153019092992
963543958168178688
701516983
65045121
753005970318626816
984059516445773824
2571811705
467930907
715358373340819458
1266323203
912379238992445441
20770892
467924781
1403373624
127091266
89773253
1159296036747259904
411194625
39569517
118938550
2881697991
413312333
485689888
935562178635227136
66660156
1151331156526272512
256146783
557176047
733105342880571392
720060816
737451872995287041
760513107185860609
1158487307575578625
1090654374743941122
4244221
965266179836252161
1029416055154925569
250386727
965015705123930114
1017637447
2350451402
1022089486849765376
475393715
18411867
775951624346873856
130502625
926814150944161793
800936305
14391516
926378214863392768
45353
878627496
21487709
1096185919
818873583246004224
32376293
4429531191
2742999670
2901830894
1404448465
562048640
27309459
114232540
1577730512
956005484728803328
7868832
388643143
2798240586
867033343396900864
67333343
942982604961218560
1115683713482772480
195885060
2226179824
3902155815
957893005
2409467569
4313049673
517572089
20854735
3819851
2621582513
63659030
789966537033527296
821078728642097153
17629082
16051399
543881355
964901230555299840
32652569
477278226
500180852
438264417
234059290
377812883
975448388
618206691
45885286
900607828737613828
1036534076
3637120515
888580492043399168
1114327130349817857
1451676230
186269986
16980025
160406573
946693620215795712
15965201
2756521500
881255810
126175710
17938980
1116952255649984512
2961539138
18814243
852234224669270019
930627103539843072
869567505991426048
951436646163058689
2741335327
14852707
938567617991839750
1132036262670622720
14778629
895031511975460864
2713183429
2787225962
877238867908329472
560154805
3730447096
1059997989689802753
2922196620
826374091
3226830279
2905909684
28717473
1084274633648545792
878358121898528769
4389553697
797180940632158208
1049812800154083329
1057717677299585024
4464560172
20525910
797459769179181056
819248203958775808
782944208965476353
119051579
149301932
1494394837
1147241441795686402
1317920520
1481087036
47534834
259111606
39625232
836032878
985908074
99587821
1143687311814733826
2358218700
565651420
117971004
810929707810230272
24469899
961069080605229056
730991888
2239473572
355218486
5503912
928021057583411200
1120264487939059713
462464823
974627786
1492018075
1048734569015513088
2431587622
1558406653
189868631
1030180807980318720
2317757035
20627081
2246336202
1053620679634010114
1090772419877449730
792713023219609600
44656386
3229223055
1129668384
845375559517569025
344447136
30503054
3020586052
473235305
19153404
21522338
1561418018
436854072
1142098265531457537
517891557
376787459
3248910245
2833667816
933398074256322560
1123725326817873920
66571087
17749086
1581543026
475869800
922006978225950721
14641125
891732109496381440
903343854027509761
17307527
2339538282
916348529056124928
841399845101289472
6868162
17977282
1612961461
73112010
2796965504
725339972488847360
3561072312
10168622
4818897911
17036002
91385604
4153612094
936470882117128193
299956700
1037138388791570432
11866582
1053520945552474112
17275861
707097866263629824
829715365223682048
822627718474895361
1041009667478974465
505435194
940022740098174978
893860905892663300
50873227
825358680
3546432261
287703379
1539811190
8151382
372100297
283302747
1103083232071950337
1107830682
21801524
401557919
101855417
378259736
14729597
168508631
415075929
146569971
44783853
14499829
6794502
43963184
391834043
4560874282
224456162
1066015342340829184
297505251
29247827
895673971059904512
1677968742
980888591957045248
39483850
912055491739750400
1203317257
18146764
1026848710318284801
736339855995703296
101291642
15137077
928650310259740672
17983820
75038912
357606935
1091423121205276672
41670820
254137074
482612200
14088897
908403636790857728
864223381
375450001
4690263697
954389062441492480
305247640
1337402904
3370301477
24190981
15814350
1119467784122130433
25226020
1260329178
846396121513709569
36365736
310939683
169845462
511987539
2869380198
2729673576
741364240959700992
952016051079819264
398182574
28220795
161715155
75105833
3438455453
823927170657435648
14619361
625416408
4089931942
2775202518
470708968
1017850474488311809
14190948
26313230
44162011
2798659231
22784904
851772372
32146628
50074068
122258041
19866236
560764298
1130184742056415232
2232352123
2575150550
4078671921
816544894466437120
1088074233589256193
2869858725
26423890
1258439815
761774741061562377
179255183
866319852381679622
2553799380
2585677127
307628912
92436312
831083156
4826596814
274510483
984027133948329985
1143331458
180788234
368656272
1892108623
745009443511767041
50085192
298320038
298821893
828347452256198656
548026639
32701687
1017084306307604480
3292857818
31454850
1041127243
17452463
323346108
359227646
110189578
985840653916622849
557904497
754006735468261376
712413692046880768
766689488953368576
1126327424374005765
86717287
547553760
1240034964
1072616603785805831
36469971
771355174904422401
927334819981340672
861338252342689793
259070715
3071503073
769223327529349121
1029064752520220672
904349455796850689
1393010221
753276906041184257
47725503
911681132458102785
780543671661842432
3356172081
770383208
279305995
759941224610476033
2790618100
1187220061
866111072
484913037
67196459
895317268900585474
1029459116580851714
1082699930651803648
79856192
1082458084520259584
910953016806842368
720267973789818881
18052474
22942762
100136358
16055389
1934319254
252327705
995070421018918912
864937709629882369
2342493836
348166536
178291977
32253952
2333006212
113143269
1112932517399670784
212482161
963904705461215233
2508981899
294848568
6326912
2831233735
379352220
14233941
861932341
917937787415990272
747392241715404802
80764876
763902495932416000
183476125
460064094
992241917122547712
29442313
519923973
47408785
21540911
37291428
904880248658919424
887028007826853889
15753253
2849167760
3876755175
896079231544938496
14103604
2838898549
19260348
2355476886
838207103852396544
2859448331
21164689
37053360
400479746
1033350035210153984
801219844322381826
173553743
897989804
2831930618
2811797779
839819096686530560
1944411950
985994942433574913
39804874
3265372914
19273919
991743720629460992
3324693673
1117190029
882551683
1158269520
1103688365466140675
27578677
84675033
3263866081
245652921
820781644281942016
905797748577984513
612760470
2242132590
1099009976851464193
3057309262
989509216414109696
2330488477
536610418
144396811
25105016
15801388
269935803
202367186
257664900
993878881
284287181
836531154
3016632889
2217401528
3096865030
2466123505
1021499009234481152
21577429
1050806910239141888
34169085
2613485677
781982295863484456
973326736845889536
505888450
3183193171
4838903643
202250384
921403844629749761
876261377043709954
883084433313509378
1080539438508400642
1926509238
10163042
1031642379361636352
349955489
785284261838360576
795346623396253705
1078393752216092672
733488168918360066
2835595619
14709326
605153786
931365102
19188481
960950034509586432
2359026118
44791709
74583855
817408597617418247
2977725884
2983108497
1067238925335519232
899128377810046978
964924367720284161
98509211
49897286
312635492
760119733
1069405516076445697
1654179943
34350776
732649152807469056
847518196097789953
848159348006191106
155260599
82856477
568386078
84499588
896186899244744704
983882027178086400
322430128
1018840982362652672
354918783
140176882
1106615410047242240
4796762848
606659814
462917435
24784868
1097291030
1332630685
942566438019231744
25231016
17322632
2365032493
29346954
2614227013
948979430
853092074048147456
90422822
2422769083
977255390
175076738
3100354981
4853918253
849412754
3622523657
994782893074472960
1039174405203652609
2546491146
40482340
67212213
1024999875312844801
918082298
17977935
122189070
1017257485395165187
1012126588647821313
522519631
21014978
2188343082
986681606445457408
47821901
1892779375
1080584229510172678
590499484
120006892
308901507
2823415030
988159596987650048
2240027616
1559204743
17985093
280887735
864926050035400705
4421977275
47799986
704122685794750464
213088974
376570418
903277025854672899
661613
1070197118
495136032
2309148932
757473249756192768
27938182
738158528913756161
1093618749406613505
704136288656449537
36560030
2516912491
17794636
20885222
29318707
292650956
739855457326485505
1083531221966209024
257196512
752967707277029376
15859912
31049418
6473302
978486615151652864
885783127
121440383
986016300160954369
3294027353
35207384
29476085
1089597794
15802980
2776273551
206972203
778895864
236591832
819210044
19166519
836408868355846145
1080502281718632449
848390172450443270
148192924
862971444833251329
939632921954021376
207727177
96192242
892060639526395904
1006490087985696773
2470050793
1028852259587862528
170315030
15374401
15195539
785461610
894035183594242048
898629865317965826
97723778
1473765691
319769408
2615789766
357740459
319291924
958743894
15610183
803360187125993472
281600173
783792992
3329832377
109668325
52961107
835213468852711425
1051832274
3257620655
925096649667567617
928684580785225728
414164102
986639286127775745
3099901028
630523185
999569526
1056741949
15275677
385847731
70121644
106788885
903698654812352512
855005217917718528
78946471
1722752521
3306146967
72908837
4851480107
973642470507597825
4842843378
634030587
255169044
3506130508
1604931252
18832563
15644999
3031746741
977611548158984194
3215160807
858882604614864896
955988804116078592
74820061
261964991
261338579
854362814173073410
810879987263897606
1613548873
800210294995709952
347434396
427904994
850165436847185923
806936159586652161
2968635633
923730057276870656
531044496
708764283572789248
23364310
946266296815112194
752374487409053696
369219105
3330264496
18245880
33150951
22532144
37664034
10635842
18987138
863439451493605376
138203134
142116606
162436508
35516339
162743669
2350785722
189766140
64910099
440445318
1483629775
2257844676
49880987
1046929590663483392
3087781019
865276160728498177
4596748596
915583150255882240
33000121
16615740
2230301137
898616549086437376
59625628
469712738
3296255852
797906149039284224
28625330
16736458
909621357377228805
916713010449801216
3400635947
21454425
928123985354571776
3054324427
109687242
906941774949527552
19629038
927086601900920832
887179895645798400
918242257857335298
885310436207456256
248890039
16424223
401601901
15276177
815733290955112448
188793260
865035402
323938092
970207298
765702952132673536
40684090
6974622
1385638159
342347053
9402232
759694
826120508378865664
833401454174019584
860491342799130625
2337839730
891353232504651777
796872168575561728
751300967446958081
1093264681
14887636
836570051331391490
15522528
1270758145
1454509212
1382443946
829151840440827906
24528537
158080256
317830223
18511022
887102721282723840
798340644699680768
50159768
728947876836089856
2586414132
897697159293923328
886278279220670465
4191033615
9970702
3241154353
89560236
842501352945143809
27187343
896781701946515456
223047786
906646540143480838
856400664905240577
29979814
2437736058
3288705094
809987477691711488
762545655143432192
906747413880299520
178920234
867178353111044096
856160674686185472
802993976517201920
109081184
2408058516
193973985
798667144212844544
919682673383215104
149249831
3912203903
905938347054567424
849414893287690242
898524871738740737
896942761982795776
864144056556892161
899752617038856193
85165134
906597615067963393
45629254
2789857374
840277285
952661623
790206692055195649
798383509605875712
757015219008929792
1229021462
381889766
424707385
3378077825
5392522
5741722
21146733
573842268
16879936
505263146
299179053
492581320
1726853551
722669738
227409764
47363873
588035789
355591226
16871117
41744187
1461263928
1676619260
2518034586
894948936716361732
16314021
1694040764
820803594358243333
873293793818181637
797000193803685888
255189781
2826488523
234641960
895232712772120577
385642004
114188882
2728231805
35586563
890891
43910797
2479591688
74087670
16303106
1692335287
19923144
28214922
72475439
2719829002
2683435461
