981223184811921409
739359913
2263168662
3169214202
2359875530
842550390818201600
876070302786215937
3077486277
15309072
79937043
2811055672
378259736
769624199430148096
1122497183444537344
715601250146856960
18281995
39575580
33977598
24259734
868703400
869685230
74287341
4009593327
962003194095292416
581012668
3914772492
1083425426880503810
1146336729059799044
23231179
3186124933
2478729888
750022168675688449
15762845
2738139020
557068003
2148009361
2236028670
1080188052365029376
2281607485
867768476902989825
755204318001672194
912278708349698048
792856714827665409
1153068801686159360
344395626
331991500
270627293
2476353410
2911147764
1072308240891801601
187763403
469949387
2756378883
1875678475
2830773097
199276933
3334332021
336063814
15305044
1455967128
773269629292740608
255545898
834563235164483584
2314303076
2282724396
125088502
46094304
14198854
2194716409
723062362027106304
574786082
293439911
755024353708892160
1515728941
1112365860465922049
2443567364
3011754608
835534749712203777
18244358
17842366
187518287
1143687311814733826
835810082
1525764482
953691495361662976
410380828
16491676
1201340646
57797206
1136020790946738178
2341081160
998336540
92124471
299351525
1477039015
864571359954968578
791362452718022657
2410983630
1108110655893188609
16988384
628759007
2253798540
800459756292882432
1083398021230911489
23521469
1007606347800764416
788049179893456901
2255903484
783731527251288064
3343895003
188766620
796530653315612672
1035456789817384961
310957239
547101317
2982778259
64517320
768285056729133062
865579399151853569
981500766497263617
483533892
407476898
3305249062
125387591
851719711998042112
897267117753384960
742788191233576960
2191246550
462885317
727974706712715264
828626782827999233
347987326
1620556356
1074402260489138176
899569450340540416
50219768
455204484
62378186
1006419421244678144
904869467238174720
3140662712
68306839
749860360543404032
3126403725
366239257
997219844012625920
1126896766404657154
786770666406240256
29472053
491581312
90085490
2975453679
872084408383279104
919004995969695744
393910075
794659311561699328
266348240
315774384
1019245260080402432
977756031622287360
2537867839
4776695254
1066868172496740353
924709666873139200
195500610
3252933457
971902111851122689
275534781
810331766691074049
352650591
22544151
1043471059901534208
839631328232554501
1112513186283118592
112475924
3226303103
880369669689008128
805127431224954880
4025137289
44562973
951756598405488640
1010391148836208640
18019105
783792992
31977140
862037690597953537
1027550631387643905
2862238563
1383218460
1059520534248071169
89316295
1047093866166460416
2197365898
2354013972
1161618463
1088590896088707072
14195880
708427688722063361
37426657
2497242884
102413533
2395309999
2361413906
493403889
3554147292
494167286
801492317085368320
1088986172725043200
21495286
49273885
972573234750205952
936667925603405831
1062766010091085828
355036400
217247313
1017083766458736641
10033502
3077274823
2156007288
787379154077437952
708056688876605440
384923143
973540383950065664
2864117520
455363015
537028278
29342640
533762537
766208908532867072
3405695951
3064425898
567335368
1938129180
14281466
627292749
34317032
587736011
869569854138798080
33123688
978711829202505729
3445941912
3156529819
1026829613115363328
10228272
786047748508221440
1247331740
818159758972780551
2994348823
239760107
1636987508
416934863
320316891
4888338591
16031984
70784139
787718609313214464
3065266790
779733126859726848
61592079
1395837732
820354388778713090
1377268357
51272471
1272837014
709204884759945217
2314668625
769000534996946945
887174960132702208
3194584159
1051953241175412737
551422383
901607786152321024
25633231
3221746620
3240878650
204936044
3294026870
829338177659863042
1021050421023043585
600916866
977870673195479040
1062815230453927938
68547548
947433928910168066
16228634
265582167
930429304776863744
832730048046067713
466835878
602771075
3320767796
3378914680
493276617
279186819
1577195011
2580789216
459080903
14750983
57232687
1265810389
2811503196
2967402199
2602350786
1564412287
2702329087
3390055271
739855488
1344715644
867128640487686144
898952310
407387443
146712087
712707313757360128
2301561817
3937577533
1370512346
195201233
169234690
2450666744
910958307476594689
871430514556665856
930946432831541248
751409375504400384
720632954666377216
110059863
956635510297968640
3189142518
16435797
597213953
61872472
1490033628
2824494489
1873782870
741088820053999616
179214664
3417953188
2586103243
351028961
1030188160636968960
4533480619
1200487274
86860355
1096078789
132670126
989265793987690497
76348185
17787705
28267492
522593098
60817380
323754242
605960106
34032998
824966032150429696
3027709306
226011566
21902103
2418230672
3316501680
111932837
4474573703
2998003398
867818435765387264
806147340167954432
3110190151
303804147
744046387365560320
2903470928
35749264
158396623
785202386499346432
203707065
55277015
301339357
1358923406
403007618
74573245
14207863
452080450
2573539213
212404689
999293378
75865329
1372200414
1288552388
518184679
47247580
772186025036689408
2826749071
782288491304673280
1732829419
814589791
54819183
54811393
16928868
295951631
1399640347
50433281
160525094
1700632207
704825055423778816
5031151
478750126
123295578
2965041082
793818595738411008
856171014241243136
3904908882
2154178398
2225566590
958321164048191490
247610675
351566257
901961906717675520
4224599536
3471643024
4887535545
241382835
230492604
133880286
2437502443
1517035471
146123790
830154425452920834
758058172951080960
814392950
488300738
826875969092911106
4376908407
166594218
516983196
2853475024
1469913643
625070495
203714426
352886904
22053641
959478539375595520
17089636
3121005337
16630098
248003334
509278253
38042062
1960641956
3255997940
32372834
547866955
138564242
82321731
3285694916
50578347
937713890
2753003748
2331416060
104068477
442776907
611318385
305287070
547340539
426389014
265704484
62127399
487833518
14315537
104962810
