14729597
415075929
389529702
16491676
168508631
74287341
829772340
378259736
1363206528
636216638
2478729888
754006735468261376
12266442
323417384
636586551
35063780
15039065
79522134
20777047
5880462
46453032
454340464
391037985
138203134
47285504
994318648557916160
104969057
62513246
166739404
237845487
59949396
1689419970
26444593
24630350
18444530
9083222
18848520
2774940609
884928345342959616
249804301
900037251459149825
955886585979064320
237047303
476907667
79923701
54617733
956310577172942849
4721260669
780970093
68058537
19941017
30183567
1436973182
372762492
29442313
813286
14230524
15846407
66699013
629671275
19844987
210558317
376570418
213088974
131976246
16874875
478786048
2916067454
16421419
