16262924
779989652
2269421083
733209783768076288
863907529952079872
174382522
740276439027752960
2691306949
2661568868
3129607590
936254165608796160
2722612248
15521222
14225080
1963312058
236526490
159904799
279036722
30761484
100250921
705060452
326332967
16627489
1108725523532967936
2872693514
37072899
709422267365609473
1661058883
2378809674
230792524
2312760900
760253367733977088
1157792994810105856
985523859179925504
98188106
764657028
728272490011693057
262914828
14534896
90488576
161667651
122053508
10809412
1006191138645032963
3476
285428413
15883042
57502401
23275456
1873782870
212404689
50578347
2903470928
613491958
999293378
867829673945960448
958942482351476742
932768301851258880
1093113150302494720
959470986377793543
921004952545320961
931459809815252992
944665928406589440
784732532030013440
920617130109952005
922044263717855233
610643851
25070192
132594097
20361904
105075809
15154811
43848067
2360
19668775
3131665990
19843630
59257007
95233492
19416598
26616462
230944453
495517322
20444825
314758565
42558652
575655913
48966898
31936449
16174754
16629477
543876839
14897792
1425644274
42715919
41117987
1002571933710311425
1030693296
145662035
617492880
1022600670334124034
1202760024
3122708111
216729597
1043733599751565313
1545756036
60893773
888430475580026880
384615406
1840221858
824266421798600705
42697652
598955229
1050383053053419520
959549815947325441
964899362211008519
753657336678354944
3307579777
144435555
2733001508
1226458368
2463550338
104524350
636586551
19325156
277302744
2478729888
66182591
2537867839
115837697
798272467311751169
21164079
961132338
601154827
20169416
2908557157
400286802
2851488433
536364896
1036519275417092096
908390227210850304
1036239134954803201
1602525468
756379549714288640
985486861672968192
385860438
862993502212194308
2804323732
861842104581931008
204493727
2245619430
1107966445588279296
114675819
1065942710186582017
3312805083
876070302786215937
1370512346
3194584159
303804147
29342640
31443503
14729597
415075929
168508631
14085070
378259736
19767193
74287341
17385903
2967402199
112475924
16491676
825569108649340928
723105529623511040
981260928032403459
255087111
1063544681513054208
34575691
934795867659407362
3315610359
3229142975
816496604622553088
890054231243112449
38707602
861976616678772736
799077280668647424
410848943
815262148553080833
2322794390
4880400245
396437911
98947395
4463810297
1024389338
758383008
604007095
887090918
7864222
1658392842
247520137
2030711
2366004746
255481647
431728429
499189340
2348971722
932431538586902528
92290111
2897705425
824007239425990657
41231779
21414569
32163649
16911769
15349954
1925802439
22346932
3308531970
258429011
776450766710136832
15143758
2932698781
20946945
122780488
171782897
1083465257077608451
47359057
1062724264799989761
15810838
107399326
179308706
177416255
100076513
370111485
820745979796144128
94119909
709023589203316736
3075558600
853100948
3409898008
292742155
37837708
985500319688863744
1707893035
108961544
28178127
187930928
518745584
2840691561
89043072
958456640583491584
14461202
951963550339272717
21490696
11729852
783415158492332032
37504723
256954393
801614917002375168
611045124
853352209
2200032330
1672160996
1949796822
2818770726
21013798
2321256986
284773884
942017977
1061859804
531697681
102768569
836548849
2985495183
2255297864
4144473225
2318213621
2512458792
823615574
863043022820442116
2891546205
1356861042
2179881955
293289982
990661200810840064
877067931678642177
752867004634333184
708661038351126529
930179810835517448
3159692481
38911944
2214204110
1110407894
2294655952
746098178
2646424753
2324149559
501448768
66590132
3064758142
1300316983
592834067
469960224
308151547
69277202
185280748
180858875
134429434
325719227
525413893
20542737
11939852
1678601444
1451510270
285525664
917402840326377472
902413027013746688
2292813726
14907468
1101232220
1325571660
527535149
3312319747
723515397207674880
2475066457
1626467017
3575624452
49456242
7773582
6083342
176133330
51049452
76121432
180858105
13262812
381156549
529148230
274843910
838196180366442496
4345549096
629126745
83305972
253608265
207617689
403811306
2344060088
57629490
3431414189
527313448
10834752
3984270913
384923143
989633635
290180065
108408529
12963432
1130825233320034305
716685964324823041
171898924
600600278
525428441
41625921
4465823015
2533969802
215954615
2474960737
949344121
1276037276
15534471
27686495
2786669582
938350616
702785870710095872
14892330
5943072
17542672
58913244
15706833
66185093
38470444
304568246
46840090
18264230
26378381
11968052
232436074
14930686
828293466128056320
754022410689675269
1127714731
1110768968
932385382792036352
1041656965934411781
152179798
15604291
3316108751
537333195
126030998
201589912
276933742
9989862
154986886
7109032
1027540651016183808
14118369
23197805
784681561
84823887
403789457
64048774
958313838742528000
927314469600088064
16402446
409887203
378228706
776104855593185280
756601542757617664
784077013481033729
171674815
2704715387
872592792
930224996785332224
829881163472916481
2316100129
794981505504161793
3433407383
865136242446520320
1114530866351484928
1447245938
182385404
260782997
175715490
108559468
295870860
462595092
15429588
100739264
60368411
14571447
62889094
14429550
155506361
58304160
351702234
2460356622
201488333
489209507
15362595
204261944
250454232
1858378633
64094451
3216845588
14544467
373332154
2799725019
1252827122
14242308
22588504
795717775989833729
163154809
12524622
2284741
17241055
920163651939643394
1247464470
16884623
10255262
14157064
17850415
37360448
51848919
803133209177272321
1957401379
265821564
2840495162
12668172
2423836432
413496170
2688217200
2416760538
24090491
2236809824
88852971
18278296
25821918
755024353708892160
1515728941
967763125142544384
247253781
186182746
1537159855
19252539
181276315
15191205
907281
402245629
245295354
990552499693244416
468860518
770401957152301056
2977334326
1223451
74645939
194139019
105233803
13861042
1437059551
792440617926270976
20644692
1027912538376294402
156016878
759761955074691077
539007803
975382329643253762
225962422
241677789
25219709
1505733014
103652294
2764811815
141376289
427930773
274200127
2279227387
17522518
14572517
22311164
17560522
77710660
430124690
78905469
35612459
1429354826
918235875678416897
1566409824
506467360
2575473402
915132386010189825
861471883220238337
1314586909
705184022410858496
3061631535
2177496018
794631618
2559918498
224896427
331202983
2318709008
111924972
1079426360869900288
864555701783474179
974502587872395264
893173392479850496
6815762
14939200
28828401
21629059
280790280
247959539
41148474
1030234687548129280
3330520708
828633573875994625
2737079191
1187330941
1603439773
819200364675072000
787506663838277633
2297143668
15533709
327337127
867868723541139457
83237964
1102170074998280193
1361017273
563963749
823496293305683968
57613118
624218374
125732577
2293075705
137492822
867561316143255552
77234797
175570623
3080761
1047778194747772928
954369145554063360
464979933
819567113484509186
814731702
148465548
986194877355646976
748942000209076225
44817849
748939662316625920
2697715281
18193572
15693746
1064218042304012288
71057512
2317530066
625070495
203714426
16435797
61872472
25633231
973540383950065664
899569450340540416
956354678
491581312
430143424
2255903484
1358923406
488300738
611318385
305287070
1288552388
53544002
410854648
923975767658287104
15671144
53011423
1015210833767489537
377299988
2190400352
5943622
1060494825554874369
130051975
263633945
1491081
27107126
6302102
62220581
79016717
2777974996
207618939
51459324
3287150293
26399922
119026899
2374401656
771515436068380674
37975275
7456262
4921043380
2835451658
870324519788879872
2864381561
18499160
170749456
362668876
14700113
2900146091
1306199515
78683448
356408677
133033883
5210751
308895592
1060984951645130752
1663406160
40854900
316327930
19788990
1044833504029224960
870652799045992449
757270831600840704
2768346873
2855854300
294710260
757843885087268865
144006578
815932861580791808
99401353
58198180
55015468
8935052
899825822072270849
386513
67141936
1085154709143543809
1096658581
50027362
841874899442511872
39494146
1244472266
38837455
742769911
636216638
1385861262
14852707
140999638
16280541
16652676
14730367
69663817
14730924
1465659204
260044118
2554704128
3181676683
19847765
46557945
2167286587
23851532
1498780964
1152296594
286574498
865254426101067778
734995453813641216
320846092
311893
5749142
5896262
7180742
15334840
3242411
799574
18168397
327460077
1053002191538216966
1646145230
128903447
211106542
138141969
70960617
2220183580
342100367
2134761
14103557
10724012
14056827
3562421
7611992
351016443
975320636338900993
58882425
2230433162
76944176
28639448
25120383
722177528
782772408390258688
435541839
745576374740606976
33859714
1705052335
346564653
90359144
566533899
120233868
168674628
41603960
13404292
3659641456
28852952
90169053
2367347317
111456333
204196157
306300442
285622842
139173680
57926717
73845366
86626845
4136381
3616991
27606298
16355778
73172065
17560195
17179368
1060299146546958337
334921581
1398479138
3775360879
250307159
199138365
1635352992
1086870883
497323353
3115057871
289461078
16017961
19259102
59226213
90721862
28564763
2808510044
66375473
216030559
599509095
254363245
14335586
14606079
5743162
79899301
30050899
115172311
19034656
2216041938
15173859
1726074810
1276068319
18137723
15143541
3072190684
80862758
1131922207
17250828
1535034930
1278778351
1006766551
1379574128
1710714792
751635697
108672937
1549124424
18143413
525334283
1139903348
116775999
118824116
235269670
158018462
495325243
158438814
716699611
43886970
296985107
144853604
165848423
29731124
31227243
15346219
15836200
16812515
13982132
20774514
16404772
18676162
14792079
19692478
7348612
20715956
18977822
319110295
4156957588
2306171828
800121686
609907253
2348134213
740657209
90845721
62777265
8960202
633
80730160
16147557
152143
864926050035400705
760513107185860609
86328927
3793960033
5010891
14281980
857429730852716544
1145686112
531071556
217139439
750412861789265921
171753658
1480278008
62595772
58946293
739392372
398437761
735203813921939457
6146692
364326920
1923903962
1707281120
1323411865
3033693676
613510703
47680006
1012061315043676160
528153058
826190280583811074
1287224096
117562853
948373380016766977
37924398
33971066
43371505
4833
93428043
2727051
2969791
234688558
19767495
4726224255
362246318
1147039789
91137260
513248603
255145444
39469351
24433975
39455973
1015724504822222848
32318469
239952356
780926406
2730681163
3937965861
964245475397373952
55473284
1585515300
501968170
303687748
14420872
23751864
182828968
483273973
75503
142389870
342089536
43878033
3910736955
2752062700
18409071
873384639775166464
409723754
473332327
17299734
2927073098
898427921546661890
444582082
2775634827
1171253486
812443128368164864
3094698976
56648500
132625446
15788183
15680514
14453232
2194914168
17880989
371635567
169049910
2485711525
25714446
990857147553669120
723963253391400960
2706993090
1711403796
988807935055843329
117856715
1543382058
356795707
172145144
3005617779
1517300821
45615218
3301321379
288755234
2519044628
301863076
55643029
274991683
18983429
836177825128460288
3245034007
16796735
3433210978
1222068722
837320959
144611647
39216185
224395798
3601726756
23276463
2253438907
1920163916
870080730
1393375963
148299023
576647642
3172421813
47073443
2883988803
65634864
98626962
199435024
100739965
3955441648
84617373
2278865772
115097756
85526005
90435017
786865321
501861132
85286794
5120691
27860681
14499829
25098482
25390350
27628334
318692762
14383077
807025762708688898
1631140573
2188619364
842824397496836096
208212889
173630577
180493678
17404765
2315512764
11582012
510464011
884578187392544769
2521546890
282709571
2573480784
910492003359760384
3949525095
15626406
18691746
16048796
277437617
427082573
281877818
944528546126532608
1584642529
840397333506416640
893847693709258752
973451672
843469428390006785
450896622
862046225155203074
1660725607
1323214644
629814575
3060489838
3604985243
2209778173
2218461564
94661739
271508349
1944785940
1685849892
1355208187
2842680557
561635737
942566005
4794418649
525436671
234977061
2720129885
31509429
884394118394372096
56448081
31282707
70608423
22737278
25103
757664
33213413
103920270
398952933
47678782
2904169317
156411211
289853473
191945961
931508449
772133438019235841
975369655559782400
1700725878
235479402
18284047
16960160
293116923
46300208
74599038
52133120
228586748
85906238
183548902
45373841
635123740
575932743
2802558480
562817107
561297215
2557915058
713648564
153814910
32378628
340511174
17088295
781941519666282496
3251393238
837729328624435203
1469603575
1961333743
15568127
2772690236
4846466523
884940615720423424
9073472
3035183724
823644602292903938
248823377
45717046
2922722177
100873706
762709589049667585
777604099
52640462
43833
3208239154
353963359
2386262630
374264753
387697086
743696568939753475
14908120
81869176
32800037
2719401787
18222424
920711844
1021544649637261318
999366494571122688
14865942
37547071
1032740106367651841
42920448
14253546
38699900
1888981
13640822
77556243
2877269376
879783542498217984
780993961
1321576200
831895430
116630713
14422825
32232142
111339670
36462231
831470472
1265726480
17071048
22642788
6730222
49753604
16399949
22522178
14096763
616353890
364488011
562185401
17062583
376807850
2996351899
1796541
824375966680104962
103475064
1011809173254877184
2870304771
822178125446516736
960218275308298241
1242409188
3257843402
70736359
14063776
86731307
800402043517091841
3638781
3131295561
77815209
67323353
1286664319
492594528
1600937988
793879086
375246970
540317609
41364237
3099703304
18430758
29472053
91857071
168769498
344331268
27938182
52690136
17939037
104786280
20779255
15439395
62513246
22151193
704825179
212244392
988698608345276417
699263
197263266
298219405
53782050
48260231
14943074
16748247
2511166326
397782926
399363751
950122304
73106078
387663628
2269701
1543121
362469218
15626745
164024777
21820400
927620619084189698
68474641
832328816513069056
39547749
369433931
8003822
467835117
223236465
2266487413
497151055
14368342
19070986
1819511
12503922
14447365
20753504
390732311
855835988
14874343
3363584909
738700495171289088
14664211
628791644
18686907
2073391
816354
13658502
820431635145510912
248845681
17142160
2963417238
557068003
25728193
3537013289
2670271687
12321962
12303382
286654612
18300968
2962715181
3860608400
4106249358
33262237
12893642
49313109
147692993
2281607485
55498202
3948479302
61731614
366836768
359188534
2490180804
829490390
14079134
16616201
12286
14549595
22467166
2894733614
4034271
130393908
1382974668
626349562
2418760652
427558881
277659476
522519631
202181866
703084614
916031611
193570988
969396213123465216
1952102930
809685
2219565631
49279876
62316970
22387220
2170049660
14230772
709644992
334737627
988669616959512576
38093269
4662933002
324764722
2561784308
34375232
896729744133296130
4884511240
932648409076518914
2731787594
241200079
2384489119
1469427907
2407377858
541858751
3287911411
757697700691181569
2814052832
380065149
228667683
299210664
244555765
725619257644568576
4737346305
784476902287376384
2694693462
54280376
2919835064
755068765365149697
782266412307845120
728960094927491072
153196789
1720046887
79440047
180993910
14596050
898805695
2781430855
70831441
2956121356
3333052551
3918111614
29843511
37254334
50393960
1482581556
161801527
33836629
130745589
48008938
216939636
775449094739197953
68746721
1408142352
175282603
4669215500
1208805966
3298690346
197769225
18060782
14761655
785785638951845888
21455761
229708614
191666539
267366403
14425576
807515
804775
10587552
9271782
80173978
25386045
890273561574875136
765290266601324544
1027478142
95652758
1183382935
101264566
3169963433
2184943214
61016265
71643224
610659001
2851146208
3351698086
2645602164
142776725
14607140
14405393
96247809
2190258529
829024619541753858
17453527
267856525
989316882422353921
8917142
9395312
20844341
98705778
84653539
49666871
143170980
2878573575
603367602
793458085733994496
2750994354
771583225466531840
64734554
981469751699476480
109789717
277375539
242423151
17664709
7748752
182236262
63597010
4853134449
1126143913
321029318
168987151
315465682
16595025
15810697
978944851
978954991
1282121312
395477244
3511430425
29221344
22029553
19344825
15737554
110798209
249724351
44442099
14750983
432047363
1903784376
152840128
176774540
2756204761
14195880
880036914945982464
1540951016
916316755659763712
26452299
944422883161341952
14750499
16408008
2592636546
271858833
1917775741
64591392
26138276
1257914742
165158960
85136701
85227160
875029068223315968
2334193741
372536101
3817401
2864960801
37295619
453553264
1084834597
15185020
1796301
37036525
2993442316
56913725
2781092388
18256748
14426806
2186805873
1700600047
110050273
114327049
3351068661
18663556
296946929
3330758063
109303284
2366113867
313680714
370696063
108185769
29712635
14352711
23966893
742700164343844864
973242637468798976
20956102
427330274
256424454
147393852
112137024
727988473
184844481
178018894
186006976
192134523
71693587
463983021
310293561
754217609596284928
2707382712
777532505176084480
3024659098
227276239
734277971301695488
3875074678
868998039205294080
871019734652915712
2906453890
33856936
519438862
3656836876
1330890055
2175609526
6603532
11033
4102641
2185121
5972632
451240433
6586332
1279634682
17765013
29444566
19418890
170718652
22874473
21792962
47256485
14518666
105327771
281627499
26322969
575415519
1084492824
1382525676
1008166916
124512450
1266087331
32232539
2448077035
51477306
152220811
383666120
229237555
288892765
884507455933353984
17974481
2163374389
960538579993878529
728012379322077184
204457677
15305886
32865583
395720897
2832623057
4158529099
1226190540
18271443
1551570247
229638560
788867463739998208
1973051
17766458
25757875
18370424
17462502
914136618
1941541832
602721749
54751981
2341248866
100598612
26951743
1924414555
9909102
75062782
17422919
131644899
714514433
1125690272
778897
325635669
1035472382
880807855049388032
2654031992
126707328
2589476659
2992052541
2652064118
743079415077347328
330878154
16569802
77062104
483521999
450842550
7025212
11791512
22790881
22629635
261126954
16136933
19659141
12035282
78729443
100597569
54129186
293310504
167418153
353206839
701157818095837189
2252942868
282165404
14924745
65845659
977910404
217224560
72604554
541114477
364599832
442552276
331021577
58326841
47565440
1863182736
354406010
100564168
15447522
620668243
81458523
69329410
2281370629
1470454561
14681233
1674598830
1978902558
24001364
1633073040
191157209
798873782211448833
127482097
717353881
351839443
3185889936
1968424076
18408919
2436389418
2958838279
1376608884
46769303
835420184
310762787
37350044
823518894182846464
2308474213
47040514
848511075935039492
809731153506738177
919287420239138816
116877154
195840785
361974796
185817496
26953478
51546468
16892481
2993148761
20609518
2509461094
2377958781
234309722
19959946
26567591
106234268
2695392493
356584011
944532769501270016
929038351444992000
1316023094
815033787645972480
579299426
324766896
31986700
153868551
175624200
1686323288
2281249544
381187236
2326272180
35432643
1671811
752673
7567012
223923566
362022429
16629132
9533042
104245499
780352565615681536
790964574338027520
47494539
47207321
5603992
23487429
884741
12130832
27867511
756475
709804433299939332
18975847
745323216466509824
955557971357982720
835186673507942400
801500075402768384
661723
958506480
3238271038
959413785621606400
26259576
839536712
869416448
764372598
1020108763
579300579
429946250
113689722
20811652
61524685
39551364
17063693
3328300770
3333164561
392984820
2540740201
972108392
471203028
2436225054
1681792338
54950832
2362979737
245661179
177039001
2832427459
2446098792
2340462666
112476364
22291414
751683010072903680
4196983835
814667606
2790208140
28977040
460544490
139162440
313472117
562291920
28406270
255860782
415750721
154664965
94860638
27717236
154221301
15021041
73469605
63506279
18275645
15276283
347486511
533539874
15936867
39797372
162337124
1424909737
917417683452297216
890924318
18372747
90289733
427059614
395978320
1385647819
30618215
96102210
27596259
12819112
3297964135
3069212042
2842668827
17656843
8000842
19413784
70513915
2269578620
23971403
898917341051965441
2568108282
29958760
232680302
793795
14338147
44196397
17006157
2960620224
1567869552
316291431
194688433
23821691
84180288
4657593089
37912972
63292897
2967439622
939780386
990515768
310749335
879740958715281408
1264444052
3485226132
1974913538
1056063300
818867032078815233
945970360838709250
3252642408
732468398248992768
18488899
806046728528990208
2669064530
37686334
745273
75349101
713433585349488640
594666501
21611239
997629601
107225267
20972371
28583197
14589511
149180925
611941828
1526643050
2595244026
6624662
3826258097
788824009362247681
18380428
814281563265495040
21110858
48569578
106204123
129054853
5601642
25046334
195738329
2871094552
836283571
398088661
28049003
110075039
133238209
20532109
46130870
28132796
70345946
395367768
404946566
22839233
125695429
53560219
14504859
13334762
18466967
56505125
45496942
545363950
2142731
106682853
727213040081489921
19371462
787308845307662337
865686872265072640
4888493863
399937686
763370278252666881
3731105413
3062774593
14586929
507309896
170721740
10230812
166154241
1512200244
103086746
8526432
22386062
17920489
900543984422068226
151535146
120768175
40228997
1729289012
17606964
2359501010
16264539
531712932
216043045
778161137477091333
722682203889614848
36183930
359299032
37918511
37677496
386654463
111740857
3146214608
3408570107
88751152
105092655
3252451501
2977054068
165262228
2689861
20933789
34270684
16781974
838383085918044160
181567056
50274209
17635878
2600416182
1636078940
