1142605537307181059
1083425426880503810
966475071580725249
250887629
1080657745622241280
4926409928
849999588
2331926927
79945197
721247822
114877085
70736359
788884679197880320
2303421168
378259736
969713480897937408
423072359
1087422742343888896
19412366
3188284330
30018600
51476986
1130149945741328385
3316501680
104068477
2903470928
50578347
19518147
18588279
2491852765
1475438833
16619709
102413533
24199683
19549124
821029500746076160
545443555
44944668
1105013893
1095145587073118209
975399387034611713
1923959160
842550390818201600
986794331582365696
1066868172496740353
203714426
862037690597953537
786047748508221440
2798873679
164345736
998740584067162112
257617636
1052093105615200256
929528095870156800
829841698565939200
37710752
174847568
26396117
897861037
151725204
4696728842
19725644
800459756292882432
10328012
151650579
246560945
1548664070
3301860092
16630098
818900566092972032
1020952663
2314303076
325307655
2885758054
1087919174536609793
552330771
64721924
1037090397317722112
1869891133
498422154
594348996
900879343
4822463661
2904572142
707161285562114048
289859486
704258769392422912
759251
17842366
17471979
16895274
19658826
487833518
14647570
19722699
967406219714588672
2709392930
354401573
3275037368
2967402199
48988084
1072942934671179777
1302316374
950472338
2478729888
1363206528
74287341
2537867839
636216638
16031984
904869467238174720
16491676
3257557745
1054832486763651073
64813608
892169551
921199153379766272
1004366326427774982
2252850199
890226606509260800
1132734217
2327417043
884598527820779520
838887334410092546
330055239
30054271
1021454340140064768
156989502
746546963655467008
444945609
1184513965
324199872
783554035
225222171
628963974
764823006
190485469
453347031
305287070
478750126
596025851
745431858024943617
322295651
872820462
1349768072
815802512
300505443
883518776
999321513395412993
785382896
424595460
921580593472856064
495401608
2429866051
12266442
1164765247
14202104
104086983
421572514
1000786950633246725
2624483308
433067903
377478491
437566499
831723789998288896
2424381558
905977379440480257
581079016
2614055640
868542926
1045880773
489603782
799241222
1663699381
500378744
622993275
37105304
580883378
4181700561
385952783
985610187536064514
869205915072962560
2770627819
66699013
109418286
813286
267396818
62656389
889122265
1228709407
913220744
862042379083284484
37798944
360063281
622996209
1335112303
2833024980
954394236497088512
4295697684
3300784072
240618205
951668467589156864
488957804
2644458929
699453058644897792
956313522685857792
308795938
950761923569692674
956291574996008962
955579443426287616
955792973316403200
948599071362764800
18055737
14315537
61592079
16435797
62127399
24229076
821924259232681984
866426699193491459
1096863181
500357092
565933670
448476934
