1115225592432144385
805838362850430976
1149825364958560257
742690797301211136
1017348154126209024
1064542376968900613
2294101032
962177443120390144
2946752245
1051551378479276032
1063792717501620225
1064823633581826048
2775869414
1067697327626960896
1028283977281331200
748384929680089088
1107655093472641027
794503353090932737
1078219242548281344
742955483984736256
1081163877729980417
1067031908016578562
1049414265029836800
1009789169550233600
1134021403731120128
1071409572873564160
1133726081020645381
889860457548337153
884037403903631360
1128608256052457473
1126404807068012545
1084793170859180033
1029624953908285441
876273508178735104
876041357311131648
4881771240
849503561620869120
3177574068
882643164594552832
800252397322801152
879061411527147520
2184185479
1083888384815247361
1090626156502540288
3189536948
1033008177376309248
3100662583
2865179814
1116678682435735552
1133669975565094912
2754461732
953117919482806273
1130770484469960704
1052888651284148224
851780093076684801
1110765649708507141
1119980725011460097
1068455342554660865
1125738394749894656
1090450593909329921
1072222315033886721
2239127023
837884954079985664
2999242152
1033943588738985985
1054324661436084225
794134609772482560
1075702203090903041
785337261437038592
745917744894345217
1066319612
1151428273554878464
3791482045
1150135626496221184
3232393554
1109506551096573952
1103860407624556546
1057557859674800128
1933149966
1715211578
1039123307583266816
897094957600825344
143007957
1128377820353310722
742708500
88218655
2250813816
301438760
27977984
201626413
6385432
20640328
1946130192
1419880830
12480582
13
12
29018269
236209129
15517162
17838100
54333994
152680420
43934424
294122577
30205586
2390527766
218694863
95888725
17543268
59517188
96678495
19475858
16260246
3616835310
14987747
15237626
259791648
1100041913732943872
85862070
425327371
1001894929096945666
21051867
1032369485255266304
21442707
260159977
1861947504
1073324225224683522
3295500433
1001509211635761152
292595423
16173427
108972770
2608653042
3166044423
1088145146867339264
539233253
1106571821485342720
1110200754936209410
1112785149144518656
983097953303908352
790944671300132864
1116397380956504064
1123974736264953856
2927183191
264960424
1139242033246351366
1126842871586402305
255522806
34519573
887109217450151937
67358777
14293310
8161232
972651
1344951
15492359
816653
3108351
25053299
5988062
16248319
17266725
14800270
2735591
19407053
16896485
7580062
73353639
418229161
859485453518548992
54938044
822658698
746018286618443776
98787180
910934238953840641
37673371
132343499
144505830
456161896
226892908
378175342
258143215
79963913
158747597
42258863
10012122
3283481
3355927865
176976819
110175838
339114250
337461780
2177267630
2685714834
298900646
934952523739336710
540743039
51450199
196421215
7879202
1002249895007338496
277599962
1028285198381838337
1130742463239532544
1121773503663964162
932987237142269954
52755399
62302443
55696000
18503080
2405181829
1101715021506195456
1365881850
1002911587
602007446
163508831
838571401
522599423
514958925
1032063919
511338333
2443666806
713628499
1865772331
601511783
2933048203
975377780
431255315
2384360902
2564457856
1181199294
2751128635
2367797111
3012967057
723585328007753728
783485853964304385
3451319663
2539091890
783871232609488896
4584193877
3077360649
1073668130323484674
755571629103742976
52584039
1291199636
270451177
1018130880072683522
195419597
318485472
607207100
181912222
207346985
2190099804
526871737
384098957
841293352305860608
223416400
131942721
2467878368
15305044
3030508523
915719034
731230965700251648
809980906404454401
1349588593
772396639
1145330779
989633635
742798658
1680944431
384923143
283696216
1548841759
2270776861
1895019607
168508631
581012668
34317032
112475924
14729597
415075929
378259736
45145743
143251923
143086518
40167310
8398722
1511938453
3761911634
4186629854
217362479
403332364
3232028201
2596334450
1081118329106886657
67492784
432091243
266661210
894220471
3187006231
145638026
372314736
948315093619630080
1036382422244450304
863038931021033472
2443881954
385675865
2298819764
2282421043
3855845415
894664543632105473
719996982580875266
2542253028
1027292938810941441
1106231609639010304
1481841164
903490299472654336
2238194714
1080907646478311425
2408077594
1032715837067669509
354285479
999998754030866432
729014878715949057
1063743539597778946
1073153792890286080
911994933015347202
1026087580071276544
4822126582
88138084
758390389522960389
3525528135
1024053913
1144477124
1387842409
703655261551124480
789426189983162368
1037364207279394816
370140162
2513857770
376188634
1033346911
3424791177
1134667351
759441793142366208
2399569721
330497360
2981123691
943768059948535808
1033599818
101493521
902892967609999360
957124289005871104
883662304000266241
967066346730217475
186791145
948331804427251712
1911651152
986571254131052545
4110998890
1001481655314538497
364773354
432785283
898132336864317440
927613872390975489
942458997143166978
602204927
991978363182084097
961646750808322050
3199307804
958860813498048512
955210114293747712
422931248
297659574
1699225086
942648416038981633
2233608944
902327863491387392
1022556504300371969
934900414369206274
850225146564452352
3248345385
3029751406
827813741399937024
823225855136632832
369494873
877044433019166721
2513587511
387719537
2310404615
1285133436
1311658357
742399356268122112
971678540461694976
19208479
12609492
1117367340
2392114205
392762254
843883549266731009
859528752
25106392
835280931535654912
952189673602015232
255220779
724689073227571204
3041417235
5487692
4782863450
23998581
750137855343620100
748557518
3285155809
1514583126
2204478432
3965935993
2357414959
627611001
2486155460
548187923
3798285913
2405997602
1340560206
3590679192
3965076860
3478169653
876891438201491458
3969889393
2731994909
2645414222
2978590297
1136623627816853504
1133435618984259584
1829708546
353157060
1114561474867924993
829151906
1108826325605928961
18905829
325645718
501804122
298726827
7996082
460379777
91379496
163514220
62316989
2471442691
368318530
1054518256541843456
553590057
980480874
1057340059081469952
2576167322
1039876620029448192
995620023732338689
949965494404243456
3342922093
1012010157373456385
2343812884
15893565
2690801280
2173126242
1606204927
154291719
161859826
960962354962882561
78974530
21895262
715962094080946177
40039022
3760456393
1086277765744246784
1066507528488521728
1052382282223370241
990586137252122624
1007097322470289408
3488191932
1102925044760612864
375810133
585090157
1067848202915889152
1073994646236397568
1051446037645324288
1026071074675585024
1053798782872227845
4245544156
1090799569418575872
1088051799645405184
1049843387510247425
1066428079453741056
2996977875
1052257652225572864
1046454553145749510
1042051992036802563
1011321932736811009
221422704
930210429468475393
468070895
115999399
2466488401
710491512140800000
142760677
3004904470
354606357
44368756
40481003
465116834
41034175
337255011
114464878
50660313
2943012173
2214143851
1138474057
1252741700
124620628
2893419627
147561415
542758195
346773004
95479554
141599175
278085316
68804501
3484230853
2665689192
3375003411
2460562049
106409119
26509311
89748022
148183705
317359792
2187367936
45476420
4827604105
772999598495244288
3981585978
905473677860282368
975050922912075776
973740542755516417
993243878911246336
1028723121187184642
947982538823254016
615490879
723205137582292993
4919153924
335478227
199800572
4159832837
2823122221
4767570695
218715240
1072873813
2997129670
1157260682
819763838
885292376641634305
706297790532419584
4830888463
706290377280520193
895124831863222273
931176325888561152
733719192516464641
2606553656
1172471719
499782872
190697935
961024916
64175966
42068358
77919417
67792667
40924038
235315322
317491857
94081568
126359265
109151059
108597282
19215007
62200856
44821205
565018598
68879474
38233216
369071002
36850903
114316840
360733960
273918512
333598700
73479414
22952132
312404193
222332622
77010454
92670884
211860291
108341788
104320800
82675803
364415522
77146291
166399621
66493590
96577264
174298035
185739457
122205117
109117237
39689208
71306695
31037345
114199757
17610600
55430495
164337425
30263313
159210515
139100645
154198165
367280332
147626995
314669439
50358937
150854450
355751553
132062980
54972104
132305851
129887894
104730034
61025683
298788737
119891985
923235942705512448
106506820
88831488
109881686
35727265
277579193
143005028
365619528
29645014
239858009
133039516
342088897
1037144586962038784
1062831678786297856
1034596778312708096
1078847451862310912
1322674058
1034598756572962816
795677194139947009
1060303869681586179
1062044495133491201
1020073266335997952
4237331429
875922749704687616
20665465
198802454
1088069814055247872
1142896256580087808
77757207
943916418965344259
1970939802
403871494
949747355322126337
1006055524666826754
278159450
2793124376
3398518095
296406287
2493273701
2159236084
3198684561
378174302
1431313483
835403002055913474
723906164
402048677
1691922468
4855801089
840494966262620160
826733053443764224
2966967325
334436766
309285803
326228682
713586759599153152
36730070
2148667369
945650138
4882863921
1657322456
3297776226
4103874433
1652951942
140731397
130979225
158719261
109728961
123739544
350829594
1300181684
723809134009667584
132303773
167707382
491151438
134614603
425707582
946009902434041861
4859504416
769003932358103040
149093702
764726818427572224
810017083320733696
2249731296
923167598446911488
782210156322893828
881853074301734913
720257453221261320
2889583434
1018068704473559040
104538506
253738973
958712968656584705
704645907069800448
973555996047024134
1011538688705159168
494027712
963689020428439552
518059551
959349734996520960
3157920490
964511525246398465
726044078933200896
299739540
1336902901
4744788023
1359665768
169087881
890193479762137088
3717176774
931281231777542145
2739196522
880903683768287233
358326873
899589433690902528
738252315971452928
796787339699822592
708861192480038912
902582838201069569
789404616970506240
956057727788306433
3466899313
884375625225691136
596570972
1006889271410790401
771938147349458944
3515814794
995259809070047232
4666855339
992893125440962560
881822150939656194
857989001151729664
2842346959
913460348908441600
750843380
3256536781
1001525789261811712
3303334993
1030867449338626048
959488311583756288
735605995938799616
706095298515484673
1596642901
709107985201684483
3617084718
1085936507779772416
720139400978370560
2562672466
2904586963
4675924038
17140636
109830840
522367923
555922954
544592210
2268688387
781265978
750278508
1078571433998061568
4853646252
487861694
741155934
13967482
3301772073
1018065652244992000
329940774
3005333069
1041686604161605632
736279747957821440
1482271519
2654557544
402473061
2988263932
871525371652358144
4494210135
4740496403
502370373
1972572684
349360257
898528644
2559394439
740848903
1890136244
3242646985
2780807322
2560869963
750456196801368065
3146836021
741783323958226944
701199032157396997
960313855900569600
861692666295222273
2579822443
2955339724
2458734974
1373712132
3383703801
2307369631
1687283233
2732095581
885739808
2631843616
2723036061
962169179997720576
601949404
920993584991653888
852110779
798763728451739649
895130632233164801
2296688524
734474022033969155
829782098
1894502773
920421573827457024
1330705850
3405091498
487612460
4367547863
64091098
3390478342
480377602
612708312
606159191
717981581
2192696016
118563078
794169102
1727138190
543835827
826412785
605898325
801062544
433642849
28670420
548800060
2763264004
807793639
531457113
3000045216
394885303
904905163110043649
577556334
2245967711
346951206
2282870938
2593723836
1002132228
770972408
920380317713813504
1030323402
2444544102
3076508175
2559177628
602305652
2288286292
1641025662
2733649465
746272921
3177026951
1078788194982862848
2325763881
1095040785974788097
832634513607925760
988573210257121280
2913056268
1092838204896698368
1100499953623928834
1069078639692709889
727301678865743872
1051558268886286341
1002025585781059584
717551016036708352
2521227325
4830469197
755551327925612544
3438684586
3171346499
4265535148
4236553715
4417795822
747978452050055168
3329989768
2378027033
2553900980
840336730200895488
796427426
702314276300705792
378811464
2516336592
4239717023
3167814489
701988457225265152
3383944959
346773187
2555160018
2194763840
2780594647
1581106718
703066134686208001
543010001
2225691280
1312266098
543966516
3111796248
2332134158
4114022908
602067524
767234714079993856
2369815328
3383461282
434455017
2453957111
2276313597
2305191462
2394306988
3506987357
2815177094
894615258136018947
1059438222391078912
1061021316520775681
2358612913
939330941331402752
735581859938177024
986355306203664384
934831759803510784
820778639696527361
747171890398109697
765007218
2290508287
3042243247
3295883840
3325018042
2905343820
1604191932
896336746782347264
1671894439
621463151
773968211964530689
451325753
1091819757937004544
1733371093
1108718561076355072
985996916
1038377141765844992
2863131578
996119227252772864
3138119780
1049790602668371973
523972930
1053610270709465088
2799222679
990533221128564736
404396098
590346965
1073372102630232065
3155769377
304942388
285163948
154140901
182317200
163020501
245256202
1415372138
338969642
264789274
343402258
264422961
523589010
1277286792
869325224
3419940737
2241596925
2233223984
216471007
322637532
268192154
255515879
76725707
213574443
451343108
80531038
3331837174
347075208
3061617953
214856284
2979105539
492173294
101692365
293604809
804108324
443677181
3173512948
281718160
492162539
264376078
221790511
1078974907084668928
545965017
98080974
386241447
1108346761972801537
229515050
1086435887007916032
262063267
311941597
240601558
1058045551931985920
76691248
381416280
1034567495267627009
491131290
817366451044618240
902503200728731649
872403805148553216
1656109778
1049420104314834944
836684709363085313
1017844367455870976
786278480510001152
867739479326556160
1088380668470530048
1029328678889709569
1041951077682343936
3570832333
277449014
347756487
44715797
217119111
490578420
311684870
93174945
1084045573525774337
992832305571028992
1544148552
3203731
272250951
180085648
135249573
856124874858876929
31126587
38850395
40918816
377522595
44166798
1633863487
407450137
455863245
451585157
442178445
93997039
322889899
202315397
323854120
205707779
274682508
60600106
787765068
46422699
97559392
202643200
153815481
37793684
340331600
22844341
1056182258
7973552
17590505
148715590
17000333
1004731015
17653260
107037417
15282064
144612928
27295244
236028023
14062554
2660523104
25324110
951703932
637329192
2596901521
439359840
2876139185
316518255
3351161049
2208397417
1414967060
29356679
3084177425
284120863
19140447
901176732899790848
4916669339
3254326953
548148082
938741901536186369
1002957220680617984
1015557312101036033
3453779060
1031621623420473348
1390446829
1681396668
306672343
169086388
4826526167
1043227952589283330
823606898
185950890
540883259
1069304046606053376
2788582465
776963666847604736
313871458
966855944117407745
3635929397
4048302143
1127631722907086849
126337566
54074733
67789407
55426846
81830722
136139265
75922852
40693873
159117645
270910113
208103059
891005938106224640
3176719503
28609679
2553283110
1010351812598120449
2782971799
2301811018
948957095109517312
3599049021
701015905392721920
1035073662800547841
744880672179814400
907622813804109824
2710285114
1030920056212008960
959101816448475138
865547932229029891
1033012082445303808
1033099723064963073
1033657995048235008
986725205207912449
1129024674581614592
120128514
1075494020644777986
905919129630146561
3695813001
626255815
803353746
1095904476005724160
948920255186919429
1104880437510451205
132207470
856997389403512832
1102471910397370368
846932833092321280
1035257574294204421
834834274373292037
4873677021
1019496814372904960
2175692852
2761171581
927909431689596929
976521596289671172
781099848
322329874
2919745939
1026203285378744320
1073286882493124617
341554432
1045052580135661568
850198895736913920
1075597389342228480
876283743715053568
784539252050763776
1073011059668148224
955998120545943554
1041059080515706880
854778029498712065
1112742880307802114
961653995088556033
553280207
250821981
889860289893715968
1630052118
158533234
1125951315434041344
83853306
4520943569
942944661366124544
800002509024563204
903073478189883393
945154465874591745
914513777248178176
946447305716256768
892735142413971456
264731937
1252792298
1111102480803192832
823340186868166656
3267709069
4801769623
816837702926503936
4871834827
2740500095
1117362664940933120
890054231243112449
885555791687581696
3310734591
16629477
314758565
97307081
448539694
495517322
3311675321
1035974866795524097
575655913
758650240027226112
891841654906388480
755428654524620800
938560263334387712
31936449
755534824190963712
999692056787390464
14897792
2602367251
888147729544654848
3696565696
2289913051
887757915091640320
929684934
2993630820
2201164256
862560765236060160
73113333
3044705753
2457173413
33892163
2208386749
713165436
555472099
2576605710
2928873999
2331779203
51591053
768810730929872897
442804794
327094947
190407938
50318716
838412819087392768
892893499523301376
553085228
600989778
2331193957
977951715625455618
878655427000631297
765409562
4732338444
819971599797522434
1110330455985934336
958078105230413825
1365906060
483301682
4749055670
305445462
965966817884860416
2539539251
2863853325
795375550386896897
1562090306
925203849903718400
2465889438
2257374930
615550531
1016148565
2847970404
1639694208
1021557334244569089
704869227958669312
2935258867
2898138722
1941734384
4220063420
2476497217
1066726646873493505
979774318191267840
3008790099
1038166634740031491
2876239854
789156712838234112
404089681
721733534612762625
3305558757
789924757797941249
999801721076383745
891452944738009092
985371538835685376
224024153
880648701873664001
1099897112496500737
892139164174475264
897294952484306945
3308458722
1002182592748179458
4855831617
2887828742
2369738209
2442024138
3019346996
3030596381
3753982513
969760992329482240
931772026909376513
1051152506770743296
3253212793
765408687649239040
191035582
124606084
764187711775186945
945878384705335296
769436044248834048
741298976477978625
702287607372259328
2573642066
969677711093350400
1065842767887298560
851423995253719041
858970656230309892
1000789453500305413
1011428669787602944
1012886034332319744
2699085368
713949805219721216
3065940162
4858967115
763198255148601346
1074421332467544064
1330123627
1003762731051376642
925142480
940300776383148032
3416222104
920305749045194752
3399084539
209257437
82400395
889677515412967425
222046925
860098735942098944
305848299
3400031668
931998730936610816
1618387807
925252369566314496
553770524
449944157
944298580822589441
61171559
745963350539046912
794640169412476928
3155817130
751379208719458304
864013047257600000
326978278
1106901356
877675600311398400
364850225
2325822569
950511015959191553
246727645
96960195
944901530997678080
875236173572186112
1537320336
1034196245500313600
967188352503074821
950401656868483072
1038154904450281472
183750989
1037848566419677186
760221476
974313904263303168
767514926759960576
1046185705
2426297436
1029757159431700481
889924465223708672
512978823
1015324210460352513
1007216439512719360
1014224107427319808
910959655253311488
897504215198834688
931957173017567232
1016382852227878913
973634849109143552
781911929870770176
333391383
1410372553
3770416342
1008413177279930369
818041468187197440
827271338901467140
1246928048
29304030
912587966970699776
969307956062900230
242984494
856718689592365056
611294259
178218286
104148730
135421739
2231471756
486711396
372754427
2526794479
1618490684
4446761654
19760270
4810224812
832921226909671424
497551663
885534626588106752
829915045
1587446948
762733231716208641
1277804617
1373727560
2946243301
4785029533
725823028416794625
4081528452
771582047710085122
1511846768
1132807508
3566179578
874716040575434752
3766004726
2393315132
1028884049870213120
800115799109222400
836413223259627520
806322027120340992
770097975938912257
2857474861
2978793456
825876958416211968
3043747881
806972385890971648
3247954346
4717205054
4622742373
3237482496
2681159525
843541107556286464
4831849766
422973055
4890933179
742571185511108608
712519990021328896
778722800114688001
849756661224951808
1061121833410289664
775741425799483392
592202895
2404732734
1120356234
470768449
2588742746
2358371912
1925656003
472516657
2945775175
2374658364
1891941060
231645500
1497307927
590586579
351251799
3039359086
2288898848
3042026781
2895229903
2431062840
2897940727
3543689234
1886586793
1038879720
2551079100
1638710174
2340663720
2277133670
2897799846
2375968538
160616445
1021875830794924034
1511895678
409717244
490799321
2496539640
545537470
2466409519
2300786040
554883310
616277861
3021828302
1936685167
3253140679
3012106488
3259249807
3409149792
802943906434322434
36213415
1011513654875848704
1537697024
3565793114
4230226273
2920230541
2702146790
836068168774791168
354599766
1548869222
703490315777249280
3312024548
2563545361
2990580852
3237824908
794973333771014144
949164561441026049
781968259247579137
1046883741346320384
915705930536296448
2200636867
3832168753
889892012580720640
964761127228882944
779147721919696896
914378100485451776
784440513491460100
2736535098
1631902980
2513659340
4314171614
4798676548
2909646446
841042902
2991006107
2647857099
1379917496
3309313956
2797299565
723344811730690048
708508925755129856
2577598002
1948315392
2728025864
3018247261
460829312
2414824315
2263622389
307658289
1319163966
134072288
622300794
774555089725947905
977602745023717378
2563361521
970228784111734784
1558283664
231008287
19787166
53410834
2760015084
2181735726
108899342
1001511262545592320
3230388598
144592995
3018841323
2154693428
23511272
3243551873
534563976
2958657706
34181507
161470720
2348138105
37456588
114968505
440784506
23199714
741471937692467200
58539315
1007282293784772608
359198304
103805033
869114709638774784
165842687
439154852
2683996789
711760675752652800
905300746941423616
4575136692
961935791227326464
955816355638403072
3342516339
1910442534
1171052552
3257583379
2940878702
3238577263
1393760166
810505616238190592
408331737
1674136272
375777758
333888813
295833852
771557756125917184
98362607
2919390704
723401670101598209
2588841246
1490368598
2789633743
219940006
250677217
2460027476
843386813171490817
1921946424
2436708865
68705908
3042900133
746964130637066241
4306715188
2220938808
798135834
4208714065
143409075
92724677
1583043284
295251095
1227253801
3437532637
373280952
61458407
2222673457
1288175774
3241214268
1072993274
786958314
1251083774
130104041
57948579
207809313
137780376
1153045459
1368737382
347035710
3171712086
1324334436
97217966
216447259
1296642259
18839785
394129778
3324117014
43017766
508932270
60113620
120990817
111871312
704911874991775750
144622747
136479128
710732526566776832
138376066
129786468
137729078
109891226
2719753171
175331127
143532941
2260572416
74039463
46936704
83650063
137183148
137611035
482111473
107416993
3111658152
212987271
2503414812
954614844
356336253
1385680262
2945804404
800967356
1354389133
811502319510679552
2293074042
2354947393
3346489779
2739847488
4784785707
2863941615
933669790463545344
932121412315344896
836900409172185094
840528336921210881
831598122182856704
2367176536
424303221
3247811578
2415474923
826425363651780609
832706624330440704
2847861164
3309113241
1588414848
2478581887
2737443423
367062692
282744342
1142936918
930357234
2192910917
1928059759
3291832521
149887748
4659162681
4266996393
3252376035
3183241666
820640703441207296
749116897
4027536676
809825799524253696
524253300
740769242568626176
729740744798408705
936144498194878464
931810155188146181
937327355583967232
1483580232
179472376
906096400915722240
142369360
1061131520
984113821408268289
1480759380
935399000
1729970191
1670649289
298766083
4534855096
3896045775
334969044
110984586
273559017
844580348088516616
285471900
202605120
394176158
2695325811
342256481
368608100
2957130261
973852746
2764827027
98196362
3091131781
289499972
3404297063
1518966098
3252784467
1581485268
2559011202
793994581
402076408
2559865245
404106582
352136929
160532545
97287855
355519003
360503477
93402128
265703759
353520806
340350313
464115800
422042186
352576100
465508588
360798134
91871353
455094659
347189223
362979310
95743424
368472989
329708531
385635681
93397812
329623720
2315836529
4767225325
398193490
387262364
4854749733
271832982
98821255
528844057
439009419
246596682
1118929668
92612810
995979576
113425466
337092191
4140881832
490532157
371950975
214201922
462200046
425871040
1542917832
367258698
719324795167309827
228149813
324778195
263211566
1880574811
356219803
170238371
939966696
410864383
418558254
2607090411
2163879129
3321257469
341946195
542729709
229613650
920548231
2418802872
1087266312
2355306656
2409023436
2487046504
2332451103
979560904814555137
708579752228032512
2270664321
741233564
972201387076521984
929441763118473216
609856277
1011341337285840897
970967990048100352
828522905776615425
944602810259296257
968065797263327232
706745179
941440979625762817
979997641156300803
3324459611
233274650
193849079
941368079900168192
2184886727
963729776937664512
1001847889809768448
1013167841971965954
932007443483283461
1046737173888856067
85949948
907137515785728001
833415371268956160
702582413290020864
910151333013049344
902839045356744704
372824860
1093042615
962060338957926400
3342477665
1474383781
898431469298737154
1052276903657144321
2371873876
364480270
876346534811643905
2417402808
869506016563662850
4094883855
892080280856662016
2975533564
929013998019923969
995796935817621504
3397649805
756374206548480000
1045153306354450432
3346087360
740215366928977920
280163050
3005606345
4554400395
758608536742072320
1001806620853129216
923925284822355968
708010864369135618
503152125
1045304562465345536
989153142217551874
4482886523
998942227169792000
4111083645
1009854926577635333
997912801510346752
1008432448127094785
749397349
3590248942
2152821114
2976152091
271496906
379969261
756481677287751682
4091551984
947020735121326080
160017498
49698134
3034132577
2441688861
755113
923771889071386624
2281326383
35586563
883017886079516672
371539066
33831438
784419106242125825
882659328754364418
833707415036166144
262715431
192160982
732527601525358592
836653298
807967782994345984
576443020
946770918
848234382276132864
924617221871108096
1548977419
795853308338520065
818905103973367808
3022889996
754808339637338112
870734635
2379056251
3234133306
877700442167410688
4506389663
68417037
2842841126
157288309
588472087
3834430036
3380966362
2860321893
2767490681
926808194025865216
1586126076
328939950
854743770713161730
906838519984914432
1015716101513244673
906541990350921729
882968972739706880
1007304791234523138
1054332082267320321
994741791193788416
467184534
971023399454724097
922390100381749248
746847999762935810
918030437917904896
951943429243760641
1053679296030670848
751151940306952192
872036112130166784
1023048742016937984
2462989391
751094973156712448
1024408162655293440
1603984868
843600400007790596
323823795
827657976
4449537742
938860173745115137
96082963
2606900292
1059514120758837249
2704015396
1035825936711577601
791362896567668736
970080787
897243339287867394
910341920559435777
146595646
947233178284183552
2266846962
401542034
976429591983247360
96200808
785178068
874009332769312769
1209603074
367782947
3153038158
429431072
1136574486
2613992689
765245597188227073
172587248
375579289
3597650116
329836281
284660112
2379079607
17614063
222033795
20895801
214099303
1499287548
226020413
296435885
192780857
1433066989
3394441277
2196205482
360723990
963038778
209173465
22099513
483673452
385473825
192733909
148476464
192693307
538031518
137542528
53178109
52824038
213282389
331311644
14813320
568676807
20609518
256343532
818543581233377282
250804810
84446711
3298614258
258199886
758698339336646656
436868374
855935528092532739
289505646
3130179279
211683331
51129469
339776460
64508158
958288105
529015924
97173694
470336746
334396122
3350144199
2268175333
844508580
111126193
877937607270858752
957556080
948445326
376961200
19238073
234988922
197161417
162052960
134629415
906104022
138018060
200267797
524911761
2465115852
39176902
395391601
4744395743
2798647034
53678101
2357971854
204033649
2586035916
14119371
3290207519
54973156
1973304385
140198631
805582362
62917505
2822795125
553901620
590009969
705650444
713072918
47491330
148098956
124172948
269862824
15007299
948875557
6015212
553940203
17485551
713119056
14071538
308699483
119129106
246934059
2344032998
1978757094
118864905
151962127
2767590820
502000393
447667853
115143478
110832518
138425864
17635231
58693020
381719951
102094084
109601997
132570884
624995677
128262354
21451883
138212728
273483641
512613427
58494409
2806525549
5678072
55139282
1516766666
209107869
63264109
820702945998204929
438002204
720290462
217477235
1257300864
3273904292
3079338246
1493745978
415819875
711084942214598656
32694412
771496272
736996621171326977
388363306
831294612
1318826208
36774357
774582052943499265
42777063
717528119360548864
17597141
3240387916
2734871923
3312475482
8069632
532347250
38092797
758913074971545600
2204121702
2803863830
217592564
23483385
3348044855
6241532
1260403568
471719669
39754967
25554667
260542043
96591822
22961177
348200451
475970292
66553547
2850904268
44954003
323216786
27953891
288764875
23642374
59872705
2153352130
41488578
755246051775254529
464599556
253717734
738461704623955968
291900071
962607038294515712
147491390
229334332
987370268720029696
969999337941098499
969791064616947712
917433792297619456
970072939466035200
967120047742357505
837682508191969282
851298265303838720
984361227571822592
970044201269329921
1025093591310512130
205323726
3283778658
791268305927634944
1372579082
3095686480
3065900338
108592068
884816972
1070074985555865601
315474535
3401219380
709851568
3063321987
717785579283488768
876501049191870464
4229055581
2740633792
2862197292
708046574753083393
976435927772999680
3063587656
2748544343
3111577371
3317878697
1023871890782400512
4878500465
1035425874
907268003317895168
885149670644871168
3405422387
820351344276045824
2422585334
552112170
4355077523
854299247709229056
940145660
818211313235218432
3720703643
3156101975
2976665248
4652968275
2730757841
4916512889
2345039385
391978484
2623605665
3372208961
262325838
3020075308
2525659824
2243117710
1433878621
4274738477
2208760649
723965456961396736
4342626880
2955891568
2731866609
464691820
2958628444
2218284610
4893135424
3095085142
498230077
3006730793
1849307774
2512373932
72580164
15737175
114980278
15666807
161755447
179107944
36577312
100556581
1370619026
29875895
1566412532
527612811
301658508
523299705
19518544
62596900
36767037
1075159112
15338940
34020666
34096466
78619678
141223563
400246874
174369509
390197006
178917058
454400120
557947747
89076388
160272125
32522787
103231262
30947724
906548960122327042
721251855
88546639
134864441
205904150
200594918
349942682
2906430997
103867718
253284367
155291507
216120363
153283965
192955835
127539559
175857234
205350087
156047666
234799556
193862468
202217673
103038600
2221850950
932262046804201472
238594727
207814830
68264528
2337130332
998742671588917249
228381594
1013959956649955328
2783595063
1092431912
270303213
2688307755
226420803
822470957956812801
341577536
707964748529278976
90652221
1114107248
2498270684
258748021
1690511191
82339845
176923665
253103682
259644842
3440556617
382050449
288377946
1477823444
1708854979
381200057
427652543
1356832453
68129106
209167700
12881632
1487597382
1364031090
1144198788
1267318165
44158304
1195549873
564268458
237021522
1295705972
865472221
797424606
471186574
83871408
844438435
865352959
310307643
364233933
18950342
327272822
1116860058
757161182
360824190
591260339
1148370445
86970994
466671758
475315910
441887735
112289040
105119490
28706024
19397785
90420314
1514171023
459514317
338995273
19230601
175694937
139092348
71308607
1673820865
2255036665
550202880
1934413398
932429090
142730813
740336334
19596687
1640169925
620034505
1073336054
366592246
543533194
393028587
550122068
436702610
464781334
745002644
475671755
15332636
146509611
263099844
62588600
265902729
494931397
268383434
1903382054
539085035
209253668
138372303
54857969
410811457
140070953
319086477
2541999628
491355440
34613288
8159472
14573900
789605024
454873450
380570951
19583545
627673190
124450567
558797310
186386857
253508662
1195051111
630169165
886426412
38001497
527883269
240714255
606211203
353715697
19058681
2330330082
133880286
444838837
171840420
14130366
41562632
20536157
4030203792
4863225432
4070359642
3081550545
26839180
180786649
783214
2281285700
607281049
43430484
201950836
23745165
1452409920
286126538
107833897
246268352
309227080
254497289
171403623
147940166
304955683
52672892
259264085
23618134
263131227
94359979
339096240
417412538
128327111
388492114
148534653
272513534
202551149
511768594
932387856
1972104096
553474404
3130730273
711299042
759148992156622849
435940330
379395208
2867675889
3056502254
494093625
337930034
989827197933416448
358067120
1927276387
197786411
494813796
754750374444142592
159035710
578244795
22794371
1034579725
23083296
132125798
296136874
441988221
991410755051323392
168444113
290686838
939458890596605953
411722970
269894689
326422108
269509090
1186238070
1734830737
1913544870
500223916
410227053
415176424
509066592
944686638
435886628
295666544
72504291
331034134
162432990
134777839
17991516
122416785
468147241
278392569
272609335
21474631
17777128
536388315
205107447
62325140
246618596
970154557
133733607
106358290
112382736
46880833
17349855
175226057
349567374
117299815
60940035
49600081
166773346
162673822
2811471091
38043442
258904008
967948242347614210
397317373
970405695194587136
387373611
984885928840884225
418074775
827184136016293888
301420268
912313184572334119
172830463
970052529080987648
238108660
970098406927618048
104893747
970028851853185024
1029765987262976000
386420143
713812810019553282
1033038079030906880
1029866870835474432
755902676962009088
155014212
110452250
141995754
926441629
372318447
144918676
286364860
118809132
138945856
1321354512
111700404
138517242
240796194
1102439864
87220414
2219643302
805931768
1180574540
1225416649
703275471379808256
701590604271083521
3392813895
3731604797
1140609800
2541746708
3539911829
1134860131
1123023475
1446804422
2296247551
2799920979
1425902690
3072879137
1209531590
2893818557
2348650538
2551309090
3882947121
3658918341
3691094483
2330539093
2331171235
3667676956
3025796031
3691701077
3669587543
2886716333
2329008432
2332051614
2808960989
2983478458
1110422856
1075187480
234647919
141258333
1286687070
82197448
1283906929
349110976
166255930
51812832
632322871
143472253
110769888
101801341
99397397
1278533784
2764423595
3003953057
2274020742
2284380884
140829257
1131983166
552273732
506293141
349320611
314813061
2282223626
1248935017
2282558160
281856666
1705350156
72182957
133371020
2902522174
141334289
146550163
1661103560
327482884
109573532
820003671224283139
3664953923
2733211700
3013361236
3094321763
2776750042
1074137784
133519228
2872083302
3676273103
703742140808044544
158502646
176108622
138635785
122498057
3610182982
2204993772
138963249
116590031
138164178
131618749
141667589
1431759750
386097836
1197438062
189039244
137429017
334519507
49176463
147770103
108196938
108505438
72732893
119804910
117853789
83427263
85970661
80896487
95517630
294334147
73672296
173862310
342363193
882865536
544145162
486014167
355986295
136748699
1094075719
158059666
94237332
3300052996
87031305
138901003
211178441
45013575
296844498
227143121
33884545
146258817
165167306
320252059
168287329
388138198
319624505
15760338
2277580123
56644534
49616273
138484849
159146047
923344779965956096
920624320346431488
71815077
122658025
111944435
101215084
461841349
42606652
18071358
36327407
134758540
20751449
898926775303938048
19897138
1139409679
6509832
1110712596
885487044243238912
109418589
3437223825
2574232910
168031602
481061270
2541363451
97844210
16484544
1346439824
388219931
2842172849
141208596
239350087
2476242207
2183816041
2299289348
193831230
1447949844
193988205
1384139006
13921202
20407625
219071993
75932644
14217173
471741741
711694309
141633175
405427035
122928781
122995784
97865628
88856792
145125358
101695592
1138659170
39805172
113419517
602082172
285526848
262889289
37760933
78941611
109275593
150502354
2163835393
99448420
39331231
803591508
166835690
71201743
361315016
1265118679
117608455
358814014
101512559
106647752
185142711
161169654
558140817
47670467
94241998
20776642
106345557
4677308839
2451049814
100823842
4268717052
2981192839
4069898241
4061514494
15116587
338069983
3153893929
4471779380
3859232547
87245522
1458575012
78074193
4046928797
136179981
107989592
128213334
2478795024
3405703197
715902616211947520
174151262
499864076
68777199
707627527
566829033
54270502
1064520535
260889494
177001542
217276435
223312703
106819253
190927638
480337816
24361789
564056032
1004664032
1357383044
707850428
368864604
461195961
164586509
1185988908
466248414
276065737
20359880
40496503
35859001
100154465
409285602
1232370138
2987483957
2444817238
338179147
279018733
402876769
63040434
216910641
2717217979
115439533
629357978
41127739
481393077
1303408128
151174310
95519428
141105816
2194305896
84097654
92858162
484405433
40256077
343504952
37414093
62641075
387290559
548802908
95242783
77395945
398734270
1321804680
65930088
560947661
239252999
563617252
282144679
289419785
362666597
250850040
288275510
424485515
1642915214
258041121
362697550
825282122
357591746
20005109
327413937
437782869
360278507
15049577
293236611
424474212
372360417
705216451238457344
753747521369956352
755522534
1063657669
2450338811
2480259972
309864295
340326607
2402682571
760183404398718976
338122308
741404775183319040
2301826250
966987254743707648
948395102
1963065776
705613006554533888
2230929451
3122454127
855817939
2185193712
1343312828
59357564
1470093583
625368230
322602251
472936824
133196376
35787298
487999637
185827887
480266014
425078541
81063712
858845101
237281470
1721834046
3028204528
1202711635
595554133
131227609
44865971
2371991585
748881886248898561
2771698391
459202549
425269475
298168543
602576462
864251336
213745334
343627165
22910295
452155423
60865434
533085085
96951800
14872237
155659213
44409004
21111883
14230524
116362700
27195114
46769281
92860137
41421743
370098945
2986124782
272977842
275632510
144660806
272009472
944483328
333743518
68616762
932813431
443382945
849266239
1125953677
260114837
1046145840
51742969
1465100803
117778179
412251318
169686021
175554145
26565946
444615452
10228272
790290234
79293791
84353430
128020344
23083404
360435204
984511948376207360
1470397842
2323079664
715973292
3237881545
3079294442
2768093295
3078296828
600134613
482398857
532622505
972389281
48215905
3077756965
466978343
3235056847
3011564809
1361294826
2207239916
3144296919
2199719445
116693329
1143294043
535149656
3202621383
3201695745
256904831
2449380145
3190046460
3240125419
3427155803
975540506
329896924
2523129859
53875876
236950729
96427780
1184202012
2414140678
3908655832
1859564617
495541484
4197551477
853465214133600260
827202189277925376
1155919698
901928413937750016
812867902365798400
78446255
788938805495664640
3091844061
900108203173740545
940367394937094144
917889045686050816
796104030837735424
524657952
170857102
2889756790
96192332
127227116
4262378593
2653286828
1631055871
355091233
3045047752
723301692
1652817306
1345232612
99663738
3135314630
3026995538
837719019637489665
766959596665614336
1859705910
799211138449711104
442830425
839412967380660224
835291732396945411
198810174
838339098339323904
839691246926901248
836015629849276418
2874783018
96055716
822176708698787841
1698898884
2904256754
834019184736661504
2774402455
847498459473076225
847861021310164994
807782393776111616
430158859
2695663597
3181794546
748290437639737344
812102207659245569
197599758
476209179
755767780377448448
4842422529
755739343008899072
745714490017222656
845759901624360961
501861503
133761250
1606483639
2415025561
840384161189908481
842504400669032448
3243163954
2185067391
287860046
2937905451
3779673012
369101761
734660917389058049
115154377
2827240044
58578771
80013913
768026168163467265
377228272
413891734
2887029082
3037390799
1463084016
3178253807
2367770800
3057458529
2852361760
2282337275
3989236101
2966841022
920708352
421849467
2867825822
2362911309
745269050410958848
3341843260
726207049231679489
2990156051
838168411
2203025727
430968803
3910420402
2924525088
1107365486
2897435105
2895033257
742381862081986564
2766866245
1374982856
715205362
2922354497
2571466036
571037849
405872759
273602541
1104742585
493527054
432703211
562243999
2343707356
1048979742
287250378
1483159219
709926676
1519456422
2732607814
4107760522
375808087
549305200
469665593
2269215634
2589872387
3179805742
622601035
987425366
952192290
366897695
3014535514
828544214
2312864693
2222308637
1608367940
395907475
551782082
623617957
948451626
570230356
906930800
203876156
873825043
766183866
854623362
713846622036312064
3612815661
2700124319
635507750
938744786
2436142799
273019961
713185664
512938979
523727504
510838679
283706109
608319347
611816674
561805522
617289797
601866597
359628941
1112596346
540919991
287325908
733483639
580141605
347648701
1537059516
972705978
552773246
2586678881
1260639434
465967995
503155569
1037106482
370860725
584011190
373583078
813345942
422864847
181700958
790341662
123227920
357120510
263818623
277495758
474181568
499968085
487075716
181299247
815843148
556298471
567456127
386708439
227402009
430248600
264029452
803164208
514261084
562107776
419752047
31195463
421865985
93700513
558808283
482806823
454784356
298501035
540080666
829792020
3091575683
322882895
87298628
945780078
576622886
717762779273232384
136389206
716387610810142720
215730318
718072246598676481
532512588
709744638555344896
143660333
705473311354925056
360698457
4113046822
4627730598
226423413
3313626841
144501378
1029138758
104388861
141075715
87702607
185798215
128265797
253760451
129601555
399788386
1169013122
117089843
114746865
44701155
102115428
144260087
83850737
70410552
804856201
75008880
288293553
169596116
213332381
210550866
50314314
92323834
133358200
47952643
70194185
293790882
102689853
92323891
180868987
373656384
587704013
148874713
133309392
72603494
138811376
41436271
67053806
201806901
1138591592
430136014
56093644
868235282
1256691854
54313213
431873713
183266674
88537443
324310259
2814984457
881183850289782784
436037147
3098457649
246002664
336001140
296959042
280996175
474107961
2939194474
461570526
587854860
180652130
532626149
389785711
1055691314
146692345
554481293
3237436255
780770765821968384
866818669619195904
296486159
74816067
124286936
517077573
255858570
284832898
819551708
53387327
478046305
276623330
205325425
26637884
249883804
95955871
28153561
94166168
1636590253
104974333
525264466
351085524
154203577
72156191
139242827
125492611
116768449
5520952
24533564
16264006
134234000
86297609
19725644
1326605966
116286391
42671325
14583400
1939278510
791807725
308671941
61366679
761220960213168131
259925559
63485914
203223348
140893761
1549213069
1159174724
323398892
254735279
495509842
44196397
203900440
627963112
166270127
1004793012
2984880564
14342858
344634424
375444256
722097597129867265
87513110
130941751
1929596791
155126813
245958835
2968708955
157841110
813578707700846592
2230518645
141682698
416779710
147942842
494338010
246763031
1150701452
1329338017
539981975
2892027997
2787591523
930491138909376512
427798770
413324576
1241787834
1669783651
1387028468
1463033142
174361486
86345783
593176961
62172119
318208699
46320652
170957471
245863229
2525837216
43561270
149933558
151955407
1373471136
961603663
2369036085
377641878
314765324
1620437557
518414354
167881487
501413356
405075967
2851962136
163145840
176455570
124756260
749691775
410022404
2468417431
2982920965
399930041
2699823914
2720002614
466736567
2543454215
2619457351
308273429
1674429152
939704808
485560912
20683648
727990519
2752265340
166185780
757453600859848704
4723957242
594045930
15882574
2895558319
225025221
2478463501
2859056391
1228145360
1679451464
448259967
1012083324
2314568372
340530061
1384759759
45496426
367468474
2901040246
249048397
31271713
387318879
271781473
26239665
766085042
2519018171
1598996954
1260242888
55007617
3111678539
613908233
3306242996
868699614
449974837
2477272634
2203045884
1568192084
844063729
2459924112
1975766658
2500845805
117042914
514142420
14289019
2493940129
103386812
2491380164
3229245925
2993148593
3894870256
17029309
2371339439
3597721932
2498070402
2258240352
2470719126
2332164833
141896679
507125642
2891160035
2585735641
296242468
562078060
39722934
2464068240
3482544133
3674459955
544188561
3488969780
39823506
2859819184
273853560
2588897112
993963619
3347157983
1416644168
1581950630
2163060900
361191923
826515840
3152779627
3024196678
3030723340
2178991904
3061960248
2873897338
514763079
367565339
2298022127
3120381678
1330752079
159668463
2178916572
2901913627
3124863155
1634709500
14459194
2466638082
2520895162
3120425664
288156548
2341377348
1086911575
348674501
2890982828
3215263233
3105553261
975257725
1530999440
2438765417
2778646099
3039872878
28293675
2379920300
288712205
37875656
221794589
423040369
52954700
2300628049
393030561
1355698519
1421719717
29168192
1090128523
2301609091
1118036238
177723013
221549584
1929250717
544044184
143539361
1286957108
252643111
92252856
138452312
227454636
488847618
300041987
253740244
85658928
84693609
560765871
1577595193
1615680907
2842634999
3192386964
773532715
773885900
168808155
1944458378
823550631357124610
819392238706946048
818186483752439808
235374348
393072083
337957438
737445834
1329373627
604018075
480835154
2615802125
405875307
142827772
246595363
143990858
407308324
580273293
597838459
1463419584
468909841
632139546
437042075
130021498
500437865
262933778
2500469978
1535516485
3048835830
2999490833
2224183963
756270144
2555831083
1241508583
1426669087
376576762
244200457
17031439
280806115
3008860303
398069540
3149820216
357029044
3158205685
88657995
3152245099
371759309
2248450554
509263728
3080568851
755418804801400833
138584240
449261253
2727175117
160708135
1245007658
2460022710
2427390902
18360370
154262182
499306046
2203327729
1551432948
750032984137355264
755509086632882176
403750006
2415267656
3009009432
971912119875657728
3091547075
394145038
395340295
918095794733019136
50766916
55174782
463659150
789277009520173061
560384720
74130577
117808323
822215679726100480
2983147266
26264871
2983205617
42056054
2160066534
473833935
252751061
818996878951862273
1244602586
303862998
593767870
132595055
157140968
882712230
897498363041644544
24236494
380031101
284672214
2809902013
462036496
25365536
276152330
822282920
293676290
15675138
736101479715614720
575496155
768092378
14954902
598160520
902259662296317954
33400255
7117962
14992591
18481113
49881357
87775422
835016000
277985183
3074023657
667563
908158324167675904
834514915436220418
454166844
14641944
34743251
18730634
27699738
189022323
266372787
494432143
829478992768008192
826536585764229121
814076161781329920
829802431605243905
704342929725366272
28314202
738639850182610944
36412963
41245204
64481586
1669631264
152044721
361934728
39938929
239313282
844315586058506240
35485571
484351617
54045693
900267964737478656
1667162474
194667763
59145438
327175747
15846407
139749254
197527526
1339835893
890153012
1597435105
487118986
36599778
52151918
377534109
87690452
34935938
103594902
145802745
55660696
143173757
43534995
36958479
34639484
19236297
1115874631
1350586392
25073877
798811754738237440
761469053181370369
24809682
390067990
64604237
548859339
895369162897453059
737370439597621248
4799219652
714232627587252224
754757428718166016
776513878704267264
914218981745143810
905815548608565249
920450961667174400
815098643338457089
3077441585
53966294
813286
11348282
91478624
1041346340
2300293519
100220864
17471979
14123751
44516935
12804422
25087685
19248106
380436513
14857290
21611239
14647570
16029780
24966423
20998647
30364057
180733809
807095
4196983835
17596622
63296944
174035054
14840869
81783051
15485441
21904217
22565066
30495613
1079108184
257013116
2364123080
454313925
36935647
759251
487833518
26270913
15566901
31069486
2209777656
36711678
14592723
74518740
15588657
28785486
39822897
14882900
203162990
8283082
42562446
1337785291
41469938
287407881
14063426
20622594
157157264
136361303
455195671
2229044521
11178902
15279429
16379018
21522338
31122496
1367531
20562637
44706253
119509520
1023072078
34713362
28897926
22708797
43192807
115485051
2719829002
3554721
290180065
16303106
162869667
185314895
15057943
46832898
29903518
428333
136543208
770376067
146569971
621543
281610530
14499829
5402612
13838562
20177423
568825492
17057271
26589987
163559269
