3122094565
82533074
37574413
354842305
730413397590708224
21609538
45940731
2517888812
2830068037
897723543286419456
424383740
15890510
55984557
1144423609965961216
18489148
2202246284
1635425605
1060052787927506949
2966664534
2578224614
1150187471667228677
1210280802
811592051317997568
378407099
2280350710
592318606
238827972
14052377
1074851171054047232
90036360
1318357544
1493493290
630782038
813979346
860862599407296512
1157691002
2916054558
280233451
347299985
3044739166
2323044734
4851104545
23499823
1009054861332238336
737601972
800637505
116858823
1107225029035651082
92699184
2833532798
843634935814639616
878077672290758656
984982162716770304
12876222
1639530362
360743972
1122187172902207489
78946500
14720466
1100204061041795073
165473936
2549031829
44177383
160720376
1025161458974437379
1093579953449455618
250344018
387796860
360342100
14578312
341244862
988977441472434176
838233524566028288
51188535
420028557
2305855142
174345122
35101433
1391248621
136402367
19165963
1099728055
2563811557
12193342
287993271
383913829
25535595
1080584229510172678
1079769536730140672
1082334352711790593
56812711
90472293
14912485
15538756
2202908020
871033495895801857
1006419421244678144
4438919179
16910582
14714760
44600466
881897877374631936
500898758
3594416413
1007785327145177088
395611908
4873112620
1151331156526272512
16008890
709835222
896199674209517568
843652571508047873
957097019805323264
77859911
2183207973
1096662870035714048
3207680283
114498847
972953734576709632
48428463
1075608527052464128
60547312
2334699177
69475887
79833078
780811019178250240
38428725
1030683529871585280
1013932204135596032
519808677
2591782532
35672306
1139494927606460426
985342205698170880
1018024014923620355
3080789583
119228619
17530277
937792989312749568
17728340
1070005202
411853059
15694863
50908401
1611750228
478303164
1150993041513177088
28599820
298394481
217708411
391724938
113250460
305377439
511275117
2827299613
1195794828
359354972
538628725
41764136
1126293715402858496
820097132388491264
1091898826732892160
61372319
3316459178
3701034556
358610569
826003231
50646511
26836092
1042407784371941377
44111180
2836385805
16162021
21411216
3333286384
705197633099333632
147095974
2532013618
931392988382625792
1554231156
3394078100
3104009803
1141497072
2409405331
3341923514
332332456
1021808050582249472
1948095715
917970073
258971856
25177918
737635398
24147994
599563657
4513212672
816833925456789505
23807818
1029393334677250048
922484551905103872
51253779
2729890856
754283196
846105186892427265
3106772742
20472126
24913074
170699708
29960972
285242936
3702162436
809229324813352960
2938612820
819265555832143872
1062139664012726272
266756773
41231779
85459732
806862084277407744
2852075027
148498003
985749294
120627834
135532631
826994232552337409
54960852
2474424431
1068909729777364993
979157551030861825
363880501
152114989
606803234
36261242
28565368
25737207
1623617724
990418576472526848
4209511
1024824961330950145
793977495267737600
2796965504
3305257040
466795705
392826652
12266442
15331408
31547591
2835722978
248735463
998310636
2939030485
14235543
969650141417299969
2875424925
2964370851
285288220
262283643
14982804
712424196706607104
19775788
986312210426335232
117314237
364489291
1084310295345020930
719242906687524864
16795115
2242115516
1029370531664019457
2996269022
23669502
373504666
47369957
1280936282
3380572257
2783231383
734187658449199104
22020300
253306038
31013444
170816479
3097036170
3367797575
272191896
8892822
21269439
22101273
3001676030
1217524549
17302588
16977590
918356223862259714
932296731697565696
2595812168
346257165
15567770
117155917
728277963318435841
100974454
27806579
3304637221
19345139
880505437270941696
927204517539655680
1023977772845330433
154435010
308779730
147618542
878692987802460160
26008338
89560236
704854354419916800
1006378672666787840
1029459116580851714
24239110
239509917
426962696
373143817
16400360
22652652
38044745
3237973655
21729897
20350867
839456750000558080
1853310463
18783859
433439383
228990510
932112668542099456
106788885
155641842
935617448409206785
470708968
34169085
865946951988035584
918697208
21471357
33348913
1119264406263693312
69809672
3013706588
1033846285
56754236
1858490737
369244316
1002688496811827200
15026391
3364200915
574631672
544002033
448445373
94981666
57979327
2737573935
75105833
240879503
834273911965569028
610422178
410249471
924046650
62559252
766328943402180613
901433374748717057
122130797
29675916
928481
44724142
283129017
605611769
1073635418200006656
28049266
720028710913478657
14292370
403786250
922155770715758592
839552956559212551
139796147
1270758145
76427085
57787295
620822800
580272018
43394038
220119966
33715583
4096117336
3956120596
372536101
16055389
1059579178822127617
42749104
719274394816610304
538510701
61031027
18840085
21056046
216023637
798592799247572993
236617847
320810786
239949176
4700751799
213915896
44787918
969190018228080642
1143541888785571841
1273123826
747471443135324160
121939328
27100650
852381246550364160
739471396624027650
729821560144601088
755862667
3188863652
1062910827211087872
1014267320317902849
1139607716941500417
378259736
2256540885
20286373
921489454287659008
1131045429880082432
860657094
266387729
235615418
193732179
1046558050876829697
731533040082550784
444298647
961545114983247873
41620995
15181734
4282171
835060351024558084
383920358
1656252986
2222488849
3080407605
124487962
14910028
187518287
1122522681742635008
35803565
70415274
22053725
334105990
3394048214
794981505504161793
250310762
2209947656
15246892
1411800175
159704488
28418801
134876979
26548315
915468374498459648
903120230
1511371880
27491578
1016217798081736704
2968635633
88101055
844898408
2941457288
28339843
3316356786
22283200
753463790
13073662
14215322
720536282955444224
14118948
772806841
3092148376
3016030427
93139731
410380828
62683017
225251793
1130825233320034305
2763756772
1005114516693188608
3038964031
1040350590
343600277
568247551
368429753
366023549
26831573
1069995165408997377
36119223
45722802
837306570014932992
299160200
211236045
2832807293
372154164
38890794
1377451009
923022094342017027
3382141829
1866938882
331854460
369214027
54812049
73582238
14397399
16068894
2726892058
21353244
737503326573469700
358195644
401516474
785356793161641984
3712356858
15814350
309206415
21771755
25796143
1090651566955057153
3041601829
305341753
748228932
8363752
43532023
776230196
2329252147
829848860126244864
2458231746
126130904
14994676
115666612
1126045128487923712
301156204
4220790093
74878213
817062682075557889
505435194
15374401
711436076
506083150
1087717031724625920
44144900
856341773395804160
2302220858
124386779
15743628
4753404559
367010240
757723482222317569
18498959
1054034687243571200
134953741
57048551
959457759052881921
45709328
997529787424899072
23489130
123665954
2238555090
170123486
3392720667
1017551740319797248
18654401
3254601329
19522529
18149800
1463785453
368978939
205873490
20014551
607579159
2898915726
766643118
1464154021
304435198
223528746
451044903
1027503446
26781068
1046716076
396993929
3152144274
704696823001124864
1028299027014725632
163624291
72988808
3100090092
1096014150889861122
1519776379
38544530
2214734347
231785883
992541822122582016
621171955
17588956
43689017
727338733423464448
634858687
1029993347841183745
109657155
223233209
796925638389026822
715334865256902656
884924847620358144
4715766442
286811443
272237849
13179482
771097812855558144
570550038
158569947
971586323772403712
122187767
2155641480
47645083
37300545
163082712
137195253
26470353
2181488972
2319814776
232217983
792209558
1024764384135073793
17350520
20452161
12418482
120353949
161794340
2354013972
1006022910610497536
427059297
892899120574234624
85553575
889878497275129857
119972954
1115709076577480706
70737979
324760888
3376151954
1004780310415007746
3541387940
1054847022056931328
828025523133558784
1037392007432421376
886996418
1000933134433767424
1134257203978919937
1284679890
14344402
19075154
22408563
890371460946169856
1607352380
446555215
8386942
21134925
3316279494
1089261251572555777
18533219
85546740
37353309
288589395
4104902632
786118628
21059190
1445488255
1110190452
142720807
2342463823
1909401391
210195780
1098026224507543552
968677375918706689
747385686957883392
476889179
732403267792080896
1898505445
2164882366
17264476
614419255
2874111730
285989032
860583603666857984
3855496813
23103351
15676413
2209716452
145065283
2232352123
742760432218279936
824779397341159424
1170795830
1104891176606412800
2552916258
255903064
837058345
2348993784
177436724
22091042
2892293015
322742783
114174919
1629143468
52612163
2393421103
402506166
547965417
1921416134
14425522
486366600
36596856
603968271
2750877815
929099036656914432
620040202
1081907916435849216
6655612
16663709
17452463
33402081
2151916166
1576276220
57361097
376506068
2800528592
956534232
108260457
3215048350
586094719
2199601520
1669519344
244174462
2973722554
528863686
227423162
131077968
116286635
22174968
248747209
45660174
320342932
2457914946
24996956
324738407
2237868823
427616106
1055070224305807361
34886346
39734611
182500191
309521181
1918720099
4096820117
135859618
770516368084963328
885189310814842880
15682352
319746584
17891090
163296200
18177317
351643997
113514650
4019001616
2826527938
744194874199539712
696576146004115456
4848058650
4330757717
71424847
24566770
864016739851423744
2612333707
193929442
3127699624
1048606472165179393
315189541
1080265984466997248
147262374
15831521
3372900155
271670683
2301790580
72853116
2966770391
784165874957709312
14238795
175222900
139757328
36401728
538015361
436907092
2175036722
536812090
921403844629749761
87066589
169586297
271078159
1021064773654413312
3115730966
2804479261
446844562
21819802
610354917
756991630347935744
303048028
814245511
15443890
1058847989488177152
14393872
1094922224
235266597
303160247
1056261362895196160
982297142193737729
24709845
255287665
900002970158460928
476249574
440411501
912653061813886976
113181578
2619791713
57565162
242058793
2905560598
975003162053660674
14069365
1195680062
949307493179625473
1918896528
1033142532136415232
816544894466437120
83850551
623007529
14270650
20062066
791129913457770496
455150737
2646866478
885594949
25598396
162436508
287830593
1114124784
22419345
64029662
1858415006
20466483
911360191458893824
4733728937
1089050052994068480
2943231308
1051832274
205302299
25909155
1613460697
54617733
942878337806032901
40684090
965524849580900353
134231070
98662090
20711389
17059535
926283110
923252014137663490
25375836
849944915224051716
605153786
1046463247933689863
18484864
883341037
1176636037
1198406491
3337897845
14779408
276168280
1037383689041326080
4025546663
4726534534
323462659
369219105
3235532388
1104547601880436736
905839052162605056
1009773428084273153
874913006
21418443
21605870
14139584
2920526530
23000655
16906308
21293089
411173244
703052849039675393
21363690
46466423
1378272780
919699790534868992
722942130
254264547
854088145675145219
730081186689617921
44903491
149301932
1496117827
19278046
1001290506528272384
213088974
131976246
16421419
16874875
19844987
29523440
48270182
24373065
846574897
2967231508
83712358
830253571
21619606
1120083992752078848
16933585
818788868627501056
1612588411
951604885673402370
727039916
32184345
325936250
21079407
1061971319020011520
93602596
15822295
600679694
143694663
1029942223134248960
452348981
1902583399
16187223
19706585
950184045442367488
158110808
79504275
982030810789314561
973704932636446720
14103834
950436068
17068526
995070421018918912
2623781651
22363298
415114505
297406574
2902504253
1118607740912439296
133261278
827893494043783168
14550673
468535828
1100193366745206784
537193539
18337740
3635990477
49097116
15276654
22925389
901544080114667521
78492615
52522131
1060285356023508992
855852144741588992
30490986
1061411334351253504
1117161231733755904
414248615
2545739509
900965224760483841
2827074420
15865042
1108228174293299202
549630167
266697434
721969508055965696
29481992
1594306704
193477066
1086646546085699584
2253654474
50943299
177336591
9535262
931281271812165634
549678398
2503325701
4349708549
2615789766
22461621
7860902
4912172412
88717547
488860731
1112019886899892225
1054151922553212929
1000767544750428160
248532721
883444939
916163922
922147169863421954
35391464
40147738
1060828144842825729
202759893
3199808473
235667339
12231912
3379505237
216080261
742550733506088960
67319718
612760470
701508439755743232
720951847
991108907631304704
17268189
227292514
939632921954021376
529138158
18023171
299385500
2997011427
1104155246236962822
795346623396253705
747527996102303745
3863795009
568545739
1011399586055720960
298133688
359465244
240035474
400479746
1099334077419794433
420694593
37053360
757334954971918336
994195414156038144
982134086985641985
1006037369001267200
48403125
351429919
389792979
1085797417641947136
1081583389
4205949207
2296142021
2859448331
941534798941626368
983117149
105737193
737404329506840576
28474973
732926214768205825
1105980027424825344
1064540601352364032
2932558313
31939688
1948293908
1579120027
106860764
32887963
574727628
24132496
69369665
471525064
3038125258
189943870
1097721532913192960
292931596
47379354
3305791
3235502126
994754746983616512
164533490
827649836635783168
1676619260
451745160
3263262262
1038689885933068288
15818304
81636113
419854605
539585421
1573732621
309747601
925902272
103376817
3014793117
15617576
15800869
48807945
48597181
416022125
1090009408170573825
28225535
30155974
754421842597654528
516749150
8161622
4852995585
5867132
21522338
18832563
1061394969087369216
2190822785
459815426
512751249
1057817922595364865
414138120
2888720041
4194150674
435331179
2782582917
2280820021
887356339
216065430
30095189
151617922
406781872
929461809974730752
255310800
1060668211950223361
51848919
19426408
3367318323
1052458114157604865
81478236
971103600
43316756
354556754
706939333786230784
294981115
736469308642070529
94741751
2183239617
66005509
98572780
722151411190865920
31188656
3321738389
348197129
105965228
75458678
3479870721
606084943
1006490087985696773
25960019
38485467
764360805156466689
995534602432319489
23400829
1034271753902612480
182710236
1552034784
128353178
610357835
611121924
3018261969
4020243851
7474742
950756505439043591
368565886
16468750
818374963195297793
856567523709472770
369281537
2468541847
95975081
719298725252739073
4637350834
21825670
505216148
703052835919777792
846551291371409408
215869259
296087754
1615502072
4848221882
2570920255
845348489777332229
1455340958
281424863
4699777381
2254014308
2874194817
829050544253722625
892060639526395904
4798221723
16424223
4699964858
1093174824
32260215
326053378
958804686424883200
765152270380130304
1022558461
794266867800145928
3124873110
2946623920
16176933
175114195
75065396
960950034509586432
154145174
897505907914846209
824291721374732289
68592469
812021257
510601029
20800328
1008387473595092993
825569108649340928
735589193510998016
228949271
2226959917
760119733
33636586
40291895
351153154
115819448
122533830
1172768167
4769758462
819238158646804481
3021918959
15171664
169229045
3285528240
1135933243
998741302153043969
59172255
299820130
389974502
2730354349
2575333604
113228051
80956859
76847960
735486356537937920
1053978283
580312540
2184361416
23146954
3584292978
33057171
388044550
921770348487593984
918082298
10305252
781333522195808256
16733735
17519205
883114156852887552
949416462963302401
236573235
328348432
1590024992
75641170
30272162
542376342
320154349
2646702475
29047056
108441652
3321562320
25388412
234837526
852557622
1064632550004588544
1024719793298067456
953367915419484160
27369679
920358643169660930
831240806660911104
302259645
123020724
14887755
3017915280
603805849
1009119932003618816
25435514
444212300
286503651
1859566374
322286220
783546990
43401318
200764721
384953560
2702443912
528700192
624897116
186985133
43459331
36299068
307577710
993738031
704122685794750464
211688100
2943245467
762276848126525442
846396121513709569
613469003
1036169690
1080418299903496192
4623681015
14114579
14416611
347434396
24592694
22496235
948789830359556096
920427416132075521
16123235
18409436
1028469272
1141077571
40983194
2289423037
1084161566591733761
14534896
19386625
1169379164
16627712
17724154
20265498
490592651
26006398
370308968
407306877
2349700226
257048770
76093
837815616564244480
142721190
18430758
65019636
893528829083439107
818129577990033409
284929130
968825069748260867
990340311263186945
6473302
630722427
17011177
823389584
3209045483
105198925
385820552
27444772
19273919
938924237615763456
157067102
95140763
326572008
882646606394404864
23179556
123035831
497088659
3027676523
35069260
803106738186530816
58614872
1046597699032748033
730659326034071552
192248791
465126656
1447760942
4196106413
1140171127
411194625
391806611
718101091850850305
3314486832
17703110
15932715
261879800
710952026549723136
811598005329625088
16702140
616695039
743257072993734656
787239
23004495
31177433
18169589
1720011902
376613938
15888142
932494914541191170
1044865477510615042
935059924291375104
22798591
3380914336
1020119531472261120
1029347741636460544
21351460
1514384990
791626990646390784
108720107
24115632
907715281769910272
247554276
373053064
3997549827
789386707
948753294838476800
1955483874
70162917
2248389990
60215105
859705873
2930275347
15554208
18732627
276273315
2783319855
71048726
365858034
852569338641080320
1389883381
628650267
613491958
935628842336694273
552856222
30872435
3816567737
385580932
1646449016
900848714
4642494672
14379246
302204453
226346115
2918943487
16714443
249260289
162869067
4639656854
3277923464
566931882
243800816
1231224926
1654179943
2930996543
1665095208
2271230388
369555902
542729893
817408597617418247
1699751390
1958145638
17974481
24520827
1470843462
2564292285
106614788
94944176
102788198
223743736
123954416
956358436882546688
909516568861843457
781289449032298496
25473000
57917441
3124174259
18302204
469414538
889571060512940036
428996726
32942793
28161405
19215504
1032026290436689920
844569809434132480
1067859239945687040
2263153417
1639173194
266279794
201955997
73797299
306276163
898551826315968512
16846235
2922304819
970612417
95335728
3239282114
137439711
3089118466
1022216993628454915
16889723
630462836
190290702
739909533833830400
1080695666760929280
798997276580409344
363538069
15162136
122208388
8985762
866111072
58647545
262983530
2222308939
299448712
594885119
1911704143
483877605
141376289
1080516116395499522
885361
342963172
388743146
16684243
3433407383
708111901582970880
3305733977
2620456401
1069430291243196416
2931306545
21247989
726132381615296512
1746580412
815667804867362820
3024136890
102807848
1069137759892398080
908608627837214720
964778778143555585
2871627629
759911142
3231463201
1895074705
1628733960
966837962662170625
2837689907
95464071
761952121973596160
33018977
951988611628650497
339157516
323927421
602083718
319808674
628016771
2215713408
2565229829
19699812
292650956
1634224417
31333373
2269853492
3161438316
952836643374977024
852347772779057152
976956959386726400
14928753
14140714
36158688
3212890373
841799158264545282
876178357125296130
36279515
44833957
258160620
520654702
894649874460934144
249405898
3266848870
80568789
524059290
4612856479
476579648
40551059
1007428328846970880
2396910715
408966954
315629003
975464734781792256
731314680904462337
239849153
859638377276112899
472120916
468076687
14535407
31887872
1676523427
2982714807
2866392020
509687338
4862024703
2166425516
20371543
31089553
3031378870
717351644027965441
2370257170
1069405516076445697
633898700
330801652
738208631456301056
68813782
886008505
1724204797
16265742
22150405
17698956
15418643
57371662
547341654
769956196140867584
14258720
923986249454702593
2828796622
148593548
87853386
1682146706
19272571
730965879089823744
490615107
224062838
1048742124605169664
271594502
381268670
1063586653992878080
2238423998
20097201
3095341545
1009966828322541568
226716243
938301120153341953
2823003912
130354914
1011996876978245632
14045302
2509461094
465920362
74297967
2280527178
444120026
16231318
63242060
334811425
2492132730
131104065
21753847
2888753069
1576529215
20325951
40168713
263948521
271621096
1431739272
877743452364165121
267307388
1431665629
801616759073583104
2585890952
15624805
1926832130
42923074
2590658553
824461422704758784
2869984805
409762107
4878697517
4038547820
1034817043529445381
2990124822
542199609
3059473834
949477338244268034
938572566825984001
2470050793
265164481
1626100190
14381110
457902019
4895183114
939515000758198272
155585042
27445073
23908154
354072452
2757581628
764187379
26423890
635926483
18491038
783792992
2158941500
47845499
3386625423
3013688211
83887359
1051615342676635648
934397909142994945
4144688303
39909568
1046917777326526464
893238598136471552
55066571
19191027
564099543
16371903
16288136
248565689
1051777462844252161
4640268314
112017297
255036353
15644999
159065451
3192849803
16451457
413594597
492581320
315365598
49986034
35551733
4071967092
708118435
377154323
47475039
323417384
83025490
533324996
263567726
1074763868
904584262422327296
435311796
872533368646324226
3317860899
88015745
1639541946
3320188886
961433754
820995949
119129389
1385638159
837347037813297154
29241573
79856192
14125005
608368283
35403128
1240167234
3985087332
1578489883
89115813
97149792
173336330
2536561231
509274630
21731008
976249530814554112
259540958
27604626
984168173757976581
21570168
767818727228399617
2538196752
1051513870962057217
131554150
26858764
1155577872
26044686
172150690
3437926834
260616206
172418264
1629732672
2757415655
110890615
37335537
2571811705
329270165
39368795
2864843949
3023063204
2285540658
717363
3319647488
136468381
855106531
3082986275
292438708
1032807857203294210
920708487851765760
3297298876
2903979971
324577800
950853456
137440152
960177448892665862
2861117653
927723473362935809
2522428519
991986917821616128
3196837122
1703594594
19806762
26380120
154702483
771355174904422401
710353738989494272
2462379295
906764850
1320890072
65569424
1423669664
20269254
430007043
192606233
29272019
282423354
40981798
176563358
923730057276870656
148094691
80333792
15194242
983829564894924800
452545583
17240405
1206887185
28696850
216605214
366922899
71054076
14348157
169966847
149626146
8859962
351260120
77852581
2469556194
630523185
15607234
877388098853773312
52797896
2798729515
723956578492129280
2758342215
1465787221
781239477758853120
32315320
332869474
902965228937379842
637352404
174240425
2615918492
272030833
3036404074
765400193818763264
854522894868762625
216187897
30409200
1163817522
2916185325
16323102
268900943
46877550
24971644
64596229
378233623
390377012
23556853
15914573
2893075037
574471740
2294733114
190550701
30530300
43360950
67647597
14802104
2706430603
475306547
384687345
18052474
3003974644
1512021254
94447696
30925378
802646542779813889
479799853
739710289453555713
25115847
2919862056
855428700
16190397
636724666
578648000
282925394
29508230
36801079
155944560
30686649
947123898637832192
2446106671
362823642
731634328967479296
3396671
51752499
825776310790266883
45934467
979222088333524992
2709152000
18586983
15153844
4823705386
126406217
4590611117
774510134
123655512
19186003
2184648072
977181721597800449
769098978
46775436
18338516
244752072
212657985
733318954374979586
1058520120
3106696090
22863780
411958406
923893094810079232
33079963
26579715
113390065
256452027
92186819
2153879119
4099171
611431740
749762498
2504452635
800902261664686080
3571271237
874703696323641347
14173930
996424917980794880
17580326
31624328
40707159
32303435
920756104342265856
2983250529
824642649067966465
229756291
69590040
437861660
51426896
3023951728
14852707
971392613390733312
233266490
829631275212251137
267915933
733898268959117313
25737226
33235771
55158039
103449767
228178281
7855062
742769234254630912
165458471
211785295
477012156
19624836
2759769840
19086859
55741703
2193185706
498172598
948780556430409728
2934285494
2804121464
200770772
2904534477
247481582
783487904
14780086
15690771
321460849
563335987
6931262
727229801497391104
1529634032
278901890
39617817
2620623298
25018338
858518362334388224
51489060
26242543
19929940
99179890
30395984
316229447
4920073377
3236311802
994266323537485824
481655487
903280653948485632
381534831
4698115310
828911704129933314
495677530
885418648474710016
20491233
986309242641461248
1645884000
91806131
3006012128
552435348
3850256060
2722533007
351141135
772056074299944961
2593998866
885387884
870499318301470721
4262168533
2720365355
1399005720
1729761379
2149768238
14942701
1052107886
1011480529
226934096
49897286
3564127636
811765544701587458
2941461495
453365661
854043700116303874
332435745
717405267944603650
869340926229041152
2148033656
458643150
277624197
3315368252
91372917
59642301
24168009
508667138
262212465
220379274
14258196
24860954
802480365386526720
4785914537
109731224
750346960574513152
73449524
2904179780
24500118
18505218
44141752
571233203
253372295
2271638589
3488471
520605310
1252868527
51779785
815690370814246914
801549353227841536
128602403
946203627756097537
473564344
2990536113
821265997373968384
3301029617
1001259379964960768
946179924
2921343234
43583795
1007970057543184384
20581923
201452222
3439087990
784897742933864448
765710879249883136
277226486
1576922311
123015364
806936159586652161
4867093078
790352335759433728
2898149489
787637796
22856697
459538431
1001823237293117444
232380069
34785922
205079066
60393802
462464823
264853455
853229442
2850181816
569713155
829902595
1589008345
979815970414977027
107829072
1008358273224007680
38708378
996802345009725440
844368933478158340
415851343
844228818546180096
4188898392
27869564
170107676
384454371
26356989
633965604
22704882
174627919
3493139535
316265223
286448530
335060282
849348778670907393
15587189
2189235145
2620267872
832845441494577157
2588405803
1022131589730459650
2913295060
716837814575476736
1077339504
2500738461
169909729
3300198836
37253015
452747489
3305832828
813824735880413190
762452598540541952
2479072447
1115640146
131979664
162897888
1022005829346775046
900335567455629312
784954294718136320
85380366
1475363958
176976565
2942078452
1869393044
279905255
274802324
2905481459
1928639208
141286419
1616031284
795354638
969455483647127552
51781119
445754523
470581326
202775056
386305134
2666056576
946551
345694234
1000110254078640128
331120729
1587217921
788849919264190464
92204666
815733290955112448
548384458
35075304
4248169933
790983013224030209
3031590064
241689503
798281243884331008
384678464
775484608976531456
478823758
2277200516
2925217879
2180270046
2179196078
83141528
407895022
20770892
265180740
849677226266308610
26490474
876704718
54819194
1020844961493921793
1004081144835465216
3384701373
3093665937
802301495781691392
3038069014
2783025822
430645155
14750983
505888450
289129034
1492478394
15394448
4914369844
755504
828340676
64326023
332118291
3310500933
2414527908
48268633
2216668447
361517873
871198681
4421977275
564511791
212399888
25185001
21910354
1614009750
1922875165
405406920
2654120590
14211946
744926353187737600
25198779
215696948
81623503
498484537
154391405
3099901028
179187962
801197684254212096
875311595286654976
822927408244236288
924836857988313088
2439516835
528924588
128455874
855129890277949440
2799110735
123543103
26211416
226384904
3887467873
469903716
52567989
258193611
16753540
1471542956
2435607234
265624806
47029561
37109075
741867144
63143484
7858302
1152801686
755592176
80369333
503772120
2970050187
594936356
788543790579539969
360353634
966204836
883549345
299847515
4832295313
14222566
1645097114
1888149452
3268436328
3567018253
24881388
323785756
23715059
1000899020
715503166993874944
830580107119042560
739602678
18798177
15909478
140118545
68592680
35063780
877858596
457019336
981728328
744118692854763520
30343566
187374837
4635481471
873721958864744449
2218875842
29891848
90711442
977462560873119744
925605007482851328
328867779
73172716
467924781
36735522
306097862
44238517
2754340124
14981648
182922946
329702603
3234829756
270714952
725722382
384013387
2414827232
216948028
225096034
1015414424356651008
757695091
2752191758
4033772715
98247788
127275862
1939767962
448607452
39159473
844520976759111683
14751849
69444800
214232849
258135801
51547100
2440334959
918110121674313728
968826416
42784286
836108363171713024
917511276036853765
20994006
1878264721
563903972
2561055058
2230388154
3364072619
32652567
774247376
707197958333337600
136191905
30907279
945620491837960192
2830837346
29506510
433034888
451131659
25728193
889874592
871926204319776769
12876302
987554013095874560
112331083
41502749
17190011
138203134
809987477691711488
817904575499923456
16130619
18967261
12524622
25064833
19926495
217094223
3167807228
347143894
618443905
624953558
172869874
2377919005
15407632
725426518747287552
3937955613
9942272
36686040
432943581
209699254
293624877
467774585
821237931167711232
595245502
85728309
196458749
174847568
17385903
112475924
575905433
868907881
325162750
3285860430
117971004
163154809
66768858
109687064
942823604
16495205
2321669628
33906090
279662168
40318695
219718241
38779513
223764959
107786600
90915705
66189521
997861174459977728
498892286
66380542
2448514069
2509806236
793943366845108224
927009830
884742203649777664
701133013262983168
3701125272
1003781510711988224
788738773366571012
973136094
73251301
777311495264710656
926894359789780992
310971957
3864957012
467507215
364624536
566040991
1149699632
44863442
1286168509
762566809644068864
528822519
1108034342
705330458842701824
2864366655
1096084052
182236262
321772191
1059047846
588419862
22817142
27190331
2297143668
361336287
2847763210
232680302
907047555443286017
854129467928846338
15915084
2849102111
137406731
813333008
2870510265
491908046
1706101310
333664490
36712233
121247853
637196658
1909219404
161427410
985782002
224494638
2918347334
703663129658392578
211523586
15982882
3315831952
14659092
54026820
888199655552679937
382510921
18512422
1351947746
908831908087332867
2150280847
37433390
262799542
208643146
2246102203
2996359276
705150352052637696
34530306
242961013
2973567927
51563953
2941610871
3298774073
3174203670
312635492
244787462
815240565788905472
792169844686721024
7391432
730124204
1700725878
2289160027
19238915
3145330991
747043567936352261
2613399908
1148733134
37590736
3139281433
21891609
129679132
467835117
45607170
19952733
813787194
15567729
17324226
17633608
1159118304
23295813
265099639
957399666416644096
2227291656
2704715387
351094548
52961107
408996868
26902304
16545548
1905250520
17928145
739465899984322561
793623386605907968
402502573
18000189
13785542
2266784384
759847526669295616
317366517
292513922
757987848968671232
1056741949
25106857
213664700
1730081102
1526983448
19099297
323938092
19112539
24793165
116393683
384083027
3344568759
36510853
715001038
47839801
87371781
29037526
842550390818201600
38125898
965853302570102784
753876775
3181676683
31455711
15638615
929399289436147713
1959380125
869790983533117440
236166856
241761444
1735442838
5968702
50739209
20638279
116010497
491876943
24740039
174526877
85213675
443529647
462111567
18644171
104513715
1146512826
785461610
110326494
962876234110652417
2254012273
8337022
4517565515
1099771692
924047629583048706
787500468
72290565
115370390
920023898154065921
16043620
219505926
264419838
3331686974
3027154198
14519841
75430270
735278752540721152
293971379
2904655054
2286618112
455408518
1273196784
432134884
306011360
55544177
3107853156
18351153
881522247625826305
216871973
632764763
2332206228
813534323743883264
43412697
795723202525876225
250858058
48295138
507259477
866426699193491459
348082699
706659482277945345
75641903
50239585
14298769
2510274104
949040844425891840
16444291
15275677
310107406
321788327
19166519
4514483892
1297573854
21280975
3057720837
2166415653
398092540
27384388
494285034
137331341
726394174170370048
2273584346
3309840665
768462360
261987712
14367333
760182999895969792
2470078764
32467287
2550585415
1240075285
2675745437
29979814
949865689627676672
140291124
332721226
948664638811512832
287333780
2871837885
22461427
118735458
27784905
152400439
34611037
18148039
256883252
7334062
287826048
3430226445
1471021
1300678026
16305370
704042535
122085859
65375759
19834228
168606911
97498167
213477247
211608222
39630126
17667742
388400582
2570490729
3250815056
16549571
2346947384
900303948
90793937
110189578
72198806
235199409
24191506
2458256605
960652434
1877334938
78417631
120153772
20012387
14526135
1674549469
711474030537101312
3953578033
112764405
819183637631406081
42607738
732968169091006464
834339074
927723546880516096
62502942
15754851
32951806
574020783
256508339
870427315
826234109798264832
308588164
65857603
751290541707390976
2537867839
870443165852905472
26136170
1385861262
3439748495
394193185
634734888
142905425
204101254
807968504
434419381
2564137649
2646334171
23831682
747524842165940225
30808826
979775148420161539
58716364
2839713559
158813312
54710942
1164062935
26270971
317133897
2823415030
2740387935
2316383071
1096058449
273628568
25297301
15486485
376679430
153029181
250316894
28026149
142018794
41939243
33642059
967146890054832128
568519130
273120413
1046912378
24460731
569579656
181720256
372563164
3165817215
2332431056
46822887
2893234219
898750323384172544
338067293
956163518
936282421212753920
1938510818
1891539536
157601911
314202511
258042072
15204082
26642006
85165134
803694179079458816
179255183
510464011
18018355
19568591
981920849337892865
495498513
8127862
214622133
1656847592
121558285
96806625
1717674524
1648190756
38157251
1021257073
726806564359692288
22591543
798703395343208448
773193433016102912
30799939
14317810
137901653
528795724
97576151
316138807
2335688725
35407832
2753591116
18706621
21879831
2868486235
894172301905625088
984457433518166016
305241490
3350819740
165944767
140981163
18997933
462092022
225540697
322452843
425324693
17634365
250887629
33747810
16286782
95485773
2434051392
141019494
427558609
30975290
585817510
14495392
2835276183
41713603
16378093
18588279
322842111
17901366
7019512
50547938
98509211
360003242
75604826
95103597
94215989
2431419187
477293340
803061715
61371461
15976705
469973314
25642187
100136358
784575415457308672
71150575
17395444
2288605368
1483064670
330105456
35206553
61802282
4684642880
3305064776
15907183
882616129587486725
1512446430
117150225
266336410
4404487681
551433993
970101416944644102
866953267
24024778
149249831
2509494104
246939630
4765934779
273138340
3669239356
45882011
159844818
43515391
15576928
237773936
39668527
516735853
846137120209190912
835209278600450054
49698134
289342771
30488144
11757522
580097412
797229459803926528
113158912
335489061
15934076
14515207
266696379
2209742392
254873869
16409683
17681513
30395567
45266183
28061932
1901546563
27000222
97994375
18916728
186860459
932581094578409472
78974738
20201726
18980276
15147397
916031611
22595262
18227519
1924364738
20244875
3359481
37000209
78194111
204832963
3265372914
39804874
73708625
23544596
19253975
14619354
19119809
797869498757955589
292083207
289853473
796218016560136197
21954529
23544268
20344826
378206995
72423061
20900209
854989481736380416
2603131591
36711678
215952307
186154646
14091091
1451773004
11348282
65647594
440519278
24190981
74669397
357606935
875029068223315968
316389142
625022363
612750924
28406270
271725689
14353392
1787201851
37419643
261425006
34792516
222185665
247560825
28211427
551546265
325966046
28420827
796389672771534848
302288855
965266179836252161
24447643
15439395
44215023
16303106
112508240
53297035
602993818
395589480
18583722
544517731
332638587
2508095053
336851461
139823781
115093438
243835805
243905905
48269483
499073990
20196258
229219088
82939583
46233559
618300542
2424178550
3420477195
52613032
3327720838
36690579
65698096
27187343
800942537083068416
84358766
1228176728
257591704
39364684
255747911
101798589
100322679
35369214
344779704
184910040
14790966
19877186
79923701
1550520115
163297163
154280902
2155649270
531561605
2600202044
331509056
2151271448
130922325
19879313
201419073
47216804
502281810
143192279
3787903994
277315847
3958731755
843053708
27908189
366010246
16305330
124003770
21148293
59949396
28245852
2614719662
104086983
304679484
4655875946
4597092982
4625687418
6974622
386056280
97040343
940675464359591937
1656244670
448476934
159121042
16298441
66699013
14166096
819659689122140160
341871198
2898355198
79293791
166739404
5392522
970207298
16129920
30364057
139162440
4803705924
355307031
476256944
40059553
4196983835
