1558283664
196578304
3418750287
68377882
2362677842
2322260568
207200254
748200699444420608
259540958
1196446255
3433407383
144158707
879775522410168321
1136931327184396289
1131741652513636352
235261861
151193108
4899350893
1010934866882514947
1149775654231011328
125928028
17581425
27443378
85383386
114942930
1036277931117568001
1121230338917904389
471315603
1100227961595121665
823096814895239168
43792885
788121980595687424
3685671072
905891231053488128
2533310647
804287751025729536
1143260850167472129
181122383
971704646
1116193302074675201
4076789494
1448304912
378259736
794981505504161793
1118309216001777664
1057806421750960130
948631778041851904
1122193323907854336
52421856
183083066
14619442
2833731503
586559221
465466995
833376066966167552
1036651210802163712
2922274709
2801976931
923844390002528257
731078318414544896
2482080210
1118684520545488897
239352433
1126588658520285184
112037009
63929722
763394586807066625
1021809792082358272
1107987122080894976
1436647706
11744152
765575774933880832
43104516
1095003917262282752
1088487546097528832
2846161344
1296637542
4805569528
246090815
1016003856482750464
774409000485920768
1032377656950452224
1489776218
777983061929684992
134101044
289587255
237823609
839300259838902272
830320413741838336
1909232666
1057216597226651648
17908501
94199200
778319484993937408
22148802
808101446
3697013177
104246788
49976458
18941982
996838648070000640
1058692278875815936
120896243
2999560325
2818962803
2396913578
992437239044100097
266650070
607207100
1431341414
401723307
1085906594909642754
1158407677
1589179254
4055744891
163858750
180868429
167556210
3139142284
2168614951
3719416635
2550816397
3288434254
16168490
739772147892137984
132521549
2670581953
985759850
71599566
4845113824
277120302
2957720023
65598235
3387126275
47472893
2192497999
1140123648
240222393
226574609
1413216074
1688181319
3031595675
2876669813
730671235378647040
2461005554
1007300629658783744
17230461
4479948921
2259590486
142134057
3236284022
234744939
382968137
300552750
1126619235197710337
1065029997776187392
796365354117144576
2390878020
1949796822
733740154565824513
3918135021
859487049744863233
121204594
1515443232
532207934
458214387
21333228
214337395
969315508716822528
247458453
835612652294520833
2306858654
22399655
2338909537
2266618459
470572612
748094983111049216
986855817516404736
404829917
2510140670
454867389
245965274
922918022595170305
602893393
887693897652097025
449748111
237694100
39721543
2543457078
1036096193003184128
786307078520307713
819537569058799617
961514215621251073
266372861
892859043177299968
9308212
39281968
29354944
405033226
214653213
429767085
209727304
720228997
2170742250
721327092902862848
861565153
3389685965
2935593050
2407092272
3312185841
815442140885028864
266806337
2170520472
267256091
925489113578573825
4871508671
3092297686
1005303044119113728
1182245640
747193876465614848
230492604
16469647
715112801317027840
898239774028423169
917713893857923073
739943670
320376718
1205829984
2430383642
1686105852
3639333494
807411169
349310666
3941446332
18111180
38887808
1091182141306744832
44675467
3888332243
3061729808
1385463565
27722647
931668104
1058525586182656000
893847693709258752
732318638879858688
1451597521
1109220144
862882296
394901772
995604579524935680
784980640840224768
28668423
1576851252
1086642321821712385
2357081568
456221061
716710787079921664
828361667918569472
2288812153
2377367690
884717285780451332
3300920153
380637256
3092209905
923498979270291456
198802454
78326999
743836563302420480
705390315
1636935120
1045545524
379368747
423282678
609604203
942178422570278912
962997733
229005889
716758249685573632
330957811
2876139185
278693248
154691348
1082024365540163584
41874610
839984631931891716
3322364742
1043891217656938497
20338242
768092862
23227706
797738947564564480
992415332148137987
96591869
24365404
3317127242
1140030259
612663909
3129463125
717975313121157120
3415643080
178795951
28334733
278249128
18003181
4030334957
952218322493411328
899763626755604480
1069907880441192448
2272469929
47087325
32990114
824253061384306688
1352971002
2537617479
3073276306
467570689
293154126
2751540300
2329822981
120889625
2315990204
348865700
336784566
2699179050
345343789
344720168
733674878
458909566
1952478181
293806982
198847164
1040353304600092672
197662233
855025397490221059
2423646402
1085535374267555842
38630406
2714415900
17834642
491333323
755733097
20650079
1895258335
14913454
971007524173500417
2651734178
836052262510280704
1104327679
15044056
703244255066779649
190428439
415921374
706515550088929284
3891383531
797062473421561856
2395625072
838290964762472448
390951353
772906324111876096
4457852307
1009716150895341568
469960224
102417054
64523392
3428321386
2232848496
2695069188
1011438486073872385
1019768046972489728
3230388598
69133574
1058806590
2461784317
2409231301
838051974
3683976916
1067514185410637825
859902784346501121
598904227
1062077371417849862
66421943
899623732569939968
926286319923449856
4203676144
325100970
709276261756096512
327800646
384238210
253543621
1680067740
1099709890803716096
739215278
346314065
2314312269
52406994
127829094
1101504690511073281
72562212
28456376
4005605284
715335850880593920
933109655441760256
35304791
2355254546
2798758587
1102686324702642176
1053724531
80173978
1531795652
585462708
336962093
18571182
370800514
845663028372631552
900546195252289537
837724935887822849
951091163754303488
122795357
247678469
72947528
2784172178
824422377442439168
829881163472916481
74287341
166130814
3141012484
2388484242
245374896
1080512456114475009
1006149495279771648
294710260
297327661
261240828
1084173670556196865
1004819198508457987
2855854300
2240003401
1043581221320589312
14994676
954324292342308864
455949997
385078582
841709695
1002243380783566850
19200445
591474704
928433783455604737
74661005
961340880702537730
17782951
195500610
3309510923
93539135
843391995221544960
1378702723
711664070231986176
3776029276
959537969869803521
732803482214928384
744411314
825915143645171712
625070495
3032476161
2589476659
957134260074246145
793190178433142784
1056200619977990144
48375582
87524646
636023721
560889354
1041643205815545858
19026354
3607498936
2950961005
742955718798659584
519591373
1067928688992243712
1130126262
189969652
30962796
249951632
1323654877
131940632
1228337330
582792042
2437947289
131631395
842818527467917312
837693559
32465531
144006578
1025166743545626625
544697306
1217344026
32135562
158742246
18069024
461007861
1579244191
1461782832
2487371688
1692660121
2806585812
926925155728752641
491581312
3298356850
629257073
276559815
1375825160
359437724
856424353415778304
1066291322959642624
1087442293
1003285645203267584
1022525526823653376
1058735469729669120
982179272428158977
32780788
953911102127079424
1306199515
2686239524
1856698021
423637978
43261106
1933470079
1686059726
803266503168626688
927620619084189698
839014713979617281
1363206528
410380828
3123589192
20339829
703620799412858881
1064618784886046721
2768346873
32245365
551112681
416285895
981574251630260224
992837501315317761
1004867071841325056
3142412440
3182192703
159217528
186922818
1038132758877560832
581940244
1052478344
853310301164511232
3068732411
3518864172
4715055201
2654968056
822953187447541761
313140358
928574785
425382625
717222002
903663852298088450
988746984973635585
3183260203
1063373396610871296
1055365990354182145
4726187129
634955425
1035209693172559872
208996041
2973526493
1613173903
580291821
66532055
220470918
1575414624
2318213621
3131064826
1073722016
750811125525118976
839492111603019776
594666501
255838982
880162381195866112
299227408
3342291731
2827079420
13399802
945790220837978113
709130953
18846821
2148009361
759379794349793280
415722895
769624199430148096
258069365
2204778019
887412848669982720
461691604
28768921
91217312
2312189335
442513039
3066077921
3824905336
921323347568463872
1019240913170845701
960245783076499456
735825375121526785
913259049742827520
3243560761
2192592792
1044582346400264193
1002606349971279872
2993951457
967891486770630661
49610064
2794679375
126707328
722038699844734976
3607238235
961967189137018881
196143389
85812561
15754064
834658385744261120
750736446315753472
3190250935
741832253307781120
2985209240
824692994339119105
835166465485582336
207157113
2920874035
1413390474
1005820042536280065
219808691
701230873
2450416195
354550435
999975127071805451
270582649
612897846
1031053453940940802
34376328
351668253
970768474921414656
231408473
293638102
361867018
334321634
841517647611211777
553866862
2808748703
908667458
1425538542
714514433
131644899
1024798134243811328
1022804295769452545
1018811456127528961
1024524425712959488
2256097706
882945953820532736
60913588
415526728
110745027
1049627047457431552
986015957440126977
788732206390796289
47433923
1464887040
3119516962
972511715945533441
1549442448
2202026366
108899342
881326170
1499775614
1452690025
1636830182
940239538177363969
2190882706
783294507571933184
2636125542
60584150
944122434554392576
3262085374
931956589975576576
38889733
2520740916
91126624
258476980
734799627791290368
380527136
1027223437108891649
1022536644765863936
896453255005315072
301863076
614509597
83901781
718776816
2800095539
1376401838
196949018
221580114
837967173159104512
63670329
940996027951304709
2770028594
1421929814
940010208
152707579
1699039021
885414958669979648
61162432
2775030389
760475011727650816
1617918008
374636494
887630930374008832
865322862
329964794
260777953
58882193
2775560999
587714412
891275162909331456
1216236776
961188176994930688
3350908137
717496511609745408
616703671
175423518
436857900
42854277
352543858
128180277
60865132
986877912212279296
105165465
3739869017
6967102
2870607694
20137460
951070177206177794
27111147
1036214846449221632
758241070186631168
887234437284585472
403787700
2862441010
380394354
15416816
3317151764
957661029739020289
452355286
890788588597661696
2687999594
848607867007619078
1027457103919755264
975926415060275201
95813256
826261914
887018224839081984
875586200748253184
817180142
337183206
2687831276
594816093
825488469271126017
3353281852
1031918044354736130
558509149
1221377785
30009042
895766555140788227
844495364
2969611414
30809355
866605139364388866
24539444
1047951888635899904
23390685
353150513
594280670
765648692099461121
2832176885
330319196
27768247
53769577
2795818305
370575135
807519188856274944
449928584
14872954
1490475474
1913890034
34324409
3228518333
389062210
145081111
611711047
32729442
433112513
23339711
1009429744864169984
360240534
555239997
2899863283
606057818
21141985
2514153008
171456352
2583985998
35323738
2349002576
479845457
824106148903219200
1496470692
50029054
88845873
2291787438
3230323753
74051281
2301058057
2287614205
2685781728
16702460
1060731290
3061210992
32232142
25748993
37475286
1515911119
214870513
134536288
758469260
3335564147
36618085
382142813
65130648
1029065753595666434
497656341
3696909681
14867154
70736359
259906731
20613792
605012771
315150959
1002353162
2851146208
746352585246900224
71759409
701510478686724100
838413744
3124784663
395284663
3116915410
29274213
4891021393
885716310
352650591
711879695785140224
174076626
378479543
930376408383270912
1769191
15363432
1426071570
1396903315
19512493
529561107
2656896978
522235184
4060841668
1100077674
807631717624377348
92563155
234255486
2224935691
235652202
916617830887550976
2785181925
123220773
1046589272
228586748
2782394954
856530578925129728
1015608632384327682
111456333
341180845
2919906073
541618094
2609525610
780845952504442880
871869837315686400
1418434280
83003531
260355830
25807798
3288273459
255413403
961563414815485952
47332711
2570000082
4871131272
3483151155
27569307
52522040
3171169985
911948104932438018
21611239
747733094598381573
2778506340
403304829
353720586
611932553
489892755
14943636
2427351685
3100003486
16468925
186010648
1012351320953708545
3306992047
55735501
170815973
146114840
82152159
3404241393
408544193
331305090
981312262035124226
267856525
2771848270
3041358737
5388852
37457377
30683723
1488394640
74857715
2346805082
1269358063
884185578513858560
607557316
1658312306
515865890
853545438825385984
1029395904
3068961197
409144421
583903782
367873443
378272434
2311402519
414320118
289461078
172484167
2450018526
2577666613
88315048
9893772
895331651881926656
1620651050
826221053940682752
2828550908
902513905
2769154873
381187236
2191002960
2735042929
128378011
83134806
803324863448498178
40292271
979189061574373376
1356861042
860158302
1685888563
1001901680114495489
161838894
561831712
1103468750
85001233
2308995876
2436719490
113959202
220325857
1618123446
4200249681
1001901307366604800
1001892819638734853
1166088260
18330087
1002240421819396096
28567809
69613882
337690762
347756960
372759614
16546393
2188294226
242423151
2369609742
262424781
368750485
2316224708
704650175613165568
223231159
2969820071
405124299
388827986
1692614756
1569057342
821369106
2783868944
594572412
1139861330
276695750
3130886799
85100906
1413686600
2916285099
2545265576
928264122415927296
4780198214
118534280
3180501588
37393217
151440931
575655913
31936449
195123437
39282190
1250165227
756272184386084864
326511843
2987147081
756286299414204416
1545249709
17156481
1159697994
738075311565328384
758312386319253504
715331576633032704
448220125
956204295677820929
1540108152
877150978411302912
19510090
65610814
2259718631
252941546
407624682
1112553272
4437144508
861869917452333056
925759900046778371
15025030
264201098
456857577
2893352944
22277496
15071492
2772818466
2573452736
40018241
994615128174858241
20184945
27596259
3530423292
977566853424873474
3104336348
3210279490
3397058356
165909678
949689326413205504
854681597827842050
2745835322
4784640996
234947344
3911586953
761248018817482752
3129866027
784460029
3974011
300194212
4515151
17803323
793270672344559616
2478954626
756656266085339136
2890805361
782982124072820736
155695567
22358550
58539108
1593354438
778013947018502145
3461674943
22544842
253752411
588126802
905182657964802054
945765500314931207
28295283
344953178
28238278
1009432231
3331110443
4121867957
26659703
803551167414468608
2158563565
1362724843
467551928
2793013837
3017887065
72855463
904980958138400769
551337923
583050188
2774220168
1032677238
3035978452
850372918790025216
886581980170780672
703481822848614401
843213931
50452646
3312317120
2882783135
768831623576035328
831641023281561604
3211499315
216809385
2176166298
2511701310
2200032330
3224033895
196351259
1935766760
273780584
1736642232
19860980
19393236
960286364
1878878334
818790064675319808
1062007453
4052598077
850763376263299078
989491787868893184
2802469860
1645872822
1881182173
93685303
1854023672
933648223687925760
2291262482
16998179
53406530
3255691625
2535245767
857955524
511310897
63121936
713021360
108006044
993264547
28082102
1547424528
2707744097
331632691
826111302
217942278
1545143347
1606338776
15911169
570475794
2419106780
807213274886455297
14910161
2350618921
758291295517282304
420368425
218610496
285824034
50996858
348388285
362890156
2349083005
17954066
22714416
3406501643
3201131333
2386399081
2733320850
14185555
3827112633
3378550553
64092459
1109748708
3651047297
3349062827
955856403175849984
893173804918349825
743452002
1059273780
22107744
1223333114
718696187633610753
3779327832
778399385109401600
2518922958
2280115880
3072051300
846778772506447877
702109985371791361
167908033
68746721
896652875631341568
445032968
888448739542781952
298729878
551263363
20847805
442847698
324508782
31242306
12819112
402875257
1677774001
40369403
884906919688843264
294754068
534531987
160651698
37922185
304578582
3300876766
4136536875
2292388388
35452086
34018296
4055244851
21219427
937050321951580160
3773790017
714347173018730497
3189451747
344128331
3292422304
3449673255
2874870407
1965000560
3213203560
914657774
33472185
3362373359
51190225
44344053
837811670
82242654
1320475297
16047950
950453013612843008
824665908018905088
940180104579338240
939582086016516096
2351716500
1128274993
854840560749826049
252608121
3316765444
903233814264209409
21592033
18691746
500690702
868623228
2527073886
2435499030
2864622407
3018847707
972187341552046080
330105456
821302077255274496
718316416
954081384494137344
2842524831
4873826663
3417847618
64680623
930874470327312384
571508003
930082524654686208
3147571579
392340796
264026671
967596668014219264
16638904
2445765961
84653850
2393183286
2577855113
754273366207496192
991745802
31030273
961443775271841793
1703428255
16245822
209309794
33230870
52188980
90258002
1672160996
107451380
894556339632037888
2168691703
101979623
2312400798
948694597642809344
86713881
4848860457
728299781991337984
3069981864
1251564685
2579527148
870324519788879872
874310395875295232
816273766368022528
2775996089
3826536612
3081982205
2158459550
627212905
1289104908
3129685535
118483736
581806945
330743859
288575273
823518894182846464
82503888
74538733
702155643613011968
879963719958224897
2755236710
304979847
4144473225
745600340
1291199636
63470847
1904583252
16817883
21147106
916087333291810816
1597067594
153535819
2981414219
2786420049
3100262737
144612928
386126477
3555372081
922885601493504000
302769804
3697178175
322168064
2533800542
1378238418
415162347
28007091
3092760197
3131597297
4843226308
706800925394997249
235281218
1610502511
2798717335
316449282
361963818
778177103942545409
2843843588
1242788624
780958740304408576
781896805441163264
787388190
960845466
1489093009
719486754139586561
783718031700656130
153808620
567122311
753060066236964864
858858776
28355781
3114535289
3092734203
28579026
562026575
182295395
1082896290
3909592635
202573676
338444630
3072148906
752037231339208704
293454662
1290447806
920925912
280329268
355616314
2919151
96102210
448106026
25928253
918741100780761088
903374745932050432
3186479613
2555804478
3235635142
719445913903710208
3352893351
393046136
2744459353
4754893993
775681629541007361
3631668252
851116964026224641
15838361
952920240811372544
883353569730211841
2466439136
2890751524
801968388562186240
753506894963171328
739133515170729984
55557293
79434033
105231749
64494971
206071884
1063845924
24181299
939949219
1431402236
17276413
531824212
1616330821
76956597
2425619292
369098653
947321780
1458567006
935364010714677251
404946566
3092843200
63557728
290843855
418766654
618424641
915580697880023040
723111626270855168
174343987
2255297864
434940690
100030266
2947562087
55213542
2370991351
189129508
28131948
2698074876
17773446
1425267090
2961120586
467756681
194117563
1350876494
539444250
2875939799
258533106
238759309
1346714042
473445478
563051920
2489060773
1650489126
285698560
30023101
1536637417
1093788314
1041278022
1454576262
322089105
22647853
3043302184
1247549077
3192154461
3230272373
836548849
2804332645
2254036770
104805976
24340804
3558983849
186947827
3134054871
2534862482
1076332622
222450055
922783415690252289
956562228215451648
903670469894733824
862611528775847936
2824416733
3238448948
2544177302
726420629319213057
1656774264
1864525388
601049039
2330034014
2351827339
2595260136
212382437
3192573188
385611620
1524366572
801722063199334400
96578083
3245396781
2289663884
3170233419
140554098
931257110129729536
908264247347597312
905403449470320641
116579971
106832491
922822090843189248
2398217137
116347255
99149604
252153159
466600034
2903987316
3367784062
414669705
966413871857598464
61001305
3130560783
2647293930
752603166487621633
817838811463974913
75922109
426612147
2818770726
139156709
787588659239346176
334208589
595878004
2259019392
543695165
1449426102
2439032786
29234911
104475938
777121
162014851
3015243573
51837775
75633116
2864381561
28872567
1507617380
2729087478
61372349
2900146091
391934111
3017093141
2837973047
21877288
1735608703
109928640
2841795280
3131430161
3243492486
255201194
2173976412
933563761
595206056
2320118833
132728670
423433891
423441661
63421701
2301917744
760341961
2511564204
3232811052
868703400
36976313
218488606
1020247382
884328535
301568723
474069250
3837815958
3253256552
728326802
3302664171
82285908
956621386746814464
4775364622
1959198050
484463087
2879642556
823615574
24603893
2321256986
881650677797330944
2792359799
20474878
93653664
11383092
1414186285
335939030
1119394370
996020192
576559636
93881354
876400777
509273285
2817674196
881882604177412096
2149008254
784575415457308672
134976379
1290000733
1109591706
120029735
602680982
890863857203384320
905733587374399488
4924217512
908226487928594432
26163110
78683448
832606155973201921
788363167
1560875191
15022464
3775360879
1398479138
534037507
3062401109
827299595604463616
808355323643731968
3741877335
364862092
86837398
82511170
2429747641
2181735726
942017977
1061859804
2760015084
2789457827
3148625648
740935048283758592
2583592880
811988927040978944
173566177
46493607
2252370040
3298975755
837603397234720768
56669279
106797825
3293080709
2438399684
701534212
3297535251
761567284750147584
771273787618762752
748207924686708736
3244724835
50216928
35598529
2318890404
707433649
4898113210
27034775
35366398
22465084
21059542
27028248
58881215
149891841
90169053
136514464
47077673
308151547
185280748
52488565
87690182
116773749
53025463
86065887
23586077
43002582
107225267
137115737
27726303
34868965
119411882
191181979
15765945
162686169
238982692
19573773
14700258
21581503
23602600
19837528
91843047
162535413
316327930
134429434
125512325
25375092
101778101
19658826
317575573
15125585
106204123
22946999
164816051
56602272
28694307
87321664
56240901
30911360
6705042
22363802
32929295
33856936
23929169
46473066
31094711
340283661
235573486
19084034
81106305
46959037
20779255
16264965
52238172
102768569
153450560
338240032
278284482
28713040
14327715
41859177
71123993
43967771
18985501
172317565
65923736
18567018
88795399
74984764
21291405
127024202
42842224
322921302
25524892
33037945
19729130
85307338
14145879
394380388
18700629
233342030
29173906
20777090
25150349
49445813
352673744
311657687
68641036
31443503
14781473
31035336
210226021
17997789
220139885
85353927
32271550
202328756
31504002
326453785
16110819
24259734
37238862
357281946
9207632
38717507
305135655
43860827
85544492
17939037
81186421
23876839
21626287
21885781
20222542
118975084
4620451
172459236
237829220
23626407
43833
14267595
115153544
275719928
143903442
19965811
44093781
14729597
52584039
14404842
20806880
105810697
104786280
27823036
58431280
185367953
16025527
358566293
47359057
316859180
9662312
303804147
21410687
70951899
60165542
18032441
30233007
440362326
451128139
349305535
371379500
116994659
50778320
19657120
127305588
17001646
123887076
16877374
144103864
368939960
20246015
340445091
339243395
463069409
26259201
75233733
17897772
15150453
18764776
23506185
17813135
25858922
415601652
35369165
472999015
443226587
41623709
405124125
21126840
263695739
310432696
482133051
85605334
90309257
331604683
492132227
19612236
11939852
264116927
176371696
131587838
19098747
161843603
27847455
38447613
245493776
386125345
19515424
20928893
19348113
27297131
534819683
525785424
19767193
516196378
82953204
140790376
40165585
379397275
139598778
16486812
39419609
52368811
210098725
221808649
245564615
531298670
15427106
211966697
15484063
631044500
478824750
42790254
18703016
600803781
325719227
141328091
57145894
83330531
29238048
734680794
260211154
778084207
38752569
381289719
174202599
45579282
987835231
182136530
368367210
232294292
38109868
408055724
525413893
174446147
109310784
303852606
453448468
42072532
1228313390
201363012
19676294
19350455
14191265
265933099
567127732
494126254
1484576695
21624886
997629601
853352209
395251459
155916643
300199290
204721301
16017475
222075305
1541995627
86292908
397350174
581882836
48705816
519438862
33396367
1913344903
17042078
177033725
225579230
88789814
44724477
324992748
493175789
192659552
357674307
94139973
102763849
330208591
284773884
1860788018
473897988
531697681
134610558
1598216353
33055690
24277376
374160495
133545597
1221025892
538508885
459294549
1891806212
224043416
252124716
26247698
467277130
191232431
19550533
319118333
116297424
297003395
43564999
11274452
2653961948
14711491
473098259
487406817
106880589
195552864
132223630
69277202
1080753187
182705192
84619537
1953839510
255961883
599897463
1048472533
90755137
2175101088
30883545
802257920
951205128
2458719236
928184822
41272346
18100201
977826642
16996837
75236979
233906881
2156886487
749337334303383552
2767462649
516888769
49984747
856570603071041536
1079872238
2842997410
816578659603648512
3656836876
9983942
816739121251188736
17387342
2752781187
897444305459130368
535702830
2644138232
15300222
303798678
166347344
16210723
73498916
329048731
59541594
2289506892
26668365
290582982
370879693
828533066297651200
581270752
180858875
881202566
32302688
24862758
118982196
2748575606
31114785
15702504
28537098
198738534
20542737
111995707
35746478
47336791
1635243432
866672131744161793
2647306743
214417301
195781766
172380550
146555905
434089715
756876264
88727938
373302627
95979076
2362502461
77187186
182747810
2527074816
51435711
487361699
482054953
190665731
161296632
136841649
19078387
271112818
277997152
140395065
218797772
76637096
43540843
101715614
270466146
3026528013
63304316
4200716788
87706747
31348594
2353374818
22046686
26689687
10733302
391317778
22151193
11348282
15143478
304366925
173957866
965779075
21823427
20687263
14647570
14091091
19040598
904251031
23072537
19725644
62926741
178318137
135421739
40865997
347121285
54829997
56510427
35364040
20038221
200646949
92724677
17471979
65647594
803435410147811328
37710752
