1047623089599795200
2899433971
1015686517573013504
829881163472916481
844585848
16031984
2701073637
1025815018527444999
4075802015
800703841779912705
479688911
2898969991
199276933
45155495
16366715
1060545835
1155796448526520320
3485597543
898952310
887120405592498176
19767193
17871777
7954452
799344805738323972
2493400217
15446336
3436926827
153814910
826875969092911106
63741872
53369324
2786463316
64517320
31977140
716749779250720768
4888338591
1149693826967252992
86176601
4620451
1486740432
394879847
903679681467121664
2690114604
589975555
1351021098
68306839
4784267540
3347757981
2218745125
814392950
4531635201
193103650
897642626
776596425677410304
518184679
103731431
59969051
907241210171084805
90539206
3937577533
1911659575
59889572
4744754959
1128496398343655426
1455967128
773269629292740608
216776631
3295269001
1069971323324170240
18607272
1001788626815082497
15232970
1561646785
4744353975
2432222126
3047577589
2171483672
869126780
2875096984
2740728222
78085693
2439150631
797115007389626368
156989502
960502738240065536
253650227
114566919
89430267
1414183850
1104566100
779130031
1715390874
702196348041297921
887174960132702208
702500321772359680
297774730
784030662953140224
2689074768
20953026
2891716613
2892383268
745401811360583681
1511952336
975918325
1574470142
708427688722063361
969235692646694918
2677803649
582872181
1037090557179453440
780857507749036032
2811381421
1027681738657591298
3320767796
125387591
847355281784807425
863798186
937328820100698115
936667925603405831
283848496
50560474
500378744
795077244548837376
4855363466
3367800051
130309065
2191246550
939105130716258304
1150450659059089408
1080074378904289280
703559772675510272
103019546
283696216
2862238563
1051953241175412737
742769911
453347031
636216638
70784139
15357521
3107789363
2273410434
247610675
3110190151
2843783715
15502749
516983196
987024712424443905
3015541576
2161027910
2500345367
3240878650
1477791876
334620499
4878544979
1054061827976560640
195500610
16491676
2381904828
2225913155
169234690
1006953477766041600
1484478499
147728303
14505838
112361092
2999438926
399537423
370763425
1035456789817384961
2174023584
914574532765208576
2236028670
529126022
19138455
113419194
14807898
278168522
33773592
4842763637
20458261
503279480
22522578
2821109242
2841795280
1949689806
24259734
769624199430148096
2987147081
2887301980
2148009361
254806092
1895019607
754781047456468992
168508631
2270776861
551112681
415075929
133483967
2580789216
1400404514
1291199636
302769804
52584039
270451177
131942721
731230965700251648
1363206528
581012668
97244272
1096547763993669632
842543590114959360
1082334352711790593
435331179
31013444
1628208204
2890527037
1031228295646519297
1141022124875890690
19042271
795467372043726848
109379148
1526117282
629840512
529540495
946769353
2680119205
220675687
1001508157611495424
986794331582365696
1083446574397571072
2462125184
74386780
2228587872
19518147
1706307726
3969130162
1312351280
837714397728395264
783796489663361024
575568280
1110153836
183226171
826863037353250821
1062044064424460288
877205636131336192
1069613588061540352
164345736
2830325224
1113979422091116544
908083688075821056
1377268357
369138764
1261637024
2410983630
75639698
1138222165768228864
138203134
183300976
869692636021497857
387186414
27784905
386056280
2598007776
29995782
817482777381605376
2531335806
177316454
1111592195956588544
2944953687
1143659386147090434
2847451249
959129994822733825
1108400704752742401
187518287
299400903
1144882621
17396170
85728309
174847568
772396639
3243120372
793750172853530624
1873706053
415822027
942037746197172224
38070728
1947399120
601536678
1138860962612572160
2354899580
10238542
1378590138
2432763469
378259736
1122709100
766387657
975756029999886336
888890201673580548
597924995
823939969
2553075912
14243008
14734393
742798658
1700725878
627145316
179214664
4708368321
2577500251
272931538
749658221866983424
63112528
18924291
1026829613115363328
31108138
1029867053816016897
865936571635314688
3279263323
1128791542175535104
61802282
35323643
3226303103
91176409
4768248281
565547887
1277244036
275307479
757922835872571392
1198846934
1126896766404657154
925288658256658433
810867306670817280
2183172642
123295578
1694040764
1382442535
2336815584
222134128
1006419421244678144
70725281
1019974187975430144
783792992
70739029
2620106959
1062803242424377354
463739051
100301510
779733126859726848
963851757607583749
767201472
958321164048191490
931942161070903296
1034302648739028992
2699106943
994080567997206528
1059520534248071169
787718609313214464
597213953
110059863
835169455583940608
835009279287513089
3064968154
3914772492
1878830466
34032998
973540383950065664
2802448558
3030403905
587736011
899569450340540416
829338177659863042
964744488
721732768925880320
2853475024
2990181772
31092688
2872347382
781822568730853376
37426657
2459479083
2931625980
899906451732406272
886370533683625985
771144922737020929
3077486277
2567872399
2395309999
984230644325801984
80846676
1564412287
2225566590
509278253
1448493367
1577609436
2979611021
268408933
1081367590365265922
2770854817
921361590041104384
542786657
57797206
3072094782
3418750471
2877800686
890226606509260800
910549878740279298
2976859817
3434086750
709174449145307136
33123688
727607095416262656
2967402199
776446521625698304
1066868172496740353
862037690597953537
355036400
750022168675688449
63207159
786047748508221440
867818435765387264
956635510297968640
2891604031
990497192
1620556356
2335620294
1029169938588680193
993602939699777536
39530187
18335940
628759007
2939415039
3554147292
2263168662
3156529819
978156956983742464
1876552592
974539614756093952
810331766691074049
585068690
725085496116912129
902563858056830976
979716718858817536
1469913643
551422383
925854986747174912
1158144746
818242178598072320
901607786152321024
725160329714503680
714565684492013568
2153940236
739855488
916307800338419712
839631328232554501
897639667
2759000281
826910860245364739
940730480
74287341
636586551
2478729888
625070495
17930419
352886904
3256240549
95138797
3027709306
2164788541
1076815890
153782396
506606176
3220936987
2671860757
4533480619
364697987
191265053
25633231
956354678
1161618463
480071878
527500910
3221746620
1099074541
533877810
4176099029
455363015
16630098
1043238268932902913
138564242
265582167
3334332021
764889044
309707977
2340894198
2738657297
1103092523197743104
1103095593675698177
741818341942263812
2189567755
3981499394
2197365898
4808478762
494167286
1038032331318153217
204936044
1007542752408670209
2382159110
751409375504400384
26112027
742443207586402305
3390055271
3984066263
3278536453
226011566
800459756292882432
1169491946
3056999508
816315628609011712
2255903484
857123232683569152
2156007288
3316501680
340741999
1101235043593347072
901961906717675520
1112513186283118592
29233977
39627841
1021050421023043585
231216809
791362452718022657
1066502650479460352
3070386906
323750144
1960641956
2545575216
740572189
136002779
2361413906
1097986856
2994348823
357271822
1111825510533918720
821091953681059841
23532147
15163872
597647764
95816210
518963864
35935783
2438637042
3116196557
919004995969695744
2331416060
2782892072
3342869783
3008298672
2293674793
2903470928
1073642905489817601
306980948
558148770
2829150121
1051850787884797952
78040914
786770666406240256
347987326
1046106293054959618
828626782827999233
902269593347121152
3589949716
3294026870
1383218460
921434572340056064
911300020502192132
525942322
3673629314
1344715644
2702329087
2675298318
874851924788600832
869569854138798080
930946432831541248
1255503708
1098346715587825666
903781101239455746
784293443208028162
3130326569
16435797
1201340646
4776695254
474974560
4419407355
796530653315612672
82321731
257536555
1433498906
47247580
707111813
1096185448161005574
860924080790405122
884943354831798272
864571359954968578
330055239
838887334410092546
1045290901583663105
1247331740
430143424
305287070
293210444
933375479826059264
563903972
14207863
1070838530669068288
1739931624
2657374278
2701263722
613882184
1101302814
491581312
28267492
1058010503430238210
419091140
1414186242
624152454
711376890
1088065122659115009
755204318001672194
708696105685524480
2562466034
735602559004483584
3305249062
418458802
795034073446174720
742760747806117890
30054271
718520743479414784
1146926238
14315537
3194584159
971137561749000192
448476934
1071162501302149120
843789470
890674086950559744
1577195011
947433928910168066
2675926844
381187236
2793617079
719360694676643840
994077432897523713
165976004
3011754608
60817380
50578347
980525742
1034556794117468160
600916866
406658478
328618640
984234517308243968
28223997
27093057
2586103243
2997396564
3456170353
3126403725
2864057775
310957239
716466249736273920
796002045933355009
3022837386
11348282
16029780
13201312
3145596018
15122475
4828240147
2336670445
19711765
18019105
452080450
265704484
61872472
478750126
104962810
101536649
876070302786215937
2576348216
112475924
978450774563815424
955988804116078592
4227110652
29342640
3629607613
352650591
559614467
23521469
772186025036689408
68547548
703853478
104068477
599733645
493276617
999293378
937713890
469490715
203714426
488300738
720632954666377216
3255997940
426389014
980575378203926529
3285694916
89316295
951756598405488640
2243347640
1885177736
380208884
18035884
92614042
7816392
237670274
34049828
312178025
547866955
2532104800
2846446788
486755798
263055971
419532697
14132591
1672923102
62127399
2867390068
16298441
3075834498
56732948
4653181881
2418230672
98765275
387323487
863405239
41121681
36760758
17450044
3033911699
1380958214
166594218
1370512346
278930750
2753003748
323754242
2825129316
763725540046073856
2499225925
1174012429
1723517599
787379154077437952
3411337576
413396543
702900732
392009371
15776891
835810082
89964231
547340539
470168714
38153817
18917572
1288552388
212404689
1873782870
49273885
146712087
416934863
442776907
32855999
611318385
1358923406
303804147
22842421
