890869982279684101
2463511735
928733820324589569
756031664061616129
885953601067208705
1157683916842721280
64375648
1109935232482988032
1090963658971275266
41887320
822173125639110657
823853384138637313
868114803507810305
732141019114930176
155844883
368929389
16432203
317868567
3344007981
1265980568
330238606
916241996930584576
825105282145587201
2598356706
1151942630630182912
1962917731
1120098811
3922359381
1153104336240537601
2471695082
837500761
2373521702
4274647934
2573833471
901484780323315713
316832974
881716931610279936
1058478654928359425
896193831959441409
1083745748850749440
3351747849
327880020
734836096677388288
30691325
3202322638
19658826
984408320386719746
984433144240771079
984391768811720704
830063189308084224
1134387239558029312
4234802292
897107358572269569
899030756705656832
709479366946754560
807691998589288448
822466700167749632
420263859
3031822229
41428068
761764908379758593
213260081
2864605577
740936273909690368
1006472041502044165
936581539
903257545002901504
847782800690466816
16401786
722702090448027648
879764447966920708
1538962154
2572502979
756906668357713920
2346414929
3234225066
238078382
2919355960
1083446996294340608
4295069962
296958580
127818145
1702541450
3312915503
481566373
309040388
3519129856
1236513889
264121073
3304033851
2673680023
1053724531
1098953111174033408
1095279487644827649
1601901936
46624414
1019979830442582017
3072544354
869498999358836740
1248350874
25728193
279489261
326813935
977283788374970368
556986491
574524931
1046440484393164800
1022076257612312579
478491097
48811884
709392420568440832
553347305
365941621
58431280
3739275376
570717946
3023416147
729150157
350820777
44418062
3642571697
3153837282
565540241
1006485386468691968
960038000821403649
913718232938307584
856951508
2703381667
14209777
16741660
1930920164
970677447179096065
783677968963014656
20809019
1028951566823378945
1560125906
1551314264
23544596
133473839
1007798946343907328
2232990949
801452167450230784
2762172413
2287775562
828583428366942208
31672557
41822696
4524846597
2845718307
2563593138
1544075700
479964069
975772103755649026
1223957174
21032848
19238922
2596861796
256793538
107391777
378259736
143086518
3191091250
2175752724
2940097983
747462481291919360
1065311374547537920
66660156
369103850
998483936463474688
630142844
1522181906
21187559
260721013
739865238108024832
2617917961
1092268705994526720
3016135655
467928250
4901022909
3073433704
709136822207705088
1126095029037088769
589481208
222558479
17476935
17070069
794992162509377537
1112315256
2545153069
817102038
1398927494
1825330614
347862122
162428560
952870364476035072
772945231
1024028233963110401
562188508
1610566350
3314431704
26233068
378740424
826188694499401729
433692953
81317644
167121831
62346279
3391975707
233264769
963334103914467328
1017197881
710444681885327360
1050388650163400704
797824576302579713
2308158165
1108021078977404928
1009374433499369472
1028063001755103233
4715312019
135266269
2609287418
1373164730
15134240
54664757
834340594273107968
153031954
43300273
190192052
19402238
484796656
2675596050
2869215070
49960444
787057857728548865
831796496035090432
1872192224
38455108
1044721702209380353
972516578582519809
184931891
88914175
136325501
388345704
96102210
12819112
380816062
1949132852
525146614
69302673
3383170863
934054962480291841
822020355606925313
397351821
975747614422519808
200863710
4164500357
836927016645627904
599624913
765847562830155776
36180724
1012033098572337152
709420932419461121
2778103226
973897368960688130
8539242
1076086120209960960
1082266519634087936
1630286970
849666375920603137
2726015061
308096812
834344427011313665
635636328
831541424
2980458689
27510459
712220306
811935167275298816
891967639832190976
322609332
160583127
43081192
199226563
986185758
17682815
4495416676
901511545309548545
439530232
937615164320440320
2833524011
292334056
262082115
939992909465600000
2262778657
23602600
206255645
1098772399
2421085179
20323290
615186905
1064466997646434307
720961188
773503073079660544
1003769753096163328
819666861969276930
226122746
1486765549
554469844
2865721665
3592333339
547056962
77315885
344908060
78017072
3350092042
437909910
413347346
39753738
2731275258
482172186
537138480
790644216607154178
2532315008
828568327878483968
3384783124
221055586
245855377
227942915
377993200
148397956
171496247
16465385
1118872459707658242
892716145782005760
818122001135108096
986920442609971201
939351912
1562881320
991704955034759168
22624441
82612443
45536309
322570273
702864532348268545
4491298875
27642207
4491203494
4491276760
3242072481
2188272704
353607508
763723125007671296
790645698
300906854
582957246
38683025
4916114566
865098947211272192
989385677501542400
74724779
224557597
19837528
48370227
23184591
28567809
57579512
927844747485548544
3311818059
2230791512
158855234
3383275660
167026932
158860937
973582881556713472
14499829
16949344
27013292
38489678
25950355
75304043
27596259
534634874
258847118
339213186
18477428
111305843
32372834
65134016
487833518
15862891
2394485621
36451219
2643817689
117208909
90379103
