1291199636
2580789216
106381684
814589791
346996240
3656836876
3292276008
933087470786367488
3235362313
392355134
32449768
303804147
70097411
3515201656
2779663985
378259736
834452256
415075929
318485472
994648665057910785
608585731
1399640347
252131430
22752860
2413216260
248557341
1595392003
19066345
48799978
19767193
35749264
133483967
398754763
33977598
754781047456468992
270451177
2486394344
3404241393
46473066
864940077402660866
3866598805
40305538
2993230373
331434993
45914458
849166502402023424
1074967171686486017
1020686783246454784
3318461749
13201312
70725281
2966532212
1288175774
3080761
1596415166
859363899291742210
2585154385
731014942879588352
1867843520
991745802
21551205
103849564
122995784
633980404
1434251
17482727
18837791
83182871
133880286
2238652956
2650172756
3064289467
22642788
3287325307
816291044325261312
389624861
882172988140933121
2284302210
2539652841
958414163101016064
2810014351
521928542
1579282400
1105166470097616897
81305054
2412872653
42914038
920710158363308033
3448997658
1148645564
2891424126
283335467
2800308047
1107849644065853441
1927562094
242391033
2298842947
779413849757802496
2724790458
818569814092353536
386617558
1157332338
2325958489
3192411776
1049681147846950918
2240926171
246887236
715949840610562049
764790126
741958525627170816
422375034
850888387
78322326
424461303
113240809
267867165
269873463
90314314
2372145799
2937904770
21133156
16753151
264447163
899735032482467840
738020216626634752
51012239
3165631810
965380067131092992
2562122064
4746071128
991730574086885377
443749073
730334275606872064
577072497
4184189956
1251314418
192627398
110418117
133040246
52591107
1331528174
302769804
431734263
384213142
24548977
368367210
564853309
1031200553538220032
2189827721
885193506662363136
2588947579
930711403110965248
1085762640
1042266740120535040
1044832161910738946
97227363
742306410092990464
3150182628
88856792
834189214652760065
38507478
216777909
28111785
104615577
1531265618
3048129781
76616179
2720868859
52351621
760157816262975489
1084490494506196993
93825359
3869030112
956888676
180748385
703227825231253504
1897575770
110397597
394129778
888613020875632640
2454600100
2885326471
1889388084
791575117859921921
3040692414
2357627809
3360560846
798125959794847744
3307960447
754595280
2807366623
812528724335677440
3163717636
159758110
755271973278711808
730404564
748812430172565504
83544675
318314773
1612049844
386832194
370573869
1060974422612303874
1862682206
1067639274873319424
17537467
3993114194
4629619580
2932664768
23638544
146856971
1049246784126636032
920905949795246080
274606076
719778039450767360
1859564400
37629039
406403115
1310056538
16542390
411999422
859409030
1658637522
127483019
122453931
18185798
23763445
1007264764483911681
2899077361
3159771842
192114911
106783477
1424562289
4802175765
2916947141
2573105580
724922961032019973
3064893512
305355763
820002368
231029978
1951706946
1675098620
318195157
39491443
161595601
587984489
58243368
28995530
500711588
19029306
2526794479
1943418931
1059896820
739042814755901440
1290834806
54436268
173523505
14075928
16580226
2831900160
855243787
555078467
14376095
429437160
21904217
28138900
271274768
293552715
3363945117
1461447398
771427441793503233
3241214268
2213932272
14224719
258703448
225012752
15670515
74286565
1976143068
2574232910
3109085838
378056166
2583530442
77732185
1856414335
2990611686
137780376
347035710
43855487
39743812
18071358
38647512
441636351
2613904818
738367164395048960
61458407
799178390829838340
789327837727559680
1330457336
19608297
1582853809
36771809
121208305
8161232
1536791610
1917731
19004398
2334193741
35773039
874916178
132961448
15828408
1219824320
22602800
550112488
123979373
243230859
2097571
28785486
17842366
2652536876
1636590253
20571756
723112901867794433
1175862392
3289827898
306245721
216356915
221253050
104277809
737292951907401732
614991310
278147453
308373404
14361155
38146999
14700316
69231187
19402238
1046661
23962323
15110431
15143478
8295072
14702533
621573
47678623
2785480981
165391600
17860393
92708272
15102849
38751529
190229245
20646711
15862891
17137628
16895274
32372834
2464809181
94530194
2798536752
248965136
14130366
50090898
807095
382267114
1244137812
17471979
22692199
20536157
18164420
14647570
11348282
49012699
153784150
28184452
21436960
34743251
1877831
19701628
19658826
219617448
16465385
85221650
1056850669
2602959463
2253142422
2765974980
1176135546
2775598132
1704625526
835759819252514817
1227253801
725971856
613357772
2357343270
177829660
245687754
14691503
109944769
511013447
34305774
85839993
36184220
117662694
9460682
30313925
22872308
16564324
14260960
21457289
793585473956425728
19177501
20596281
169021842
937499232
39511166
27860681
5120691
33933259
14499829
5988062
14293310
14159148
783214
31311757
50393960
813286
24919888
20751449
233899475
1156338067
4452823454
2791137282
2656599733
2583806562
2543217782
478432912
3060070478
784705308832694272
822215679726100480
736050876830257152
2650295678
818876014390603776
2596143056
571878474
2543109397
2611134289
920488039
2686770528
164213375
717020664587227136
39240673
406869976
885487044243238912
885490328232382464
111560581
881731466
2647058209
912211757363367936
169963553
955317037290565632
18159588
575702002
19897138
887606425479856128
6509832
905771521305526272
1072993274
231033118
1897514666
2686834802
481132718
92724677
2222673457
2541363451
68977380
135421739
97217966
141208596
240649814
145125358
1324334436
1251083774
134758540
3171712086
37034483
60937837
130104041
1346439824
405427035
2183816041
471741741
726878125
2674662996
2896293786
100593337
742143
5402612
19895282
18839785
173757354
106485105
186054339
1402944379
2168092658
101311381
15187974
4628602041
2691975211
106620826
139611058
