1161024436302163969
1135616802090835969
230988887
3163312514
832361956707270657
1129248440
1927883604
1004415843617333248
1143659386147090434
235741536
905406456584966145
118623177
28951655
3296007139
72819944
28502793
1483721365
2201394067
804164157427875843
297267504
2600741154
52921907
382360071
1112764093646229504
1102327962
3092363121
32133817
14353981
898980235
810898099229040640
1100245418569596928
180535644
23483816
798547004477599744
15987376
380681476
137896488
18585570
22709207
958321164048191490
1096058449
378259736
628698139
742769911
3266258420
158445476
10328012
1633496226
45255968
385192397
1522917078
392463691
4696728842
74287341
51111863
636216638
112475924
1620556356
16491676
1325951616
752967707277029376
16031984
118975084
986794331582365696
1480385228
16435797
1923959160
3290762269
1066868172496740353
786047748508221440
325052000
47517155
448598995
2448551130
65284273
36232805
310415254
823667920303628289
14238795
974294579825475586
2396804350
840708393987895296
1093732567986130949
855323682121461765
556415873
301240948
58759772
179796697
15224867
750750864558678016
2903979971
54625902
23765456
51023770
108463534
935314503302107136
767056266275454976
323417384
59558161
1668292843
15481606
187134538
876097642358591489
2454160856
7239382
1131577690564247552
1108027003012300800
171685697
1155190001874812928
150240350
102208685
758668293058113538
104617416
40302336
1601054250
6931262
17976926
1031991770
740986172810383360
954012250053820416
19711765
1890032353
2697123192
1006419421244678144
1009493860123201536
54404911
2856091866
774407512598704128
800785723724963840
872460123125448704
990379609014308864
110918669
1123168076
2796140905
1666134386
16288970
778899833746812928
844317093478699009
24752038
2386237370
1517035471
1121557432327712768
521636675
1151627680569278465
1948095715
561715566
730805827
538233740
246560945
99599045
20362684
860675571885498368
1147968788832444417
1034848697732030464
3953143340
16949087
60506242
1059949946726572032
1147687442691919872
25737207
566172740
287920401
127780411
256631681
136845804
965676624514560001
216401306
20136892
928020257461161986
15996231
2603419044
965940881248440321
21390987
290735485
2968451607
1114970489942753280
4846363586
718085712
45360352
3243006365
3021460584
943305672749285376
2783231383
1209650442
824794776633430016
849811472595247104
1109217294067134465
618449062
198695117
15481790
122498570
324582637
187374837
19624836
711708804707196928
15156430
14979091
32147526
719656147624534016
168183999
204798466
2389097759
2417085025
1339955762
12244552
2327498472
2400130538
24239110
24583789
292904456
33016850
484311140
1711281463
402398176
45979119
294500046
28926581
909891288891363330
14542977
246598530
345365483
18461401
189376144
729411396388179968
18373034
1045583218580353025
1039480954899849216
326980949
35944720
1039622117753610241
28257421
473262676
499382239
444970866
44000905
2329252147
4166893852
75726671
1110638812412022784
1106496720517517312
174014130
87359651
557904497
51517486
398271367
1965612534
1110633043
178287743
22027975
961113187453165569
2187057823
2852075027
18020246
887980683624370176
2737573935
20707070
2362055840
32621299
355036400
20578232
1014875359869915136
855007514621911040
1000447035420659716
537434396
1114195556656529414
191883094
814074906057043968
17848134
883821941236391936
139738464
874916178
380524610
1128077124705767424
50578347
1017807376957788160
15645913
132577705
1071019235952996352
830908366377611266
1475467926
1142190833208365056
114315370
2937770944
4259050755
825508088623013888
50855021
203714426
862037690597953537
386056280
21419847
400973601
1444237832
863213286455562240
1141583205390118913
3248963739
59741138
14606474
2284718570
1097705598291009536
1120387332
2701073637
200846651
1060315626198069248
1090825797001244672
715093357953990656
1049797315492499457
1141984729870327809
16572459
1140667771518423040
1139189085241794562
27948612
34169085
274479870
304679484
234015539
827362606700707844
1073837799751802880
180681251
48144950
2342648088
124820305
3225693646
27829587
28285298
447645651
870877024260419584
840280422210756608
268585854
978914514
380268462
410165923
14476016
550051841
1125164759320547328
158449875
3416016598
769201334054707201
229552128
202668848
1862524676
18344104
885106951562113024
18320938
21414576
208361818
19826509
1497757638
32817728
98576802
875523729358553089
768998385529434112
842432472
276813374
273254462
819944806419931136
389217450
115675512
127363719
74878213
800048792301170688
850941450
173774813
3290561765
960151928931012610
3303498293
946028271334051841
710492581793275904
628778576
103188263
20094409
1618677198
259392555
1410074916
3197746368
814583963167719424
989218016255709186
760397615943024641
992109555483103232
250560251
883121851102371840
27107310
1137334595710590976
113953397
60863799
798639006
14071881
89568605
967728936103895040
125386072
1087073882220064768
21487709
132188590
54745552
461541048
1087017033517203458
323153951
290888766
757362706664067073
933808561162874880
724954296605917184
719416711
849287003262898176
774416697453187072
24113960
1121492192235806721
48325671
983974225
720001033875787776
16227562
794400505816485888
2902504253
750022168675688449
3193507448
379053908
331672974
2536073105
19086859
841688604858560512
2209393194
1067530033332391938
1068276296327692288
898769420
844932007075500034
943392739433074689
732743912
824720887991529472
2797460163
27534547
1131369941070962689
1403424932
86980320
2482556630
2782986737
2563408783
74552439
15301614
492501665
15238988
633332819
2731121172
2450083160
971070169484288000
395674143
942166634789208065
1060032616869572608
1132808441565765632
1157143663
1114562099877949442
4753784437
26059158
714340537
18435784
22720093
1042197171880247296
2861010145
1082086081238102018
617266600
1081222837459996672
238650618
2317198941
26276707
3145549880
1034468540684935168
970273383756820481
866636593
23017983
2164601923
356752859
1078808350706417664
61520600
17375057
322742783
72720837
3786179956
924046650
899328859207761922
56532853
1130119706042601472
1195680062
4268561
1607352380
85165134
749458086801399809
1125343584
131482972
3266604206
35369214
886978039954984960
257467770
822491301484576772
540435194
247633455
198267137
279588627
1622219137
1275488107
243341737
1085597192155467776
20137622
821355319284604928
1651522832
1087298936166076417
1081013790710394881
55857688
300384418
2266946497
54861430
848203548
367438326
95228628
240033858
14849382
861408991
2768830619
932100778101170177
67979128
1088993226151940096
957274656888762368
15762746
386829783
2693755819
824084939029250048
1015419430757515264
18810814
1081209533253537792
1097775677485576192
67175124
81163402
561635737
28552957
1044059130468589569
251367059
40472217
227452515
125194866
890241053500080128
3794584677
160412083
77771786
17302588
174847568
2477282563
518439093
3380523881
1445020782
822953187447541761
911655571325104129
1125429288650469377
2844291427
19132177
52042661
185797506
551736632
4464446062
950377876586663936
1024930202491674625
1080284612427948032
14772775
74008418
93726725
3511430425
261045341
334178844
1093627864652701696
3038631234
61554204
509212441
16383523
1080140856861044736
19921668
708269259613405187
883818512275300352
583083930
505888450
621291107
1404078774
963631905878036482
370111485
2713649236
1049037396480851970
908995644
56310925
817829343485456384
724685240497623040
896364666993209345
3313635276
146213826
3415226745
811311060414332930
1043517152278372353
3033243234
1101853164108697600
53056010
981593697082109952
969410748349845504
999372538286366720
755559202412646401
28180659
18220818
825163521562402816
614950388
1124858252573982720
994518211377889280
822825248848539649
26453098
889838718768603136
4198653515
351151761
68839411
1027654141403967490
1071728372563140615
814925120800223232
796750128208089089
1088641514375397381
320980540
892783453
16654294
19751612
1079406529483288577
4855586578
3226778767
1108563509225242624
4884814474
2489116231
592993491
879727621596164096
129009523
863067242497359873
781677821282385921
741064132905082881
44631561
1100866631666946048
739194238424862720
965741114740404224
874277458736017408
29838232
238840746
26270971
826651009153953792
73754019
2917572222
1047616676928397312
709307784668405761
3097390120
1116572992471855105
1088507290343202816
1688825744
901665814851538945
831726373584650241
28999739
781657760660348929
398761738
3193455540
979377622428758016
612981520
1084654197717565440
46288137
110876411
174242226
496557454
846221376
463958611
970016119271571456
4500945614
4725977661
1073777869791191040
76543147
2897135731
964157363086389248
22176387
3526256423
1252442611
111197664
27903259
357292724
19077091
955298004822454273
1102664857382461440
957319150518419456
320210886
2754616770
1038008614588489728
4364923707
2486046872
430679233
1895637186
2859604732
812414439676923904
374240012
2397045572
40515489
822114640041635840
276499712
848767002122625025
33042460
708898219586154496
201939627
4240506557
855917212812562432
465562204
3038800058
3305566010
824457525948919808
5054721
1321271178
1048394287774404609
75469227
22221695
368813227
3681082217
2844764926
1450405622
915054771035308032
888614094110171136
1055528482984230912
846797126831099905
2529158194
1073374114482667526
54376499
794665137022128129
67035595
877238947793035264
17427401
2679524575
710994231364612096
1094713876132872192
1107309409863032833
21812983
800493930395484164
3198924868
1123772027008102401
564836634
21429721
2767516288
77091688
979519322
4693425361
1118143665417932800
2240230093
1121571689580630016
1265637114
997700116294356992
866449363
951444603470860289
552855645
391488297
1121067329465532418
970413340068638720
4575014483
820358555605889026
1020119681179553792
2486996065
220186384
853925095282180096
1000184395175776257
366064784
827305932325584897
937022372883980290
1026836571247587328
906206083
1703870515
984453637773647877
3236112630
16676018
4918733197
884607801221238784
841482339016298496
18043616
613239075
841119020052971520
944458637560483840
1064706036290990080
840047434927656961
1089419890325360641
785532211650932736
333729397
949983888
823651149823688705
132924173
14531739
2729521216
788994735977496576
94432743
26004929
901895534205644800
2881333778
739622998190247937
379927084
204514622
914207806051508225
745161748731203584
2931677353
330046031
3080966929
580312540
1264028130
270627293
612886873
200272426
1108019908493885440
33617636
210691444
1073973662666104833
366010246
2483329075
43632459
4349708549
21456548
977954172556361733
2864804290
14078374
829760984
32765899
160244947
1061436534673543168
1342547293
23484819
1467580478
2612653424
968934574318407680
1031625049642622976
254649473
1090838164766220288
1137466374
705512846923325440
21805300
829153485950173185
433034888
278550447
362946550
844807559622017026
897206262701596672
823240242857672706
323262608
249569382
38573404
378150072
17189327
203054475
867583262683738112
2888125505
253208237
2865907814
14478814
714164509208920066
1017369606246322176
2615789766
14787392
768711625029279744
20702508
732611818951151616
1081365609131270150
379209090
3139235347
26225549
229509740
315331161
18648536
782057347237744640
551433993
281713116
833618012162895873
123371184
115471775
3157736703
777145692980600837
790734
1092974230088511488
23360728
520514825
3676917916
20764031
1430954540
52392666
16233071
248900032
924844627
207972915
1002632527
798372097085108228
24946505
826289589597982721
2939058509
2359491439
232681242
834155369165316097
960366258800746497
1080188052365029376
257910583
91903793
941829517273944064
299448712
180463340
14558164
48650395
47635525
160803766
1076795945772183552
788208705493831680
337935500
1169392297
14111813
548047639
16076115
709452755870609409
153868551
217898712
29257718
775109346644549633
4658139588
556273789
833013093336649730
246035604
790684183165333506
1027847403150434309
713285621
334071472
2870848881
797229459803926528
426099756
1329980101
1533844754
512445285
21889608
2835276183
47983954
3103989758
818922825885040640
26386045
189195419
4779458173
763150775098814464
362876968
1093346366527627265
17826128
27284203
17994199
2349042853
19403494
160604871
763391849230852096
15679753
410380828
892275857779118080
387489775
20742461
15195539
974403035010162688
63514682
118425990
114216255
28607373
414138120
19884529
20725994
598444364
18870596
2981900049
77852581
5994222
167585331
926381645611061249
83757575
3130962807
725937883903717377
1035834956868722688
300032467
709236924
1092044035219439616
961608857796726784
1672053968
923980829994487808
898774726474158080
1070884482096480256
1157321557
969691225635745792
179255183
47909788
16113072
113159737
435232010
3272905836
2894993065
807968504
877981025921638401
335060282
1100566890236297216
1659143910
540973577
946631255738802176
2443300648
991249058336419842
1633075374
948876614267473920
94908080
17158189
787373558
246103
818675921716645890
42383103
1513828290
769271728187043840
25854401
179105739
22594012
2475938054
24749018
1100116008457592842
17339150
101523005
83668232
1028482780362096640
846152175944433666
3001656982
157327911
774295855
1911422834
340364935
2527526287
1098600597660618752
18497302
936651059363061760
131948686
138203134
132660956
121690010
37359462
18911432
3257031943
557035289
19273919
17177145
2967262136
14644373
874106117886005249
37020193
1224271350
19009399
290180065
1498311138
7097602
78905469
26040618
2179668098
400476175
3687721995
1853310463
21282394
1001024316195196930
2878846470
253313989
18338516
1203096414
5611152
968648641106862080
435331179
1013112311190417408
1332941737
2181994227
857321005617958912
112764405
327897211
2654120590
415910519
1017195181
823186812978032646
261023298
975572363331878918
224494638
2197383323
1051604886490628097
933342822
3342672195
47737085
448203900
20582100
781701900
1072583418
144895278
4183971489
17768818
23366167
14098607
8108072
223184534
827068189
201351384
1711423478
2363149566
931890971729649664
45965991
1013815662521737216
91919470
1426785120
166102184
4886114183
1088133204215623680
33653473
108491027
505395257
293748355
848666563
1041202989132787713
905486321455697920
1074471211575308288
870443165852905472
37750660
4258204312
95050116
583643503
99333493
50445229
328675558
1390677109
22833044
1244776166
3037710255
14939981
1123610959
1067264190153441281
1074101239
858211452699631616
755196650403033089
937507981943455744
275842331
14671775
30500349
23464695
886201917461934080
1025212506313084928
46825365
80921082
4207961
901046640017940480
38804863
712798026
1633858764
4536844403
1043915934686162946
32920251
47747074
21517158
1011284117240143875
1484970086
1034205948007645184
383466257
36519733
29472559
312010891
14155907
347299985
359465244
2906764318
57917441
722884683722153985
1249555416
998977480643043328
267879090
248937236
1082380458976051202
50004987
160514392
450921524
46213956
312870931
58928690
130496027
740178084343603200
812361923304034304
808806614
945708914259218434
16227629
64856601
62236036
890592151335190528
402888514
372483103
389838823
101013745
889460913891414016
418937268
19651183
2318294136
35773039
364494809
126401831
14547319
281274238
1355208187
2576804940
46836666
37965812
217550862
15635604
15446551
4097641334
1023641777184681985
2840547715
22959387
889584872339247104
14417243
86057616
3344423229
466870416
15402816
56754236
832002458859761665
214411666
246839480
2199786713
3297800601
25454311
1614012110
1047281185695719425
210931140
15969172
634635574
705910016537038850
251913817
39005137
79431216
15323007
14292370
388542782
799501267122917376
957974232268451841
825518870421180416
21088475
148800323
437462238
19562228
1031329548862980096
146055136
2386105752
164679813
31122582
172143017
1105277533
46417885
1070465213911220224
320886812
20715936
1023576409812475904
165511377
932085767131758592
119800419
3010983843
884426071764062208
372563164
16442379
329702603
20282120
4691729101
2680480364
139843597
151232686
47326683
483568883
392884284
817199375705378816
372515011
24950622
389022660
4306110259
727304619064438790
491583230
2901416031
885882169
1054488526748827648
43332560
1035702307776806912
1036644577321660416
550440335
33913156
468535828
37340424
262050648
103106629
1068354944951099392
2809442637
1058111600622735360
233786111
26053487
1566746503
2537753422
2479721138
3433187174
1447527278
60520655
1511371880
2200679306
28056654
2804260904
14079559
398146813
410437713
149272318
3022829804
24951142
4635909017
855916729926639617
15161984
233788247
18370946
4878097365
785339407
17424947
14810076
456304742
66750855
783792992
40572260
25299335
47975126
586255942
138038823
19906029
3314289248
24613245
636909690
2466781346
704371713010737152
4620451
1043456173129785344
761137251069915136
405917548
89887215
947956236804337664
82991118
374167530
33031294
83141528
4078951408
548384458
4163728040
866260068181753857
481469367
460558053
237753770
3145476595
1716581
3017977001
15435127
327577091
725822923559178240
210610488
842550390818201600
139199975
1598452088
661613
3309450532
45155495
917386554280239104
581145322
47851397
488137549
90678527
1915138771
3232623878
62009715
2497408471
17385903
978313290412589056
871069757059067904
224456162
180940997
367040102
3875692875
205360130
760930656625065984
15639774
45399148
19847765
25702314
288277167
35315865
21268897
30451813
225265639
961496594683219985
214967305
326756275
716641791311745024
1269493164
130557513
414283579
893949568458432512
6211972
19535235
2435948240
407983248
1337271
42780235
268119882
1710232142
14747825
952613674983735296
63629942
963989720740048897
43371505
212486373
16681111
43383705
24431892
21696279
1041373295252131840
34698369
17243913
19905143
50885824
47168914
1050059163269824512
847887593203216385
26149716
3184574881
191107207
1047109556944351232
46677640
24709830
1360302871
395543583
38682869
165158960
360866282
1033384502796722176
203183213
796907311
17006157
290017292
15992672
32876983
122187767
1364425106
829442212719063040
17907987
17757642
2158941500
237047303
75430270
2887091908
201826636
3223426134
22044727
870429873621172226
19502995
3257382372
94215989
849083813640777729
714815460
1498595084
256146783
870205638
331231402
35940342
1031618194560233475
19478743
27693015
932427704
213012200
747043567936352261
1014227417811079168
115564212
14381110
242555999
561516853
894035183594242048
24040301
14372097
62909099
342863309
901488572850688000
193121884
843208366688096256
163468834
32221467
35460966
128602403
45659218
216065430
26159450
495098587
427904994
19186003
39668527
234664198
14118112
762484767275089920
15862440
85210956
14235543
2951476593
15224623
3213804034
591171046
4341500734
249393823
79923701
424707385
20992801
881336677138128897
2172922045
224634025
168508631
21983800
245198007
789210695313285120
30395567
20811534
18308192
78751295
55713324
1075947362
339935314
1446853159
123905976
85178891
437004624
30354991
744543668137189376
803694179079458816
16264848
993738031
926230062126395392
840409813884510208
1311475434
20269254
470357978
15019906
99402071
22850003
637353520
72423061
12917402
1011809173254877184
46105004
19192686
3167146522
104524102
1034821165792063489
465046121
726394174170370048
116341480
18594777
4541535439
97694385
3189001238
26402448
15907183
239364259
375945620
741344156086341632
9782022
412409300
22891564
86129724
4675736178
73537202
3046883766
14790966
3439164489
762243782779760640
848173150542209024
1014506555482542080
1198481
31089553
39734611
156166269
2423872370
1024205338743132160
14652182
15872716
17579567
217374615
17167572
20406724
529051513
1025149954078199808
21134925
2309115792
3166653756
903284830582050816
20489583
979128640125386753
356502205
2584805923
13748562
22207520
419181069
4626790702
892219807
160637398
507666277
26288779
73440700
26589987
14629262
768827212644704256
243324920
961964711720910848
229632275
2218461564
2497449176
377766775
361919460
14299245
25811031
21879831
60841112
125453969
36823
87788695
992149270399725568
726259958539390976
531383314
46822887
23717390
23445717
73495696
363880501
76707735
919307280545386496
22637281
3974906660
1009577803304656896
241656351
360344843
770375389747277827
550483516
2371069948
178661646
108140114
182003935
842158495759781889
128897080
8363752
19031819
20675681
3178522242
787149253302812672
826382447885574144
886689293963546624
94698115
41444712
136277952
2509504696
3392883071
3186193525
2193431871
18018201
64892324
332304361
594175899
3782572522
2872571512
604102183
896502773054713857
289052830
619587350
1020649220527796224
351572034
96845852
51781119
9377892
2764811815
2828796622
3429868503
1017383741919023104
376358721
45045443
2520449851
1668303476
74237774
14298769
32974114
1289674926
17891808
26982967
839774143990087680
15978412
22049293
2327612520
3949525095
24700996
29417823
91386979
14136335
120180668
907036222442360833
372238387
351643997
88737546
780206406024691712
19664647
65375759
448047711
384564146
14081780
14081640
368628844
774893
1443243097
81892846
826275936396046336
182500191
1527229314
39055033
4169491275
233631429
24113137
345092158
732796657
851665547142066176
783595675
365818058
143991014
3604985243
14512716
223904974
48741041
65130648
1016006134161920000
104916372
53577731
2337685946
1323214644
152785310
808337728895074304
939570735059783682
957642008847413250
65180410
20703607
3766981
3401662457
48354754
710146599704502272
248003334
49067535
4827378145
88463503
291282549
21926404
32780218
350916749
61612247
234229876
2306416567
83998973
471893312
39159473
458796368
255323258
955647765408722945
515155872
750213
3574875675
255812611
429531188
874431626041847808
185850019
235196204
122130797
2234285671
1974945445
2762800593
14361155
1411972092
222145718
2513822461
94741751
414976380
43420866
69231187
859926840483491840
60932386
26029878
27565784
2155641480
22021978
254873869
3188310083
1685870023
248922411
2291231472
2890526712
23848187
101490514
64789340
615444681
16528258
370514608
40937731
888261000243236865
2291650939
711039938779881472
27874018
726459773076525060
984560239868555269
223166587
471677441
489976483
23096391
81756964
274599741
28706024
929399289436147713
2315363338
75892358
15150080
2477854855
340613443
304089779
3036448286
36262503
758368558783074307
869642970
587536673
28414078
102955736
2596362229
444709548
808420574678622209
38957387
18408457
124610447
1977113917
20569249
609565471
2419702352
6133472
156846320
212321528
3479870721
20508720
22846853
15146558
129679132
100859077
23645988
29372259
134138289
54617733
980052164893650944
839871566791876609
55285564
21471357
2282776778
284602316
1361454241
289471017
223528746
16548412
41310247
23746411
69175584
3251201640
1194962714
17974481
161051718
82384947
4228842440
113250091
207232274
5160091
702652794612944901
772807006549925889
20018219
737998324129632257
125505919
2255525063
348877426
3350819740
78293304
3129968261
25244946
3050598541
389434876
700524957621587968
3301903267
594814798
2786149299
831435897597939714
116671639
2434191967
877754401217273857
38125898
2922243262
949384075
23812225
200472557
97630019
2746199756
21781001
267856525
498984471
455684839
108987695
23831682
189352849
11395432
238443770
848390172450443270
19616219
11801292
26016150
48433470
23902847
379112327
735223195083657216
1452791748
408036857
427059715
956163518
40291895
23561980
1408432908
14336173
2871625730
415075929
793246524780216320
1139189364
4778328015
2447947805
15204082
581329178
227419035
1957655876
250316894
756587777534418946
586291040
56783739
414962189
2511298968
864030687120281602
3011691524
377213448
2739446098
20375332
330719303
35391464
813554157097459714
5024371
381903860
1682380898
3536486175
2346947384
967027984426242053
925457674963124230
722971766054785028
91225009
24269284
3473549662
1912297520
2753857702
742812465390587908
1048932570
3326841488
959821127601106945
710549160366358529
969697685904199680
969745661473280000
15162136
14852707
946265463167729664
475497635
607747504
246939630
34745516
19758072
902670504409960448
2656695361
1317129865
4032846939
51775663
3411902176
950497913116995584
21337440
2235581298
1540108152
369219105
853229442
816792347803533316
36360228
34317032
240784530
325076723
16313155
22253327
912359571947085824
833259710
48217490
715228825
724353622235090946
91180720
232869373
2912093825
893451193
329867707
109674633
49763896
57490259
22737278
98428164
715684819397709824
538763835
3141821385
21991417
217953823
101637173
189201702
13496142
784455018
2384252054
1485304172
234534497
14960658
118816810
1103227968
333615851
3315766473
27529312
51197470
732515900
751783788552740864
53094130
157031235
962145257159888897
20783929
14631899
341081484
837619118
19347791
18774246
967511791214440449
1895055882
42562471
18372717
719902068782342144
836252918869295105
2345877890
830041287550177280
2822012692
954572467594518528
19078594
17002699
16863340
2378078496
21923235
965266179836252161
1613931228
2842030067
820585
59010637
964531745893863425
14327050
1017637447
3131532129
23768978
85553575
851753935
2352821833
1132591987
31339831
1091690629
37990581
20000725
16246911
1001734520
22975495
4207731253
3050220046
403839667
14981648
897985670165053440
957670151830327302
779203152637669376
609429143
437176698
2209742392
784575415457308672
533914351
28339843
4127533060
222185665
179613072
634734888
102594136
232702348
554624118
245827197
897431451225948161
829060856
554648712
881650677797330944
3311036150
22352061
69671186
19920027
370706811
38539421
119512136
170737259
798200305427054592
128997720
279098520
313454492
14301286
246108117
99636495
41223126
43653172
2881229840
955141405529186309
20919626
16600574
710682575870795776
528016266
159249909
512554477
110070119
93663135
115050842
17029248
348607269
557530121
338608917
15344145
307577710
2849876151
48357731
336851461
15503572
311167475
2876041031
311056176
111612073
314700035
75887588
915269416702611456
702234998
107186754
107181401
928393680821673984
922608563461263360
946121942624501760
34247411
97474887
281940682
3898598357
164317010
133196761
180414031
339791868
15676413
168704134
6974622
23281108
947894837218492416
30364057
941080085121175552
229649660
4421977275
1606708873
2360156510
2348951748
42174000
2581002935
16855888
37101066
33530254
800417063495823360
2335899655
2829615362
23754547
320134516
862483279
281628104
390377012
20792012
153155072
15305044
839188838593540097
3222812347
2593708296
420366322
835762912996249601
61593861
394881624
363867255
97599082
267512876
7410792
68752979
855043009
801492317085368320
489218573
779398425234313217
3274785146
1106501
23217907
146411623
831308549372260352
315360187
256124810
2324160906
31455711
27792033
82084360
15978442
256593856
62149656
1609052456
234385692
949934436
14982315
253140338
351287640
3207458991
921715874318385153
613088225
122533830
1854266034
366648076
1148082734
840502412842541056
1099734212
1948469496
376364316
107018082
700250047
2389372243
1873748054
146894920
22984655
38474832
225970038
13524182
420351613
21398055
920905949795246080
577757304
38879572
856596564516651008
7152572
202759893
19325156
1334336558
311484185
152656121
756563418405109760
133407633
503472917
2327654917
789931818644561921
255746461
342527369
308379387
39279821
932441064543105024
728226853882875905
38029205
15723653
23083404
65770439
21728303
1212754506
35270579
794682764
1058945611
730674182
4105532853
21202851
722242009
720975284
2535399896
2904913023
42371615
726372601
314497777
17442320
3870458236
2252505013
17368405
276466372
2214003162
532690100
186393791
905902001195696128
1630089750
2236640820
1197037934
555984374
743987773
845804064
446336173
53130511
40788497
2916618725
269094371
92717138
929134931493650433
4513025417
15876686
1403561845
419487011
798918201107251201
809870913047035905
817871521310003200
788428342680838145
937019478
207435031
269892542
1606384740
15654722
575999970
2336591179
19533512
785209740
25728193
927397609576079363
222604030
33820269
34133456
714114841
2439032786
145250471
3111268847
2253654474
397507908
2203336505
86336234
209176493
20291015
41369172
924397197780766721
113683399
930160098
46483175
32169040
2334193741
44893
25845175
20770869
221423977
198513828
747388927653326848
298763766
21461359
913194578731257857
40755964
68540316
70707457
19600014
14122768
239070270
239152453
16214580
2970682306
93602596
760594797883162624
426727911
18132439
26107517
42989768
749663284815626240
854818571901448192
904618629723033600
16439471
264129295
16906137
21701757
362050559
16378093
33614600
774798731937914881
2964698362
1911368796
4735830195
525436671
2615918492
35315192
804343686310088705
796708931708080128
2424415778
634599988
139823781
1107174888
7614292
2968028219
126947842
15952856
166986355
1086773924
533259097
1216789842
2149973089
621344129
69436408
21415395
410897682
21115574
858750770
133623952
74029489
31541414
284867700
19689545
398842314
18371803
290810563
15515858
15576928
15876379
757144396643049472
21636761
36554810
2157919340
827623357193605122
331550951
35749264
1376608884
19702113
851206050707648514
4864413291
54438929
2721473215
20133604
18269124
798168879293956096
60678305
500059727
155709853
41870241
906400727391719424
198430298
67801509
2169423995
21777530
19577059
19772113
59096433
18327902
317893401
256881576
18533219
3184584030
907616377221079040
22018221
137495523
214138058
3938173949
229281910
1228337330
608121772
74919018
2726848995
21737425
21891609
2439539917
398700449
531703765
22410185
595245502
23574562
870077183028604928
372536101
285659598
119166713
22138134
4756165758
19867477
3092169645
152601415
491619864
70121644
106788885
88035263
781063809159036928
27058591
2978564111
317054325
85227160
83855918
4699964858
1134531883
50646511
563308802
14437914
375837200
896806632419725312
2289729361
2149168791
899739707843727360
204586808
20319226
39155029
181572333
234694571
49097886
296023958
1128886760
120995738
138168339
3078451917
3292991272
285434190
107325601
337844446
952086582
35575327
191004758
113949650
16378486
1685580708
233368344
28882275
2434051392
40079154
2529194850
287333780
2735655330
233783568
289378979
38466098
26523408
1308950598
14869615
66409312
792782917638455296
316460523
27384718
44666505
231003176
2753626726
230025585
1870783321
100391060
759911142
210041383
108039570
448403914
703159738561798144
71048726
4823705386
869619261840535554
128510033
801080366
133343254
455874730
50715793
34126745
885594949
2209778173
36159887
615560367
774510439824822273
1657761703
880484193830088705
406842374
86096933
18903971
371539066
50684256
265056090
889283602374160385
796758096240635904
926620369
7382632
2189454704
764877174
223347743
3171093349
60606206
611585332
268809577
3290951703
28054681
4882743003
46866005
245350306
2176527421
11679342
18834839
61771888
3333055535
310746442
143655326
3210155033
213689248
216764018
16326882
58945187
14305980
217183011
3497941
263055971
5520952
3091570552
45090120
858490326
15492359
152367887
882745656175194112
297727107
23908154
90420314
15610183
34643610
755854750948663297
31547591
384581351
35754797
33773592
368044855
937499232
129905901
15962096
47839975
352093320
14353392
1640929196
478347339
22120359
18033816
459483899
1439170340
871399297
2484632473
950531
20443852
71000728
193732179
366353448
193438085
21001599
24165761
279651521
186667011
1670771922
584916621
33543626
16228479
873256653998698500
19812999
105315661
14707266
16347413
875029068223315968
19397942
449849732
22799589
3329632845
104969057
3165817215
123243290
3044788503
33654011
32434738
15766082
2275168969
11744152
403488296
69020299
28005774
875018383153971205
353428377
2754521
3298252423
2863996955
117777690
153810216
18020612
37572464
35835072
90503269
780111674011426816
15506669
797087173443026944
195702128
20783
214622133
3282859598
791077327
41640047
18429285
303361757
4484115214
790117862488891392
873170050458562560
112400302
269611109
17843373
16973333
181909635
345401648
852269288
19881665
140474229
61183568
3128457231
766011233980018688
25984418
3422063771
2316383071
33300246
61211629
3931283419
535493621
23356019
1060578475
23406730
7587032
128603479
806523699373416449
817846787662704641
810889283062075392
18393773
86391789
2254025953
1942483842
36261242
113285287
22460658
23593446
344083191
2476321981
30739842
25387735
4882858633
1286031774
259318558
226895090
19000029
15649438
140699869
21059255
378582883
35636049
338159612
17642747
755835576
17261066
47509268
23255247
260759782
731855934675255297
4662969794
635608354
265634129
49272248
834081571493785600
35468249
50374439
51563953
239537395
398088661
18382184
719598444835446784
331870887
140543843
2163076560
2995480359
193972325
735854810017243136
19107878
250831586
64783035
485242725
216912174
14291684
15996661
47275328
493999272
130034862
33228601
2444144282
856010760
145868396
65905779
728604440
108392679
19925191
16159743
4245547949
403607797
1011480529
57369913
16584035
78840315
828817348786319360
9855382
34302847
187289134
18018355
20492950
839574081854930945
90275200
438111039
108094234
815300978438270976
2296689098
21197779
830436194542551042
28978705
188780472
2800581040
17751495
822898583389294592
156699802
2492811448
6892312
1716121
77802639
823384095917010946
16504257
1527260750
435564722
1055907624
793861356
1497052201
31309603
108562201
19767193
114875442
119972954
255545898
36686040
15764644
15554922
816438390862282752
777923562074017792
40720689
2467720274
109275829
101385149
2183406984
610659001
897861037
16153562
32871086
14700316
18916728
49633388
148529707
128638988
128216887
4222633852
458525164
104866543
797506911767764992
406648591
2816234438
17172028
804538279471280128
145397407
828314309000327171
21389282
17544803
19927627
21126842
1434251
14677919
249153152
486169290
2382721386
43996908
22771961
55358175
270434369
20675211
738538436
16912124
619278612
2199541
574168493
35193165
20437286
1109981646
828470672582127618
133143832
16582131
4531076896
890267965
24667140
299952256
3001472331
2577360360
75742264
353448367
738080573365702657
27493883
828030499322998785
2169254929
804435317579100160
797337961
225193809
28185163
17781471
3719744141
4188321269
757303975
132496568
19084896
14529929
39245720
1096068614
33519870
15126599
723185462022565888
2334633194
51111269
819676674140893186
19608297
427505253
32338228
20416406
48075372
1623671340
27306129
22657082
15476712
196290799
827700925
824753662425567233
824425355129806850
16160352
16125224
72198806
824264707641057281
824139632354988033
810590628727914496
117874971
34830918
823565852922576897
373522445
17907458
824070892149940224
17466132
17006036
402957663
50310311
970207298
1058520120
215207998
4091551984
822131894540083201
21757965
816311351240966144
160952087
502135911
464815693
2293315159
1053158072
325830217
85877924
409486555
16790718
3974170797
786195661691641856
4209511
14224719
246291897
46557945
23641580
239509917
379286641
510455186
326665662
224446641
814725189825155072
1330072370
52719115
1880118854
2294342131
357144386
818513652814843906
20690398
19474142
800109657406590976
880981
14188527
28923113
266708069
760503015908540416
1626327912
584797578
1383272101
536497924
63173308
36252186
15939889
135789579
162452290
24881388
47379354
440519278
22760252
285510984
5959342
14563
23226772
84491856
821387408
2264330732
2466328308
16892481
1583404022
29501253
2717254872
21738869
23480621
118369820
632203247
313501379
48393545
33823446
18464266
848419381
4797361833
399904962
807942165074759681
24889586
14630564
233364902
280461866
11604782
2936928627
59895112
508006873
526621470
16684243
910332056
20110424
2586109344
17152685
19778399
175434906
2255824968
3140805682
1086564708
14138785
24190981
22521951
471287735
19444865
562764539
19918005
21867341
16145763
84395433
69986363
15220768
775844766365978624
801365032659546113
1515221305
26165922
121335599
2740546270
145097709
1051396218
38271276
1582010634
34272434
44888362
2176726902
480140335
84653850
160720376
703808448
288452305
130617778
13393052
34792486
47475039
1507338108
357126037
266481451
796566878546169856
16254381
2881295272
5741722
3031746741
2284376713
61474528
2573480784
23116495
35214545
28006093
120236641
292685628
23967554
111233700
915726438
75227523
171716911
3350236846
36771902
35847484
148192924
63751266
28574769
38002432
1086626970
18468374
23995748
1476133082
262461547
1024399056
17049822
188793260
80182793
780590645551390720
9532402
779364417771335680
55334133
18766459
475487135
21920875
2478998095
27937520
172033440
83039463
47548777
16689216
3406619409
25593665
619841274
29995782
41430206
774337933893636096
48120914
4505830102
39000115
18345726
705762326264287232
432570714
3124090443
2533098810
26388821
174110843
61734492
14824849
769232694807040000
2400284491
65045121
277041135
16228398
14640141
219807531
168542533
4647829047
162436508
1485231470
148593548
22120740
202775056
61868777
241201438
529784320
228794007
19568591
45055696
77117012
31514451
22523741
21886811
21098812
4846118634
267921808
260547585
1111940934
138416662
345455112
49272693
752638641478967296
110213124
3242991631
25172210
18978610
23540057
408902268
18772897
343364405
131837378
436826287
93963456
25598396
14190948
2439177534
463765807
367873443
20041312
3060489838
489475164
27660239
171636444
2482652528
52000483
731167584
587828596
1535480828
732700915455688705
31702589
17049258
425989199
75974281
407210052
244655353
459932105
2974101653
272191896
16459325
753996179298541568
617854798
271725689
547860279
158426909
328679423
15464697
70496137
14515799
751991406877483009
14377605
17565514
36972997
1586501
68003308
24463149
55790584
477368362
46215545
506429053
172858784
133089824
108617810
1177102717
2240756971
17579312
1228039902
18558612
391179936
49698134
715965688922382337
124230640
2955758842
39095494
103550181
1604931252
2181299862
3186878430
78400475
146597870
25794714
369773278
750206696904069120
4970411
22001973
11178902
71256932
46403451
612473
736726572
192634296
14569869
376403191
33525761
18091004
14700117
746655611903967232
19644592
149618147
62513246
1561448815
4894738653
50323173
48488561
273015094
3384734830
130945778
21144947
16839223
243896198
17507250
52529345
3420477195
2480982505
15442036
150078976
93069110
9300262
1461233647
3472750333
85583894
16002085
170131285
15808765
276106961
11866582
734158973616697345
472587261
739670979861843969
59595853
3033098871
15210670
23410776
139943872
1578793452
398272793
1582072040
1051467204
19166519
247114704
125181345
2422665828
55424198
113799598
1023072078
52361967
16265742
2233154425
2736207512
63112528
2362916395
96092282
17004139
609476852
24780734
127983458
568247551
2951692258
357606935
75361610
26548315
23778898
365603329
254869198
76725190
454019095
2732782763
105707045
16894531
250914107
253719364
103111232
2541838729
27474449
3385068466
140244186
53225826
4722315829
1681867315
87727037
101566422
295152372
295434461
94181096
702937170835853312
26028780
1445123090
2863802399
19548915
4860452404
16789970
244504070
474154291
310120995
126062378
182972598
10039122
836369424
441129326
59507859
22694214
20798630
713758605741309952
56365466
2227025612
18924291
21733692
2196201139
1297138531
708072909114318848
707473685960069120
18904161
16711026
997682274
29450962
214164173
18228898
51505256
755010313
43814770
14863625
36970647
355307031
39364684
199902501
21308157
20479813
65860206
1850169254
15987295
1652541
742143
19679189
42813442
45136444
2243008584
1474742972
26583319
3325373980
20458149
4585003695
4801249941
2471494160
1536791610
14892214
2379451142
15245653
72804450
2429413770
26239769
40139016
605538483
344747525
2312486822
3349606882
112791184
51156348
17074831
172869874
18510860
248735463
58974661
115477344
1320647384
19119809
552582271
294660973
4430591241
2373857028
32774989
18494981
3870821603
4572971054
309978842
807095
7973972
809887021
79244319
248301466
63538777
30313925
60919240
32671625
519208523
20536157
29770501
41509142
34301875
3179441387
3071942610
363978238
712895431
2887077099
3313360990
47359057
17011177
151507281
4043147523
2280731720
22181587
27921992
69770504
20772763
42517481
299364430
3561836057
33590096
28404196
29417304
197301090
1634314416
16455297
364032864
221962173
26929172
14154231
16935292
28565368
22162854
1244002999
65698096
613712440
34145885
24191521
259130298
2477416633
132621571
2809450159
195409453
21048741
44988185
43581945
2416438376
1615463502
3373666030
20683724
58822766
59037337
110326494
37291805
743856512
748446403
20068679
374567732
30400222
32486528
116512229
16689804
35771270
586671909
1438306591
47260400
1357878865
32520161
37710752
30602016
2620166894
1248740731
1330457336
1339835893
813286
1093090866
85452649
23497233
46335511
766606604
66163343
37575590
419238879
498349091
3068588374
3060908142
3054403131
84182817
144702979
2788968661
2524630709
187352770
1441199642
289977730
1069023354
3018552156
189019954
456208727
172435287
308272720
19725644
2305573731
30984248
2322328941
87818409
17004618
18915240
52878912
2802108645
40072594
108710418
442237496
63302020
414304780
415605847
5402612
5392522
16129920
2790331523
55355654
635694206
244807640
628137959
88691761
27399449
246780780
14849562
1548158070
1123940868
22194854
44810311
44873497
277796917
2331084194
26806410
37774152
494422305
35919648
431738581
390887147
133880286
16635423
319455023
18965761
1146683924
5885732
904369669
27698202
5988062
2209616988
122267779
126328312
30304140
22019496
162749920
15439395
500704345
13557972
72564115
967656938
35586563
205771054
97817126
89286639
245403495
421216352
1113007813
394213962
1382594929
203018453
43228649
258397758
31122496
37662614
57859688
32521071
68441962
26419007
383831558
85961526
1260366252
32765534
394977784
831308918
357613704
935602734
17517193
371923093
35936474
183665224
31268794
1216187742
12133382
397654016
759251
51263592
17351972
184910040
475964257
615234148
