1069051014165291008
3001196056
994062568942645248
14209777
1445161268
1370721674
130997057
995022474067705858
1079555645291065344
95988623
1096378271955124224
1016013778050093056
1130456606259523586
1021139418738855936
1096555116612640769
920358270044442624
1410832886
132266024
1152331315221598209
1232647776
77961319
1541284201
2242811100
954335153723183104
1150738773032001538
1103075749072957440
901249669472419840
378259736
864560037821370369
1148938099952619520
1004755143315853312
1018962877
3494109808
415075929
1116455275886796800
3471189616
856218615942696962
1084843392431984640
245398972
227139022
16245822
948808122
867686359347200000
833376066966167552
2828796622
14572397
122130797
1143919986081185792
938820826501144577
3551095282
41381657
178588367
1469481084
1130825233320034305
66293992
908882203039240192
1006602093342396416
1103504778427015169
1105472441948737536
2485889112
1142142929127051264
933679336380649472
931252007721193472
1028044362532286464
882201384686321666
2393330924
1040739115250069504
1114505439943827456
105143969
1079784157012729857
1061354657245814784
3167812430
936978904522293249
794535292095102976
1693780639
251602626
228411634
22091669
50425768
1121179746124038146
844930558660661249
991721138488266752
782665704789057536
56189124
785924787432325120
989240528461074432
1036552182726836224
532616064
973261935079755778
851768635236511744
449019256
1045974802442465281
3715299552
907931486241910785
1018995826624946177
883785404389961728
8293322
1104653732
3348340774
2385786625
567336828
3989249338
180511910
1035456761531129856
384667789
1322890332
1091003551759958016
224974406
129540152
765736474167746561
1097747802535251968
1051593627464536070
2477282563
1133834837826179074
2420516150
71718097
16536844
28912478
720422732454694912
1129123886140760064
2612917682
157238495
887152821321297922
917037934401982465
16031984
904869467238174720
889590031312199683
135266269
715426143457951744
794584858215456772
810863765474394112
385371505
3114819653
1029247299933728768
239634779
1039859761901133824
1092507505723404288
1012681317245480961
959455607588884480
1011951798477869056
16465385
1325639486
855273230117896192
801525209262133249
131999950
2839126987
1016678344706969602
2983386617
713083735478898689
24395289
958530078413029376
2704715387
89901125
2393023358
518807220
959609735363399683
3747525620
890318411942723585
2437042466
2701073637
1121453109132374022
1534495344
3306186412
877125803829587969
1111472246059462656
2851146208
2717694091
15521075
744046387365560320
1113920937261293568
80135530
943910285928292352
898277480301285377
1024843087665872896
1116816016166785030
31859256
462958397
880471189906481154
3513484635
156005429
205726880
824711162013028352
203249169
14562968
391062585
2835926312
322088017
909848256217092096
1578232508
2214640058
937687361877630976
958396780877623302
140790167
1418290831
3108316971
872260609643040770
14887370
936923338399735808
1116663784385515520
15154811
999672198959902720
241222468
784148636108263424
920490039577997313
1114244215846969344
2327252703
855442303409938433
1089973120419708928
56577924
1420427047
1111834529583390720
1020924822874816512
966935694
2777471661
2480585480
712083362069024768
235020518
19843630
2582542753
1379879916
4893161075
939938401301811200
1109669399080906752
1069159473598615552
1007711703264460800
3317529809
1065618573786300416
1039060158054379521
1594358306
622141744
2527403917
1062569836813975558
933466671716581376
980448041734934529
982288891553243136
2474634343
250307159
136748878
277175095
711981955949023233
518540989
542747432
1062956766395277313
351226182
2251623492
3303256084
282741996
719632371767721984
3265120386
44261504
116909824
2770854817
503279480
714831732
3702400223
928676112481341447
737303525168930816
278749433
1417471998
2414788774
3267441072
980867971429093376
1022226396666585089
1528799222
936280771035267075
3282993716
4001272947
60739511
3271545186
872145614016065536
1017766609648308225
768256858809262080
299981164
1064265892803067905
1043190323042807808
138203134
967149734933778432
335339703
351810597
572280042
2731401072
987407891689861120
496687385
1059846071558512646
3222674048
768915481
1661430014
3156384278
15471549
921115022142705665
414881933
40951937
2233514778
2275275439
1006015254873112577
588770591
799710618
2180253756
173121387
799780444195540992
712707313757360128
559614467
628791644
1054370810297757697
275036496
107225267
3753393375
937117790468583424
4526573680
2703381667
993909280955883522
1549309130
1009128560290816001
20272531
38530021
40047360
223560830
30862829
56879674
208120290
426909329
44783853
59769395
20186316
461242546
402157926
68987936
218601716
18683406
15134240
124237063
277586356
985753234282172416
130016268
1037753083969892353
17517485
1042848350155026432
829760225670529025
1039802023619780609
756294473571676160
293270094
2850103911
1597067594
1035195931287728128
1268044046
801461639350456320
433822387
887664048275419136
256793538
212299083
2980458689
158198443
15496005
3118529034
976551826802823168
280253031
146569971
34303729
61853389
54546430
819244254258204676
366173107
50725573
26589987
813286
855200335140454400
2279227387
412669657
1024268286190604289
914940936471420928
606509378
76376035
1435461
15862891
1032379896033624064
217183011
1369079066
1022561140289617922
704361202567278592
1028788850250919937
2796965408
725869517721718784
729517015392657408
852028225270145025
961657218226470912
921040005811675136
941885625422114816
348105414
482290075
874096519133179913
543157080
3141185043
1470488978
3257540895
42680667
725427910941757442
993922170563825664
915381127598297089
709882366521647104
956267403217899520
797454552555515908
44178334
82411462
1010914442761076736
3404639717
542068237
2931756941
822452103977246724
1006996059556646914
977131930373128192
1223958859
576664668
831236560913838081
1066072435
4902177299
3082141778
2785340879
779470632727764992
2485666802
836684408308518913
2972541035
778156094308880384
4149742882
2757374021
3201911199
264399952
18477428
17292623
206255645
26530673
258847118
980855910145888258
281345713
250691008
47983577
968559136706359296
927924745
8963722
2830073474
918187368896753666
19658826
19402238
380816062
124991617
3240295671
941128668117700608
32372834
722091743110410242
1610566350
995059313411608577
2666002952
323519359
1259839165
111331599
1106840450
2830039503
986357686961889280
996521018465406981
3230913152
110441210
959849575728238592
882693593068167168
43199901
1924484352
785963549289951232
118690641
37409635
1005327355
3987441394
971811375562481665
3588519143
32530982
1598709793
898925521
868084349773778944
874578297031708679
2745208314
736376271039569920
3917563467
750778829220696064
3526258539
3951113417
805724827717931008
1473162517
4882664495
3352824794
791105518882336768
227361142
19308036
854624785288105989
2468337888
2324559126
2508917726
851900780470820865
2594130056
24701855
1631402228
156611885
805896510814568448
596225329
18204420
951178593471815680
509300502
1077904332
2990082856
421988404
819616352256323584
911394261081427968
778226252515799040
1023390848
3526187903
4735995105
825095986372603904
713012623965614080
1657961202
3028802235
924439012265295875
932983184647745536
873040261403656192
793604624779444224
14884486
773186007722254336
915562597193220096
1073142780
65134016
407624682
1080753187
335461958
462898109
435979304
865726601090277376
14091091
19725644
