967699442194374656
567228748
906563681785348096
101862277
1703856740
275192498
586676613
765952835326541824
27552978
887136013
117396992
907539908297977857
1017420004931833856
15492359
191876848
299580552
1008978534
2364549031
995340066
154611507
3292633443
3107904858
880338901
3511430425
16460998
1258422630
1029357073660895234
1046955526146408448
2739065578
832712526743773187
1043887601655205889
913141727007006722
1141022143351853056
938163747079753729
929562978420232192
933279700012666880
2589277958
229182093
1092928242674270208
872550355
1134794154293309440
1159058080748978176
907325308726075393
15283399
925132650817318912
965695916740001793
1004933878841163776
1032373178734194688
1090029287518830592
1066118097566920704
1214043708
844172704454533121
146076566
900030934870884353
1031522429150089216
152597785
1013594412423602176
2918204743
14981648
389529702
70784139
1060545835
303804147
1080435171789340673
101204698
16435797
46888286
43503492
529126022
21147300
61592079
193621070
860862599407296512
382968137
917201597247012864
383884949
271031399
1145627866119516160
974284679812714497
745912999169376256
177947929
1035827399462506496
15407223
2882761110
1350410983
1007284936720740352
1603940630
3009665851
1067281360493129729
1877544588
896094324341039104
323592731
753926472
632668042
871772559963963392
230792524
187518287
163133862
719870756809797632
723887911758925824
828661908
1025768430748819456
14665235
718003371639066625
632652795
19624836
548117634
1117713672728666113
33417848
787573471932919808
847948221699821568
927727303895011328
339764761
575568280
864534270701916160
37393217
3133647120
805814384694063104
849666375920603137
3442130053
466099827
141426744
1154804199533752320
4110404902
229288510
1527781273
2437042466
554327341
2713681855
1002386521347854337
973598478793433088
1046078630030462978
781617508478513152
2684983938
1096547763993669632
17939037
46686058
1153718395440914432
886133557374091264
832995492623687680
225968641
1098594154693754880
36335047
936346898969055232
1025769900990754816
1070408139638489088
260211154
982223918223130624
1075812045810008071
3345941951
2465169253
879783542498217984
16741994
3312317120
1133435618984259584
1006229144299081728
45155495
2300835312
335893084
966435171003084802
106053697
1072308240891801601
1005182238475145216
2782863787
1406635220
231952307
454977993
3254052749
877925836636143617
176765978
8984102
926514978122805249
825569108649340928
36185329
18199081
1275970964
39478054
2490461486
3083418105
17223417
1141682373446316033
1121410304913616896
3290762269
2254937340
115406065
4898843075
4319673213
2786030966
107750881
32355086
903566058
4430502617
926470040
19907840
105853216
2313699698
478624235
88425861
2983985116
1963206578
2701073637
3154709373
971672404715098112
559614467
708027887375523840
1001499086162485248
763285055745695744
549943155
988974846
1107300953290625024
910621028212203521
1736490572
1073035829885456384
1081000693845106688
378259736
112475924
66182591
2482300296
16491676
1108419084717297664
776682573401501696
3129345501
190126197
927597307708796928
1024945273469116416
987274804096126977
1109520617441804288
297419768
711656033777815552
226120006
90870968
612473
950249762
348974190
55577803
3064052920
746929086
4056200494
747819549173624832
27295244
2919951234
425774290
77821953
19608199
1094854326
966632129462489088
121394428
15558882
221387627
25502696
1057987840674545665
22624441
2321064396
3003143765
861917805863686144
1049288834385661960
2293415520
1096583816
1083347857124544512
22506791
2726068116
783660558646206465
20542170
6467332
1926352591
1029287525104398336
813769423
20427406
23055105
23426889
2916227068
116459535
2616215901
2981900049
487305450
1041638935909167107
827455153867456512
1087255115264937985
3187500729
387598024
4925666321
2545913924
1112113296759504896
512554477
35440377
742305272895508480
981258154750160896
744046387365560320
1105012994
3925760837
386682375
788727472506408960
280354655
3186124933
1098710533
972075117827141632
1073606435580325889
1234713012
411182266
398548188
944657395363479552
928256219659284480
2472123699
1094564887223779328
562265689
602123663
882954469339738112
710446214534324224
694892004988194817
717275696683462656
874563713264693248
1612749774
2503919112
800671859020681216
861344208
1062964939449663493
1075309578831699968
1089987432831991808
2972541035
924836857988313088
1105561945598496768
3012262792
589864418
2545779462
618031317
1688848867
450880634
819559123
953336676662894592
1061180249646555137
4885412344
2723897454
993968453798244352
2851146208
4005605284
787176007
4876554298
79546465
881198684117114880
617395817
1070429773623635981
922456863672848385
1060184942779469825
4823665479
885953601067208705
843550488830398464
988369724194152448
3814477774
3985877735
1044969318541402112
4924149613
742143
1857209228
14499829
1084943471436316673
1088481681026306053
43143809
42887878
1354678015
4524846597
344776889
91329443
753247697247887360
19651284
20374624
140025559
272524592
623831228
3098856735
16557472
3199110453
981885857874501633
2233173834
2233090550
2230080559
559777282
1050477038979698688
989587598950785025
244503484
964807074382274560
3956178154
53086328
892049121560940544
4815848308
2884953820
965658016451321857
30862829
883364695750709248
920200914501275648
1065588784547414016
484796656
824230882353545217
3162459391
2539897178
1050298943756746753
3201038787
3096785390
1054273500976988160
4504995027
16682037
800662947563352064
991949268289245185
963127489936666625
526259393
453145120
3081880061
15416816
1119238292
526254701
92248726
753949076429811714
16416978
84616813
35759880
168656127
714768623764697088
107420309
2890576295
401122725
272384813
827674700922888192
956198230370541568
1014042470722744321
2964468440
2435978132
977620761274912768
797708356488044544
977131930373128192
145234586
2589277851
588444846
794178512
1079998340
525320924
279157502
846273971637104640
328665563
956140146285580288
802415984783097857
1006170296074801153
1004388425938751489
215952307
49585215
19869102
28680544
20244875
20427223
15439395
43963184
212283838
17948810
2980458689
256793538
2918585205
846137120209190912
4196983835
74147090
725394089357787136
2265022818
23399483
24679473
980046830
38630406
2955760635
526624220
890131459549388800
65053003
46342393
993869736399327232
7879202
2499982598
28567809
23184591
27654368
22164524
621573
19837528
57579512
111305843
837693559
21581503
27596259
49832877
74724779
107375795
19658826
39465006
137777298
1345385060
580269594
223605846
25950355
26832834
27013292
44418062
339213186
16949344
107391777
246348124
3416035636
407068486
347276297
71210524
295993800
412933559
1934440580
770950111363039232
412305535
602168367
20739038
2362626258
2238233438
65134016
3610136303
707210005527842817
15282064
26748889
206255645
84072624
282186654
201645895
256462128
264399952
771301662363385857
732570175162179585
62862144
18477428
38530021
15521075
23330343
20516119
1168142125
3537282855
14617444
2587990673
1640786388
583528006
279001852
123582098
2794042491
723484864192864256
723493691319525376
115039678
20971256
778713354835636224
1491521425
835100319080198144
773816510
224693224
734615706
604416116
3091256457
940983013147578369
442847698
940996568265748480
2304695786
146491179
62465691
531892451
20815041
26268870
794992162509377537
179015119
90374395
1053724531
2628305908
314004388
1414256335
2513081053
102104262
3407436940
17471979
15862891
487833518
26308916
22028340
17487733
20693661
441052871
2829265331
804250604
3033159351
900312014156967936
218619886
256960824
115743614
148326081
50332061
19760151
69321340
1513221576
96102210
40914713
32372834
324978824
17089636
17292623
303117065
473893180
19402238
252521025
