898561309905526784
25029495
1111469567828807680
2395625072
3012317703
882523778571542529
1156933209520791552
2828632093
414995179
1669095092
908831888189640704
2905685946
4027541980
708662495930548224
42037625
51325808
442342283
2745553385
709111671453827074
3634495335
2488384171
904873013669126145
742769911
786047748508221440
1010582302991245312
4221681687
548851929
556660622
145958907
1270524018
859812564863250433
506511990
991882143423959043
869261496785674241
518455568
3015376346
1026828808677154816
1276474338
61054466
540212059
3044532468
181340697
1014487560830226432
1267493340
2392965607
254192515
1099033433488056320
1032292270459052037
1099024670282604544
1015991170848079872
435590077
1031787954337771520
22196853
789996902955651072
870037900712431624
73774967
117318947
804480641505095684
43600441
959074945144967169
1063084791833214976
128982663
25115520
331215435
997146265
1227906762
451192624
30761456
2860928254
1655568302
299273962
37565012
28838219
3419251203
1352962327
3844884253
182840025
34545483
20739133
35370729
95221142
241669849
775517275696664576
339675775
582514612
85256225
137870716
294573482
165090073
491787444
549257226
37935680
726103488
40353407
239499378
52065430
973205558391123968
867082143968575488
752967707277029376
2764811815
410380828
766788866988707840
200698904
245351327
2272425757
1058040052645855232
18680775
358196511
28108352
15143478
116994659
997629601
221808649
2919151
3427261
3918564203
882956199112650752
136924601
1082308703670415365
966263603576889345
156640604
1222769455
298221754
330743859
102874115
846518452584173569
123276752
1132365866312642561
4888541355
2600279018
791077327
472587261
3957975375
351260120
247479438
2352250933
816792347803533316
2289933121
805568171423825920
2901830894
328501132
1029512289433485312
1107538372216717312
304429929
744634706390573056
850474192822775808
925602635993849857
963898462847807488
133948093
825854866866184193
2855854300
519591373
3690962488
711664070231986176
14198277
915196097844383744
1090772419877449730
28023025
70250595
21487709
52406994
2212038367
66456288
769401440402075648
712746481
59295631
14807898
27978241
12267642
14981648
85728309
196458749
174847568
20252085
137346000
19182064
204937371
211245793
598506805
3858254015
1083366045761576963
939589421002903552
796052152166838272
213317536
234684605
3315623363
307152773
3323750805
112125186
3006101410
2178249804
1264261596
1487241668
297561936
2873137151
494618384
906235790849703936
705802499148681216
2993226094
165602943
48934131
966591486677565440
1079649275477483521
1059451901354348545
977167363744452610
999634147080572928
1092589479750176769
2914801869
708400153078603776
2997293152
624416037
1394976704
380394354
2467151191
144396811
376563604
3013380981
754384108193583104
3039239044
2986040211
841517647611211777
281951476
60971138
1382108304
2549031829
3311286493
14651591
896869799959068672
993320165029875712
3486433817
27334506
877584733420564485
296481361
748005235
2451499555
1317706752
790035302
70674882
587420392
40366842
34302847
2451524312
724598595262025729
229005889
80855730
310297793
4869776033
3293662986
1089654616231497728
126716172
348740027
897083147254411264
1516296066
912047283914657793
795632302336471040
813744282821623808
460204091
2958860091
1002091401348354048
3180782810
3183343892
36651871
831843883365588992
457746581
1100717349072785408
3077249746
53595959
619065181
1131422436031778816
90165974
1328903432
14787019
1056843268120551426
764104375119773696
952787329
784165874957709312
331335178
757925563436822533
912184215159980032
1023662623508914178
2359571036
2585151312
1054044238780891136
729344862
491851186
831877366825762816
3961866372
3571813815
1061123384682143744
1615300742
635358023
705138749991211008
2757420826
718873453999165440
2353388425
1444418695
47732905
4876516245
1095729826852495368
1471706575
80921423
787346538532106242
3415423175
14430086
45731216
519536557
20600055
14269312
1397458430
65970675
1151165965884747776
257203642
408722462
460617401
1468916214
304452265
21410353
22878226
138509803
1323654877
551243006
41884711
325011290
406154806
319466162
1154446697235435520
3586923313
282650930
1558283664
252750236
1065672338744713216
874674036
1488534895
1575873073
27664379
804957066
136391406
123589493
47266379
71181485
93471770
107230246
16382289
370182190
401277888
862790838
860522756
270703451
569307934
1024759526745141248
217139915
443011601
425100709
1113297872
1217180364
398167272
40038770
227074050
187940782
971387241430945799
1001619947947110400
3199954563
856880912839172096
2651743718
4734024802
911627228869427201
2990087415
65010147
1049142202662772736
3098043199
887654432254689281
943247200800317441
23858354
14592723
33729787
2604688633
95676498
260474343
1360195334
2365872020
930459953420210176
1114681402287509504
14461492
430597447
36979259
38804101
168754149
153856435
197246786
1151526174155321345
305739208
138850462
2983409617
537771260
27701094
45673736
225714863
1038993947438342145
587638354
1482465644
12609292
705850200473010178
35923247
2425756525
129309618
876899478
274721097
2559244141
757843885087268865
2935926947
392962247
2238578048
197009151
1031678382
820791267399442432
2890446949
2740200932
1455790448
4830668621
166393547
2746763725
2726492644
4828043259
3178869775
821544540578390016
1556451920
3327855482
2438493696
1042811622
2610581396
584089961
459654892
4635988647
325124713
41409969
520862707
2794736177
294710260
416608486
1064474973467787265
1063720101768237056
93908207
458525365
545582089
777326857523867649
770029786961965057
2966888137
2775202518
587813819
2841994421
2960152143
911245351994003456
3433516535
788018144
3016636608
482582009
21164844
66660156
257757365
2149996640
1558406653
296160588
415797927
229836503
437636351
79911526
326054210
75541352
290491586
22833508
52778770
25189841
3130719057
2150636546
428390998
1067483329505701888
21390674
722025589222166529
188529806
3288694093
876169598126706690
970749813728923654
1020043318380593152
30484861
964462000305770496
816084596618129408
38821266
2873975398
21501124
4109168195
699575823955845121
147909902
2674967108
340897317
3272181984
33997906
712592322438033408
342764968
710640559778611200
780846327173308416
746283487271981059
2275227062
735725389
737681083358183424
743478630970437632
321679446
989856934831456256
1689102156
1039617877735886849
978666879786024961
2672328380
2612983915
506023117
513073521
145848308
1622821880
3253630960
1110256147
1023513968948772864
476105565
968800773642612736
1024692523808239616
1024274350952906753
1024272367021944832
978706288153649152
785459954870263809
732179226242240512
4805508573
1024281504556429315
930885989538689026
959616381896491008
415507521
208153889
473916623
414838876
350765803
47625240
3122211
69081162
74768403
1576428402
774392032911429632
1381967082
991548360
2786154094
1411414177
2865691384
51771477
746726308651081728
2461944768
2246336202
3294836466
3057309262
190718997
19866236
1016759727185891328
536610418
3016632889
560764298
2330488477
1050806910239141888
916348529056124928
781982295863484456
1030180807980318720
32123458
2613485677
34169085
989902848635875328
747034568
2742999670
856307153019092992
19570738
940694741674549248
967522654096904192
719144021499723776
4410696315
849988502448164864
766479547269251072
3238985487
1261044036
77014927
1041638305
1369330465
172588716
1880805734
28653731
334282483
1193343517
244987986
22255197
117500098
3415167381
824668838503387136
795402912151244800
4871781793
464056843
1728408043
1101082595520102400
1329771661
3308597723
178193641
2796832546
4612856479
52921907
356160701
91941829
755113
928344616151248896
854102918542307328
39885375
225970038
746115648
89699952
396638317
3110736827
885106739166806017
1030083828595847174
1468853664
862641653365866496
2725866206
68971003
999546642779881473
1487555024
1080957772957507585
243334611
47314244
224063162
18634313
329115426
1074101025794084864
19009817
963174218
114053642
339941459
16556796
4165130349
217320827
1580694002
271601706
735279034356011008
770782040
1397717516
375951975
79275123
268815203
196481854
1072508497
29254967
61004770
1115639462
1158180734
17573273
169193953
250722404
378272434
2359425668
260011059
18285850
36083751
91375542
141152082
28925770
2657407832
1055866982963253248
16150565
144540518
1058597408
763413344258781184
2607159273
1462852238
150978657
328057876
384895784
16892567
3518407455
16593420
370113767
97149792
1052618467684302850
800936305
1126806636
2505998858
15608555
87371781
1383272101
1000454588418478081
1169962206
17889970
1059273780
2798240586
1653730938
2474094619
2974972263
2317757035
20627081
3146597892
2478206713
2328219925
2407616011
2462035045
430270311
595085706
120838530
935301052068388864
87762137
3400840175
1640929196
738796494
233788247
178316031
57195772
825518870421180416
812361923304034304
17749086
4149433095
3253978205
25848023
14713926
23397027
2294073498
6312782
877614164491075584
737096576
1344168552
801757387203997696
1934268530
2149564355
392880883
2205558640
2799855402
2603607432
15738935
2227333411
573091477
790634647155712000
17386845
2928893781
17480782
2508201108
14084476
16659982
2443841928
2985905750
222336970
2838118517
195788234
236442747
1572527496
271432134
825832497539723264
3016014002
1069182338620223489
1084659180
1545915336
2855536962
544389588
1531038577
189868631
18010499
262793060
34373883
27187343
569544773
1212367730
4361363533
747276947017732098
720317036119728128
378739505
747960686622441472
771442221199622145
4884672069
918952827778674688
952668382242877440
789487413265567744
507547763
1040690301030092800
707984910796136448
1034447625922260992
957893005
707920013794131968
951436646163058689
846396121513709569
47035436
41192995
4543665073
334321634
2741913354
3300411279
854401324368015360
2177672762
948670031277318144
905235837960552448
2849954843
890567914285391876
881250380725854208
832319089284616192
988738008
890853464745533440
2837586571
4809270203
862615891569025026
795563941
797738947564564480
303561564
36318200
3756026365
4100317093
2861779086
2535783120
299456144
464227881
813826706
627714303
222972228
986394930548371457
20849837
811071155599589376
739437900501131265
16005806
501260364
1693811
601629697
783740564
96480094
628865970
575513987
1025516245
3345390383
981972155641552899
771411008183304192
2530174892
3004208943
2970232612
3082114181
77391156
63504134
1093273052
2535265430
240259245
34077054
861612270
4225391200
2467214159
987439957
348352213
937181605
791297219949367297
1139427132
1202111707
921416988
3081255257
2167008528
260440585
1375137366
28138951
111393055
198878420
203223163
1104049250596474881
1102831522388869121
1061271080797659136
974189582249025537
268144717
50360725
78791558
36434049
264484200
217211892
142821259
115478596
4229425731
577214886
3096532093
2940474915
1083040335402418176
816760959754797056
767808899646881792
978528355493359618
743797986019409920
1062474922247647232
725218513212702721
769165441440837633
722056109163421696
804391177713614848
2611670142
821976200843235328
1579581548
783644816341172228
1019485519279841281
3114844222
1006199234230718464
3116079986
972619400682622977
535918478
1884241999
43184331
1593354438
581012668
378259736
415075929
168508631
14729597
2713681855
327652235
1487224332
217374615
718069595756605441
266487276
479784413
977550731711598593
1010802738207346688
24543973
796070941109452801
4927925554
1140123648
216809385
3599385615
52522040
16199886
142716265
75851127
75838766
147637306
975031022
2370991351
594280670
4219327827
202573676
338444630
3072148906
22752460
935359688501161985
82123691
217942278
748227259266400256
754712954453524482
1042711176780632064
1360077600
39416218
1355682828
930894721291096064
927048907787587585
870410265417797632
1006293707988066304
1655755214
11274452
333039247
992541822122582016
593837736
436318012
38489678
25950355
233364902
42637316
1559110387
560962262
2228548723
750625985771540480
1062801874917699585
831806611836588033
703934010435760128
4724113636
960168884035817474
927713202800078848
985228220344815618
3079181967
331004040
303314023
851681670
59136347
742367697032359936
742723459843756033
2699619088
406131568
3080048205
1340845105
277143687
741230569
81583858
2615259966
2829304439
2424142549
3004045829
708792365583110144
3433135907
742295118112251904
86323629
531615739
1603309532
227468395
112255799
124894951
4355891352
1106086866141540353
983550943571558400
19252225
1095417914855964674
3115505703
997849996652408832
963955176271958016
254719698
19734832
47678782
1287251676
529704495
3290364847
368158573
15235829
18911898
17837184
3513494195
3403678191
924388362580123650
112072726
863222886466809857
776642080546299904
857332375923064836
880242023135150085
1541924413
2646907521
3201802695
2656595688
712650773
570703526
337862782
570953880
1580296777
1381916354
923910621145522183
3894229432
51227412
728141901161865216
196732028
4011609573
1088435976
378074937
758921016953319424
272202041
28566908
932367882
932243887
1563588649
201632630
214503504
214170798
3416214400
400963907
2927123194
2645538733
3166060478
571740429
2239541713
732214852685598720
1041894179058671616
1102586103956193281
1004826108716601344
132525662
704781912712351745
437578276
23801638
143149375
259061260
117435341
33076161
18299645
2980970047
24908676
1623968611
1265186743
23805100
209773093
74757499
198145343
68650016
25107150
19566379
18181895
46338768
151436891
92359556
17206739
284222164
22497729
136371275
32316055
10361742
148579639
25116052
16232185
252794509
18999585
22708797
146569971
15134240
44783853
14159148
14499829
621543
11856422
27922157
6794502
22019881
15723971
10791192
17918663
28160998
1769551
13787352
1620556356
36365736
15881875
409486555
813286
22171612
890943547138093057
2617846409
789404454487330817
1342655198
897384666516389888
821401582759800832
571128119
73528291
821652723867205633
2262029220
57134276
915174150490263552
1219557889
762924936168108032
819845376673021952
314374117
173982159
204334260
2203935675
1877000528
1864643574
140083787
2753253552
859793132
944935453
555327308
905058838566625280
855493139188076548
314536466
3197437163
814199965388075009
1037700835927633921
241201438
758383008
2432580692
3306639125
97318441
1119403267
951925479983890432
414164102
263685531
1355442258
39699213
284147310
32809335
317228909
49201336
28937863
859199616163561472
943533673575575552
151819343
758531309924937728
842064044840361984
886571956765679616
1088520194379735040
1025343464286892032
2653909938
97476659
915933385675169794
70910601
443284992
1081345556574699520
1107987122080894976
41444712
2311193425
14097610
1065912078144364544
28617997
29726578
1081721765867343872
95276562
1093038840233713665
882509874
15295015
807095
23999515
3324802096
3687128960
599536551
40694801
26560702
348482702
2530740480
1023988889759961089
961219201380872192
2793560447
765744521153945601
213262427
17675591
464348603
19481100
606500000
957095557935325185
18560957
2308601929
595874267
42644454
140348598
1199188496
19083189
2978522857
34388092
94352635
1737855798
279738791
1735686132
397518511
2440319112
85355556
866719610250330112
961938787
52528546
580177935
2589717313
3684487310
985010476915437570
928920257984716801
132092830
1978682768
95661007
209632736
1286257464
758226690
2602147586
27502088
36690583
118818314
256199675
72946284
3507765373
119097749
48788453
32441895
123888583
4495380556
15497622
121912051
