1025232822775308289
3834569417
54983972
254808862
524443591
921615995696947201
429305080
52750956
519876354
169558881
1113172684098162688
1123344730551488513
3351698086
869967036239228928
743161638371500032
950761505561219073
926373395742281728
978916026028101632
1008210401694081025
1140491071589253120
1075123146641039363
14957366
1019974187975430144
1006419421244678144
19048641
138203134
519697310
2701073637
2467791
807095
14075928
44196397
1073072386088493056
794682394603200513
25140707
6742592
14635730
15666368
3195283270
784790210349502464
2486816818
3339261074
78001994
86626845
38242184
38146999
66240045
348938803
1032308964002856960
737761968824717313
3213080285
1064542556749467648
986956174301032449
2230646772
1037928042650161152
2950206855
1376188058
337046865
19767193
312637970
3119268999
453893556
19722699
8963722
19658826
14647570
20646711
14499829
115099953
1545333888
122453931
504914052
189868631
133880286
612019015
263881174
15915182
69533246
389548615
16126957
105144171
14676835
11178672
191849753
32584728
678403
38848610
11348282
50393960
37710752
14786217
14559745
16550480
15639642
14634720
904869467238174720
886533389280346112
366695408
1118303696117321733
269492761
1114135343442403328
1044701055181877250
114276080
788727472506408960
739117556137611264
203714426
378259736
16491676
775350837321359360
743476404
1110313163243679744
1559525318
1120486770368376832
128115182
778208387754582018
731266802664230912
4863560675
29257065
1624335012
39822897
1395095059
2154127088
2625650090
777291911396679680
2202075590
995130734
3133647120
196280212
327604775
100909074
2602174056
1049210640
2336252252
1648901436
210769277
968974106581487618
804955748090478592
885953601067208705
113460088
14324284
986371647488716800
1066089320505761792
897873758823829505
2869116759
1268708484
3372864734
3190009418
1026896634
223529798
1128468090
3110777490
2547700101
1362639276
907313001534861312
72700455
1082307311677423617
2893477011
419544231
54956437
277478106
98877698
285165232
3061255931
298029693
87715935
1035540288398286854
58511657
712067747958620160
2448242953
740529880606113792
2851146208
2251623492
1037943481379909632
2800121770
36947388
67418441
744046387365560320
15521075
29442313
3554721
34113439
28657802
31986563
24229787
2795959061
829035950189588480
14266598
246454745
68814545
15066760
3320042010
45644408
1017167607336538113
791674897420345346
3778632853
2732639582
583029658
1050874302248046592
2895985568
1012003580042047490
210164777
2497841905
18339525
737183930789433345
219517957
908418364065771520
2478309032
899724520415649796
1433754007
955858859284770816
841453622227419136
730078692072931328
1028364028156960769
21249970
539390258
164761409
2331175003
1024541355660333056
759184088
2798465804
1020306061960544257
1964306719
1969243856
740527132875608064
739907729591050241
29454600
824509798255243264
1013876027775283200
149228204
1377069013
898905684342964224
851651292120272900
992683410664632320
180551057
574654527
2813456712
1464540770
2491460275
340948377
1097934120
3286893419
185910976
216776631
19725644
2647532016
3234601428
773519671274397696
2279432760
24583403
877771837362524161
324896218
2363233376
380641046
3267507600
3067113241
37311562
40081196
699155725369667584
3420493167
3524886803
4888572009
3179914553
3142198312
268535330
397317974
859795500433760256
67034120
370783092
